delay_vals_per_time
0
0
0
0
0
0
0
0
0
0
0
0
0
0
0
0
0
0
0
0
0
0
0
0
0
0
0
0
0
0
0
0
0
0
0
0
0
0
0
0
0
0
0
0
0
0
0
0
0
0
0
0
0
0
0
0
0
0
0
0
0
0
0
0
0
0
0
0
0
0
0
0
0
0
0
0
0
0
0
0
0
0
0
0
0
0
0
0
0
0
0
0
0
0
0
0
0
0
0
0
0
0
0
0
0
0
0
0
0
0
0
0
0
0
0
0
0
0
0
0
0
0
0
0
0
0
0
0
0
0
0
0
0
0
0
0
0
0
0
0
0
0
0
0
0
0
0
0
0
0
0
0
0
0
0
0
0
0
0
0
0
0
0
0
0
0
0
0
0
0
0
0
0
0
0
0
0
0
0
0
0
0
0
0
0
0
0
0
0
0
0
0
0
0
0
0
0
0
0
0
0
0
0
0
0
0
0
0
0
0
0
0
0
0
0
0
0
0
0
0
0
0
0
0
0
0
0
0
0
0
0
0
0
0
0
0
0
0
0
0
0
0
0
0
0
0
0
0
0
0
0
0
0
0
0
0
0
0
0
0
0
0
0
0
0
0
0
0
0
0
0
0
0
0
0
0
0
0
0
0
0
0
0
0
0
0
0
0
0
0
0
0
0
0
0
0
0
0
0
0
0
0
0
0
0
0
0
0
0
0
0
0
0
0
0
0
0
0
0
0
0
0
0
0
0
0
0
0
0
0
0
0
0
0
0
0
0
0
0
0
0
0
0
0
0
0
0
0
0
0
0
0
0
0
0
0
0
0
0
0
0
0
0
0
0
0
0
0
0
0
0
0
0
0
0
0
0
0
0
0
0
0
0
0
0
0
0
0
0
0
0
0
0
0
0
0
0
0
0
0
0
0
0
0
0
0
0
0
0
0
0
0
0
0
0
0
0
0
0
0
0
0
0
0
0
0
0
0
0
0
0
0
0
0
0
0
0
0
0
0
0
0
0
0
0
0
0
0
0
0
0
0
0
0
0
0
0
0
0
0
0
0
0
0
0
0
0
0
0
0
0
0
0
0
0
0
0
0
0
0
0
0
0
0
0
0
0
0
0
0
0
0
0
0
0
0
0
0
0
0
0
0
0
0
0
0
0
0
0
0
0
0
0
0
0
0
0
0
0
0
0
0
0
0
0
0
0
0
0
0
0
0
0
0
0
0
0
0
0
0
0
0
0
0
0
0
0
0
0
0
0
0
0
0
0
0
0
0
0
0
0
0
0
0
0
0
0
0
0
0
0
0
0
0
0
0
0
0
0
0
0
0
0
0
0
0
0
0
0
0
0
0
0
0
0
0
0
0
0
0
0
0
0
0
0
0
0
0
0
0
0
0
0
0
0
0
0
0
0
0
0
0
0
0
0
0
0
0
0
0
0
0
0
0
0
0
0
0
0
0
0
0
0
0
0
0
0
0
0
0
0
0
0
0
0
0
0
0
0
0
0
0
0
0
0
0
0
0
0
0
0
0
0
0
0
0
0
0
0
0
0
0
0
0
0
0
0
0
0
0
0
0
0
0
0
0
0
0
0
0
0
0
0
0
0
0
0
0
0
0
0
0
0
0
0
0
0
0
0
0
0
0
0
0
0
0
0
0
0
0
0
0
0
0
0
0
0
0
0
0
0
0
0
0
0
0
0
0
0
0
0
0
0
0
0
0
0
0
0
0
0
0
0
0
0
0
0
0
0
0
0
0
0
0
0
0
0
0
0
0
0
0
0
0
0
0
0
0
0
0
0
0
0
0
0
0
0
0
0
0
0
0
0
0
0
0
0
0
0
0
0
0
0
0
0
0
0
0
0
0
0
0
0
0
0
0
0
0
0
0
0
0
0
0
0
0
0
0
0
0
0
0
0
0
0
0
0
0
0
0
0
0
0
0
0
0
0
0
0
0
0
0
0
0
0
0
0
0
0
0
0
0
0
0
0
0
0
0
0
0
0
0
0
0
0
0
0
0
0
0
0
0
0
0
0
0
0
0
0
0
0
0
0
0
0
0
0
0
0
0
0
0
0
0
0
0
0
0
0
0
0
0
0
0
0
0
0
0
0
0
0
0
0
0
0
0
0
0
0
0
0
0
0
0
0
0
0
0
0
0
0
0
0
0
0
0
0
0
0
0
0
0
0
0
0
0
0
0
0
0
0
0
0
0
0
0
0
0
0
0
0
0
0
0
0
0
0
0
0
0
0
0
0
0
0
0
0
0
0
0
0
0
0
0
0
0
0
0
0
0
0
0
0
0
0
0
0
0
0
0
0
0
0
0
0
0
0
0
0
0
0
0
0
0
0
0
0
0
0
0
0
0
0
0
0
0
0
0
0
0
0
0
0
0
0
0
0
0
0
0
0
0
0
0
0
0
0
0
0
0
0
0
0
0
0
0
0
0
0
0
0
0
0
0
0
0
0
0
0
0
0
0
0
0
0
0
0
0
0
0
0
0
0
0
0
0
0
0
0
0
0
0
0
0
0
0
0
0
0
0
0
0
0
0
0
0
0
0
0
0
0
0
0
0
0
0
0
0
0
0
0
0
0
0
0
0
0
0
0
0
0
0
0
0
0
0
0
0
0
0
0
0
0
0
0
0
0
0
0
0
0
0
0
0
0
0
0
0
0
0
0
0
0
0
0
0
0
0
0
0
0
0
0
0
0
0
0
0
0
0
0
0
0
0
0
0
0
0
0
0
0
0
0
0
0
0
0
0
0
0
0
0
0
0
0
0
0
0
0
0
0
0
0
0
0
0
0
0
0
0
0
0
0
0
0
0
0
0
0
0
0
0
0
0
0
0
0
0
0
0
0
0
0
0
0
0
0
0
0
0
0
0
0
0
0
0
0
0
0
0
0
0
0
0
0
0
0
0
0
0
0
0
0
0
0
0
0
0
0
0
0
0
0
0
0
0
0
0
0
0
0
0
0
0
0
0
0
0
0
0
0
0
0
0
0
0
0
0
0
0
0
0
0
0
0
0
0
0
0
0
0
0
0
0
0
0
0
0
0
0
0
0
0
0
0
0
0
0
0
0
0
0
0
0
0
0
0
0
0
0
0
0
0
0
0
0
0
0
0
0
0
0
0
0
0
0
0
0
0
0
0
0
0
0
0
0
0
0
0
0
0
0
0
0
0
0
0
0
0
0
0
0
0
0
0
0
0
0
0
0
0
0
0
0
0
0
0
0
0
0
0
0
0
0
0
0
0
0
0
0
0
0
0
0
0
0
0
0
0
0
0
0
0
0
0
0
0
0
0
0
0
0
0
0
0
0
0
0
0
0
0
0
0
0
0
0
0
0
0
0
0
0
0
0
0
0
0
0
0
0
0
0
0
0
0
0
0
0
0
0
0
0
0
0
0
0
0
0
0
0
0
0
0
0
0
0
0
0
0
0
0
0
0
0
0
0
0
0
0
0
0
0
0
0
0
0
0
0
0
0
0
0
0
0
0
0
0
0
0
0
0
0
0
0
0
0
0
0
0
0
0
0
0
0
0
0
0
0
0
0
0
0
0
0
0
0
0
0
0
0
0
0
0
0
0
0
0
0
0
0
0
0
0
0
0
0
0
0
0
0
0
0
0
0
0
0
0
0
0
0
0
0
0
0
0
0
0
0
0
0
0
0
0
0
0
0
0
0
0
0
0
0
0
0
0
0
0
0
0
0
0
0
0
0
0
0
0
0
0
0
0
0
0
0
0
0
0
0
0
0
0
0
0
0
0
0
0
0
0
0
0
0
0
0
0
0
0
0
0
0
0
0
0
0
0
0
0
0
0
0
0
0
0
0
0
0
0
0
0
0
0
0
0
0
0
0
0
0
0
0
0
0
0
0
0
0
0
0
0
0
0
0
0
0
0
0
0
0
0
0
0
0
0
0
0
0
0
0
0
0
0
0
0
0
0
0
0
0
0
0
0
0
0
0
0
0
0
0
0
0
0
0
0
0
0
0
0
0
0
0
0
0
0
0
0
0
0
0
0
0
0
0
0
0
0
0
0
0
0
0
0
0
0
0
0
0
0
0
0
0
0
0
0
0
0
0
0
0
0
0
0
0
0
0
0
0
0
0
0
0
0
0
0
0
0
0
0
0
0
0
0
0
0
0
0
0
0
0
0
0
0
0
0
0
0
0
0
0
0
0
0
0
0
0
0
0
0
0
0
0
0
0
0
0
0
0
0
0
0
0
0
0
0
0
0
0
0
0
0
0
0
0
0
0
0
0
0
0
0
0
0
0
0
0
0
0
0
0
0
0
0
0
0
0
0
0
0
0
0
0
0
0
0
0
0
0
0
0
0
0
0
0
0
0
0
0
0
0
0
0
0
0
0
0
0
0
0
0
0
0
0
0
0
0
0
0
0
0
0
0
0
0
0
0
0
0
0
0
0
0
0
0
0
0
0
0
0
0
0
0
0
0
0
0
0
0
0
0
0
0
0
0
0
0
0
0
0
0
0
0
0
0
0
0
0
0
0
0
0
0
0
0
0
0
0
0
0
0
0
0
0
0
0
0
0
0
0
0
0
0
0
0
0
0
0
0
0
0
0
0
0
0
0
0
0
0
0
0
0
0
0
0
0
0
0
0
0
0
0
0
0
0
0
0
0
0
0
0
0
0
0
0
0
0
0
0
0
0
0
0
0
0
0
0
0
0
0
0
0
0
0
0
0
0
0
0
0
0
0
0
0
0
0
0
0
0
0
0
0
0
0
0
0
0
0
0
0
0
0
0
0
0
0
0
0
0
0
0
0
0
0
0
0
0
0
0
0
0
0
0
0
0
0
0
0
0
0
0
0
0
0
0
0
0
0
0
0
0
0
0
0
0
0
0
0
0
0
0
0
0
0
0
0
0
0
0
0
0
0
0
0
0
0
0
0
0
0
0
0
0
0
0
0
0
0
0
0
0
0
0
0
0
0
0
0
0
0
0
0
0
0
0
0
0
0
0
0
0
0
0
0
0
0
0
0
0
0
0
0
0
0
0
0
0
0
0
0
0
0
0
0
0
0
0
0
0
0
0
0
0
0
0
0
0
0
0
0
0
0
0
0
0
0
0
0
0
0
0
0
0
0
0
0
0
0
0
0
0
0
0
0
0
0
0
0
0
0
0
0
0
0
0
0
0
0
0
0
0
0
0
0
0
0
0
0
0
0
0
0
0
0
0
0
0
0
0
0
0
0
0
0
0
0
0
0
0
0
0
0
0
0
0
0
0
0
0
0
0
0
0
0
0
0
0
0
0
0
0
0
0
0
0
0
0
0
0
0
0
0
0
0
0
0
0
0
0
0
0
0
0
0
0
0
0
0
0
0
0
0
0
0
0
0
0
0
0
0
0
0
0
0
0
0
0
0
0
0
0
0
0
0
0
0
0
0
0
0
0
0
0
0
0
0
0
0
0
0
0
0
0
0
0
0
0
0
0
0
0
0
0
0
0
0
0
0
0
0
0
0
0
0
0
0
0
0
0
0
0
0
0
0
0
0
0
0
0
0
0
0
0
0
0
0
0
0
0
0
0
0
0
0
0
0
0
0
0
0
0
0
0
0
0
0
0
0
0
0
0
0
0
0
0
0
0
0
0
0
0
0
0
0
0
0
0
0
0
0
0
0
0
0
0
0
0
0
0
0
0
0
0
0
0
0
0
0
0
0
0
0
0
0
0
0
0
0
0
0
0
0
0
0
0
0
0
0
0
0
0
0
0
0
0
0
0
0
0
0
0
0
0
0
0
0
0
0
0
0
0
0
0
0
0
0
0
0
0
0
0
0
0
0
0
0
0
0
0
0
0
0
0
0
0
0
0
0
0
0
0
0
0
0
0
0
0
0
0
0
0
0
0
0
0
0
0
0
0
0
0
0
0
0
0
0
0
0
0
0
0
0
0
0
0
0
0
0
0
0
0
0
0
0
0
0
0
0
0
0
0
0
0
0
0
0
0
0
0
0
0
0
0
0
0
0
0
0
0
0
0
0
0
0
0
0
0
0
0
0
0
0
0
0
0
0
0
0
0
0
0
0
0
0
0
0
0
0
0
0
0
0
0
0
0
0
0
0
0
0
0
0
0
0
0
0
0
0
0
0
0
0
0
0
0
0
0
0
0
0
0
0
0
0
0
0
0
0
0
0
0
0
0
0
0
0
0
0
0
0
0
0
0
0
0
0
0
0
0
0
0
0
0
0
0
0
0
0
0
0
0
0
0
0
0
0
0
0
0
0
0
0
0
0
0
0
0
0
0
0
0
0
0
0
0
0
0
0
0
0
0
0
0
0
0
0
0
0
0
0
0
0
0
0
0
0
0
0
0
0
0
0
0
0
0
0
0
0
0
0
0
0
0
0
0
0
0
0
0
0
0
0
0
0
0
0
0
0
0
0
0
0
0
0
0
0
0
0
0
0
0
0
0
0
0
0
0
0
0
0
0
0
0
0
0
0
0
0
0
0
0
0
0
0
0
0
0
0
0
0
0
0
0
0
0
0
0
0
0
0
0
0
0
0
0
0
0
0
0
0
0
0
0
0
0
0
0
0
0
0
0
0
0
0
0
0
0
0
0
0
0
0
0
0
0
0
0
0
0
0
0
0
0
0
0
0
0
0
0
0
0
0
0
0
0
0
0
0
0
0
0
0
0
0
0
0
0
0
0
0
0
0
0
0
0
0
0
0
0
0
0
0
0
0
0
0
0
0
0
0
0
0
0
0
0
0
0
0
0
0
0
0
0
0
0
0
0
0
0
0
0
0
0
0
0
0
0
0
0
0
0
0
0
0
0
0
0
0
0
0
0
0
0
0
0
0
0
0
0
0
0
0
0
0
0
0
0
0
0
0
0
0
0
0
0
0
0
0
0
0
0
0
0
0
0
0
0
0
0
0
0
0
0
0
0
0
0
0
0
0
0
0
0
0
0
0
0
0
0
0
0
0
0
0
0
0
0
0
0
0
0
0
0
0
0
0
0
0
0
0
0
0
0
0
0
0
0
0
0
0
0
0
0
0
0
0
0
0
0
0
0
0
0
0
0
0
0
0
0
0
0
0
0
0
0
0
0
0
0
0
0
0
0
0
0
0
0
0
0
0
0
0
0
0
0
0
0
0
0
0
0
0
0
0
0
0
0
0
0
0
0
0
0
0
0
0
0
0
0
0
0
0
0
0
0
0
0
0
0
0
0
0
0
0
0
0
0
0
0
0
0
0
0
0
0
0
0
0
0
0
0
0
0
0
0
0
0
0
0
0
0
0
0
0
0
0
0
0
0
0
0
0
0
0
0
0
0
0
0
0
0
0
0
0
0
0
0
0
0
0
0
0
0
0
0
0
0
0
0
0
0
0
0
0
0
0
0
0
0
0
0
0
0
0
0
0
0
0
0
0
0
0
0
0
0
0
0
0
0
0
0
0
0
0
0
0
0
0
0
0
0
0
0
0
0
0
0
0
0
0
0
0
0
0
0
0
0
0
0
0
0
0
0
0
0
0
0
0
0
0
0
0
0
0
0
0
0
0
0
0
0
0
0
0
0
0
0
0
0
0
0
0
0
0
0
0
0
0
0
0
0
0
0
0
0
0
0
0
0
0
0
0
0
0
0
0
0
0
0
0
0
0
0
0
0
0
0
0
0
0
0
0
0
0
0
0
0
0
0
0
0
0
0
0
0
0
0
0
0
0
0
0
0
0
0
0
0
0
0
0
0
0
0
0
0
0
0
0
0
0
0
0
0
0
0
0
0
0
0
0
0
0
0
0
0
0
0
0
0
0
0
0
0
0
0
0
0
0
0
0
0
0
0
0
0
0
0
0
0
0
0
0
0
0
0
0
0
0
0
0
0
0
0
0
0
0
0
0
0
0
0
0
0
0
0
0
0
0
0
0
0
0
0
0
0
0
0
0
0
0
0
0
0
0
0
0
0
0
0
0
0
0
0
0
0
0
0
0
0
0
0
0
0
0
0
0
0
0
0
0
0
0
0
0
0
0
0
0
0
0
0
0
0
0
0
0
0
0
0
0
0
0
0
0
0
0
0
0
0
0
0
0
0
0
0
0
0
0
0
0
0
0
0
0
0
0
0
0
0
0
0
0
0
0
0
0
0
0
0
0
0
0
0
0
0
0
0
0
0
0
0
0
0
0
0
0
0
0
0
0
0
0
0
0
0
0
0
0
0
0
0
0
0
0
0
0
0
0
0
0
0
0
0
0
0
0
0
0
0
0
0
0
0
0
0
0
0
0
0
0
0
0
0
0
0
0
0
0
0
0
0
0
0
0
0
0
0
0
0
0
0
0
0
0
0
0
0
0
0
0
0
0
0
0
0
0
0
0
0
0
0
0
0
0
0
0
0
0
0
0
0
0
0
0
0
0
0
0
0
0
0
0
0
0
0
0
0
0
0
0
0
0
0
0
0
0
0
0
0
0
0
0
0
0
0
0
0
0
0
0
0
0
0
0
0
0
0
0
0
0
0
0
0
0
0
0
0
0
0
0
0
0
0
0
0
0
0
0
0
0
0
0
0
0
0
0
0
0
0
0
0
0
0
0
0
0
0
0
0
0
0
0
0
0
0
0
0
0
0
0
0
0
0
0
0
0
0
0
0
0
0
0
0
0
0
0
0
0
0
0
0
0
0
0
0
0
0
0
0
0
0
0
0
0
0
0
0
0
0
0
0
0
0
0
0
0
0
0
0
0
0
0
0
0
0
0
0
0
0
0
0
0
0
0
0
0
0
0
0
0
0
0
0
0
0
0
0
0
0
0
0
0
0
0
0
0
0
0
0
0
0
0
0
0
0
0
0
0
0
0
0
0
0
0
0
0
0
0
0
0
0
0
0
0
0
0
0
0
0
0
0
0
0
0
0
0
0
0
0
0
0
0
0
0
0
0
0
0
0
0
0
0
0
0
0
0
0
0
0
0
0
0
0
0
0
0
0
0
0
0
0
0
0
0
0
0
0
0
0
0
0
0
0
0
0
0
0
0
0
0
0
0
0
0
0
0
0
0
0
0
0
0
0
0
0
0
0
0
0
0
0
0
0
0
0
0
0
0
0
0
0
0
0
0
0
0
0
0
0
0
0
0
0
0
0
0
0
0
0
0
0
0
0
0
0
0
0
0
0
0
0
0
0
0
0
0
0
0
0
0
0
0
0
0
0
0
0
0
0
0
0
0
0
0
0
0
0
0
0
0
0
0
0
0
0
0
0
0
0
0
0
0
0
0
0
0
0
0
0
0
0
0
0
0
0
0
0
0
0
0
0
0
0
0
0
0
0
0
0
0
0
0
0
0
0
0
0
0
0
0
0
0
0
0
0
0
0
0
0
0
0
0
0
0
0
0
0
0
0
0
0
0
0
0
0
0
0
0
0
0
0
0
0
0
0
0
0
0
0
0
0
0
0
0
0
0
0
0
0
0
0
0
0
0
0
0
0
0
0
0
0
0
0
0
0
0
0
0
0
0
0
0
0
0
0
0
0
0
0
0
0
0
0
0
0
0
0
0
0
0
0
0
0
0
0
0
0
0
0
0
0
0
0
0
0
0
0
0
0
0
0
0
0
0
0
0
0
0
0
0
0
0
0
0
0
0
0
0
0
0
0
0
0
0
0
0
0
0
0
0
0
0
0
0
0
0
0
0
0
0
0
0
0
0
0
0
0
0
0
0
0
0
0
0
0
0
0
0
0
0
0
0
0
0
0
0
0
0
0
0
0
0
0
0
0
0
0
0
0
0
0
0
0
0
0
0
0
0
0
0
0
0
0
0
0
0
0
0
0
0
0
0
0
0
0
0
0
0
0
0
0
0
0
0
0
0
0
0
0
0
0
0
0
0
0
0
0
0
0
0
0
0
0
0
0
0
0
0
0
0
0
0
0
0
0
0
0
0
0
0
0
0
0
0
0
0
0
0
0
0
0
0
0
0
0
0
0
0
0
0
0
0
0
0
0
0
0
0
0
0
0
0
0
0
0
0
0
0
0
0
0
0
0
0
0
0
0
0
0
0
0
0
0
0
0
0
0
0
0
0
0
0
0
0
0
0
0
0
0
0
0
0
0
0
0
0
0
0
0
0
0
0
0
0
0
0
0
0
0
0
0
0
0
0
0
0
0
0
0
0
0
0
0
0
0
0
0
0
0
0
0
0
0
0
0
0
0
0
0
0
0
0
0
0
0
0
0
0
0
0
0
0
0
0
0
0
0
0
0
0
0
0
0
0
0
0
0
0
0
0
0
0
0
0
0
0
0
0
0
0
0
0
0
0
0
0
0
0
0
0
0
0
0
0
0
0
0
0
0
0
0
0
0
0
0
0
0
0
0
0
0
0
0
0
0
0
0
0
0
0
0
0
0
0
0
0
0
0
0
0
0
0
0
0
0
0
0
0
0
0
0
0
0
0
0
0
0
0
0
0
0
0
0
0
0
0
0
0
0
0
0
0
0
0
0
0
0
0
0
0
0
0
0
0
0
0
0
0
0
0
0
0
0
0
0
0
0
0
0
0
0
0
0
0
0
0
0
0
0
0
0
0
0
0
0
0
0
0
0
0
0
0
0
0
0
0
0
0
0
0
0
0
0
0
0
0
0
0
0
0
0
0
0
0
0
0
0
0
0
0
0
0
0
0
0
0
0
0
0
0
0
0
0
0
0
0
0
0
0
0
0
0
0
0
0
0
0
0
0
0
0
0
0
0
0
0
0
0
0
0
0
0
0
0
0
0
0
0
0
0
0
0
0
0
0
0
0
0
0
0
0
0
0
0
0
0
0
0
0
0
0
0
0
0
0
0
0
0
0
0
0
0
0
0
0
0
0
0
0
0
0
0
0
0
0
0
0
0
0
0
0
0
0
0
0
0
0
0
0
0
0
0
0
0
0
0
0
0
0
0
0
0
0
0
0
0
0
0
0
0
0
0
0
0
0
0
0
0
0
0
0
0
0
0
0
0
0
0
0
0
0
0
0
0
0
0
0
0
0
0
0
0
0
0
0
0
0
0
0
0
0
0
0
0
0
0
0
0
0
0
0
0
0
0
0
0
0
0
0
0
0
0
0
0
0
0
0
0
0
0
0
0
0
0
0
0
0
0
0
0
0
0
0
0
0
0
0
0
0
0
0
0
0
0
0
0
0
0
0
0
0
0
0
0
0
0
0
0
0
0
0
0
0
0
0
0
0
0
0
0
0
0
0
0
0
0
0
0
0
0
0
0
0
0
0
0
0
0
0
0
0
0
0
0
0
0
0
0
0
0
0
0
0
0
0
0
0
0
0
0
0
0
0
0
0
0
0
0
0
0
0
0
0
0
0
0
0
0
0
0
0
0
0
0
0
0
0
0
0
0
0
0
0
0
0
0
0
0
0
0
0
0
0
0
0
0
0
0
0
0
0
0
0
0
0
0
0
0
0
0
0
0
0
0
0
0
0
0
0
0
0
0
0
0
0
0
0
0
0
0
0
0
0
0
0
0
0
0
0
0
0
0
0
0
0
0
0
0
0
0
0
0
0
0
0
0
0
0
0
0
0
0
0
0
0
0
0
0
0
0
0
0
0
0
0
0
0
0
0
0
0
0
0
0
0
0
0
0
0
0
0
0
0
0
0
0
0
0
0
0
0
0
0
0
0
0
0
0
0
0
0
0
0
0
0
0
0
0
0
0
0
0
0
0
0
0
0
0
0
0
0
0
0
0
0
0
0
0
0
0
0
0
0
0
0
0
0
0
0
0
0
0
0
0
0
0
0
0
0
0
0
0
0
0
0
0
0
0
0
0
0
0
0
0
0
0
0
0
0
0
0
0
0
0
0
0
0
0
0
0
0
0
0
0
0
0
0
0
0
0
0
0
0
0
0
0
0
0
0
0
0
0
0
0
0
0
0
0
0
0
0
0
0
0
0
0
0
0
0
0
0
0
0
0
0
0
0
0
0
0
0
0
0
0
0
0
0
0
0
0
0
0
0
0
0
0
0
0
0
0
0
0
0
0
0
0
0
0
0
0
0
0
0
0
0
0
0
0
0
0
0
0
0
0
0
0
0
0
0
0
0
0
0
0
0
0
0
0
0
0
0
0
0
0
0
0
0
0
0
0
0
0
0
0
0
0
0
0
0
0
0
0
0
0
0
0
0
0
0
0
0
0
0
0
0
0
0
0
0
0
0
0
0
0
0
0
0
0
0
0
0
0
0
0
0
0
0
0
0
0
0
0
0
0
0
0
0
0
0
0
0
0
0
0
0
0
0
0
0
0
0
0
0
0
0
0
0
0
0
0
0
0
0
0
0
0
0
0
0
0
0
0
0
0
0
0
0
0
0
0
0
0
0
0
0
0
0
0
0
0
0
0
0
0
0
0
0
0
0
0
0
0
0
0
0
0
0
0
0
0
0
0
0
0
0
0
0
0
0
0
0
0
0
0
0
0
0
0
0
0
0
0
0
0
0
0
0
0
0
0
0
0
0
0
0
0
0
0
0
0
0
0
0
0
0
0
0
0
0
0
0
0
0
0
0
0
0
0
0
0
0
0
0
0
0
0
0
0
0
0
0
0
0
0
0
0
0
0
0
0
0
0
0
0
0
0
0
0
0
0
0
0
0
0
0
0
0
0
0
0
0
0
0
0
0
0
0
0
0
0
0
0
0
0
0
0
0
0
0
0
0
0
0
0
0
0
0
0
0
0
0
0
0
0
0
0
0
0
0
0
0
0
0
0
0
0
0
0
0
0
0
0
0
0
0
0
0
0
0
0
0
0
0
0
0
0
0
0
0
0
0
0
0
0
0
0
0
0
0
0
0
0
0
0
0
0
0
0
0
0
0
0
0
0
0
0
0
0
0
0
0
0
0
0
0
0
0
0
0
0
0
0
0
0
0
0
0
0
0
0
0
0
0
0
0
0
0
0
0
0
0
0
0
0
0
0
0
0
0
0
0
0
0
0
0
0
0
0
0
0
0
0
0
0
0
0
0
0
0
0
0
0
0
0
0
0
0
0
0
0
0
0
0
0
0
0
0
0
0
0
0
0
0
0
0
0
0
0
0
0
0
0
0
0
0
0
0
0
0
0
0
0
0
0
0
0
0
0
0
0
0
0
0
0
0
0
0
0
0
0
0
0
0
0
0
0
0
0
0
0
0
0
0
0
0
0
0
0
0
0
0
0
0
0
0
0
0
0
0
0
0
0
0
0
0
0
0
0
0
0
0
0
0
0
0
0
0
0
0
0
0
0
0
0
0
0
0
0
0
0
0
0
0
0
0
0
0
0
0
0
0
0
0
0
0
0
0
0
0
0
0
0
0
0
0
0
0
0
0
0
0
0
0
0
0
0
0
0
0
0
0
0
0
0
0
0
0
0
0
0
0
0
0
0
0
0
0
0
0
0
0
0
0
0
0
0
0
0
0
0
0
0
0
0
0
0
0
0
0
0
0
0
0
0
0
0
0
0
0
0
0
0
0
0
0
0
0
0
0
0
0
0
0
0
0
0
0
0
0
0
0
0
0
0
0
0
0
0
0
0
0
0
0
0
0
0
0
0
0
0
0
0
0
0
0
0
0
0
0
0
0
0
0
0
0
0
0
0
0
0
0
0
0
0
0
0
0
0
0
0
0
0
0
0
0
0
0
0
0
0
0
0
0
0
0
0
0
0
0
0
0
0
0
0
0
0
0
0
0
0
0
0
0
0
0
0
0
0
0
0
0
0
0
0
0
0
0
0
0
0
0
0
0
0
0
0
0
0
0
0
0
0
0
0
0
0
0
0
0
0
0
0
0
0
0
0
0
0
0
0
0
0
0
0
0
0
0
0
0
0
0
0
0
0
0
0
0
0
0
0
0
0
0
0
0
0
0
0
0
0
0
0
0
0
0
0
0
0
0
0
0
0
0
0
0
0
0
0
0
0
0
0
0
0
0
0
0
0
0
0
0
0
0
0
0
0
0
0
0
0
0
0
0
0
0
0
0
0
0
0
0
0
0
0
0
0
0
0
0
0
0
0
0
0
0
0
0
0
0
0
0
0
0
0
0
0
0
0
0
0
0
0
0
0
0
0
0
0
0
0
0
0
0
0
0
0
0
0
0
0
0
0
0
0
0
0
0
0
0
0
0
0
0
0
0
0
0
0
0
0
0
0
0
0
0
0
0
0
0
0
0
0
0
0
0
0
0
0
0
0
0
0
0
0
0
0
0
0
0
0
0
0
0
0
0
0
0
0
0
0
0
0
0
0
0
0
0
0
0
0
0
0
0
0
0
0
0
0
0
0
0
0
0
0
0
0
0
0
0
0
0
0
0
0
0
0
0
0
0
0
0
0
0
0
0
0
0
0
0
0
0
0
0
0
0
0
0
0
0
0
0
0
0
0
0
0
0
0
0
0
0
0
0
0
0
0
0
0
0
0
0
0
0
0
0
0
0
0
0
0
0
0
0
0
0
0
0
0
0
0
0
0
0
0
0
0
0
0
0
0
0
0
0
0
0
0
0
0
0
0
0
0
0
0
0
0
0
0
0
0
0
0
0
0
0
0
0
0
0
0
0
0
0
0
0
0
0
0
0
0
0
0
0
0
0
0
0
0
0
0
0
0
0
0
0
0
0
0
0
0
0
0
0
0
0
0
0
0
0
0
0
0
0
0
0
0
0
0
0
0
0
0
0
0
0
0
0
0
0
0
0
0
0
0
0
0
0
0
0
0
0
0
0
0
0
0
0
0
0
0
0
0
0
0
0
0
0
0
0
0
0
0
0
0
0
0
0
0
0
0
0
0
0
0
0
0
0
0
0
0
0
0
0
0
0
0
0
0
0
0
0
0
0
0
0
0
0
0
0
0
0
0
0
0
0
0
0
0
0
0
0
0
0
0
0
0
0
0
0
0
0
0
0
0
0
0
0
0
0
0
0
0
0
0
0
0
0
0
0
0
0
0
0
0
0
0
0
0
0
0
0
0
0
0
0
0
0
0
0
0
0
0
0
0
0
0
0
0
0
0
0
0
0
0
0
0
0
0
0
0
0
0
0
0
0
0
0
0
0
0
0
0
0
0
0
0
0
0
0
0
0
0
0
0
0
0
0
0
0
0
0
0
0
0
0
0
0
0
0
0
0
0
0
0
0
0
0
0
0
0
0
0
0
0
0
0
0
0
0
0
0
0
0
0
0
0
0
0
0
0
0
0
0
0
0
0
0
0
0
0
0
0
0
0
0
0
0
0
0
0
0
0
0
0
0
0
0
0
0
0
0
0
0
0
0
0
0
0
0
0
0
0
0
0
0
0
0
0
0
0
0
0
0
0
0
0
0
0
0
0
0
0
0
0
0
0
0
0
0
0
0
0
0
0
0
0
0
0
0
0
0
0
0
0
0
0
0
0
0
0
0
0
0
0
0
0
0
0
0
0
0
0
0
0
0
0
0
0
0
0
0
0
0
0
0
0
0
0
0
0
0
0
0
0
0
0
0
0
0
0
0
0
0
0
0
0
0
0
0
0
0
0
0
0
0
0
0
0
0
0
0
0
0
0
0
0
0
0
0
0
0
0
0
0
0
0
0
0
0
0
0
0
0
0
0
0
0
0
0
0
0
0
0
0
0
0
0
0
0
0
0
0
0
0
0
0
0
0
0
0
0
0
0
0
0
0
0
0
0
0
0
0
0
0
0
0
0
0
0
0
0
0
0
0
0
0
0
0
0
0
0
0
0
0
0
0
0
0
0
0
0
0
0
0
0
0
0
0
0
0
0
0
0
0
0
0
0
0
0
0
0
0
0
0
0
0
0
0
0
0
0
0
0
0
0
0
0
0
0
0
0
0
0
0
0
0
0
0
0
0
0
0
0
0
0
0
0
0
0
0
0
0
0
0
0
0
0
0
0
0
0
0
0
0
0
0
0
0
0
0
0
0
0
0
0
0
0
0
0
0
0
0
0
0
0
0
0
0
0
0
0
0
0
0
0
0
0
0
0
0
0
0
0
0
0
0
0
0
0
0
0
0
0
0
0
0
0
0
0
0
0
0
0
0
0
0
0
0
0
0
0
0
0
0
0
0
0
0
0
0
0
0
0
0
0
0
0
0
0
0
0
0
0
0
0
0
0
0
0
0
0
0
0
0
0
0
0
0
0
0
0
0
0
0
0
0
0
0
0
0
0
0
0
0
0
0
0
0
0
0
0
0
0
0
0
0
0
0
0
0
0
0
0
0
0
0
0
0
0
0
0
0
0
0
0
0
0
0
0
0
0
0
0
0
0
0
0
0
0
0
0
0
0
0
0
0
0
0
0
0
0
0
0
0
0
0
0
0
0
0
0
0
0
0
0
0
0
0
0
0
0
0
0
0
0
0
0
0
0
0
0
0
0
0
0
0
0
0
0
0
0
0
0
0
0
0
0
0
0
0
0
0
0
0
0
0
0
0
0
0
0
0
0
0
0
0
0
0
0
0
0
0
0
0
0
0
0
0
0
0
0
0
0
0
0
0
0
0
0
0
0
0
0
0
0
0
0
0
0
0
0
0
0
0
0
0
0
0
0
0
0
0
0
0
0
0
0
0
0
0
0
0
0
0
0
0
0
0
0
0
0
0
0
0
0
0
0
0
0
0
0
0
0
0
0
0
0
0
0
0
0
0
0
0
0
0
0
0
0
0
0
0
0
0
0
0
0
0
0
0
0
0
0
0
0
0
0
0
0
0
0
0
0
0
0
0
0
0
0
0
0
0
0
0
0
0
0
0
0
0
0
0
0
0
0
0
0
0
0
0
0
0
0
0
0
0
0
0
0
0
0
0
0
0
0
0
0
0
0
0
0
0
0
0
0
0
0
0
0
0
0
0
0
0
0
0
0
0
0
0
0
0
0
0
0
0
0
0
0
0
0
0
0
0
0
0
0
0
0
0
0
0
0
0
0
0
0
0
0
0
0
0
0
0
0
0
0
0
0
0
0
0
0
0
0
0
0
0
0
0
0
0
0
0
0
0
0
0
0
0
0
0
0
0
0
0
0
0
0
0
0
0
0
0
0
0
0
0
0
0
0
0
0
0
0
0
0
0
0
0
0
0
0
0
0
0
0
0
0
0
0
0
0
0
0
0
0
0
0
0
0
0
0
0
0
0
0
0
0
0
0
0
0
0
0
0
0
0
0
0
0
0
0
0
0
0
0
0
0
0
0
0
0
0
0
0
0
0
0
0
0
0
0
0
0
0
0
0
0
0
0
0
0
0
0
0
0
0
0
0
0
0
0
0
0
0
0
0
0
0
0
0
0
0
0
0
0
0
0
0
0
0
0
0
0
0
0
0
0
0
0
0
0
0
0
0
0
0
0
0
0
0
0
0
0
0
0
0
0
0
0
0
0
0
0
0
0
0
0
0
0
0
0
0
0
0
0
0
0
0
0
0
0
0
0
0
0
0
0
0
0
0
0
0
0
0
0
0
0
0
0
0
0
0
0
0
0
0
0
0
0
0
0
0
0
0
0
0
0
0
0
0
0
0
0
0
0
0
0
0
0
0
0
0
0
0
0
0
0
0
0
0
0
0
0
0
0
0
0
0
0
0
0
0
0
0
0
0
0
0
0
0
0
0
0
0
0
0
0
0
0
0
0
0
0
0
0
0
0
0
0
0
0
0
0
0
0
0
0
0
0
0
0
0
0
0
0
0
0
0
0
0
0
0
0
0
0
0
0
0
0
0
0
0
0
0
0
0
0
0
0
0
0
0
0
0
0
0
0
0
0
0
0
0
0
0
0
0
0
0
0
0
0
0
0
0
0
0
0
0
0
0
0
0
0
0
0
0
0
0
0
0
0
0
0
0
0
0
0
0
0
0
0
0
0
0
0
0
0
0
0
0
0
0
0
0
0
0
0
0
0
0
0
0
0
0
0
0
0
0
0
0
0
0
0
0
0
0
0
0
0
0
0
0
0
0
0
0
0
0
0
0
0
0
0
0
0
0
0
0
0
0
0
0
0
0
0
0
0
0
0
0
0
0
0
0
0
0
0
0
0
0
0
0
0
0
0
0
0
0
0
0
0
0
0
0
0
0
0
0
0
0
0
0
0
0
0
0
0
0
0
0
0
0
0
0
0
0
0
0
0
0
0
0
0
0
0
0
0
0
0
0
0
0
0
0
0
0
0
0
0
0
0
0
0
0
0
0
0
0
0
0
0
0
0
0
0
0
0
0
0
0
0
0
0
0
0
0
0
0
0
0
0
0
0
0
0
0
0
0
0
0
0
0
0
0
0
0
0
0
0
0
0
0
0
0
0
0
0
0
0
0
0
0
0
0
0
0
0
0
0
0
0
0
0
0
0
0
0
0
0
0
0
0
0
0
0
0
0
0
0
0
0
0
0
0
0
0
0
0
0
0
0
0
0
0
0
0
0
0
0
0
0
0
0
0
0
0
0
0
0
0
0
0
0
0
0
0
0
0
0
0
0
0
0
0
0
0
0
0
0
0
0
0
0
0
0
0
0
0
0
0
0
0
0
0
0
0
0
0
0
0
0
0
0
0
0
0
0
0
0
0
0
0
0
0
0
0
0
0
0
0
0
0
0
0
0
0
0
0
0
0
0
0
0
0
0
0
0
0
0
0
0
0
0
0
0
0
0
0
0
0
0
0
0
0
0
0
0
0
0
0
0
0
0
0
0
0
0
0
0
0
0
0
0
0
0
0
0
0
0
0
0
0
0
0
0
0
0
0
0
0
0
0
0
0
0
0
0
0
0
0
0
0
0
0
0
0
0
0
0
0
0
0
0
0
0
0
0
0
0
0
0
0
0
0
0
0
0
0
0
0
0
0
0
0
0
0
0
0
0
0
0
0
0
0
0
0
0
0
0
0
0
0
0
0
0
0
0
0
0
0
0
0
0
0
0
0
0
0
0
0
0
0
0
0
0
0
0
0
0
0
0
0
0
0
0
0
0
0
0
0
0
0
0
0
0
0
0
0
0
0
0
0
0
0
0
0
0
0
0
0
0
0
0
0
0
0
0
0
0
0
0
0
0
0
0
0
0
0
0
0
0
0
0
0
0
0
0
0
0
0
0
0
0
0
0
0
0
0
0
0
0
0
0
0
0
0
0
0
0
0
0
0
0
0
0
0
0
0
0
0
0
0
0
0
0
0
0
0
0
0
0
0
0
0
0
0
0
0
0
0
0
0
0
0
0
0
0
0
0
0
0
0
0
0
0
0
0
0
0
0
0
0
0
0
0
0
0
0
0
0
0
0
0
0
0
0
0
0
0
0
0
0
0
0
0
0
0
0
0
0
0
0
0
0
0
0
0
0
0
0
0
0
0
0
0
0
0
0
0
0
0
0
0
0
0
0
0
0
0
0
0
0
0
0
0
0
0
0
0
0
0
0
0
0
0
0
0
0
0
0
0
0
0
0
0
0
0
0
0
0
0
0
0
0
0
0
0
0
0
0
0
0
0
0
0
0
0
0
0
0
0
0
0
0
0
0
0
0
0
0
0
0
0
0
0
0
0
0
0
0
0
0
0
0
0
0
0
0
0
0
0
0
0
0
0
0
0
0
0
0
0
0
0
0
0
0
0
0
0
0
0
0
0
0
0
0
0
0
0
0
0
0
0
0
0
0
0
0
0
0
0
0
0
0
0
0
0
0
0
0
0
0
0
0
0
0
0
0
0
0
0
0
0
0
0
0
0
0
0
0
0
0
0
0
0
0
0
0
0
0
0
0
0
0
0
0
0
0
0
0
0
0
0
0
0
0
0
0
0
0
0
0
0
0
0
0
0
0
0
0
0
0
0
0
0
0
0
0
0
0
0
0
0
0
0
0
0
0
0
0
0
0
0
0
0
0
0
0
0
0
0
0
0
0
0
0
0
0
0
0
0
0
0
0
0
0
0
0
0
0
0
0
0
0
0
0
0
0
0
0
0
0
0
0
0
0
0
0
0
0
0
0
0
0
0
0
0
0
0
0
0
0
0
0
0
0
0
0
0
0
0
0
0
0
0
0
0
0
0
0
0
0
0
0
0
0
0
0
0
0
0
0
0
0
0
0
0
0
0
0
0
0
0
0
0
0
0
0
0
0
0
0
0
0
0
0
0
0
0
0
0
0
0
0
0
0
0
0
0
0
0
0
0
0
0
0
0
0
0
0
0
0
0
0
0
0
0
0
0
0
0
0
0
0
0
0
0
0
0
0
0
0
0
0
0
0
0
0
0
0
0
0
0
0
0
0
0
0
0
0
0
0
0
0
0
0
0
0
0
0
0
0
0
0
0
0
0
0
0
0
0
0
0
0
0
0
0
0
0
0
0
0
0
0
0
0
0
0
0
0
0
0
0
0
0
0
0
0
0
0
0
0
0
0
0
0
0
0
0
0
0
0
0
0
0
0
0
0
0
0
0
0
0
0
0
0
0
0
0
0
0
0
0
0
0
0
0
0
0
0
0
0
0
0
0
0
0
0
0
0
0
0
0
0
0
0
0
0
0
0
0
0
0
0
0
0
0
0
0
0
0
0
0
0
0
0
0
0
0
0
0
0
0
0
0
0
0
0
0
0
0
0
0
0
0
0
0
0
0
0
0
0
0
0
0
0
0
0
0
0
0
0
0
0
0
0
0
0
0
0
0
0
0
0
0
0
0
0
0
0
0
0
0
0
0
0
0
0
0
0
0
0
0
0
0
0
0
0
0
0
0
0
0
0
0
0
0
0
0
0
0
0
0
0
0
0
0
0
0
0
0
0
0
0
0
0
0
0
0
0
0
0
0
0
0
0
0
0
0
0
0
0
0
0
0
0
0
0
0
0
0
0
0
0
0
0
0
0
0
0
0
0
0
0
0
0
0
0
0
0
0
0
0
0
0
0
0
0
0
0
0
0
0
0
0
0
0
0
0
0
0
0
0
0
0
0
0
0
0
0
0
0
0
0
0
0
0
0
0
0
0
0
0
0
0
0
0
0
0
0
0
0
0
0
0
0
0
0
0
0
0
0
0
0
0
0
0
0
0
0
0
0
0
0
0
0
0
0
0
0
0
0
0
0
0
0
0
0
0
0
0
0
0
0
0
0
0
0
0
0
0
0
0
0
0
0
0
0
0
0
0
0
0
0
0
0
0
0
0
0
0
0
0
0
0
0
0
0
0
0
0
0
0
0
0
0
0
0
0
0
0
0
0
0
0
0
0
0
0
0
0
0
0
0
0
0
0
0
0
0
0
0
0
0
0
0
0
0
0
0
0
0
0
0
0
0
0
0
0
0
0
0
0
0
0
0
0
0
0
0
0
0
0
0
0
0
0
0
0
0
0
0
0
0
0
0
0
0
0
0
0
0
0
0
0
0
0
0
0
0
0
0
0
0
0
0
0
0
0
0
0
0
0
0
0
0
0
0
0
0
0
0
0
0
0
0
0
0
0
0
0
0
0
0
0
0
0
0
0
0
0
0
0
0
0
0
0
0
0
0
0
0
0
0
0
0
0
0
0
0
0
0
0
0
0
0
0
0
0
0
0
0
0
0
0
0
0
0
0
0
0
0
0
0
0
0
0
0
0
0
0
0
0
0
0
0
0
0
0
0
0
0
0
0
0
0
0
0
0
0
0
0
0
0
0
0
0
0
0
0
0
0
0
0
0
0
0
0
0
0
0
0
0
0
0
0
0
0
0
0
0
0
0
0
0
0
0
0
0
0
0
0
0
0
0
0
0
0
0
0
0
0
0
0
0
0
0
0
0
0
0
0
0
0
0
0
0
0
0
0
0
0
0
0
0
0
0
0
0
0
0
0
0
0
0
0
0
0
0
0
0
0
0
0
0
0
0
0
0
0
0
0
0
0
0
0
0
0
0
0
0
0
0
0
0
0
0
0
0
0
0
0
0
0
0
0
0
0
0
0
0
0
0
0
0
0
0
0
0
0
0
0
0
0
0
0
0
0
0
0
0
0
0
0
0
0
0
0
0
0
0
0
0
0
0
0
0
0
0
0
0
0
0
0
0
0
0
0
0
0
0
0
0
0
0
0
0
0
0
0
0
0
0
0
0
0
0
0
0
0
0
0
0
0
0
0
0
0
0
0
0
0
0
0
0
0
0
0
0
0
0
0
0
0
0
0
0
0
0
0
0
0
0
0
0
0
0
0
0
0
0
0
0
0
0
0
0
0
0
0
0
0
0
0
0
0
0
0
0
0
0
0
0
0
0
0
0
0
0
0
0
0
0
0
0
0
0
0
0
0
0
0
0
0
0
0
0
0
0
0
0
0
0
0
0
0
0
0
0
0
0
0
0
0
0
0
0
0
0
0
0
0
0
0
0
0
0
0
0
0
0
0
0
0
0
0
0
0
0
0
0
0
0
0
0
0
0
0
0
0
0
0
0
0
0
0
0
0
0
0
0
0
0
0
0
0
0
0
0
0
0
0
0
0
0
0
0
0
0
0
0
0
0
0
0
0
0
0
0
0
0
0
0
0
0
0
0
0
0
0
0
0
0
0
0
0
0
0
0
0
0
0
0
0
0
0
0
0
0
0
0
0
0
0
0
0
0
0
0
0
0
0
0
0
0
0
0
0
0
0
0
0
0
0
0
0
0
0
0
0
0
0
0
0
0
0
0
0
0
0
0
0
0
0
0
0
0
0
0
0
0
0
0
0
0
0
0
0
0
0
0
0
0
0
0
0
0
0
0
0
0
0
0
0
0
0
0
0
0
0
0
0
0
0
0
0
0
0
0
0
0
0
0
0
0
0
0
0
0
0
0
0
0
0
0
0
0
0
0
0
0
0
0
0
0
0
0
0
0
0
0
0
0
0
0
0
0
0
0
0
0
0
0
0
0
0
0
0
0
0
0
0
0
0
0
0
0
0
0
0
0
0
0
0
0
0
0
0
0
0
0
0
0
0
0
0
0
0
0
0
0
0
0
0
0
0
0
0
0
0
0
0
0
0
0
0
0
0
0
0
0
0
0
0
0
0
0
0
0
0
0
0
0
0
0
0
0
0
0
0
0
0
0
0
0
0
0
0
0
0
0
0
0
0
0
0
0
0
0
0
0
0
0
0
0
0
0
0
0
0
0
0
0
0
0
0
0
0
0
0
0
0
0
0
0
0
0
0
0
0
0
0
0
0
0
0
0
0
0
0
0
0
0
0
0
0
0
0
0
0
0
0
0
0
0
0
0
0
0
0
0
0
0
0
0
0
0
0
0
0
0
0
0
0
0
0
0
0
0
0
0
0
0
0
0
0
0
0
0
0
0
0
0
0
0
0
0
0
0
0
0
0
0
0
0
0
0
0
0
0
0
0
0
0
0
0
0
0
0
0
0
0
0
0
0
0
0
0
0
0
0
0
0
0
0
0
0
0
0
0
0
0
0
0
0
0
0
0
0
0
0
0
0
0
0
0
0
0
0
0
0
0
0
0
0
0
0
0
0
0
0
0
0
0
0
0
0
0
0
0
0
0
0
0
0
0
0
0
0
0
0
0
0
0
0
0
0
0
0
0
0
0
0
0
0
0
0
0
0
0
0
0
0
0
0
0
0
0
0
0
0
0
0
0
0
0
0
0
0
0
0
0
0
0
0
0
0
0
0
0
0
0
0
0
0
0
0
0
0
0
0
0
0
0
0
0
0
0
0
0
0
0
0
0
0
0
0
0
0
0
0
0
0
0
0
0
0
0
0
0
0
0
0
0
0
0
0
0
0
0
0
0
0
0
0
0
0
0
0
0
0
0
0
0
0
0
0
0
0
0
0
0
0
0
0
0
0
0
0
0
0
0
0
0
0
0
0
0
0
0
0
0
0
0
0
0
0
0
0
0
0
0
0
0
0
0
0
0
0
0
0
0
0
0
0
0
0
0
0
0
0
0
0
0
0
0
0
0
0
0
0
0
0
0
0
0
0
0
0
0
0
0
0
0
0
0
0
0
0
0
0
0
0
0
0
0
0
0
0
0
0
0
0
0
0
0
0
0
0
0
0
0
0
0
0
0
0
0
0
0
0
0
0
0
0
0
0
0
0
0
0
0
0
0
0
0
0
0
0
0
0
0
0
0
0
0
0
0
0
0
0
0
0
0
0
0
0
0
0
0
0
0
0
0
0
0
0
0
0
0
0
0
0
0
0
0
0
0
0
0
0
0
0
0
0
0
0
0
0
0
0
0
0
0
0
0
0
0
0
0
0
0
0
0
0
0
0
0
0
0
0
0
0
0
0
0
0
0
0
0
0
0
0
0
0
0
0
0
0
0
0
0
0
0
0
0
0
0
0
0
0
0
0
0
0
0
0
0
0
0
0
0
0
0
0
0
0
0
0
0
0
0
0
0
0
0
0
0
0
0
0
0
0
0
0
0
0
0
0
0
0
0
0
0
0
0
0
0
0
0
0
0
0
0
0
0
0
0
0
0
0
0
0
0
0
0
0
0
0
0
0
0
0
0
0
0
0
0
0
0
0
0
0
0
0
0
0
0
0
0
0
0
0
0
0
0
0
0
0
0
0
0
0
0
0
0
0
0
0
0
0
0
0
0
0
0
0
0
0
0
0
0
0
0
0
0
0
0
0
0
0
0
0
0
0
0
0
0
0
0
0
0
0
0
0
0
0
0
0
0
0
0
0
0
0
0
0
0
0
0
0
0
0
0
0
0
0
0
0
0
0
0
0
0
0
0
0
0
0
0
0
0
0
0
0
0
0
0
0
0
0
0
0
0
0
0
0
0
0
0
0
0
0
0
0
0
0
0
0
0
0
0
0
0
0
0
0
0
0
0
0
0
0
0
0
0
0
0
0
0
0
0
0
0
0
0
0
0
0
0
0
0
0
0
0
0
0
0
0
0
0
0
0
0
0
0
0
0
0
0
0
0
0
0
0
0
0
0
0
0
0
0
0
0
0
0
0
0
0
0
0
0
0
0
0
0
0
0
0
0
0
0
0
0
0
0
0
0
0
0
0
0
0
0
0
0
0
0
0
0
0
0
0
0
0
0
0
0
0
0
0
0
0
0
0
0
0
0
0
0
0
0
0
0
0
0
0
0
0
0
0
0
0
0
0
0
0
0
0
0
0
0
0
0
0
0
0
0
0
0
0
0
0
0
0
0
0
0
0
0
0
0
0
0
0
0
0
0
0
0
0
0
0
0
0
0
0
0
0
0
0
0
0
0
0
0
0
0
0
0
0
0
0
0
0
0
0
0
0
0
0
0
0
0
0
0
0
0
0
0
0
0
0
0
0
0
0
0
0
0
0
0
0
0
0
0
0
0
0
0
0
0
0
0
0
0
0
0
0
0
0
0
0
0
0
0
0
0
0
0
0
0
0
0
0
0
0
0
0
0
0
0
0
0
0
0
0
0
0
0
0
0
0
0
0
0
0
0
0
0
0
0
0
0
0
0
0
0
0
0
0
0
0
0
0
0
0
0
0
0
0
0
0
0
0
0
0
0
0
0
0
0
0
0
0
0
0
0
0
0
0
0
0
0
0
0
0
0
0
0
0
0
0
0
0
0
0
0
0
0
0
0
0
0
0
0
0
0
0
0
0
0
0
0
0
0
0
0
0
0
0
0
0
0
0
0
0
0
0
0
0
0
0
0
0
0
0
0
0
0
0
0
0
0
0
0
0
0
0
0
0
0
0
0
0
0
0
0
0
0
0
0
0
0
0
0
0
0
0
0
0
0
0
0
0
0
0
0
0
0
0
0
0
0
0
0
0
0
0
0
0
0
0
0
0
0
0
0
0
0
0
0
0
0
0
0
0
0
0
0
0
0
0
0
0
0
0
0
0
0
0
0
0
0
0
0
0
0
0
0
0
0
0
0
0
0
0
0
0
0
0
0
0
0
0
0
0
0
0
0
0
0
0
0
0
0
0
0
0
0
0
0
0
0
0
0
0
0
0
0
0
0
0
0
0
0
0
0
0
0
0
0
0
0
0
0
0
0
0
0
0
0
0
0
0
0
0
0
0
0
0
0
0
0
0
0
0
0
0
0
0
0
0
0
0
0
0
0
0
0
0
0
0
0
0
0
0
0
0
0
0
0
0
0
0
0
0
0
0
0
0
0
0
0
0
0
0
0
0
0
0
0
0
0
0
0
0
0
0
0
0
0
0
0
0
0
0
0
0
0
0
0
0
0
0
0
0
0
0
0
0
0
0
0
0
0
0
0
0
0
0
0
0
0
0
0
0
0
0
0
0
0
0
0
0
0
0
0
0
0
0
0
0
0
0
0
0
0
0
0
0
0
0
0
0
0
0
0
0
0
0
0
0
0
0
0
0
0
0
0
0
0
0
0
0
0
0
0
0
0
0
0
0
0
0
0
0
0
0
0
0
0
0
0
0
0
0
0
0
0
0
0
0
0
0
0
0
0
0
0
0
0
0
0
0
0
0
0
0
0
0
0
0
0
0
0
0
0
0
0
0
0
0
0
0
0
0
0
0
0
0
0
0
0
0
0
0
0
0
0
0
0
0
0
0
0
0
0
0
0
0
0
0
0
0
0
0
0
0
0
0
0
0
0
0
0
0
0
0
0
0
0
0
0
0
0
0
0
0
0
0
0
0
0
0
0
0
0
0
0
0
0
0
0
0
0
0
0
0
0
0
0
0
0
0
0
0
0
0
0
0
0
0
0
0
0
0
0
0
0
0
0
0
0
0
0
0
0
0
0
0
0
0
0
0
0
0
0
0
0
0
0
0
0
0
0
0
0
0
0
0
0
0
0
0
0
0
0
0
0
0
0
0
0
0
0
0
0
0
0
0
0
0
0
0
0
0
0
0
0
0
0
0
0
0
0
0
0
0
0
0
0
0
0
0
0
0
0
0
0
0
0
0
0
0
0
0
0
0
0
0
0
0
0
0
0
0
0
0
0
0
0
0
0
0
0
0
0
0
0
0
0
0
0
0
0
0
0
0
0
0
0
0
0
0
0
0
0
0
0
0
0
0
0
0
0
0
0
0
0
0
0
0
0
0
0
0
0
0
0
0
0
0
0
0
0
0
0
0
0
0
0
0
0
0
0
0
0
0
0
0
0
0
0
0
0
0
0
0
0
0
0
0
0
0
0
0
0
0
0
0
0
0
0
0
0
0
0
0
0
0
0
0
0
0
0
0
0
0
0
0
0
0
0
0
0
0
0
0
0
0
0
0
0
0
0
0
0
0
0
0
0
0
0
0
0
0
0
0
0
0
0
0
0
0
0
0
0
0
0
0
0
0
0
0
0
0
0
0
0
0
0
0
0
0
0
0
0
0
0
0
0
0
0
0
0
0
0
0
0
0
0
0
0
0
0
0
0
0
0
0
0
0
0
0
0
0
0
0
0
0
0
0
0
0
0
0
0
0
0
0
0
0
0
0
0
0
0
0
0
0
0
0
0
0
0
0
0
0
0
0
0
0
0
0
0
0
0
0
0
0
0
0
0
0
0
0
0
0
0
0
0
0
0
0
0
0
0
0
0
0
0
0
0
0
0
0
0
0
0
0
0
0
0
0
0
0
0
0
0
0
0
0
0
0
0
0
0
0
0
0
0
0
0
0
0
0
0
0
0
0
0
0
0
0
0
0
0
0
0
0
0
0
0
0
0
0
0
0
0
0
0
0
0
0
0
0
0
0
0
0
0
0
0
0
0
0
0
0
0
0
0
0
0
0
0
0
0
0
0
0
0
0
0
0
0
0
0
0
0
0
0
0
0
0
0
0
0
0
0
0
0
0
0
0
0
0
0
0
0
0
0
0
0
0
0
0
0
0
0
0
0
0
0
0
0
0
0
0
0
0
0
0
0
0
0
0
0
0
0
0
0
0
0
0
0
0
0
0
0
0
0
0
0
0
0
0
0
0
0
0
0
0
0
0
0
0
0
0
0
0
0
0
0
0
0
0
0
0
0
0
0
0
0
0
0
0
0
0
0
0
0
0
0
0
0
0
0
0
0
0
0
0
0
0
0
0
0
0
0
0
0
0
0
0
0
0
0
0
0
0
0
0
0
0
0
0
0
0
0
0
0
0
0
0
0
0
0
0
0
0
0
0
0
0
0
0
0
0
0
0
0
0
0
0
0
0
0
0
0
0
0
0
0
0
0
0
0
0
0
0
0
0
0
0
0
0
0
0
0
0
0
0
0
0
0
0
0
0
0
0
0
0
0
0
0
0
0
0
0
0
0
0
0
0
0
0
0
0
0
0
0
0
0
0
0
0
0
0
0
0
0
0
0
0
0
0
0
0
0
0
0
0
0
0
0
0
0
0
0
0
0
0
0
0
0
0
0
0
0
0
0
0
0
0
0
0
0
0
0
0
0
0
0
0
0
0
0
0
0
0
0
0
0
0
0
0
0
0
0
0
0
0
0
0
0
0
0
0
0
0
0
0
0
0
0
0
0
0
0
0
0
0
0
0
0
0
0
0
0
0
0
0
0
0
0
0
0
0
0
0
0
0
0
0
0
0
0
0
0
0
0
0
0
0
0
0
0
0
0
0
0
0
0
0
0
0
0
0
0
0
0
0
0
0
0
0
0
0
0
0
0
0
0
0
0
0
0
0
0
0
0
0
0
0
0
0
0
0
0
0
0
0
0
0
0
0
0
0
0
0
0
0
0
0
0
0
0
0
0
0
0
0
0
0
0
0
0
0
0
0
0
0
0
0
0
0
0
0
0
0
0
0
0
0
0
0
0
0
0
0
0
0
0
7.88394828129927e-05
7.88332676389436e-05
7.88270534447422e-05
7.88208402301568e-05
7.88146279949559e-05
7.88084167389077e-05
7.88022064617809e-05
7.87959971633441e-05
7.87897888433659e-05
7.87835815016151e-05
7.87773751378604e-05
7.87711697518708e-05
7.87649653434153e-05
7.87587619122627e-05
7.87525594581824e-05
7.87463579809434e-05
7.8740157480315e-05
7.87339579560664e-05
7.87277594079672e-05
7.87215618357868e-05
7.87153652392947e-05
7.87091696182605e-05
7.8702974972454e-05
7.86967813016448e-05
7.86905886056028e-05
7.86843968840979e-05
7.86782061369001e-05
7.86720163637794e-05
7.8665827564506e-05
7.865963973885e-05
7.86534528865817e-05
7.86472670074715e-05
7.86410821012897e-05
7.86348981678069e-05
7.86287152067935e-05
7.86225332180203e-05
7.86163522012579e-05
7.8610172156277e-05
7.86039930828486e-05
7.85978149807435e-05
7.85916378497328e-05
7.85854616895874e-05
7.85792865000786e-05
7.85731122809775e-05
7.85669390320553e-05
7.85607667530835e-05
7.85545954438335e-05
7.85484251040767e-05
7.85422557335847e-05
7.85360873321291e-05
7.85299198994817e-05
7.85237534354142e-05
7.85175879396985e-05
7.85114234121065e-05
7.85052598524101e-05
7.84990972603815e-05
7.84929356357928e-05
7.84867749784161e-05
7.84806152880239e-05
7.84744565643883e-05
7.84682988072819e-05
7.84621420164771e-05
7.84559861917464e-05
7.84498313328626e-05
7.84436774395984e-05
7.84375245117264e-05
7.84313725490196e-05
7.84252215512509e-05
7.84190715181932e-05
7.84129224496197e-05
7.84067743453034e-05
7.84006272050176e-05
7.83944810285356e-05
7.83883358156306e-05
7.83821915660762e-05
7.83760482796457e-05
7.83699059561129e-05
7.83637645952512e-05
7.83576241968344e-05
7.83514847606362e-05
7.83453462864306e-05
7.83392087739914e-05
7.83330722230926e-05
7.83269366335083e-05
7.83208020050125e-05
7.83146683373796e-05
7.83085356303837e-05
7.83024038837992e-05
7.82962730974006e-05
7.82901432709622e-05
7.82840144042587e-05
7.82778864970646e-05
7.82717595491547e-05
7.82656335603037e-05
7.82595085302864e-05
7.82533844588778e-05
7.82472613458529e-05
7.82411391909866e-05
7.82350179940541e-05
7.82288977548306e-05
7.82227784730914e-05
7.82166601486116e-05
7.82105427811669e-05
7.82044263705326e-05
7.81983109164842e-05
7.81921964187974e-05
7.81860828772478e-05
7.81799702916113e-05
7.81738586616635e-05
7.81677479871805e-05
7.81616382679381e-05
7.81555295037124e-05
7.81494216942795e-05
7.81433148394155e-05
7.81372089388967e-05
7.81311039924994e-05
7.8125e-05
7.81188969611749e-05
7.81127948758007e-05
7.81066937436538e-05
7.81005935645111e-05
7.80944943381492e-05
7.80883960643448e-05
7.8082298742875e-05
7.80762023735165e-05
7.80701069560465e-05
7.8064012490242e-05
7.80579189758801e-05
7.80518264127381e-05
7.80457348005931e-05
7.80396441392227e-05
7.80335544284042e-05
7.80274656679151e-05
7.8021377857533e-05
7.80152909970354e-05
7.80092050862002e-05
7.8003120124805e-05
7.79970361126277e-05
7.79909530494463e-05
7.79848709350386e-05
7.79787897691828e-05
7.79727095516569e-05
7.79666302822392e-05
7.79605519607079e-05
7.79544745868413e-05
7.79483981604178e-05
7.79423226812159e-05
7.79362481490141e-05
7.7930174563591e-05
7.79241019247253e-05
7.79180302321957e-05
7.79119594857811e-05
7.79058896852602e-05
7.78998208304121e-05
7.78937529210157e-05
7.78876859568502e-05
7.78816199376947e-05
7.78755548633284e-05
7.78694907335306e-05
7.78634275480807e-05
7.7857365306758e-05
7.78513040093422e-05
7.78452436556126e-05
7.78391842453491e-05
7.78331257783313e-05
7.78270682543389e-05
7.78210116731518e-05
7.78149560345498e-05
7.78089013383131e-05
7.78028475842216e-05
7.77967947720554e-05
7.77907429015947e-05
7.77846919726198e-05
7.77786419849109e-05
7.77725929382486e-05
7.77665448324131e-05
7.77604976671851e-05
7.77544514423451e-05
7.77484061576738e-05
7.77423618129519e-05
7.77363184079602e-05
7.77302759424796e-05
7.7724234416291e-05
7.77181938291754e-05
7.77121541809139e-05
7.77061154712876e-05
7.77000777000777e-05
7.76940408670655e-05
7.76880049720323e-05
7.76819700147596e-05
7.76759359950287e-05
7.76699029126214e-05
7.7663870767319e-05
7.76578395589035e-05
7.76518092871564e-05
7.76457799518596e-05
7.7639751552795e-05
7.76337240897446e-05
7.76276975624903e-05
7.76216719708142e-05
7.76156473144986e-05
7.76096235933256e-05
7.76036008070775e-05
7.75975789555366e-05
7.75915580384854e-05
7.75855380557064e-05
7.75795190069822e-05
7.75735008920953e-05
7.75674837108284e-05
7.75614674629644e-05
7.7555452148286e-05
7.75494377665762e-05
7.75434243176179e-05
7.75374118011941e-05
7.75314002170879e-05
7.75253895650826e-05
7.75193798449612e-05
7.75133710565072e-05
7.75073631995039e-05
7.75013562737348e-05
7.74953502789833e-05
7.74893452150329e-05
7.74833410816674e-05
7.74773378786705e-05
7.74713356058258e-05
7.74653342629173e-05
7.74593338497289e-05
7.74533343660445e-05
7.74473358116481e-05
7.74413381863239e-05
7.7435341489856e-05
7.74293457220286e-05
7.74233508826262e-05
7.7417356971433e-05
7.74113639882335e-05
7.74053719328121e-05
7.73993808049536e-05
7.73933906044424e-05
7.73874013310633e-05
7.73814129846011e-05
7.73754255648406e-05
7.73694390715667e-05
7.73634535045644e-05
7.73574688636188e-05
7.73514851485149e-05
7.73455023590378e-05
7.73395204949729e-05
7.73335395561055e-05
7.73275595422209e-05
7.73215804531045e-05
7.73156022885418e-05
7.73096250483185e-05
7.73036487322202e-05
7.72976733400325e-05
7.72916988715412e-05
7.72857253265322e-05
7.72797527047913e-05
7.72737810061046e-05
7.72678102302581e-05
7.72618403770378e-05
7.72558714462299e-05
7.72499034376207e-05
7.72439363509964e-05
7.72379701861435e-05
7.72320049428483e-05
7.72260406208974e-05
7.72200772200772e-05
7.72141147401745e-05
7.72081531809759e-05
7.72021925422682e-05
7.71962328238382e-05
7.71902740254728e-05
7.71843161469589e-05
7.71783591880837e-05
7.7172403148634e-05
7.71664480283973e-05
7.71604938271605e-05
7.71545405447111e-05
7.71485881808363e-05
7.71426367353236e-05
7.71366862079605e-05
7.71307365985345e-05
7.71247879068333e-05
7.71188401326444e-05
7.71128932757557e-05
7.7106947335955e-05
7.71010023130301e-05
7.70950582067689e-05
7.70891150169596e-05
7.70831727433901e-05
7.70772313858486e-05
7.70712909441233e-05
7.70653514180025e-05
7.70594128072744e-05
7.70534751117275e-05
7.70475383311503e-05
7.70416024653313e-05
7.7035667514059e-05
7.70297334771222e-05
7.70238003543095e-05
7.70178681454097e-05
7.70119368502118e-05
7.70060064685045e-05
7.7000077000077e-05
7.69941484447182e-05
7.69882208022173e-05
7.69822940723634e-05
7.69763682549457e-05
7.69704433497537e-05
7.69645193565766e-05
7.69585962752039e-05
7.69526741054252e-05
7.69467528470299e-05
7.69408324998076e-05
7.69349130635482e-05
7.69289945380414e-05
7.69230769230769e-05
7.69171602184447e-05
7.69112444239348e-05
7.69053295393371e-05
7.68994155644417e-05
7.68935024990388e-05
7.68875903429187e-05
7.68816790958715e-05
7.68757687576876e-05
7.68698593281574e-05
7.68639508070715e-05
7.68580431942203e-05
7.68521364893944e-05
7.68462306923845e-05
7.68403258029814e-05
7.68344218209758e-05
7.68285187461586e-05
7.68226165783207e-05
7.6816715317253e-05
7.68108149627468e-05
7.68049155145929e-05
7.67990169725828e-05
7.67931193365075e-05
7.67872226061583e-05
7.67813267813268e-05
7.67754318618042e-05
7.67695378473822e-05
7.67636447378521e-05
7.67577525330058e-05
7.67518612326349e-05
7.67459708365311e-05
7.67400813444862e-05
7.67341927562922e-05
7.6728305071741e-05
7.67224182906245e-05
7.67165324127349e-05
7.67106474378644e-05
7.6704763365805e-05
7.66988801963491e-05
7.66929979292891e-05
7.66871165644172e-05
7.6681236101526e-05
7.66753565404079e-05
7.66694778808556e-05
7.66636001226618e-05
7.6657723265619e-05
7.66518473095202e-05
7.6645972254158e-05
7.66400980993256e-05
7.66342248448157e-05
7.66283524904215e-05
7.66224810359359e-05
7.66166104811523e-05
7.66107408258638e-05
7.66048720698636e-05
7.65990042129452e-05
7.6593137254902e-05
7.65872711955273e-05
7.65814060346148e-05
7.6575541771958e-05
7.65696784073507e-05
7.65638159405865e-05
7.65579543714592e-05
7.65520936997627e-05
7.65462339252909e-05
7.65403750478377e-05
7.65345170671973e-05
7.65286599831637e-05
7.65228037955311e-05
7.65169485040937e-05
7.65110941086457e-05
7.65052406089817e-05
7.6499388004896e-05
7.6493536296183e-05
7.64876854826373e-05
7.64818355640535e-05
7.64759865402264e-05
7.64701384109505e-05
7.64642911760208e-05
7.64584448352321e-05
7.64525993883792e-05
7.64467548352572e-05
7.64409111756612e-05
7.64350684093862e-05
7.64292265362274e-05
7.64233855559801e-05
7.64175454684396e-05
7.64117062734011e-05
7.64058679706601e-05
7.64000305600122e-05
7.63941940412529e-05
7.63883584141777e-05
7.63825236785823e-05
7.63766898342626e-05
7.63708568810142e-05
7.63650248186331e-05
7.63591936469151e-05
7.63533633656563e-05
7.63475339746526e-05
7.63417054737003e-05
7.63358778625954e-05
7.63300511411343e-05
7.63242253091131e-05
7.63184003663283e-05
7.63125763125763e-05
7.63067531476536e-05
7.63009308713566e-05
7.62951094834821e-05
7.62892889838267e-05
7.6283469372187e-05
7.627765064836e-05
7.62718328121425e-05
7.62660158633313e-05
7.62601998017235e-05
7.62543846271161e-05
7.62485703393061e-05
7.62427569380909e-05
7.62369444232675e-05
7.62311327946333e-05
7.62253220519857e-05
7.6219512195122e-05
7.62137032238396e-05
7.62078951379363e-05
7.62020879372095e-05
7.61962816214569e-05
7.61904761904762e-05
7.61846716440652e-05
7.61788679820218e-05
7.61730652041438e-05
7.61672633102293e-05
7.61614623000762e-05
7.61556621734826e-05
7.61498629302467e-05
7.61440645701668e-05
7.6138267093041e-05
7.61324704986677e-05
7.61266747868453e-05
7.61208799573723e-05
7.61150860100472e-05
7.61092929446685e-05
7.6103500761035e-05
7.60977094589453e-05
7.60919190381981e-05
7.60861294985924e-05
7.6080340839927e-05
7.60745530620008e-05
7.60687661646128e-05
7.60629801475622e-05
7.6057195010648e-05
7.60514107536695e-05
7.60456273764259e-05
7.60398448787164e-05
7.60340632603406e-05
7.60282825210978e-05
7.60225026607876e-05
7.60167236792094e-05
7.6010945576163e-05
7.60051683514479e-05
7.5999392004864e-05
7.5993616536211e-05
7.59878419452888e-05
7.59820682318973e-05
7.59762953958365e-05
7.59705234369065e-05
7.59647523549073e-05
7.59589821496392e-05
7.59532128209023e-05
7.5947444368497e-05
7.59416767922236e-05
7.59359100918825e-05
7.59301442672741e-05
7.59243793181991e-05
7.59186152444579e-05
7.59128520458514e-05
7.590708972218e-05
7.59013282732448e-05
7.58955676988464e-05
7.58898079987858e-05
7.58840491728639e-05
7.58782912208817e-05
7.58725341426404e-05
7.5866777937941e-05
7.58610226065847e-05
7.58552681483729e-05
7.58495145631068e-05
7.58437618505878e-05
7.58380100106173e-05
7.58322590429969e-05
7.58265089475281e-05
7.58207597240124e-05
7.58150113722517e-05
7.58092638920476e-05
7.58035172832019e-05
7.57977715455166e-05
7.57920266787934e-05
7.57862826828344e-05
7.57805395574416e-05
7.57747973024172e-05
7.57690559175633e-05
7.5763315402682e-05
7.57575757575758e-05
7.57518369820468e-05
7.57460990758976e-05
7.57403620389305e-05
7.57346258709482e-05
7.57288905717531e-05
7.5723156141148e-05
7.57174225789354e-05
7.57116898849182e-05
7.57059580588992e-05
7.57002271006813e-05
7.56944970100674e-05
7.56887677868604e-05
7.56830394308635e-05
7.56773119418798e-05
7.56715853197124e-05
7.56658595641647e-05
7.56601346750397e-05
7.5654410652141e-05
7.5648687495272e-05
7.5642965204236e-05
7.56372437788367e-05
7.56315232188776e-05
7.56258035241624e-05
7.56200846944949e-05
7.56143667296786e-05
7.56086496295176e-05
7.56029333938157e-05
7.55972180223768e-05
7.55915035150049e-05
7.55857898715042e-05
7.55800770916786e-05
7.55743651753325e-05
7.55686541222701e-05
7.55629439322956e-05
7.55572346052135e-05
7.5551526140828e-05
7.55458185389439e-05
7.55401117993655e-05
7.55344059218974e-05
7.55287009063444e-05
7.55229967525111e-05
7.55172934602024e-05
7.5511591029223e-05
7.55058894593778e-05
7.55001887504719e-05
7.54944889023101e-05
7.54887899146977e-05
7.54830917874396e-05
7.54773945203412e-05
7.54716981132076e-05
7.54660025658441e-05
7.54603078780561e-05
7.54546140496491e-05
7.54489210804285e-05
7.54432289701999e-05
7.54375377187689e-05
7.5431847325941e-05
7.54261577915221e-05
7.54204691153179e-05
7.54147812971342e-05
7.5409094336777e-05
7.54034082340522e-05
7.53977229887657e-05
7.53920386007238e-05
7.53863550697324e-05
7.53806723955978e-05
7.53749905781262e-05
7.53693096171239e-05
7.53636295123973e-05
7.53579502637528e-05
7.53522718709969e-05
7.53465943339361e-05
7.5340917652377e-05
7.53352418261263e-05
7.53295668549906e-05
7.53238927387767e-05
7.53182194772916e-05
7.53125470703419e-05
7.53068755177348e-05
7.53012048192771e-05
7.5295534974776e-05
7.52898659840386e-05
7.52841978468719e-05
7.52785305630834e-05
7.52728641324802e-05
7.52671985548698e-05
7.52615338300595e-05
7.52558699578567e-05
7.52502069380691e-05
7.52445447705041e-05
7.52388834549695e-05
7.5233222991273e-05
7.52275633792221e-05
7.52219046186249e-05
7.52162467092892e-05
7.52105896510229e-05
7.52049334436339e-05
7.51992780869304e-05
7.51936235807204e-05
7.5187969924812e-05
7.51823171190136e-05
7.51766651631334e-05
7.51710140569796e-05
7.51653638003608e-05
7.51597143930853e-05
7.51540658349617e-05
7.51484181257984e-05
7.51427712654043e-05
7.51371252535878e-05
7.51314800901578e-05
7.5125835774923e-05
7.51201923076923e-05
7.51145496882746e-05
7.51089079164789e-05
7.51032669921142e-05
7.50976269149895e-05
7.5091987684914e-05
7.50863493016969e-05
7.50807117651475e-05
7.50750750750751e-05
7.50694392312889e-05
7.50638042335986e-05
7.50581700818134e-05
7.5052536775743e-05
7.5046904315197e-05
7.5041272699985e-05
7.50356419299167e-05
7.50300120048019e-05
7.50243829244504e-05
7.50187546886722e-05
7.5013127297277e-05
7.5007500750075e-05
7.50018750468762e-05
7.49962501874906e-05
7.49906261717285e-05
7.49850029994001e-05
7.49793806703157e-05
7.49737591842855e-05
7.496813854112e-05
7.49625187406297e-05
7.4956899782625e-05
7.49512816669165e-05
7.49456643933148e-05
7.49400479616307e-05
7.49344323716748e-05
7.49288176232579e-05
7.49232037161909e-05
7.49175906502847e-05
7.49119784253502e-05
7.49063670411985e-05
7.49007564976406e-05
7.48951467944877e-05
7.4889537931551e-05
7.48839299086416e-05
7.48783227255709e-05
7.48727163821503e-05
7.48671108781912e-05
7.4861506213505e-05
7.48559023879033e-05
7.48502994011976e-05
7.48446972531996e-05
7.4839095943721e-05
7.48334954725735e-05
7.4827895839569e-05
7.48222970445193e-05
7.48166990872363e-05
7.4811101967532e-05
7.48055056852184e-05
7.47999102401077e-05
7.4794315632012e-05
7.47887218607434e-05
7.47831289261143e-05
7.47775368279369e-05
7.47719455660236e-05
7.47663551401869e-05
7.47607655502392e-05
7.47551767959931e-05
7.47495888772612e-05
7.4744001793856e-05
7.47384155455904e-05
7.47328301322771e-05
7.47272455537289e-05
7.47216618097587e-05
7.47160789001793e-05
7.47104968248039e-05
7.47049155834454e-05
7.46993351759169e-05
7.46937556020317e-05
7.46881768616028e-05
7.46825989544436e-05
7.46770218803674e-05
7.46714456391876e-05
7.46658702307175e-05
7.46602956547708e-05
7.46547219111609e-05
7.46491489997014e-05
7.4643576920206e-05
7.46380056724884e-05
7.46324352563624e-05
7.46268656716418e-05
7.46212969181404e-05
7.46157289956723e-05
7.46101619040513e-05
7.46045956430916e-05
7.45990302126072e-05
7.45934656124124e-05
7.45879018423212e-05
7.4582338902148e-05
7.45767767917071e-05
7.45712155108128e-05
7.45656550592797e-05
7.45600954369222e-05
7.45545366435548e-05
7.45489786789921e-05
7.45434215430488e-05
7.45378652355396e-05
7.45323097562794e-05
7.45267551050827e-05
7.45212012817647e-05
7.45156482861401e-05
7.4510096118024e-05
7.45045447772314e-05
7.44989942635774e-05
7.44934445768772e-05
7.4487895716946e-05
7.4482347683599e-05
7.44768004766515e-05
7.4471254095919e-05
7.44657085412168e-05
7.44601638123604e-05
7.44546199091654e-05
7.44490768314473e-05
7.44435345790218e-05
7.44379931517046e-05
7.44324525493115e-05
7.44269127716582e-05
7.44213738185607e-05
7.44158356898348e-05
7.44102983852965e-05
7.44047619047619e-05
7.4399226248047e-05
7.4393691414968e-05
7.43881574053411e-05
7.43826242189824e-05
7.43770918557084e-05
7.43715603153354e-05
7.43660295976798e-05
7.4360499702558e-05
7.43549706297866e-05
7.43494423791822e-05
7.43439149505613e-05
7.43383883437407e-05
7.43328625585371e-05
7.43273375947673e-05
7.43218134522482e-05
7.43162901307967e-05
7.43107676302296e-05
7.43052459503641e-05
7.42997250910172e-05
7.42942050520059e-05
7.42886858331476e-05
7.42831674342594e-05
7.42776498551586e-05
7.42721330956625e-05
7.42666171555886e-05
7.42611020347542e-05
7.42555877329769e-05
7.42500742500742e-05
7.42445615858638e-05
7.42390497401633e-05
7.42335387127904e-05
7.42280285035629e-05
7.42225191122987e-05
7.42170105388155e-05
7.42115027829313e-05
7.42059958444642e-05
7.42004897232322e-05
7.41949844190533e-05
7.41894799317457e-05
7.41839762611276e-05
7.41784734070173e-05
7.4172971369233e-05
7.41674701475933e-05
7.41619697419163e-05
7.41564701520208e-05
7.4150971377725e-05
7.41454734188478e-05
7.41399762752076e-05
7.41344799466232e-05
7.41289844329133e-05
7.41234897338967e-05
7.41179958493922e-05
7.41125027792189e-05
7.41070105231955e-05
7.41015190811412e-05
7.40960284528749e-05
7.40905386382159e-05
7.40850496369833e-05
7.40795614489962e-05
7.40740740740741e-05
7.40685875120361e-05
7.40631017627018e-05
7.40576168258905e-05
7.40521327014218e-05
7.40466493891151e-05
7.40411668887902e-05
7.40356852002665e-05
7.40302043233639e-05
7.40247242579021e-05
7.4019245003701e-05
7.40137665605803e-05
7.400828892836e-05
7.40028121068601e-05
7.39973360959005e-05
7.39918608953015e-05
7.39863865048831e-05
7.39809129244655e-05
7.39754401538689e-05
7.39699681929137e-05
7.39644970414201e-05
7.39590266992086e-05
7.39535571660997e-05
7.39480884419138e-05
7.39426205264715e-05
7.39371534195933e-05
7.39316871211001e-05
7.39262216308125e-05
7.39207569485512e-05
7.3915293074137e-05
7.3909830007391e-05
7.39043677481339e-05
7.38989062961868e-05
7.38934456513707e-05
7.38879858135067e-05
7.3882526782416e-05
7.38770685579196e-05
7.3871611139839e-05
7.38661545279953e-05
7.38606987222099e-05
7.38552437223043e-05
7.38497895280998e-05
7.38443361394181e-05
7.38388835560806e-05
7.3833431777909e-05
7.3827980804725e-05
7.38225306363502e-05
7.38170812726065e-05
7.38116327133156e-05
7.38061849582995e-05
7.38007380073801e-05
7.37952918603793e-05
7.37898465171192e-05
7.3784401977422e-05
7.37789582411096e-05
7.37735153080044e-05
7.37680731779286e-05
7.37626318507044e-05
7.37571913261543e-05
7.37517516041006e-05
7.37463126843658e-05
7.37408745667724e-05
7.37354372511429e-05
7.37300007373e-05
7.37245650250664e-05
7.37191301142646e-05
7.37136960047177e-05
7.37082626962483e-05
7.37028301886792e-05
7.36973984818336e-05
7.36919675755343e-05
7.36865374696043e-05
7.36811081638668e-05
7.36756796581448e-05
7.36702519522617e-05
7.36648250460405e-05
7.36593989393047e-05
7.36539736318774e-05
7.36485491235823e-05
7.36431254142426e-05
7.36377025036819e-05
7.36322803917237e-05
7.36268590781917e-05
7.36214385629095e-05
7.36160188457008e-05
7.36105999263894e-05
7.36051818047991e-05
7.35997644807537e-05
7.35943479540771e-05
7.35889322245934e-05
7.35835172921266e-05
7.35781031565006e-05
7.35726898175397e-05
7.35672772750681e-05
7.35618655289098e-05
7.35564545788893e-05
7.35510444248308e-05
7.35456350665588e-05
7.35402265038976e-05
7.35348187366718e-05
7.35294117647059e-05
7.35240055878244e-05
7.35186002058521e-05
7.35131956186135e-05
7.35077918259335e-05
7.35023888276369e-05
7.34969866235484e-05
7.34915852134931e-05
7.34861845972957e-05
7.34807847747814e-05
7.34753857457752e-05
7.34699875101021e-05
7.34645900675874e-05
7.34591934180563e-05
7.34537975613339e-05
7.34484024972457e-05
7.34430082256169e-05
7.3437614746273e-05
7.34322220590395e-05
7.34268301637418e-05
7.34214390602056e-05
7.34160487482564e-05
7.34106592277199e-05
7.34052704984218e-05
7.33998825601879e-05
7.3394495412844e-05
7.33891090562161e-05
7.33837234901299e-05
7.33783387144115e-05
7.33729547288869e-05
7.33675715333822e-05
7.33621891277236e-05
7.33568075117371e-05
7.3351426685249e-05
7.33460466480857e-05
7.33406674000733e-05
7.33352889410384e-05
7.33299112708074e-05
7.33245343892066e-05
7.33191582960628e-05
7.33137829912023e-05
7.3308408474452e-05
7.33030347456385e-05
7.32976618045884e-05
7.32922896511287e-05
7.32869182850861e-05
7.32815477062876e-05
7.327617791456e-05
7.32708089097304e-05
7.32654406916258e-05
7.32600732600733e-05
7.32547066149e-05
7.32493407559332e-05
7.32439756830001e-05
7.32386113959279e-05
7.32332478945441e-05
7.3227885178676e-05
7.32225232481511e-05
7.32171621027969e-05
7.32118017424409e-05
7.32064421669107e-05
7.3201083376034e-05
7.31957253696384e-05
7.31903681475518e-05
7.31850117096019e-05
7.31796560556165e-05
7.31743011854237e-05
7.31689470988513e-05
7.31635937957272e-05
7.31582412758797e-05
7.31528895391368e-05
7.31475385853266e-05
7.31421884142774e-05
7.31368390258173e-05
7.31314904197748e-05
7.31261425959781e-05
7.31207955542556e-05
7.31154492944359e-05
7.31101038163474e-05
7.31047591198187e-05
7.30994152046784e-05
7.30940720707551e-05
7.30887297178775e-05
7.30833881458744e-05
7.30780473545747e-05
7.30727073438071e-05
7.30673681134006e-05
7.3062029663184e-05
7.30566919929866e-05
7.30513551026372e-05
7.30460189919649e-05
7.30406836607991e-05
7.30353491089687e-05
7.30300153363032e-05
7.30246823426318e-05
7.30193501277839e-05
7.30140186915888e-05
7.3008688033876e-05
7.30033581544751e-05
7.29980290532156e-05
7.2992700729927e-05
7.29873731844391e-05
7.29820464165815e-05
7.2976720426184e-05
7.29713952130765e-05
7.29660707770886e-05
7.29607471180505e-05
7.29554242357919e-05
7.2950102130143e-05
7.29447808009337e-05
7.29394602479942e-05
7.29341404711545e-05
7.2928821470245e-05
7.29235032450959e-05
7.29181857955374e-05
7.29128691213999e-05
7.29075532225139e-05
7.29022380987096e-05
7.28969237498178e-05
7.28916101756688e-05
7.28862973760933e-05
7.28809853509219e-05
7.28756740999854e-05
7.28703636231145e-05
7.28650539201399e-05
7.28597449908925e-05
7.28544368352033e-05
7.2849129452903e-05
7.28438228438228e-05
7.28385170077937e-05
7.28332119446468e-05
7.28279076542131e-05
7.28226041363239e-05
7.28173013908105e-05
7.2811999417504e-05
7.28066982162359e-05
7.28013977868375e-05
7.27960981291403e-05
7.27907992429757e-05
7.27855011281753e-05
7.27802037845706e-05
7.27749072119933e-05
7.27696114102751e-05
7.27643163792476e-05
7.27590221187427e-05
7.27537286285922e-05
7.2748435908628e-05
7.27431439586819e-05
7.2737852778586e-05
7.27325623681722e-05
7.27272727272727e-05
7.27219838557196e-05
7.2716695753345e-05
7.27114084199811e-05
7.27061218554602e-05
7.27008360596147e-05
7.26955510322768e-05
7.26902667732791e-05
7.26849832824538e-05
7.26797005596337e-05
7.26744186046512e-05
7.26691374173389e-05
7.26638569975294e-05
7.26585773450556e-05
7.26532984597501e-05
7.26480203414457e-05
7.26427429899753e-05
7.26374664051718e-05
7.26321905868681e-05
7.26269155348972e-05
7.26216412490922e-05
7.26163677292862e-05
7.26110949753122e-05
7.26058229870036e-05
7.26005517641934e-05
7.25952813067151e-05
7.25900116144019e-05
7.25847426870872e-05
7.25794745246044e-05
7.25742071267871e-05
7.25689404934688e-05
7.2563674624483e-05
7.25584095196633e-05
7.25531451788435e-05
7.25478816018572e-05
7.25426187885383e-05
7.25373567387204e-05
7.25320954522376e-05
7.25268349289237e-05
7.25215751686127e-05
7.25163161711385e-05
7.25110579363353e-05
7.25058004640371e-05
7.25005437540782e-05
7.24952878062926e-05
7.24900326205147e-05
7.24847781965787e-05
7.24795245343191e-05
7.24742716335701e-05
7.24690194941663e-05
7.2463768115942e-05
7.2458517498732e-05
7.24532676423707e-05
7.24480185466928e-05
7.24427702115329e-05
7.24375226367258e-05
7.24322758221063e-05
7.24270297675092e-05
7.24217844727694e-05
7.24165399377218e-05
7.24112961622013e-05
7.2406053146043e-05
7.2400810889082e-05
7.23955693911533e-05
7.23903286520921e-05
7.23850886717336e-05
7.23798494499131e-05
7.2374610986466e-05
7.23693732812274e-05
7.23641363340328e-05
7.23589001447178e-05
7.23536647131177e-05
7.23484300390682e-05
7.23431961224047e-05
7.2337962962963e-05
7.23327305605787e-05
7.23274989150875e-05
7.23222680263253e-05
7.23170378941279e-05
7.2311808518331e-05
7.23065798987708e-05
7.23013520352831e-05
7.22961249277039e-05
7.22908985758693e-05
7.22856729796154e-05
7.22804481387785e-05
7.22752240531946e-05
7.22700007227e-05
7.22647781471311e-05
7.22595563263242e-05
7.22543352601156e-05
7.22491149483419e-05
7.22438953908395e-05
7.22386765874449e-05
7.22334585379948e-05
7.22282412423257e-05
7.22230247002744e-05
7.22178089116776e-05
7.2212593876372e-05
7.22073795941945e-05
7.2202166064982e-05
7.21969532885712e-05
7.21917412647993e-05
7.21865299935032e-05
7.218131947452e-05
7.21761097076868e-05
7.21709006928406e-05
7.21656924298189e-05
7.21604849184586e-05
7.21552781585973e-05
7.21500721500722e-05
7.21448668927206e-05
7.213966238638e-05
7.2134458630888e-05
7.21292556260819e-05
7.21240533717995e-05
7.21188518678783e-05
7.21136511141559e-05
7.21084511104701e-05
7.21032518566587e-05
7.20980533525595e-05
7.20928555980102e-05
7.20876585928489e-05
7.20824623369134e-05
7.20772668300418e-05
7.20720720720721e-05
7.20668780628423e-05
7.20616848021907e-05
7.20564922899553e-05
7.20513005259745e-05
7.20461095100865e-05
7.20409192421295e-05
7.20357297219421e-05
7.20305409493625e-05
7.20253529242293e-05
7.2020165646381e-05
7.20149791156561e-05
7.20097933318931e-05
7.20046082949309e-05
7.1999424004608e-05
7.19942404607631e-05
7.19890576632352e-05
7.19838756118629e-05
7.19786943064853e-05
7.19735137469411e-05
7.19683339330695e-05
7.19631548647093e-05
7.19579765416997e-05
7.19527989638797e-05
7.19476221310886e-05
7.19424460431655e-05
7.19372706999496e-05
7.19320961012804e-05
7.1926922246997e-05
7.1921749136939e-05
7.19165767709457e-05
7.19114051488566e-05
7.19062342705113e-05
7.19010641357492e-05
7.18958947444101e-05
7.18907260963336e-05
7.18855581913594e-05
7.18803910293272e-05
7.18752246100769e-05
7.18700589334483e-05
7.18648939992814e-05
7.18597298074159e-05
7.1854566357692e-05
7.18494036499497e-05
7.1844241684029e-05
7.18390804597701e-05
7.18339199770132e-05
7.18287602355983e-05
7.18236012353659e-05
7.18184429761563e-05
7.18132854578097e-05
7.18081286801666e-05
7.18029726430674e-05
7.17978173463527e-05
7.17926627898629e-05
7.17875089734386e-05
7.17823558969205e-05
7.17772035601493e-05
7.17720519629656e-05
7.17669011052103e-05
7.17617509867241e-05
7.17566016073479e-05
7.17514529669226e-05
7.17463050652891e-05
7.17411579022885e-05
7.17360114777618e-05
7.17308657915501e-05
7.17257208434945e-05
7.17205766334361e-05
7.17154331612163e-05
7.17102904266762e-05
7.17051484296573e-05
7.17000071700007e-05
7.1694866647548e-05
7.16897268621407e-05
7.16845878136201e-05
7.16794495018278e-05
7.16743119266055e-05
7.16691750877947e-05
7.16640389852372e-05
7.16589036187746e-05
7.16537689882488e-05
7.16486350935015e-05
7.16435019343745e-05
7.16383695107099e-05
7.16332378223496e-05
7.16281068691354e-05
7.16229766509096e-05
7.16178471675141e-05
7.16127184187912e-05
7.16075904045829e-05
7.16024631247315e-05
7.15973365790793e-05
7.15922107674685e-05
7.15870856897416e-05
7.15819613457409e-05
7.15768377353089e-05
7.1571714858288e-05
7.15665927145209e-05
7.156147130385e-05
7.15563506261181e-05
7.15512306811677e-05
7.15461114688417e-05
7.15409929889827e-05
7.15358752414336e-05
7.15307582260372e-05
7.15256419426364e-05
7.15205263910742e-05
7.15154115711936e-05
7.15102974828375e-05
7.15051841258491e-05
7.15000715000715e-05
7.14949596053478e-05
7.14898484415213e-05
7.14847380084352e-05
7.14796283059328e-05
7.14745193338575e-05
7.14694110920526e-05
7.14643035803616e-05
7.1459196798628e-05
7.14540907466952e-05
7.1448985424407e-05
7.14438808316068e-05
7.14387769681383e-05
7.14336738338453e-05
7.14285714285714e-05
7.14234697521606e-05
7.14183688044565e-05
7.14132685853031e-05
7.14081690945444e-05
7.14030703320243e-05
7.13979722975867e-05
7.13928749910759e-05
7.13877784123358e-05
7.13826825612107e-05
7.13775874375446e-05
7.13724930411819e-05
7.13673993719669e-05
7.13623064297438e-05
7.13572142143571e-05
7.13521227256511e-05
7.13470319634703e-05
7.13419419276593e-05
7.13368526180625e-05
7.13317640345246e-05
7.13266761768902e-05
7.13215890450039e-05
7.13165026387106e-05
7.1311416957855e-05
7.13063320022818e-05
7.1301247771836e-05
7.12961642663625e-05
7.12910814857061e-05
7.1285999429712e-05
7.12809180982251e-05
7.12758374910905e-05
7.12707576081534e-05
7.12656784492588e-05
7.12606000142521e-05
7.12555223029785e-05
7.12504453152832e-05
7.12453690510117e-05
7.12402935100093e-05
7.12352186921214e-05
7.12301445971935e-05
7.12250712250712e-05
7.12199985756e-05
7.12149266486255e-05
7.12098554439934e-05
7.12047849615494e-05
7.11997152011392e-05
7.11946461626086e-05
7.11895778458034e-05
7.11845102505695e-05
7.11794433767528e-05
7.11743772241993e-05
7.1169311792755e-05
7.11642470822659e-05
7.11591830925781e-05
7.11541198235378e-05
7.11490572749911e-05
7.11439954467843e-05
7.11389343387636e-05
7.11338739507754e-05
7.11288142826659e-05
7.11237553342817e-05
7.1118697105469e-05
7.11136395960745e-05
7.11085828059447e-05
7.1103526734926e-05
7.10984713828653e-05
7.1093416749609e-05
7.10883628350039e-05
7.10833096388968e-05
7.10782571611344e-05
7.10732054015636e-05
7.10681543600313e-05
7.10631040363843e-05
7.10580544304697e-05
7.10530055421344e-05
7.10479573712256e-05
7.10429099175902e-05
7.10378631810755e-05
7.10328171615286e-05
7.10277718587968e-05
7.10227272727273e-05
7.10176834031674e-05
7.10126402499645e-05
7.1007597812966e-05
7.10025560920193e-05
7.0997515086972e-05
7.09924747976714e-05
7.09874352239654e-05
7.09823963657013e-05
7.09773582227269e-05
7.097232079489e-05
7.09672840820382e-05
7.09622480840193e-05
7.09572128006812e-05
7.09521782318717e-05
7.09471443774388e-05
7.09421112372304e-05
7.09370788110946e-05
7.09320470988793e-05
7.09270161004327e-05
7.09219858156028e-05
7.0916956244238e-05
7.09119273861864e-05
7.09068992412962e-05
7.09018718094158e-05
7.08968450903935e-05
7.08918190840777e-05
7.08867937903169e-05
7.08817692089595e-05
7.0876745339854e-05
7.0871722182849e-05
7.08666997377932e-05
7.08616780045351e-05
7.08566569829235e-05
7.08516366728071e-05
7.08466170740347e-05
7.08415981864551e-05
7.08365800099171e-05
7.08315625442697e-05
7.08265457893619e-05
7.08215297450425e-05
7.08165144111607e-05
7.08114997875655e-05
7.08064858741061e-05
7.08014726706315e-05
7.07964601769911e-05
7.07914483930341e-05
7.07864373186098e-05
7.07814269535674e-05
7.07764172977564e-05
7.07714083510262e-05
7.07664001132262e-05
7.07613925842061e-05
7.07563857638152e-05
7.07513796519032e-05
7.07463742483198e-05
7.07413695529145e-05
7.07363655655372e-05
7.07313622860376e-05
7.07263597142655e-05
7.07213578500707e-05
7.07163566933032e-05
7.07113562438128e-05
7.07063565014495e-05
7.07013574660634e-05
7.06963591375044e-05
7.06913615156228e-05
7.06863646002686e-05
7.06813683912921e-05
7.06763728885434e-05
7.06713780918728e-05
7.06663840011307e-05
7.06613906161673e-05
7.06563979368332e-05
7.06514059629787e-05
7.06464146944543e-05
7.06414241311105e-05
7.06364342727979e-05
7.06314451193671e-05
7.06264566706688e-05
7.06214689265537e-05
7.06164818868724e-05
7.06114955514758e-05
7.06065099202146e-05
7.06015249929399e-05
7.05965407695023e-05
7.05915572497529e-05
7.05865744335427e-05
7.05815923207228e-05
7.0576610911144e-05
7.05716302046577e-05
7.0566650201115e-05
7.05616709003669e-05
7.05566923022649e-05
7.05517144066601e-05
7.05467372134039e-05
7.05417607223476e-05
7.05367849333427e-05
7.05318098462407e-05
7.05268354608929e-05
7.05218617771509e-05
7.05168887948664e-05
7.05119165138909e-05
7.0506944934076e-05
7.05019740552736e-05
7.04970038773352e-05
7.04920344001128e-05
7.04870656234581e-05
7.0482097547223e-05
7.04771301712594e-05
7.04721634954193e-05
7.04671975195546e-05
7.04622322435175e-05
7.04572676671599e-05
7.04523037903339e-05
7.04473406128919e-05
7.04423781346858e-05
7.04374163555681e-05
7.04324552753909e-05
7.04274948940066e-05
7.04225352112676e-05
7.04175762270263e-05
7.0412617941135e-05
7.04076603534464e-05
7.0402703463813e-05
7.03977472720873e-05
7.03927917781219e-05
7.03878369817696e-05
7.03828828828829e-05
7.03779294813147e-05
7.03729767769177e-05
7.03680247695447e-05
7.03630734590487e-05
7.03581228452825e-05
7.03531729280991e-05
7.03482237073514e-05
7.03432751828925e-05
7.03383273545755e-05
7.03333802222535e-05
7.03284337857796e-05
7.0323488045007e-05
7.0318542999789e-05
7.03135986499789e-05
7.03086549954299e-05
7.03037120359955e-05
7.0298769771529e-05
7.02938282018839e-05
7.02888873269136e-05
7.02839471464717e-05
7.02790076604118e-05
7.02740688685875e-05
7.02691307708524e-05
7.02641933670601e-05
7.02592566570646e-05
7.02543206407194e-05
7.02493853178785e-05
7.02444506883956e-05
7.02395167521247e-05
7.02345835089198e-05
7.02296509586347e-05
7.02247191011236e-05
7.02197879362404e-05
7.02148574638394e-05
7.02099276837745e-05
7.02049985959e-05
7.02000702000702e-05
7.01951424961393e-05
7.01902154839615e-05
7.01852891633914e-05
7.01803635342831e-05
7.01754385964912e-05
7.01705143498702e-05
7.01655907942745e-05
7.01606679295587e-05
7.01557457555774e-05
7.01508242721852e-05
7.01459034792368e-05
7.01409833765869e-05
7.01360639640903e-05
7.01311452416018e-05
7.01262272089762e-05
7.01213098660683e-05
7.01163932127331e-05
7.01114772488256e-05
7.01065619742008e-05
7.01016473887136e-05
7.00967334922193e-05
7.00918202845728e-05
7.00869077656294e-05
7.00819959352442e-05
7.00770847932726e-05
7.00721743395698e-05
7.0067264573991e-05
7.00623554963918e-05
7.00574471066274e-05
7.00525394045534e-05
7.00476323900252e-05
7.00427260628984e-05
7.00378204230284e-05
7.0032915470271e-05
7.00280112044818e-05
7.00231076255164e-05
7.00182047332306e-05
7.00133025274802e-05
7.0008401008121e-05
7.00035001750088e-05
6.99986000279994e-05
6.9993700566949e-05
6.99888017917133e-05
6.99839037021485e-05
6.99790062981106e-05
6.99741095794556e-05
6.99692135460397e-05
6.99643181977192e-05
6.99594235343501e-05
6.99545295557887e-05
6.99496362618914e-05
6.99447436525145e-05
6.99398517275143e-05
6.99349604867473e-05
6.99300699300699e-05
6.99251800573386e-05
6.992029086841e-05
6.99154023631406e-05
6.9910514541387e-05
6.99056274030059e-05
6.9900740947854e-05
6.98958551757881e-05
6.98909700866648e-05
6.9886085680341e-05
6.98812019566737e-05
6.98763189155195e-05
6.98714365567356e-05
6.98665548801789e-05
6.98616738857063e-05
6.9856793573175e-05
6.9851913942442e-05
6.98470349933645e-05
6.98421567257997e-05
6.98372791396047e-05
6.98324022346369e-05
6.98275260107534e-05
6.98226504678118e-05
6.98177756056692e-05
6.98129014241832e-05
6.98080279232112e-05
6.98031551026106e-05
6.97982829622391e-05
6.97934115019542e-05
6.97885407216135e-05
6.97836706210747e-05
6.97788012001954e-05
6.97739324588334e-05
6.97690643968464e-05
6.97641970140924e-05
6.9759330310429e-05
6.97544642857143e-05
6.97495989398061e-05
6.97447342725624e-05
6.97398702838413e-05
6.97350069735007e-05
6.97301443413988e-05
6.97252823873937e-05
6.97204211113435e-05
6.97155605131065e-05
6.9710700592541e-05
6.97058413495051e-05
6.97009827838573e-05
6.96961248954558e-05
6.96912676841592e-05
6.96864111498258e-05
6.96815552923141e-05
6.96767001114827e-05
6.96718456071901e-05
6.9666991779295e-05
6.96621386276559e-05
6.96572861521315e-05
6.96524343525806e-05
6.9647583228862e-05
6.96427327808343e-05
6.96378830083565e-05
6.96330339112875e-05
6.96281854894861e-05
6.96233377428114e-05
6.96184906711222e-05
6.96136442742778e-05
6.9608798552137e-05
6.96039535045591e-05
6.95991091314031e-05
6.95942654325284e-05
6.9589422407794e-05
6.95845800570594e-05
6.95797383801837e-05
6.95748973770264e-05
6.95700570474468e-05
6.95652173913043e-05
6.95603784084585e-05
6.95555400987689e-05
6.95507024620949e-05
6.95458654982961e-05
6.95410292072323e-05
6.95361935887629e-05
6.95313586427479e-05
6.95265243690468e-05
6.95216907675195e-05
6.95168578380257e-05
6.95120255804254e-05
6.95071939945784e-05
6.95023630803447e-05
6.94975328375843e-05
6.94927032661571e-05
6.94878743659232e-05
6.94830461367426e-05
6.94782185784756e-05
6.94733916909824e-05
6.9468565474123e-05
6.94637399277577e-05
6.94589150517469e-05
6.94540908459508e-05
6.94492673102299e-05
6.94444444444444e-05
6.9439622248455e-05
6.94348007221219e-05
6.94299798653058e-05
6.94251596778673e-05
6.94203401596668e-05
6.9415521310565e-05
6.94107031304227e-05
6.94058856191005e-05
6.94010687764592e-05
6.93962526023595e-05
6.93914370966623e-05
6.93866222592284e-05
6.93818080899188e-05
6.93769945885944e-05
6.93721817551162e-05
6.93673695893452e-05
6.93625580911424e-05
6.9357747260369e-05
6.9352937096886e-05
6.93481276005548e-05
6.93433187712364e-05
6.93385106087921e-05
6.93337031130833e-05
6.93288962839712e-05
6.93240901213172e-05
6.93192846249827e-05
6.93144797948291e-05
6.9309675630718e-05
6.93048721325109e-05
6.93000693000693e-05
6.92952671332548e-05
6.9290465631929e-05
6.92856647959537e-05
6.92808646251905e-05
6.92760651195012e-05
6.92712662787476e-05
6.92664681027914e-05
6.92616705914947e-05
6.92568737447192e-05
6.92520775623269e-05
6.92472820441798e-05
6.92424871901399e-05
6.92376930000692e-05
6.923289947383e-05
6.92281066112842e-05
6.92233144122941e-05
6.92185228767218e-05
6.92137320044297e-05
6.920894179528e-05
6.9204152249135e-05
6.9199363365857e-05
6.91945751453086e-05
6.91897875873521e-05
6.918500069185e-05
6.91802144586648e-05
6.91754288876591e-05
6.91706439786954e-05
6.91658597316365e-05
6.91610761463448e-05
6.91562932226833e-05
6.91515109605145e-05
6.91467293597013e-05
6.91419484201065e-05
6.91371681415929e-05
6.91323885240235e-05
6.91276095672612e-05
6.91228312711689e-05
6.91180536356096e-05
6.91132766604465e-05
6.91085003455425e-05
6.91037246907608e-05
6.90989496959646e-05
6.90941753610171e-05
6.90894016857814e-05
6.90846286701209e-05
6.90798563138989e-05
6.90750846169787e-05
6.90703135792237e-05
6.90655432004973e-05
6.9060773480663e-05
6.90560044195843e-05
6.90512360171247e-05
6.90464682731478e-05
6.90417011875173e-05
6.90369347600966e-05
6.90321689907497e-05
6.90274038793401e-05
6.90226394257316e-05
6.90178756297881e-05
6.90131124913734e-05
6.90083500103513e-05
6.90035881865857e-05
6.89988270199407e-05
6.89940665102801e-05
6.89893066574681e-05
6.89845474613687e-05
6.89797889218459e-05
6.8975031038764e-05
6.8970273811987e-05
6.89655172413793e-05
6.8960761326805e-05
6.89560060681285e-05
6.89512514652141e-05
6.89464975179261e-05
6.89417442261289e-05
6.8936991589687e-05
6.89322396084649e-05
6.8927488282327e-05
6.89227376111379e-05
6.89179875947622e-05
6.89132382330646e-05
6.89084895259096e-05
6.8903741473162e-05
6.88989940746865e-05
6.88942473303479e-05
6.8889501240011e-05
6.88847558035407e-05
6.88800110208018e-05
6.88752668916592e-05
6.8870523415978e-05
6.8865780593623e-05
6.88610384244594e-05
6.88562969083523e-05
6.88515560451666e-05
6.88468158347676e-05
6.88420762770205e-05
6.88373373717905e-05
6.88325991189427e-05
6.88278615183426e-05
6.88231245698555e-05
6.88183882733466e-05
6.88136526286815e-05
6.88089176357256e-05
6.88041832943443e-05
6.87994496044032e-05
6.87947165657677e-05
6.87899841783036e-05
6.87852524418765e-05
6.87805213563519e-05
6.87757909215956e-05
6.87710611374733e-05
6.87663320038509e-05
6.87616035205941e-05
6.87568756875688e-05
6.87521485046408e-05
6.87474219716761e-05
6.87426960885406e-05
6.87379708551004e-05
6.87332462712214e-05
6.87285223367698e-05
6.87237990516116e-05
6.8719076415613e-05
6.87143544286401e-05
6.87096330905593e-05
6.87049124012367e-05
6.87001923605386e-05
6.86954729683314e-05
6.86907542244814e-05
6.8686036128855e-05
6.86813186813187e-05
6.86766018817389e-05
6.86718857299821e-05
6.8667170225915e-05
6.8662455369404e-05
6.86577411603158e-05
6.86530275985171e-05
6.86483146838745e-05
6.86436024162548e-05
6.86388907955247e-05
6.86341798215511e-05
6.86294694942008e-05
6.86247598133406e-05
6.86200507788376e-05
6.86153423905585e-05
6.86106346483705e-05
6.86059275521405e-05
6.86012211017356e-05
6.85965152970229e-05
6.85918101378695e-05
6.85871056241427e-05
6.85824017557095e-05
6.85776985324372e-05
6.85729959541932e-05
6.85682940208448e-05
6.85635927322592e-05
6.85588920883039e-05
6.85541920888462e-05
6.85494927337538e-05
6.8544794022894e-05
6.85400959561343e-05
6.85353985333425e-05
6.8530701754386e-05
6.85260056191325e-05
6.85213101274496e-05
6.85166152792052e-05
6.85119210742669e-05
6.85072275125026e-05
6.850253459378e-05
6.8497842317967e-05
6.84931506849315e-05
6.84884596945415e-05
6.84837693466648e-05
6.84790796411696e-05
6.84743905779239e-05
6.84697021567956e-05
6.8465014377653e-05
6.84603272403642e-05
6.84556407447974e-05
6.84509548908207e-05
6.84462696783025e-05
6.84415851071111e-05
6.84369011771147e-05
6.84322178881818e-05
6.84275352401807e-05
6.84228532329798e-05
6.84181718664477e-05
6.84134911404529e-05
6.84088110548639e-05
6.84041316095492e-05
6.83994528043776e-05
6.83947746392176e-05
6.83900971139379e-05
6.83854202284073e-05
6.83807439824945e-05
6.83760683760684e-05
6.83713934089977e-05
6.83667190811513e-05
6.83620453923981e-05
6.83573723426072e-05
6.83526999316473e-05
6.83480281593876e-05
6.83433570256971e-05
6.83386865304449e-05
6.83340166735001e-05
6.83293474547318e-05
6.83246788740093e-05
6.83200109312018e-05
6.83153436261784e-05
6.83106769588087e-05
6.83060109289617e-05
6.83013455365071e-05
6.8296680781314e-05
6.82920166632521e-05
6.82873531821907e-05
6.82826903379993e-05
6.82780281305476e-05
6.82733665597051e-05
6.82687056253413e-05
6.82640453273261e-05
6.8259385665529e-05
6.82547266398198e-05
6.82500682500683e-05
6.82454104961441e-05
6.82407533779173e-05
6.82360968952576e-05
6.82314410480349e-05
6.82267858361193e-05
6.82221312593805e-05
6.82174773176888e-05
6.82128240109141e-05
6.82081713389264e-05
6.8203519301596e-05
6.81988678987929e-05
6.81942171303873e-05
6.81895669962496e-05
6.81849174962498e-05
6.81802686302584e-05
6.81756203981456e-05
6.81709727997819e-05
6.81663258350375e-05
6.8161679503783e-05
6.81570338058888e-05
6.81523887412254e-05
6.81477443096634e-05
6.81431005110732e-05
6.81384573453257e-05
6.81338148122913e-05
6.81291729118408e-05
6.81245316438449e-05
6.81198910081744e-05
6.81152510047e-05
6.81106116332925e-05
6.81059728938228e-05
6.81013347861618e-05
6.80966973101805e-05
6.80920604657497e-05
6.80874242527405e-05
6.8082788671024e-05
6.80781537204711e-05
6.8073519400953e-05
6.80688857123409e-05
6.80642526545059e-05
6.80596202273191e-05
6.8054988430652e-05
6.80503572643756e-05
6.80457267283615e-05
6.80410968224808e-05
6.8036467546605e-05
6.80318389006055e-05
6.80272108843537e-05
6.80225834977212e-05
6.80179567405795e-05
6.80133306128001e-05
6.80087051142546e-05
6.80040802448147e-05
6.7999456004352e-05
6.79948323927382e-05
6.7990209409845e-05
6.79855870555442e-05
6.79809653297077e-05
6.79763442322072e-05
6.79717237629146e-05
6.79671039217019e-05
6.79624847084409e-05
6.79578661230037e-05
6.79532481652623e-05
6.79486308350887e-05
6.79440141323549e-05
6.79393980569332e-05
6.79347826086957e-05
6.79301677875144e-05
6.79255535932618e-05
6.792094002581e-05
6.79163270850312e-05
6.7911714770798e-05
6.79071030829825e-05
6.79024920214572e-05
6.78978815860945e-05
6.78932717767669e-05
6.78886625933469e-05
6.7884054035707e-05
6.78794461037198e-05
6.78748387972579e-05
6.78702321161938e-05
6.78656260604004e-05
6.78610206297503e-05
6.78564158241162e-05
6.78518116433709e-05
6.78472080873872e-05
6.7842605156038e-05
6.78380028491961e-05
6.78334011667345e-05
6.78288001085261e-05
6.78241996744438e-05
6.78195998643608e-05
6.781500067815e-05
6.78104021156845e-05
6.78058041768375e-05
6.78012068614821e-05
6.77966101694915e-05
6.77920141007389e-05
6.77874186550976e-05
6.77828238324409e-05
6.7778229632642e-05
6.77736360555744e-05
6.77690431011114e-05
6.77644507691265e-05
6.77598590594932e-05
6.77552679720848e-05
6.77506775067751e-05
6.77460876634374e-05
6.77414984419455e-05
6.7736909842173e-05
6.77323218639935e-05
6.77277345072807e-05
6.77231477719084e-05
6.77185616577504e-05
6.77139761646804e-05
6.77093912925723e-05
6.77048070412999e-05
6.77002234107372e-05
6.76956404007582e-05
6.76910580112367e-05
6.76864762420468e-05
6.76818950930626e-05
6.76773145641581e-05
6.76727346552074e-05
6.76681553660847e-05
6.76635766966642e-05
6.765899864682e-05
6.76544212164265e-05
6.76498444053579e-05
6.76452682134885e-05
6.76406926406926e-05
6.76361176868448e-05
6.76315433518193e-05
6.76269696354906e-05
6.76223965377333e-05
6.76178240584218e-05
6.76132521974307e-05
6.76086809546346e-05
6.76041103299081e-05
6.75995403231258e-05
6.75949709341625e-05
6.75904021628929e-05
6.75858340091917e-05
6.75812664729337e-05
6.75766995539938e-05
6.75721332522468e-05
6.75675675675676e-05
6.75630024998311e-05
6.75584380489123e-05
6.75538742146862e-05
6.75493109970278e-05
6.75447483958122e-05
6.75401864109145e-05
6.75356250422098e-05
6.75310642895732e-05
6.752650415288e-05
6.75219446320054e-05
6.75173857268247e-05
6.75128274372131e-05
6.7508269763046e-05
6.75037127041987e-05
6.74991562605467e-05
6.74946004319654e-05
6.74900452183303e-05
6.74854906195168e-05
6.74809366354005e-05
6.74763832658569e-05
6.74718305107618e-05
6.74672783699906e-05
6.7462726843419e-05
6.74581759309228e-05
6.74536256323777e-05
6.74490759476595e-05
6.7444526876644e-05
6.74399784192069e-05
6.74354305752242e-05
6.74308833445718e-05
6.74263367271256e-05
6.74217907227616e-05
6.74172453313558e-05
6.74127005527841e-05
6.74081563869228e-05
6.74036128336479e-05
6.73990698928355e-05
6.73945275643618e-05
6.7389985848103e-05
6.73854447439353e-05
6.73809042517351e-05
6.73763643713785e-05
6.7371825102742e-05
6.7367286445702e-05
6.73627484001347e-05
6.73582109659167e-05
6.73536741429245e-05
6.73491379310345e-05
6.73446023301232e-05
6.73400673400673e-05
6.73355329607434e-05
6.7330999192028e-05
6.73264660337979e-05
6.73219334859297e-05
6.73174015483002e-05
6.73128702207862e-05
6.73083395032645e-05
6.73038093956118e-05
6.72992798977051e-05
6.72947510094213e-05
6.72902227306372e-05
6.728569506123e-05
6.72811680010765e-05
6.72766415500538e-05
6.7272115708039e-05
6.72675904749092e-05
6.72630658505415e-05
6.7258541834813e-05
6.72540184276011e-05
6.72494956287828e-05
6.72449734382355e-05
6.72404518558365e-05
6.7235930881463e-05
6.72314105149926e-05
6.72268907563025e-05
6.72223716052702e-05
6.72178530617732e-05
6.72133351256889e-05
6.7208817796895e-05
6.72043010752688e-05
6.71997849606881e-05
6.71952694530305e-05
6.71907545521736e-05
6.71862402579952e-05
6.71817265703729e-05
6.71772134891845e-05
6.71727010143078e-05
6.71681891456206e-05
6.71636778830009e-05
6.71591672263264e-05
6.71546571754751e-05
6.7150147730325e-05
6.7145638890754e-05
6.71411306566403e-05
6.71366230278617e-05
6.71321160042965e-05
6.71276095858227e-05
6.71231037723184e-05
6.7118598563662e-05
6.71140939597315e-05
6.71095899604053e-05
6.71050865655617e-05
6.71005837750788e-05
6.70960815888352e-05
6.70915800067092e-05
6.70870790285791e-05
6.70825786543235e-05
6.70780788838208e-05
6.70735797169495e-05
6.70690811535882e-05
6.70645831936155e-05
6.70600858369099e-05
6.70555890833501e-05
6.70510929328148e-05
6.70465973851827e-05
6.70421024403325e-05
6.70376080981431e-05
6.70331143584931e-05
6.70286212212615e-05
6.70241286863271e-05
6.70196367535688e-05
6.70151454228656e-05
6.70106546940964e-05
6.70061645671402e-05
6.70016750418761e-05
6.6997186118183e-05
6.69926977959402e-05
6.69882100750268e-05
6.69837229553219e-05
6.69792364367046e-05
6.69747505190543e-05
6.69702652022502e-05
6.69657804861716e-05
6.69612963706977e-05
6.69568128557081e-05
6.69523299410819e-05
6.69478476266988e-05
6.69433659124381e-05
6.69388847981793e-05
6.69344042838019e-05
6.69299243691855e-05
6.69254450542096e-05
6.69209663387539e-05
6.69164882226981e-05
6.69120107059217e-05
6.69075337883046e-05
6.69030574697264e-05
6.68985817500669e-05
6.6894106629206e-05
6.68896321070234e-05
6.68851581833991e-05
6.68806848582129e-05
6.68762121313449e-05
6.68717400026749e-05
6.68672684720829e-05
6.6862797539449e-05
6.68583272046533e-05
6.68538574675759e-05
6.68493883280968e-05
6.68449197860963e-05
6.68404518414544e-05
6.68359844940516e-05
6.6831517743768e-05
6.68270515904838e-05
6.68225860340795e-05
6.68181210744354e-05
6.68136567114318e-05
6.68091929449492e-05
6.68047297748681e-05
6.68002672010688e-05
6.6795805223432e-05
6.67913438418381e-05
6.67868830561678e-05
6.67824228663016e-05
6.67779632721202e-05
6.67735042735043e-05
6.67690458703345e-05
6.67645880624917e-05
6.67601308498565e-05
6.67556742323097e-05
6.67512182097323e-05
6.67467627820051e-05
6.67423079490089e-05
6.67378537106247e-05
6.67334000667334e-05
6.67289470172161e-05
6.67244945619537e-05
6.67200427008273e-05
6.67155914337181e-05
6.6711140760507e-05
6.67066906810753e-05
6.67022411953042e-05
6.66977923030748e-05
6.66933440042684e-05
6.66888962987663e-05
6.66844491864497e-05
6.66800026672001e-05
6.66755567408988e-05
6.66711114074272e-05
6.66666666666667e-05
6.66622225184988e-05
6.6657778962805e-05
6.66533359994668e-05
6.66488936283658e-05
6.66444518493835e-05
6.66400106624017e-05
6.66355700673019e-05
6.66311300639659e-05
6.66266906522753e-05
6.66222518321119e-05
6.66178136033575e-05
6.66133759658939e-05
6.6608938919603e-05
6.66045024643666e-05
6.66000666000666e-05
6.6595631326585e-05
6.65911966438037e-05
6.65867625516047e-05
6.65823290498702e-05
6.6577896138482e-05
6.65734638173224e-05
6.65690320862735e-05
6.65646009452173e-05
6.65601703940362e-05
6.65557404326123e-05
6.65513110608279e-05
6.65468822785653e-05
6.65424540857067e-05
6.65380264821345e-05
6.65335994677312e-05
6.65291730423791e-05
6.65247472059606e-05
6.65203219583583e-05
6.65158972994546e-05
6.6511473229132e-05
6.65070497472732e-05
6.65026268537607e-05
6.64982045484772e-05
6.64937828313053e-05
6.64893617021277e-05
6.64849411608271e-05
6.64805212072863e-05
6.6476101841388e-05
6.64716830630152e-05
6.64672648720505e-05
6.6462847268377e-05
6.64584302518775e-05
6.64540138224349e-05
6.64495979799322e-05
6.64451827242525e-05
6.64407680552787e-05
6.6436353972894e-05
6.64319404769813e-05
6.64275275674239e-05
6.64231152441049e-05
6.64187035069075e-05
6.64142923557149e-05
6.64098817904104e-05
6.64054718108772e-05
6.64010624169987e-05
6.63966536086581e-05
6.63922453857389e-05
6.63878377481245e-05
6.63834306956983e-05
6.63790242283438e-05
6.63746183459445e-05
6.63702130483839e-05
6.63658083355455e-05
6.6361404207313e-05
6.635700066357e-05
6.63525977042001e-05
6.6348195329087e-05
6.63437935381145e-05
6.63393923311662e-05
6.6334991708126e-05
6.63305916688777e-05
6.6326192213305e-05
6.63217933412919e-05
6.63173950527223e-05
6.63129973474801e-05
6.63086002254492e-05
6.63042036865137e-05
6.62998077305576e-05
6.62954123574649e-05
6.62910175671197e-05
6.62866233594061e-05
6.62822297342083e-05
6.62778366914104e-05
6.62734442308967e-05
6.62690523525514e-05
6.62646610562587e-05
6.6260270341903e-05
6.62558802093686e-05
6.62514906585398e-05
6.62471016893011e-05
6.62427133015368e-05
6.62383254951315e-05
6.62339382699695e-05
6.62295516259355e-05
6.62251655629139e-05
6.62207800807894e-05
6.62163951794464e-05
6.62120108587698e-05
6.62076271186441e-05
6.6203243958954e-05
6.61988613795843e-05
6.61944793804197e-05
6.6190097961345e-05
6.6185717122245e-05
6.61813368630046e-05
6.61769571835087e-05
6.61725780836421e-05
6.61681995632899e-05
6.61638216223369e-05
6.61594442606682e-05
6.61550674781688e-05
6.61506912747238e-05
6.61463156502183e-05
6.61419406045373e-05
6.61375661375661e-05
6.61331922491899e-05
6.61288189392937e-05
6.6124446207763e-05
6.61200740544829e-05
6.61157024793388e-05
6.61113314822161e-05
6.61069610629999e-05
6.61025912215759e-05
6.60982219578293e-05
6.60938532716457e-05
6.60894851629106e-05
6.60851176315094e-05
6.60807506773277e-05
6.60763843002511e-05
6.60720185001652e-05
6.60676532769556e-05
6.6063288630508e-05
6.60589245607082e-05
6.60545610674417e-05
6.60501981505944e-05
6.60458358100522e-05
6.60414740457007e-05
6.60371128574259e-05
6.60327522451136e-05
6.60283922086497e-05
6.60240327479202e-05
6.60196738628111e-05
6.60153155532083e-05
6.6010957818998e-05
6.6006600660066e-05
6.60022440762986e-05
6.59978880675818e-05
6.59935326338019e-05
6.59891777748449e-05
6.59848234905972e-05
6.59804697809448e-05
6.59761166457742e-05
6.59717640849716e-05
6.59674120984234e-05
6.59630606860158e-05
6.59587098476354e-05
6.59543595831684e-05
6.59500098925015e-05
6.5945660775521e-05
6.59413122321134e-05
6.59369642621654e-05
6.59326168655634e-05
6.59282700421941e-05
6.59239237919441e-05
6.59195781147001e-05
6.59152330103487e-05
6.59108884787767e-05
6.59065445198708e-05
6.59022011335179e-05
6.58978583196046e-05
6.58935160780179e-05
6.58891744086447e-05
6.58848333113717e-05
6.5880492786086e-05
6.58761528326746e-05
6.58718134510243e-05
6.58674746410223e-05
6.58631364025555e-05
6.58587987355111e-05
6.58544616397761e-05
6.58501251152377e-05
6.58457891617831e-05
6.58414537792995e-05
6.5837118967674e-05
6.58327847267939e-05
6.58284510565466e-05
6.58241179568194e-05
6.58197854274995e-05
6.58154534684744e-05
6.58111220796315e-05
6.58067912608581e-05
6.58024610120418e-05
6.57981313330701e-05
6.57938022238305e-05
6.57894736842105e-05
6.57851457140978e-05
6.57808183133798e-05
6.57764914819444e-05
6.5772165219679e-05
6.57678395264716e-05
6.57635144022097e-05
6.57591898467811e-05
6.57548658600736e-05
6.57505424419752e-05
6.57462195923734e-05
6.57418973111564e-05
6.57375755982119e-05
6.5733254453428e-05
6.57289338766925e-05
6.57246138678935e-05
6.5720294426919e-05
6.57159755536571e-05
6.57116572479958e-05
6.57073395098232e-05
6.57030223390276e-05
6.5698705735497e-05
6.56943896991197e-05
6.56900742297839e-05
6.56857593273778e-05
6.56814449917898e-05
6.56771312229082e-05
6.56728180206213e-05
6.56685053848174e-05
6.56641933153851e-05
6.56598818122127e-05
6.56555708751888e-05
6.56512605042017e-05
6.564695069914e-05
6.56426414598923e-05
6.56383327863472e-05
6.56340246783933e-05
6.56297171359191e-05
6.56254101588135e-05
6.5621103746965e-05
6.56167979002625e-05
6.56124926185946e-05
6.56081879018502e-05
6.5603883749918e-05
6.5599580162687e-05
6.55952771400459e-05
6.55909746818838e-05
6.55866727880895e-05
6.55823714585519e-05
6.55780706931602e-05
6.55737704918033e-05
6.55694708543702e-05
6.55651717807501e-05
6.5560873270832e-05
6.5556575324505e-05
6.55522779416585e-05
6.55479811221814e-05
6.55436848659632e-05
6.55393891728929e-05
6.553509404286e-05
6.55307994757536e-05
6.55265054714632e-05
6.55222120298781e-05
6.55179191508878e-05
6.55136268343816e-05
6.55093350802489e-05
6.55050438883794e-05
6.55007532586625e-05
6.54964631909877e-05
6.54921736852446e-05
6.54878847413229e-05
6.5483596359112e-05
6.54793085385018e-05
6.54750212793819e-05
6.5470734581642e-05
6.54664484451719e-05
6.54621628698612e-05
6.54578778555999e-05
6.54535934022778e-05
6.54493095097847e-05
6.54450261780105e-05
6.54407434068451e-05
6.54364611961785e-05
6.54321795459007e-05
6.54278984559016e-05
6.54236179260713e-05
6.54193379562999e-05
6.54150585464774e-05
6.5410779696494e-05
6.54065014062398e-05
6.5402223675605e-05
6.53979465044798e-05
6.53936698927544e-05
6.53893938403191e-05
6.53851183470642e-05
6.538084341288e-05
6.53765690376569e-05
6.53722952212852e-05
6.53680219636554e-05
6.53637492646578e-05
6.5359477124183e-05
6.53552055421214e-05
6.53509345183636e-05
6.53466640528001e-05
6.53423941453215e-05
6.53381247958184e-05
6.53338560041814e-05
6.53295877703012e-05
6.53253200940685e-05
6.5321052975374e-05
6.53167864141084e-05
6.53125204101626e-05
6.53082549634274e-05
6.53039900737935e-05
6.52997257411519e-05
6.52954619653934e-05
6.5291198746409e-05
6.52869360840896e-05
6.52826739783262e-05
6.52784124290097e-05
6.52741514360313e-05
6.5269890999282e-05
6.52656311186529e-05
6.52613717940351e-05
6.52571130253198e-05
6.5252854812398e-05
6.52485971551612e-05
6.52443400535004e-05
6.52400835073069e-05
6.5235827516472e-05
6.52315720808872e-05
6.52273172004435e-05
6.52230628750326e-05
6.52188091045458e-05
6.52145558888744e-05
6.521030322791e-05
6.52060511215441e-05
6.52017995696681e-05
6.51975485721737e-05
6.51932981289523e-05
6.51890482398957e-05
6.51847989048954e-05
6.5180550123843e-05
6.51763018966304e-05
6.51720542231491e-05
6.5167807103291e-05
6.51635605369477e-05
6.51593145240112e-05
6.51550690643732e-05
6.51508241579256e-05
6.51465798045603e-05
6.51423360041691e-05
6.51380927566441e-05
6.51338500618772e-05
6.51296079197603e-05
6.51253663301856e-05
6.51211252930451e-05
6.51168848082308e-05
6.51126448756348e-05
6.51084054951494e-05
6.51041666666667e-05
6.50999283900788e-05
6.5095690665278e-05
6.50914534921565e-05
6.50872168706066e-05
6.50829808005207e-05
6.5078745281791e-05
6.50745103143099e-05
6.50702758979698e-05
6.50660420326631e-05
6.50618087182824e-05
6.50575759547199e-05
6.50533437418683e-05
6.50491120796201e-05
6.50448809678678e-05
6.50406504065041e-05
6.50364203954214e-05
6.50321909345126e-05
6.50279620236702e-05
6.50237336627869e-05
6.50195058517555e-05
6.50152785904688e-05
6.50110518788194e-05
6.50068257167002e-05
6.50026001040042e-05
6.4998375040624e-05
6.49941505264526e-05
6.4989926561383e-05
6.4985703145308e-05
6.49814802781207e-05
6.49772579597141e-05
6.49730361899812e-05
6.4968814968815e-05
6.49645942961086e-05
6.49603741717552e-05
6.49561545956479e-05
6.49519355676799e-05
6.49477170877444e-05
6.49434991557345e-05
6.49392817715436e-05
6.49350649350649e-05
6.49308486461918e-05
6.49266329048176e-05
6.49224177108356e-05
6.49182030641392e-05
6.49139889646219e-05
6.49097754121771e-05
6.49055624066983e-05
6.49013499480789e-05
6.48971380362126e-05
6.48929266709929e-05
6.48887158523133e-05
6.48845055800675e-05
6.48802958541491e-05
6.48760866744518e-05
6.48718780408693e-05
6.48676699532953e-05
6.48634624116235e-05
6.48592554157478e-05
6.4855048965562e-05
6.48508430609598e-05
6.48466377018352e-05
6.4842432888082e-05
6.48382286195941e-05
6.48340248962656e-05
6.48298217179903e-05
6.48256190846623e-05
6.48214169961755e-05
6.48172154524242e-05
6.48130144533022e-05
6.48088139987038e-05
6.48046140885231e-05
6.48004147226542e-05
6.47962159009914e-05
6.47920176234288e-05
6.47878198898607e-05
6.47836227001814e-05
6.47794260542852e-05
6.47752299520663e-05
6.47710343934193e-05
6.47668393782383e-05
6.4762644906418e-05
6.47584509778526e-05
6.47542575924367e-05
6.47500647500648e-05
6.47458724506313e-05
6.47416806940308e-05
6.4737489480158e-05
6.47332988089073e-05
6.47291086801735e-05
6.47249190938511e-05
6.4720730049835e-05
6.47165415480197e-05
6.47123535883e-05
6.47081661705707e-05
6.47039792947266e-05
6.46997929606625e-05
6.46956071682733e-05
6.46914219174537e-05
6.46872372080988e-05
6.46830530401035e-05
6.46788694133627e-05
6.46746863277713e-05
6.46705037832245e-05
6.46663217796172e-05
6.46621403168445e-05
6.46579593948015e-05
6.46537790133833e-05
6.46495991724851e-05
6.46454198720021e-05
6.46412411118293e-05
6.46370628918622e-05
6.46328852119959e-05
6.46287080721256e-05
6.46245314721468e-05
6.46203554119548e-05
6.46161798914448e-05
6.46120049105124e-05
6.46078304690528e-05
6.46036565669617e-05
6.45994832041344e-05
6.45953103804664e-05
6.45911380958533e-05
6.45869663501905e-05
6.45827951433738e-05
6.45786244752987e-05
6.45744543458608e-05
6.45702847549558e-05
6.45661157024793e-05
6.45619471883272e-05
6.45577792123951e-05
6.45536117745788e-05
6.45494448747741e-05
6.45452785128768e-05
6.45411126887827e-05
6.45369474023879e-05
6.4532782653588e-05
6.45286184422791e-05
6.45244547683572e-05
6.45202916317182e-05
6.45161290322581e-05
6.45119669698729e-05
6.45078054444588e-05
6.45036444559118e-05
6.4499484004128e-05
6.44953240890035e-05
6.44911647104347e-05
6.44870058683175e-05
6.44828475625484e-05
6.44786897930234e-05
6.44745325596389e-05
6.44703758622913e-05
6.44662197008767e-05
6.44620640752917e-05
6.44579089854325e-05
6.44537544311956e-05
6.44496004124774e-05
6.44454469291745e-05
6.44412939811831e-05
6.44371415684e-05
6.44329896907217e-05
6.44288383480446e-05
6.44246875402654e-05
6.44205372672808e-05
6.44163875289874e-05
6.44122383252818e-05
6.44080896560608e-05
6.44039415212211e-05
6.43997939206595e-05
6.43956468542727e-05
6.43915003219575e-05
6.43873543236108e-05
6.43832088591295e-05
6.43790639284105e-05
6.43749195313506e-05
6.43707756678468e-05
6.43666323377961e-05
6.43624895410955e-05
6.43583472776419e-05
6.43542055473325e-05
6.43500643500643e-05
6.43459236857345e-05
6.43417835542401e-05
6.43376439554784e-05
6.43335048893464e-05
6.43293663557414e-05
6.43252283545607e-05
6.43210908857014e-05
6.4316953949061e-05
6.43128175445366e-05
6.43086816720257e-05
6.43045463314256e-05
6.43004115226338e-05
6.42962772455475e-05
6.42921435000643e-05
6.42880102860816e-05
6.4283877603497e-05
6.4279745452208e-05
6.42756138321121e-05
6.42714827431069e-05
6.426735218509e-05
6.4263222157959e-05
6.42590926616116e-05
6.42549636959455e-05
6.42508352608584e-05
6.4246707356248e-05
6.42425799820121e-05
6.42384531380484e-05
6.42343268242549e-05
6.42302010405293e-05
6.42260757867694e-05
6.42219510628733e-05
6.42178268687388e-05
6.42137032042638e-05
6.42095800693464e-05
6.42054574638844e-05
6.42013353877761e-05
6.41972138409193e-05
6.41930928232122e-05
6.41889723345529e-05
6.41848523748395e-05
6.41807329439702e-05
6.41766140418431e-05
6.41724956683565e-05
6.41683778234086e-05
6.41642605068977e-05
6.41601437187219e-05
6.41560274587798e-05
6.41519117269695e-05
6.41477965231894e-05
6.4143681847338e-05
6.41395676993137e-05
6.41354540790149e-05
6.413134098634e-05
6.41272284211876e-05
6.41231163834562e-05
6.41190048730444e-05
6.41148938898506e-05
6.41107834337736e-05
6.41066735047118e-05
6.41025641025641e-05
6.4098455227229e-05
6.40943468786053e-05
6.40902390565917e-05
6.40861317610869e-05
6.40820249919897e-05
6.4077918749199e-05
6.40738130326136e-05
6.40697078421322e-05
6.40656031776539e-05
6.40614990390775e-05
6.4057395426302e-05
6.40532923392262e-05
6.40491897777493e-05
6.40450877417702e-05
6.4040986231188e-05
6.40368852459016e-05
6.40327847858103e-05
6.40286848508132e-05
6.40245854408093e-05
6.40204865556978e-05
6.4016388195378e-05
6.40122903597491e-05
6.40081930487102e-05
6.40040962621608e-05
6.4e-05
6.39959042621272e-05
6.39918090484418e-05
6.39877143588431e-05
6.39836201932305e-05
6.39795265515035e-05
6.39754334335615e-05
6.3971340839304e-05
6.39672487686305e-05
6.39631572214405e-05
6.39590661976335e-05
6.39549756971092e-05
6.39508857197672e-05
6.39467962655071e-05
6.39427073342285e-05
6.39386189258312e-05
6.39345310402148e-05
6.39304436772791e-05
6.39263568369239e-05
6.39222705190488e-05
6.39181847235539e-05
6.39140994503388e-05
6.39100146993034e-05
6.39059304703477e-05
6.39018467633715e-05
6.38977635782748e-05
6.38936809149575e-05
6.38895987733197e-05
6.38855171532614e-05
6.38814360546825e-05
6.38773554774832e-05
6.38732754215636e-05
6.38691958868238e-05
6.38651168731639e-05
6.38610383804841e-05
6.38569604086846e-05
6.38528829576655e-05
6.38488060273273e-05
6.38447296175701e-05
6.38406537282942e-05
6.38365783593999e-05
6.38325035107877e-05
6.38284291823578e-05
6.38243553740107e-05
6.38202820856468e-05
6.38162093171666e-05
6.38121370684704e-05
6.38080653394589e-05
6.38039941300325e-05
6.37999234400919e-05
6.37958532695375e-05
6.379178361827e-05
6.378771448619e-05
6.37836458731981e-05
6.37795777791951e-05
6.37755102040816e-05
6.37714431477584e-05
6.37673766101263e-05
6.37633105910859e-05
6.37592450905381e-05
6.37551801083838e-05
6.37511156445238e-05
6.37470516988589e-05
6.37429882712902e-05
6.37389253617184e-05
6.37348629700446e-05
6.37308010961698e-05
6.37267397399949e-05
6.3722678901421e-05
6.37186185803492e-05
6.37145587766805e-05
6.3710499490316e-05
6.37064407211569e-05
6.37023824691043e-05
6.36983247340595e-05
6.36942675159236e-05
6.36902108145978e-05
6.36861546299834e-05
6.36820989619818e-05
6.36780438104941e-05
6.36739891754218e-05
6.36699350566662e-05
6.36658814541287e-05
6.36618283677107e-05
6.36577757973136e-05
6.3653723742839e-05
6.36496722041881e-05
6.36456211812627e-05
6.36415706739642e-05
6.36375206821942e-05
6.36334712058543e-05
6.3629422244846e-05
6.36253737990711e-05
6.36213258684311e-05
6.36172784528278e-05
6.36132315521628e-05
6.3609185166338e-05
6.36051392952551e-05
6.36010939388158e-05
6.35970490969219e-05
6.35930047694754e-05
6.3588960956378e-05
6.35849176575316e-05
6.35808748728382e-05
6.35768326021998e-05
6.35727908455181e-05
6.35687496026953e-05
6.35647088736334e-05
6.35606686582343e-05
6.35566289564002e-05
6.35525897680331e-05
6.35485510930351e-05
6.35445129313084e-05
6.35404752827551e-05
6.35364381472775e-05
6.35324015247776e-05
6.35283654151579e-05
6.35243298183204e-05
6.35202947341676e-05
6.35162601626016e-05
6.35122261035249e-05
6.35081925568398e-05
6.35041595224487e-05
6.3500127000254e-05
6.34960949901581e-05
6.34920634920635e-05
6.34880325058726e-05
6.34840020314881e-05
6.34799720688123e-05
6.34759426177479e-05
6.34719136781974e-05
6.34678852500635e-05
6.34638573332487e-05
6.34598299276558e-05
6.34558030331874e-05
6.34517766497462e-05
6.34477507772349e-05
6.34437254155564e-05
6.34397005646133e-05
6.34356762243086e-05
6.34316523945449e-05
6.34276290752252e-05
6.34236062662523e-05
6.34195839675292e-05
6.34155621789587e-05
6.34115409004439e-05
6.34075201318876e-05
6.3403499873193e-05
6.3399480124263e-05
6.33954608850006e-05
6.3391442155309e-05
6.33874239350913e-05
6.33834062242505e-05
6.33793890226898e-05
6.33753723303124e-05
6.33713561470215e-05
6.33673404727204e-05
6.33633253073121e-05
6.33593106507001e-05
6.33552965027876e-05
6.3351282863478e-05
6.33472697326745e-05
6.33432571102806e-05
6.33392449961996e-05
6.3335233390335e-05
6.33312222925903e-05
6.33272117028687e-05
6.3323201621074e-05
6.33191920471095e-05
6.33151829808788e-05
6.33111744222855e-05
6.33071663712332e-05
6.33031588276255e-05
6.3299151791366e-05
6.32951452623584e-05
6.32911392405063e-05
6.32871337257136e-05
6.32831287178838e-05
6.32791242169208e-05
6.32751202227284e-05
6.32711167352104e-05
6.32671137542705e-05
6.32631112798127e-05
6.32591093117409e-05
6.32551078499589e-05
6.32511068943707e-05
6.32471064448801e-05
6.32431065013913e-05
6.32391070638083e-05
6.32351081320349e-05
6.32311097059753e-05
6.32271117855336e-05
6.32231143706139e-05
6.32191174611202e-05
6.32151210569568e-05
6.32111251580278e-05
6.32071297642374e-05
6.32031348754898e-05
6.31991404916893e-05
6.31951466127401e-05
6.31911532385466e-05
6.3187160369013e-05
6.31831680040437e-05
6.31791761435431e-05
6.31751847874155e-05
6.31711939355654e-05
6.31672035878972e-05
6.31632137443153e-05
6.31592244047243e-05
6.31552355690287e-05
6.31512472371329e-05
6.31472594089417e-05
6.31432720843594e-05
6.31392852632908e-05
6.31352989456405e-05
6.31313131313131e-05
6.31273278202134e-05
6.31233430122459e-05
6.31193587073155e-05
6.31153749053269e-05
6.31113916061849e-05
6.31074088097943e-05
6.31034265160598e-05
6.30994447248864e-05
6.30954634361789e-05
6.30914826498423e-05
6.30875023657813e-05
6.30835225839011e-05
6.30795433041065e-05
6.30755645263025e-05
6.30715862503942e-05
6.30676084762866e-05
6.30636312038847e-05
6.30596544330937e-05
6.30556781638187e-05
6.30517023959647e-05
6.3047727129437e-05
6.30437523641407e-05
6.30397780999811e-05
6.30358043368633e-05
6.30318310746927e-05
6.30278583133745e-05
6.3023886052814e-05
6.30199142929166e-05
6.30159430335875e-05
6.30119722747322e-05
6.30080020162561e-05
6.30040322580645e-05
6.3000063000063e-05
6.2996094242157e-05
6.2992125984252e-05
6.29881582262535e-05
6.2984190968067e-05
6.29802242095982e-05
6.29762579507526e-05
6.29722921914358e-05
6.29683269315534e-05
6.29643621710112e-05
6.29603979097148e-05
6.29564341475699e-05
6.29524708844822e-05
6.29485081203576e-05
6.29445458551017e-05
6.29405840886203e-05
6.29366228208194e-05
6.29326620516048e-05
6.29287017808823e-05
6.29247420085578e-05
6.29207827345372e-05
6.29168239587266e-05
6.29128656810318e-05
6.29089079013588e-05
6.29049506196138e-05
6.29009938357026e-05
6.28970375495314e-05
6.28930817610063e-05
6.28891264700333e-05
6.28851716765187e-05
6.28812173803685e-05
6.28772635814889e-05
6.28733102797862e-05
6.28693574751666e-05
6.28654051675363e-05
6.28614533568016e-05
6.28575020428688e-05
6.28535512256442e-05
6.28496009050342e-05
6.28456510809452e-05
6.28417017532835e-05
6.28377529219555e-05
6.28338045868677e-05
6.28298567479266e-05
6.28259094050386e-05
6.28219625581103e-05
6.28180162070482e-05
6.28140703517588e-05
6.28101249921487e-05
6.28061801281246e-05
6.2802235759593e-05
6.27982918864607e-05
6.27943485086342e-05
6.27904056260203e-05
6.27864632385258e-05
6.27825213460573e-05
6.27785799485216e-05
6.27746390458255e-05
6.27706986378758e-05
6.27667587245795e-05
6.27628193058432e-05
6.2758880381574e-05
6.27549419516787e-05
6.27510040160643e-05
6.27470665746376e-05
6.27431296273058e-05
6.27391931739758e-05
6.27352572145546e-05
6.27313217489493e-05
6.27273867770669e-05
6.27234522988145e-05
6.27195183140993e-05
6.27155848228285e-05
6.27116518249091e-05
6.27077193202483e-05
6.27037873087534e-05
6.26998557903317e-05
6.26959247648903e-05
6.26919942323365e-05
6.26880641925777e-05
6.26841346455212e-05
6.26802055910743e-05
6.26762770291445e-05
6.2672348959639e-05
6.26684213824654e-05
6.2664494297531e-05
6.26605677047434e-05
6.265664160401e-05
6.26527159952384e-05
6.2648790878336e-05
6.26448662532106e-05
6.26409421197695e-05
6.26370184779205e-05
6.26330953275711e-05
6.2629172668629e-05
6.2625250501002e-05
6.26213288245977e-05
6.26174076393237e-05
6.2613486945088e-05
6.26095667417981e-05
6.2605647029362e-05
6.26017278076875e-05
6.25978090766823e-05
6.25938908362544e-05
6.25899730863116e-05
6.25860558267618e-05
6.2582139057513e-05
6.25782227784731e-05
6.25743069895501e-05
6.2570391690652e-05
6.25664768816868e-05
6.25625625625626e-05
6.25586487331874e-05
6.25547353934693e-05
6.25508225433164e-05
6.2546910182637e-05
6.2542998311339e-05
6.25390869293308e-05
6.25351760365205e-05
6.25312656328164e-05
6.25273557181267e-05
6.25234462923596e-05
6.25195373554236e-05
6.25156289072268e-05
6.25117209476777e-05
6.25078134766846e-05
6.25039064941559e-05
6.25e-05
6.24960939941254e-05
6.24921884764404e-05
6.24882834468537e-05
6.24843789052737e-05
6.24804748516089e-05
6.24765712857678e-05
6.24726682076591e-05
6.24687656171914e-05
6.24648635142732e-05
6.24609618988132e-05
6.24570607707201e-05
6.24531601299026e-05
6.24492599762693e-05
6.2445360309729e-05
6.24414611301904e-05
6.24375624375624e-05
6.24336642317538e-05
6.24297665126732e-05
6.24258692802297e-05
6.24219725343321e-05
6.24180762748892e-05
6.241418050181e-05
6.24102852150034e-05
6.24063904143784e-05
6.2402496099844e-05
6.23986022713091e-05
6.23947089286828e-05
6.23908160718742e-05
6.23869237007923e-05
6.23830318153462e-05
6.23791404154451e-05
6.2375249500998e-05
6.23713590719142e-05
6.23674691281028e-05
6.2363579669473e-05
6.23596906959342e-05
6.23558022073954e-05
6.23519142037661e-05
6.23480266849554e-05
6.23441396508728e-05
6.23402531014276e-05
6.23363670365291e-05
6.23324814560868e-05
6.232859636001e-05
6.23247117482082e-05
6.23208276205908e-05
6.23169439770674e-05
6.23130608175474e-05
6.23091781419403e-05
6.23052959501558e-05
6.23014142421033e-05
6.22975330176925e-05
6.2293652276833e-05
6.22897720194344e-05
6.22858922454064e-05
6.22820129546587e-05
6.2278134147101e-05
6.22742558226429e-05
6.22703779811943e-05
6.2266500622665e-05
6.22626237469647e-05
6.22587473540032e-05
6.22548714436905e-05
6.22509960159363e-05
6.22471210706505e-05
6.22432466077431e-05
6.22393726271239e-05
6.2235499128703e-05
6.22316261123903e-05
6.22277535780958e-05
6.22238815257296e-05
6.22200099552016e-05
6.22161388664219e-05
6.22122682593007e-05
6.22083981337481e-05
6.22045284896741e-05
6.22006593269889e-05
6.21967906456027e-05
6.21929224454257e-05
6.21890547263682e-05
6.21851874883403e-05
6.21813207312523e-05
6.21774544550146e-05
6.21735886595374e-05
6.21697233447311e-05
6.2165858510506e-05
6.21619941567725e-05
6.21581302834411e-05
6.2154266890422e-05
6.21504039776259e-05
6.2146541544963e-05
6.2142679592344e-05
6.21388181196794e-05
6.21349571268796e-05
6.21310966138552e-05
6.21272365805169e-05
6.21233770267752e-05
6.21195179525407e-05
6.21156593577241e-05
6.2111801242236e-05
6.21079436059872e-05
6.21040864488883e-05
6.21002297708502e-05
6.20963735717834e-05
6.20925178515989e-05
6.20886626102074e-05
6.20848078475197e-05
6.20809535634467e-05
6.20770997578993e-05
6.20732464307883e-05
6.20693935820247e-05
6.20655412115194e-05
6.20616893191833e-05
6.20578379049274e-05
6.20539869686627e-05
6.20501365103003e-05
6.20462865297512e-05
6.20424370269264e-05
6.20385880017371e-05
6.20347394540943e-05
6.20308913839092e-05
6.20270437910929e-05
6.20231966755567e-05
6.20193500372116e-05
6.2015503875969e-05
6.201165819174e-05
6.2007812984436e-05
6.20039682539683e-05
6.2000124000248e-05
6.19962802231866e-05
6.19924369226954e-05
6.19885940986858e-05
6.19847517510692e-05
6.1980909879757e-05
6.19770684846607e-05
6.19732275656916e-05
6.19693871227614e-05
6.19655471557814e-05
6.19617076646632e-05
6.19578686493185e-05
6.19540301096586e-05
6.19501920455953e-05
6.19463544570402e-05
6.19425173439049e-05
6.1938680706101e-05
6.19348445435402e-05
6.19310088561343e-05
6.19271736437949e-05
6.19233389064338e-05
6.19195046439628e-05
6.19156708562937e-05
6.19118375433383e-05
6.19080047050084e-05
6.19041723412158e-05
6.19003404518725e-05
6.18965090368903e-05
6.18926780961812e-05
6.18888476296571e-05
6.188501763723e-05
6.18811881188119e-05
6.18773590743147e-05
6.18735305036505e-05
6.18697024067314e-05
6.18658747834694e-05
6.18620476337767e-05
6.18582209575653e-05
6.18543947547473e-05
6.1850569025235e-05
6.18467437689406e-05
6.18429189857761e-05
6.18390946756539e-05
6.18352708384863e-05
6.18314474741854e-05
6.18276245826635e-05
6.18238021638331e-05
6.18199802176063e-05
6.18161587438957e-05
6.18123377426134e-05
6.1808517213672e-05
6.18046971569839e-05
6.18008775724615e-05
6.17970584600173e-05
6.17932398195637e-05
6.17894216510133e-05
6.17856039542787e-05
6.17817867292722e-05
6.17779699759066e-05
6.17741536940944e-05
6.17703378837482e-05
6.17665225447807e-05
6.17627076771046e-05
6.17588932806324e-05
6.1755079355277e-05
6.1751265900951e-05
6.17474529175672e-05
6.17436404050383e-05
6.17398283632772e-05
6.17360167921966e-05
6.17322056917094e-05
6.17283950617284e-05
6.17245849021665e-05
6.17207752129367e-05
6.17169659939517e-05
6.17131572451247e-05
6.17093489663684e-05
6.1705541157596e-05
6.17017338187203e-05
6.16979269496545e-05
6.16941205503116e-05
6.16903146206046e-05
6.16865091604466e-05
6.16827041697508e-05
6.16788996484303e-05
6.16750955963982e-05
6.16712920135677e-05
6.1667488899852e-05
6.16636862551643e-05
6.16598840794179e-05
6.1656082372526e-05
6.1652281134402e-05
6.1648480364959e-05
6.16446800641105e-05
6.16408802317697e-05
6.16370808678501e-05
6.1633281972265e-05
6.16294835449279e-05
6.16256855857521e-05
6.16218880946512e-05
6.16180910715386e-05
6.16142945163278e-05
6.16104984289323e-05
6.16067028092657e-05
6.16029076572414e-05
6.15991129727732e-05
6.15953187557746e-05
6.15915250061592e-05
6.15877317238406e-05
6.15839389087326e-05
6.15801465607488e-05
6.1576354679803e-05
6.15725632658088e-05
6.156877231868e-05
6.15649818383304e-05
6.15611918246737e-05
6.15574022776239e-05
6.15536131970947e-05
6.15498245829999e-05
6.15460364352536e-05
6.15422487537695e-05
6.15384615384615e-05
6.15346747892437e-05
6.153088850603e-05
6.15271026887344e-05
6.15233173372708e-05
6.15195324515534e-05
6.15157480314961e-05
6.1511964077013e-05
6.15081805880182e-05
6.15043975644259e-05
6.15006150061501e-05
6.1496832913105e-05
6.14930512852048e-05
6.14892701223637e-05
6.14854894244958e-05
6.14817091915155e-05
6.1477929423337e-05
6.14741501198746e-05
6.14703712810425e-05
6.14665929067552e-05
6.14628149969269e-05
6.14590375514719e-05
6.14552605703048e-05
6.14514840533399e-05
6.14477080004916e-05
6.14439324116743e-05
6.14401572868026e-05
6.1436382625791e-05
6.14326084285539e-05
6.14288346950058e-05
6.14250614250614e-05
6.14212886186352e-05
6.14175162756418e-05
6.14137443959958e-05
6.14099729796119e-05
6.14062020264047e-05
6.14024315362888e-05
6.13986615091791e-05
6.13948919449902e-05
6.13911228436368e-05
6.13873542050338e-05
6.13835860290958e-05
6.13798183157378e-05
6.13760510648745e-05
6.13722842764208e-05
6.13685179502915e-05
6.13647520864016e-05
6.13609866846659e-05
6.13572217449994e-05
6.1353457267317e-05
6.13496932515337e-05
6.13459296975646e-05
6.13421666053245e-05
6.13384039747286e-05
6.13346418056919e-05
6.13308800981294e-05
6.13271188519563e-05
6.13233580670877e-05
6.13195977434388e-05
6.13158378809246e-05
6.13120784794605e-05
6.13083195389614e-05
6.13045610593428e-05
6.13008030405198e-05
6.12970454824077e-05
6.12932883849219e-05
6.12895317479774e-05
6.12857755714899e-05
6.12820198553744e-05
6.12782645995465e-05
6.12745098039216e-05
6.12707554684149e-05
6.1267001592942e-05
6.12632481774184e-05
6.12594952217594e-05
6.12557427258805e-05
6.12519906896974e-05
6.12482391131255e-05
6.12444879960804e-05
6.12407373384775e-05
6.12369871402327e-05
6.12332374012614e-05
6.12294881214793e-05
6.12257393008021e-05
6.12219909391453e-05
6.12182430364249e-05
6.12144955925563e-05
6.12107486074555e-05
6.12070020810381e-05
6.12032560132199e-05
6.11995104039168e-05
6.11957652530445e-05
6.11920205605189e-05
6.11882763262559e-05
6.11845325501713e-05
6.11807892321811e-05
6.11770463722012e-05
6.11733039701474e-05
6.11695620259359e-05
6.11658205394825e-05
6.11620795107034e-05
6.11583389395144e-05
6.11545988258317e-05
6.11508591695713e-05
6.11471199706494e-05
6.1143381228982e-05
6.11396429444852e-05
6.11359051170753e-05
6.11321677466683e-05
6.11284308331805e-05
6.11246943765281e-05
6.11209583766274e-05
6.11172228333945e-05
6.11134877467457e-05
6.11097531165974e-05
6.11060189428659e-05
6.11022852254674e-05
6.10985519643184e-05
6.10948191593353e-05
6.10910868104344e-05
6.10873549175321e-05
6.10836234805449e-05
6.10798924993892e-05
6.10761619739816e-05
6.10724319042384e-05
6.10687022900763e-05
6.10649731314118e-05
6.10612444281614e-05
6.10575161802418e-05
6.10537883875694e-05
6.10500610500611e-05
6.10463341676332e-05
6.10426077402027e-05
6.1038881767686e-05
6.103515625e-05
6.10314311870613e-05
6.10277065787868e-05
6.10239824250931e-05
6.1020258725897e-05
6.10165354811154e-05
6.1012812690665e-05
6.10090903544628e-05
6.10053684724256e-05
6.10016470444702e-05
6.09979260705136e-05
6.09942055504727e-05
6.09904854842645e-05
6.09867658718058e-05
6.09830467130138e-05
6.09793280078054e-05
6.09756097560976e-05
6.09718919578074e-05
6.09681746128521e-05
6.09644577211486e-05
6.0960741282614e-05
6.09570252971655e-05
6.09533097647202e-05
6.09495946851953e-05
6.0945880058508e-05
6.09421658845755e-05
6.0938452163315e-05
6.09347388946438e-05
6.09310260784792e-05
6.09273137147383e-05
6.09236018033386e-05
6.09198903441974e-05
6.0916179337232e-05
6.09124687823597e-05
6.09087586794981e-05
6.09050490285645e-05
6.09013398294763e-05
6.08976310821509e-05
6.08939227865059e-05
6.08902149424587e-05
6.08865075499269e-05
6.0882800608828e-05
6.08790941190795e-05
6.0875388080599e-05
6.08716824933041e-05
6.08679773571124e-05
6.08642726719416e-05
6.08605684377092e-05
6.0856864654333e-05
6.08531613217307e-05
6.08494584398199e-05
6.08457560085184e-05
6.0842054027744e-05
6.08383524974144e-05
6.08346514174474e-05
6.08309507877608e-05
6.08272506082725e-05
6.08235508789003e-05
6.08198515995621e-05
6.08161527701758e-05
6.08124543906592e-05
6.08087564609304e-05
6.08050589809072e-05
6.08013619505077e-05
6.07976653696498e-05
6.07939692382516e-05
6.0790273556231e-05
6.07865783235062e-05
6.07828835399951e-05
6.0779189205616e-05
6.07754953202869e-05
6.07718018839259e-05
6.07681088964511e-05
6.07644163577809e-05
6.07607242678333e-05
6.07570326265265e-05
6.07533414337789e-05
6.07496506895085e-05
6.07459603936338e-05
6.0742270546073e-05
6.07385811467444e-05
6.07348921955664e-05
6.07312036924572e-05
6.07275156373353e-05
6.0723828030119e-05
6.07201408707268e-05
6.07164541590771e-05
6.07127678950883e-05
6.0709082078679e-05
6.07053967097675e-05
6.07017117882724e-05
6.06980273141123e-05
6.06943432872056e-05
6.0690659707471e-05
6.0686976574827e-05
6.06832938891923e-05
6.06796116504854e-05
6.06759298586251e-05
6.06722485135299e-05
6.06685676151186e-05
6.06648871633099e-05
6.06612071580224e-05
6.06575275991751e-05
6.06538484866865e-05
6.06501698204755e-05
6.06464916004609e-05
6.06428138265616e-05
6.06391364986963e-05
6.06354596167839e-05
6.06317831807433e-05
6.06281071904935e-05
6.06244316459533e-05
6.06207565470417e-05
6.06170818936776e-05
6.06134076857801e-05
6.06097339232681e-05
6.06060606060606e-05
6.06023877340767e-05
6.05987153072355e-05
6.0595043325456e-05
6.05913717886573e-05
6.05877006967586e-05
6.05840300496789e-05
6.05803598473375e-05
6.05766900896535e-05
6.05730207765461e-05
6.05693519079346e-05
6.05656834837381e-05
6.0562015503876e-05
6.05583479682674e-05
6.05546808768318e-05
6.05510142294883e-05
6.05473480261565e-05
6.05436822667555e-05
6.05400169512047e-05
6.05363520794237e-05
6.05326876513317e-05
6.05290236668483e-05
6.05253601258928e-05
6.05216970283847e-05
6.05180343742435e-05
6.05143721633888e-05
6.051071039574e-05
6.05070490712168e-05
6.05033881897386e-05
6.04997277512251e-05
6.04960677555959e-05
6.04924082027706e-05
6.04887490926688e-05
6.04850904252102e-05
6.04814322003145e-05
6.04777744179014e-05
6.04741170778907e-05
6.0470460180202e-05
6.04668037247551e-05
6.04631477114699e-05
6.0459492140266e-05
6.04558370110634e-05
6.04521823237819e-05
6.04485280783413e-05
6.04448742746615e-05
6.04412209126624e-05
6.0437567992264e-05
6.04339155133861e-05
6.04302634759488e-05
6.04266118798719e-05
6.04229607250755e-05
6.04193100114797e-05
6.04156597390044e-05
6.04120099075696e-05
6.04083605170956e-05
6.04047115675023e-05
6.04010630587098e-05
6.03974149906384e-05
6.03937673632081e-05
6.03901201763392e-05
6.03864734299517e-05
6.03828271239659e-05
6.03791812583021e-05
6.03755358328805e-05
6.03718908476213e-05
6.03682463024449e-05
6.03646021972715e-05
6.03609585320215e-05
6.03573153066152e-05
6.03536725209729e-05
6.03500301750151e-05
6.03463882686621e-05
6.03427468018344e-05
6.03391057744524e-05
6.03354651864366e-05
6.03318250377074e-05
6.03281853281853e-05
6.03245460577909e-05
6.03209072264447e-05
6.03172688340672e-05
6.0313630880579e-05
6.03099933659007e-05
6.0306356289953e-05
6.03027196526563e-05
6.02990834539315e-05
6.02954476936991e-05
6.02918123718799e-05
6.02881774883945e-05
6.02845430431637e-05
6.02809090361083e-05
6.02772754671489e-05
6.02736423362064e-05
6.02700096432015e-05
6.02663773880552e-05
6.02627455706882e-05
6.02591141910214e-05
6.02554832489757e-05
6.02518527444719e-05
6.0248222677431e-05
6.0244593047774e-05
6.02409638554217e-05
6.02373351002952e-05
6.02337067823154e-05
6.02300789014034e-05
6.02264514574801e-05
6.02228244504667e-05
6.02191978802842e-05
6.02155717468537e-05
6.02119460500963e-05
6.02083207899332e-05
6.02046959662854e-05
6.02010715790741e-05
6.01974476282206e-05
6.01938241136459e-05
6.01902010352715e-05
6.01865783930184e-05
6.01829561868079e-05
6.01793344165614e-05
6.01757130822e-05
6.01720921836452e-05
6.01684717208183e-05
6.01648516936406e-05
6.01612321020335e-05
6.01576129459183e-05
6.01539942252166e-05
6.01503759398496e-05
6.0146758089739e-05
6.0143140674806e-05
6.01395236949723e-05
6.01359071501594e-05
6.01322910402886e-05
6.01286753652817e-05
6.01250601250601e-05
6.01214453195455e-05
6.01178309486594e-05
6.01142170123234e-05
6.01106035104592e-05
6.01069904429885e-05
6.01033778098329e-05
6.00997656109141e-05
6.00961538461538e-05
6.00925425154738e-05
6.00889316187958e-05
6.00853211560416e-05
6.00817111271329e-05
6.00781015319916e-05
6.00744923705395e-05
6.00708836426984e-05
6.00672753483902e-05
6.00636674875368e-05
6.00600600600601e-05
6.00564530658819e-05
6.00528465049243e-05
6.00492403771092e-05
6.00456346823586e-05
6.00420294205944e-05
6.00384245917387e-05
6.00348201957135e-05
6.00312162324409e-05
6.00276127018428e-05
6.00240096038415e-05
6.0020406938359e-05
6.00168047053175e-05
6.0013202904639e-05
6.00096015362458e-05
6.000600060006e-05
6.00024000960038e-05
5.99988000239995e-05
5.99952003839693e-05
5.99916011758354e-05
5.99880023995201e-05
5.99844040549457e-05
5.99808061420345e-05
5.99772086607089e-05
5.99736116108912e-05
5.99700149925037e-05
5.99664188054689e-05
5.99628230497092e-05
5.99592277251469e-05
5.99556328317045e-05
5.99520383693046e-05
5.99484443378694e-05
5.99448507373217e-05
5.99412575675838e-05
5.99376648285783e-05
5.99340725202278e-05
5.99304806424548e-05
5.99268891951819e-05
5.99232981783317e-05
5.99197075918269e-05
5.99161174355902e-05
5.99125277095441e-05
5.99089384136113e-05
5.99053495477146e-05
5.99017611117767e-05
5.98981731057203e-05
5.98945855294681e-05
5.9890998382943e-05
5.98874116660678e-05
5.98838253787652e-05
5.98802395209581e-05
5.98766540925693e-05
5.98730690935217e-05
5.98694845237382e-05
5.98659003831418e-05
5.98623166716552e-05
5.98587333892015e-05
5.98551505357036e-05
5.98515681110845e-05
5.98479861152672e-05
5.98444045481747e-05
5.98408234097301e-05
5.98372426998564e-05
5.98336624184766e-05
5.98300825655139e-05
5.98265031408914e-05
5.98229241445322e-05
5.98193455763594e-05
5.98157674362962e-05
5.98121897242658e-05
5.98086124401914e-05
5.98050355839962e-05
5.98014591556034e-05
5.97978831549363e-05
5.97943075819182e-05
5.97907324364723e-05
5.97871577185221e-05
5.97835834279907e-05
5.97800095648015e-05
5.9776436128878e-05
5.97728631201435e-05
5.97692905385213e-05
5.9765718383935e-05
5.97621466563079e-05
5.97585753555635e-05
5.97550044816253e-05
5.97514340344168e-05
5.97478640138615e-05
5.97442944198829e-05
5.97407252524046e-05
5.97371565113501e-05
5.9733588196643e-05
5.97300203082069e-05
5.97264528459655e-05
5.97228858098423e-05
5.97193191997611e-05
5.97157530156455e-05
5.97121872574192e-05
5.9708621925006e-05
5.97050570183295e-05
5.97014925373134e-05
5.96979284818817e-05
5.9694364851958e-05
5.96908016474661e-05
5.96872388683299e-05
5.96836765144733e-05
5.968011458582e-05
5.9676553082294e-05
5.96729920038191e-05
5.96694313503192e-05
5.96658711217184e-05
5.96623113179405e-05
5.96587519389094e-05
5.96551929845493e-05
5.96516344547841e-05
5.96480763495377e-05
5.96445186687343e-05
5.9640961412298e-05
5.96374045801527e-05
5.96338481722226e-05
5.96302921884317e-05
5.96267366287043e-05
5.96231814929645e-05
5.96196267811364e-05
5.96160724931442e-05
5.96125186289121e-05
5.96089651883643e-05
5.96054121714252e-05
5.96018595780188e-05
5.95983074080696e-05
5.95947556615018e-05
5.95912043382397e-05
5.95876534382076e-05
5.95841029613299e-05
5.9580552907531e-05
5.95770032767352e-05
5.95734540688669e-05
5.95699052838506e-05
5.95663569216107e-05
5.95628089820716e-05
5.95592614651578e-05
5.95557143707939e-05
5.95521676989042e-05
5.95486214494134e-05
5.9545075622246e-05
5.95415302173266e-05
5.95379852345797e-05
5.95344406739299e-05
5.95308965353018e-05
5.95273528186202e-05
5.95238095238095e-05
5.95202666507946e-05
5.95167241995001e-05
5.95131821698506e-05
5.9509640561771e-05
5.9506099375186e-05
5.95025586100202e-05
5.94990182661986e-05
5.94954783436459e-05
5.94919388422869e-05
5.94883997620464e-05
5.94848611028493e-05
5.94813228646205e-05
5.94777850472848e-05
5.94742476507672e-05
5.94707106749926e-05
5.94671741198858e-05
5.94636379853719e-05
5.94601022713759e-05
5.94565669778227e-05
5.94530321046373e-05
5.94494976517448e-05
5.94459636190703e-05
5.94424300065387e-05
5.94388968140751e-05
5.94353640416048e-05
5.94318316890527e-05
5.9428299756344e-05
5.94247682434038e-05
5.94212371501575e-05
5.941770647653e-05
5.94141762224467e-05
5.94106463878327e-05
5.94071169726133e-05
5.94035879767138e-05
5.94000594000594e-05
5.93965312425754e-05
5.93930035041872e-05
5.938947618482e-05
5.93859492843993e-05
5.93824228028504e-05
5.93788967400986e-05
5.93753710960694e-05
5.93718458706881e-05
5.93683210638803e-05
5.93647966755714e-05
5.93612727056868e-05
5.93577491541521e-05
5.93542260208927e-05
5.93507033058342e-05
5.93471810089021e-05
5.9343659130022e-05
5.93401376691194e-05
5.933661662612e-05
5.93330960009493e-05
5.93295757935331e-05
5.93260560037969e-05
5.93225366316664e-05
5.93190176770673e-05
5.93154991399253e-05
5.93119810201661e-05
5.93084633177154e-05
5.93049460324991e-05
5.93014291644429e-05
5.92979127134725e-05
5.92943966795138e-05
5.92908810624926e-05
5.92873658623347e-05
5.92838510789661e-05
5.92803367123125e-05
5.92768227622999e-05
5.92733092288542e-05
5.92697961119014e-05
5.92662834113673e-05
5.92627711271779e-05
5.92592592592593e-05
5.92557478075373e-05
5.92522367719381e-05
5.92487261523877e-05
5.92452159488121e-05
5.92417061611374e-05
5.92381967892897e-05
5.92346878331951e-05
5.92311792927797e-05
5.92276711679697e-05
5.92241634586911e-05
5.92206561648703e-05
5.92171492864334e-05
5.92136428233065e-05
5.92101367754159e-05
5.9206631142688e-05
5.92031259250488e-05
5.91996211224248e-05
5.91961167347422e-05
5.91926127619273e-05
5.91891092039065e-05
5.91856060606061e-05
5.91821033319524e-05
5.91786010178719e-05
5.9175099118291e-05
5.91715976331361e-05
5.91680965623336e-05
5.916459590581e-05
5.91610956634917e-05
5.91575958353053e-05
5.91540964211772e-05
5.91505974210339e-05
5.91470988348022e-05
5.91436006624083e-05
5.91401029037791e-05
5.91366055588409e-05
5.91331086275206e-05
5.91296121097446e-05
5.91261160054396e-05
5.91226203145323e-05
5.91191250369495e-05
5.91156301726176e-05
5.91121357214636e-05
5.91086416834141e-05
5.91051480583959e-05
5.91016548463357e-05
5.90981620471603e-05
5.90946696607966e-05
5.90911776871713e-05
5.90876861262113e-05
5.90841949778434e-05
5.90807042419946e-05
5.90772139185916e-05
5.90737240075614e-05
5.9070234508831e-05
5.90667454223272e-05
5.90632567479771e-05
5.90597684857075e-05
5.90562806354456e-05
5.90527931971182e-05
5.90493061706525e-05
5.90458195559754e-05
5.90423333530141e-05
5.90388475616956e-05
5.9035362181947e-05
5.90318772136954e-05
5.9028392656868e-05
5.90249085113918e-05
5.90214247771941e-05
5.90179414542021e-05
5.90144585423429e-05
5.90109760415437e-05
5.90074939517319e-05
5.90040122728345e-05
5.9000531004779e-05
5.89970501474926e-05
5.89935697009026e-05
5.89900896649363e-05
5.8986610039521e-05
5.89831308245842e-05
5.89796520200531e-05
5.89761736258552e-05
5.89726956419178e-05
5.89692180681684e-05
5.89657409045345e-05
5.89622641509434e-05
5.89587878073227e-05
5.89553118735998e-05
5.89518363497023e-05
5.89483612355577e-05
5.89448865310934e-05
5.89414122362372e-05
5.89379383509165e-05
5.89344648750589e-05
5.89309918085921e-05
5.89275191514437e-05
5.89240469035413e-05
5.89205750648126e-05
5.89171036351853e-05
5.8913632614587e-05
5.89101620029455e-05
5.89066918001885e-05
5.89032220062437e-05
5.8899752621039e-05
5.8896283644502e-05
5.88928150765607e-05
5.88893469171427e-05
5.8885879166176e-05
5.88824118235883e-05
5.88789448893076e-05
5.88754783632617e-05
5.88720122453785e-05
5.8868546535586e-05
5.88650812338121e-05
5.88616163399847e-05
5.88581518540318e-05
5.88546877758813e-05
5.88512241054614e-05
5.88477608426999e-05
5.8844297987525e-05
5.88408355398647e-05
5.8837373499647e-05
5.88339118668e-05
5.88304506412519e-05
5.88269898229308e-05
5.88235294117647e-05
5.88200694076819e-05
5.88166098106105e-05
5.88131506204787e-05
5.88096918372148e-05
5.88062334607468e-05
5.88027754910032e-05
5.8799317927912e-05
5.87958607714017e-05
5.87924040214004e-05
5.87889476778366e-05
5.87854917406384e-05
5.87820362097343e-05
5.87785810850526e-05
5.87751263665217e-05
5.87716720540699e-05
5.87682181476258e-05
5.87647646471176e-05
5.87613115524739e-05
5.8757858863623e-05
5.87544065804935e-05
5.87509547030139e-05
5.87475032311127e-05
5.87440521647183e-05
5.87406015037594e-05
5.87371512481645e-05
5.87337013978621e-05
5.87302519527809e-05
5.87268029128494e-05
5.87233542779964e-05
5.87199060481503e-05
5.871645822324e-05
5.8713010803194e-05
5.87095637879411e-05
5.87061171774099e-05
5.87026709715292e-05
5.86992251702278e-05
5.86957797734343e-05
5.86923347810776e-05
5.86888901930865e-05
5.86854460093897e-05
5.86820022299161e-05
5.86785588545945e-05
5.86751158833539e-05
5.8671673316123e-05
5.86682311528307e-05
5.86647893934061e-05
5.86613480377779e-05
5.86579070858752e-05
5.86544665376268e-05
5.86510263929619e-05
5.86475866518093e-05
5.86441473140981e-05
5.86407083797572e-05
5.86372698487158e-05
5.8633831720903e-05
5.86303939962477e-05
5.8626956674679e-05
5.86235197561262e-05
5.86200832405182e-05
5.86166471277843e-05
5.86132114178536e-05
5.86097761106553e-05
5.86063412061185e-05
5.86029067041725e-05
5.85994726047466e-05
5.85960389077698e-05
5.85926056131716e-05
5.85891727208812e-05
5.85857402308278e-05
5.85823081429408e-05
5.85788764571496e-05
5.85754451733833e-05
5.85720142915715e-05
5.85685838116434e-05
5.85651537335286e-05
5.85617240571562e-05
5.85582947824559e-05
5.85548659093571e-05
5.85514374377891e-05
5.85480093676815e-05
5.85445816989638e-05
5.85411544315654e-05
5.85377275654159e-05
5.85343011004449e-05
5.85308750365818e-05
5.85274493737563e-05
5.85240241118979e-05
5.85205992509363e-05
5.85171747908011e-05
5.85137507314219e-05
5.85103270727283e-05
5.85069038146501e-05
5.85034809571169e-05
5.85000585000585e-05
5.84966364434045e-05
5.84932147870847e-05
5.84897935310288e-05
5.84863726751667e-05
5.8482952219428e-05
5.84795321637427e-05
5.84761125080405e-05
5.84726932522512e-05
5.84692743963047e-05
5.8465855940131e-05
5.84624378836597e-05
5.8459020226821e-05
5.84556029695446e-05
5.84521861117606e-05
5.84487696533988e-05
5.84453535943892e-05
5.84419379346619e-05
5.84385226741468e-05
5.84351078127739e-05
5.84316933504733e-05
5.8428279287175e-05
5.84248656228091e-05
5.84214523573056e-05
5.84180394905947e-05
5.84146270226065e-05
5.8411214953271e-05
5.84078032825185e-05
5.84043920102792e-05
5.84009811364831e-05
5.83975706610605e-05
5.83941605839416e-05
5.83907509050566e-05
5.83873416243358e-05
5.83839327417095e-05
5.83805242571078e-05
5.83771161704612e-05
5.83737084816998e-05
5.83703011907541e-05
5.83668942975544e-05
5.83634878020311e-05
5.83600817041144e-05
5.83566760037348e-05
5.83532707008228e-05
5.83498657953087e-05
5.83464612871229e-05
5.8343057176196e-05
5.83396534624584e-05
5.83362501458406e-05
5.83328472262731e-05
5.83294447036864e-05
5.83260425780111e-05
5.83226408491777e-05
5.83192395171167e-05
5.83158385817588e-05
5.83124380430346e-05
5.83090379008746e-05
5.83056381552096e-05
5.83022388059701e-05
5.82988398530869e-05
5.82954412964906e-05
5.82920431361119e-05
5.82886453718816e-05
5.82852480037303e-05
5.82818510315888e-05
5.82784544553878e-05
5.82750582750583e-05
5.82716624905309e-05
5.82682671017364e-05
5.82648721086057e-05
5.82614775110697e-05
5.82580833090591e-05
5.8254689502505e-05
5.8251296091338e-05
5.82479030754893e-05
5.82445104548896e-05
5.824111822947e-05
5.82377263991614e-05
5.82343349638947e-05
5.8230943923601e-05
5.82275532782112e-05
5.82241630276565e-05
5.82207731718677e-05
5.8217383710776e-05
5.82139946443125e-05
5.82106059724082e-05
5.82072176949942e-05
5.82038298120016e-05
5.82004423233617e-05
5.81970552290054e-05
5.81936685288641e-05
5.81902822228688e-05
5.81868963109508e-05
5.81835107930413e-05
5.81801256690714e-05
5.81767409389726e-05
5.8173356602676e-05
5.81699726601129e-05
5.81665891112145e-05
5.81632059559123e-05
5.81598231941375e-05
5.81564408258215e-05
5.81530588508956e-05
5.81496772692912e-05
5.81462960809396e-05
5.81429152857724e-05
5.81395348837209e-05
5.81361548747166e-05
5.81327752586908e-05
5.81293960355752e-05
5.81260172053011e-05
5.81226387678001e-05
5.81192607230036e-05
5.81158830708433e-05
5.81125058112506e-05
5.81091289441571e-05
5.81057524694945e-05
5.81023763871942e-05
5.8099000697188e-05
5.80956253994074e-05
5.80922504937841e-05
5.80888759802498e-05
5.80855018587361e-05
5.80821281291747e-05
5.80787547914973e-05
5.80753818456356e-05
5.80720092915215e-05
5.80686371290866e-05
5.80652653582627e-05
5.80618939789816e-05
5.80585229911751e-05
5.8055152394775e-05
5.80517821897132e-05
5.80484123759215e-05
5.80450429533318e-05
5.80416739218759e-05
5.80383052814858e-05
5.80349370320933e-05
5.80315691736305e-05
5.80282017060291e-05
5.80248346292213e-05
5.8021467943139e-05
5.80181016477141e-05
5.80147357428787e-05
5.80113702285648e-05
5.80080051047045e-05
5.80046403712297e-05
5.80012760280726e-05
5.79979120751653e-05
5.79945485124398e-05
5.79911853398283e-05
5.7987822557263e-05
5.79844601646759e-05
5.79810981619992e-05
5.79777365491651e-05
5.79743753261059e-05
5.79710144927536e-05
5.79676540490406e-05
5.79642939948991e-05
5.79609343302614e-05
5.79575750550597e-05
5.79542161692263e-05
5.79508576726936e-05
5.79474995653938e-05
5.79441418472592e-05
5.79407845182224e-05
5.79374275782155e-05
5.79340710271711e-05
5.79307148650214e-05
5.7927359091699e-05
5.79240037071362e-05
5.79206487112656e-05
5.79172941040195e-05
5.79139398853304e-05
5.79105860551309e-05
5.79072326133534e-05
5.79038795599305e-05
5.79005268947947e-05
5.78971746178786e-05
5.78938227291148e-05
5.78904712284358e-05
5.78871201157742e-05
5.78837693910627e-05
5.7880419054234e-05
5.78770691052205e-05
5.78737195439551e-05
5.78703703703704e-05
5.7867021584399e-05
5.78636731859738e-05
5.78603251750275e-05
5.78569775514927e-05
5.78536303153023e-05
5.7850283466389e-05
5.78469370046856e-05
5.78435909301249e-05
5.78402452426398e-05
5.78368999421631e-05
5.78335550286276e-05
5.78302105019662e-05
5.78268663621118e-05
5.78235226089973e-05
5.78201792425557e-05
5.78168362627197e-05
5.78134936694224e-05
5.78101514625968e-05
5.78068096421758e-05
5.78034682080925e-05
5.78001271602798e-05
5.77967864986707e-05
5.77934462231983e-05
5.77901063337957e-05
5.77867668303958e-05
5.77834277129319e-05
5.7780088981337e-05
5.77767506355443e-05
5.77734126754867e-05
5.77700751010976e-05
5.77667379123101e-05
5.77634011090573e-05
5.77600646912725e-05
5.77567286588888e-05
5.77533930118394e-05
5.77500577500577e-05
5.77467228734769e-05
5.77433883820303e-05
5.7740054275651e-05
5.77367205542725e-05
5.77333872178281e-05
5.7730054266251e-05
5.77267216994747e-05
5.77233895174325e-05
5.77200577200577e-05
5.77167263072838e-05
5.77133952790443e-05
5.77100646352724e-05
5.77067343759017e-05
5.77034045008655e-05
5.77000750100975e-05
5.7696745903531e-05
5.76934171810996e-05
5.76900888427368e-05
5.76867608883761e-05
5.76834333179511e-05
5.76801061313953e-05
5.76767793286423e-05
5.76734529096257e-05
5.76701268742791e-05
5.76668012225362e-05
5.76634759543305e-05
5.76601510695958e-05
5.76568265682657e-05
5.76535024502739e-05
5.7650178715554e-05
5.76468553640399e-05
5.76435323956652e-05
5.76402098103637e-05
5.76368876080692e-05
5.76335657887153e-05
5.76302443522361e-05
5.76269232985651e-05
5.76236026276363e-05
5.76202823393835e-05
5.76169624337405e-05
5.76136429106412e-05
5.76103237700196e-05
5.76070050118094e-05
5.76036866359447e-05
5.76003686423593e-05
5.75970510309872e-05
5.75937338017624e-05
5.75904169546187e-05
5.75871004894904e-05
5.75837844063112e-05
5.75804687050153e-05
5.75771533855366e-05
5.75738384478093e-05
5.75705238917674e-05
5.7567209717345e-05
5.75638959244762e-05
5.7560582513095e-05
5.75572694831357e-05
5.75539568345324e-05
5.75506445672192e-05
5.75473326811302e-05
5.75440211761998e-05
5.7540710052362e-05
5.75373993095512e-05
5.75340889477015e-05
5.75307789667472e-05
5.75274693666226e-05
5.75241601472619e-05
5.75208513085994e-05
5.75175428505694e-05
5.75142347731063e-05
5.75109270761445e-05
5.75076197596181e-05
5.75043128234618e-05
5.75010062676097e-05
5.74977000919963e-05
5.74943942965561e-05
5.74910888812234e-05
5.74877838459327e-05
5.74844791906185e-05
5.74811749152153e-05
5.74778710196574e-05
5.74745675038795e-05
5.74712643678161e-05
5.74679616114016e-05
5.74646592345707e-05
5.74613572372579e-05
5.74580556193978e-05
5.7454754380925e-05
5.74514535217741e-05
5.74481530418797e-05
5.74448529411765e-05
5.74415532195991e-05
5.74382538770821e-05
5.74349549135604e-05
5.74316563289685e-05
5.74283581232413e-05
5.74250602963133e-05
5.74217628481194e-05
5.74184657785944e-05
5.7415169087673e-05
5.74118727752899e-05
5.74085768413801e-05
5.74052812858783e-05
5.74019861087194e-05
5.73986913098381e-05
5.73953968891695e-05
5.73921028466483e-05
5.73888091822095e-05
5.73855158957879e-05
5.73822229873185e-05
5.73789304567363e-05
5.73756383039761e-05
5.7372346528973e-05
5.7369055131662e-05
5.7365764111978e-05
5.7362473469856e-05
5.73591832052312e-05
5.73558933180384e-05
5.73526038082129e-05
5.73493146756896e-05
5.73460259204037e-05
5.73427375422903e-05
5.73394495412844e-05
5.73361619173213e-05
5.7332874670336e-05
5.73295878002637e-05
5.73263013070397e-05
5.7323015190599e-05
5.7319729450877e-05
5.73164440878088e-05
5.73131591013297e-05
5.73098744913749e-05
5.73065902578797e-05
5.73033064007793e-05
5.73000229200092e-05
5.72967398155045e-05
5.72934570872006e-05
5.72901747350329e-05
5.72868927589368e-05
5.72836111588475e-05
5.72803299347004e-05
5.72770490864311e-05
5.72737686139748e-05
5.7270488517267e-05
5.72672087962433e-05
5.72639294508389e-05
5.72606504809895e-05
5.72573718866304e-05
5.72540936676972e-05
5.72508158241255e-05
5.72475383558507e-05
5.72442612628084e-05
5.72409845449342e-05
5.72377082021636e-05
5.72344322344322e-05
5.72311566416757e-05
5.72278814238297e-05
5.72246065808298e-05
5.72213321126116e-05
5.72180580191108e-05
5.72147843002632e-05
5.72115109560043e-05
5.720823798627e-05
5.72049653909959e-05
5.72016931701178e-05
5.71984213235715e-05
5.71951498512926e-05
5.7191878753217e-05
5.71886080292806e-05
5.7185337679419e-05
5.71820677035682e-05
5.71787981016639e-05
5.71755288736421e-05
5.71722600194386e-05
5.71689915389893e-05
5.716572343223e-05
5.71624556990968e-05
5.71591883395256e-05
5.71559213534522e-05
5.71526547408127e-05
5.7149388501543e-05
5.71461226355792e-05
5.71428571428571e-05
5.7139592023313e-05
5.71363272768826e-05
5.71330629035023e-05
5.71297989031079e-05
5.71265352756355e-05
5.71232720210214e-05
5.71200091392015e-05
5.7116746630112e-05
5.7113484493689e-05
5.71102227298686e-05
5.71069613385872e-05
5.71037003197807e-05
5.71004396733855e-05
5.70971793993377e-05
5.70939194975735e-05
5.70906599680292e-05
5.70874008106411e-05
5.70841420253454e-05
5.70808836120783e-05
5.70776255707763e-05
5.70743679013755e-05
5.70711106038124e-05
5.70678536780232e-05
5.70645971239443e-05
5.70613409415121e-05
5.7058085130663e-05
5.70548296913334e-05
5.70515746234596e-05
5.70483199269782e-05
5.70450656018254e-05
5.70418116479379e-05
5.70385580652521e-05
5.70353048537044e-05
5.70320520132314e-05
5.70287995437696e-05
5.70255474452555e-05
5.70222957176256e-05
5.70190443608165e-05
5.70157933747648e-05
5.70125427594071e-05
5.70092925146799e-05
5.70060426405199e-05
5.70027931368637e-05
5.6999544003648e-05
5.69962952408093e-05
5.69930468482845e-05
5.69897988260101e-05
5.6986551173923e-05
5.69833038919597e-05
5.6980056980057e-05
5.69768104381517e-05
5.69735642661805e-05
5.69703184640802e-05
5.69670730317876e-05
5.69638279692395e-05
5.69605832763727e-05
5.69573389531241e-05
5.69540949994305e-05
5.69508514152287e-05
5.69476082004556e-05
5.69443653550481e-05
5.69411228789432e-05
5.69378807720777e-05
5.69346390343885e-05
5.69313976658127e-05
5.69281566662871e-05
5.69249160357488e-05
5.69216757741348e-05
5.6918435881382e-05
5.69151963574274e-05
5.69119572022082e-05
5.69087184156613e-05
5.69054799977238e-05
5.69022419483328e-05
5.68990042674253e-05
5.68957669549386e-05
5.68925300108096e-05
5.68892934349755e-05
5.68860572273736e-05
5.68828213879408e-05
5.68795859166145e-05
5.68763508133318e-05
5.68731160780299e-05
5.6869881710646e-05
5.68666477111174e-05
5.68634140793813e-05
5.6860180815375e-05
5.68569479190357e-05
5.68537153903008e-05
5.68504832291074e-05
5.68472514353931e-05
5.6844020009095e-05
5.68407889501506e-05
5.68375582584972e-05
5.68343279340722e-05
5.68310979768129e-05
5.68278683866568e-05
5.68246391635413e-05
5.68214103074038e-05
5.68181818181818e-05
5.68149536958127e-05
5.68117259402341e-05
5.68084985513833e-05
5.68052715291979e-05
5.68020448736155e-05
5.67988185845734e-05
5.67955926620094e-05
5.6792367105861e-05
5.67891419160657e-05
5.6785917092561e-05
5.67826926352848e-05
5.67794685441744e-05
5.67762448191677e-05
5.67730214602021e-05
5.67697984672154e-05
5.67665758401453e-05
5.67633535789294e-05
5.67601316835055e-05
5.67569101538112e-05
5.67536889897843e-05
5.67504681913626e-05
5.67472477584837e-05
5.67440276910855e-05
5.67408079891058e-05
5.67375886524823e-05
5.67343696811528e-05
5.67311510750553e-05
5.67279328341275e-05
5.67247149583073e-05
5.67214974475326e-05
5.67182803017413e-05
5.67150635208711e-05
5.67118471048602e-05
5.67086310536464e-05
5.67054153671676e-05
5.67022000453618e-05
5.66989850881669e-05
5.6695770495521e-05
5.66925562673621e-05
5.66893424036281e-05
5.66861289042571e-05
5.66829157691872e-05
5.66797029983563e-05
5.66764905917026e-05
5.66732785491641e-05
5.66700668706789e-05
5.66668555561852e-05
5.6663644605621e-05
5.66604340189246e-05
5.6657223796034e-05
5.66540139368874e-05
5.66508044414231e-05
5.66475953095791e-05
5.66443865412938e-05
5.66411781365052e-05
5.66379700951518e-05
5.66347624171717e-05
5.66315551025031e-05
5.66283481510844e-05
5.66251415628539e-05
5.66219353377498e-05
5.66187294757106e-05
5.66155239766744e-05
5.66123188405797e-05
5.66091140673648e-05
5.66059096569682e-05
5.66027056093281e-05
5.65995019243831e-05
5.65962986020714e-05
5.65930956423316e-05
5.65898930451021e-05
5.65866908103214e-05
5.65834889379279e-05
5.65802874278601e-05
5.65770862800566e-05
5.65738854944558e-05
5.65706850709962e-05
5.65674850096165e-05
5.65642853102551e-05
5.65610859728507e-05
5.65578869973418e-05
5.6554688383667e-05
5.6551490131765e-05
5.65482922415743e-05
5.65450947130336e-05
5.65418975460816e-05
5.6538700740657e-05
5.65355042966983e-05
5.65323082141444e-05
5.65291124929339e-05
5.65259171330055e-05
5.6522722134298e-05
5.65195274967501e-05
5.65163332203007e-05
5.65131393048884e-05
5.65099457504521e-05
5.65067525569306e-05
5.65035597242626e-05
5.65003672523871e-05
5.64971751412429e-05
5.64939833907689e-05
5.64907920009039e-05
5.64876009715867e-05
5.64844103027564e-05
5.64812199943519e-05
5.6478030046312e-05
5.64748404585757e-05
5.6471651231082e-05
5.64684623637698e-05
5.64652738565782e-05
5.64620857094461e-05
5.64588979223126e-05
5.64557104951166e-05
5.64525234277972e-05
5.64493367202935e-05
5.64461503725446e-05
5.64429643844895e-05
5.64397787560673e-05
5.64365934872171e-05
5.64334085778781e-05
5.64302240279894e-05
5.64270398374901e-05
5.64238560063195e-05
5.64206725344166e-05
5.64174894217207e-05
5.6414306668171e-05
5.64111242737068e-05
5.64079422382672e-05
5.64047605617914e-05
5.64015792442188e-05
5.63983982854887e-05
5.63952176855403e-05
5.63920374443129e-05
5.63888575617458e-05
5.63856780377784e-05
5.638249887235e-05
5.63793200654e-05
5.63761416168677e-05
5.63729635266926e-05
5.6369785794814e-05
5.63666084211713e-05
5.6363431405704e-05
5.63602547483515e-05
5.63570784490532e-05
5.63539025077487e-05
5.63507269243773e-05
5.63475516988787e-05
5.63443768311922e-05
5.63412023212575e-05
5.63380281690141e-05
5.63348543744014e-05
5.63316809373592e-05
5.63285078578268e-05
5.63253351357441e-05
5.63221627710504e-05
5.63189907636855e-05
5.6315819113589e-05
5.63126478207005e-05
5.63094768849597e-05
5.63063063063063e-05
5.63031360846799e-05
5.62999662200203e-05
5.62967967122671e-05
5.62936275613601e-05
5.6290458767239e-05
5.62872903298435e-05
5.62841222491135e-05
5.62809545249887e-05
5.6277787157409e-05
5.6274620146314e-05
5.62714534916437e-05
5.62682871933378e-05
5.62651212513363e-05
5.62619556655789e-05
5.62587904360056e-05
5.62556255625563e-05
5.62524610451707e-05
5.6249296883789e-05
5.62461330783509e-05
5.62429696287964e-05
5.62398065350655e-05
5.62366437970982e-05
5.62334814148344e-05
5.62303193882141e-05
5.62271577171774e-05
5.62239964016642e-05
5.62208354416147e-05
5.62176748369687e-05
5.62145145876665e-05
5.62113546936481e-05
5.62081951548536e-05
5.6205035971223e-05
5.62018771426966e-05
5.61987186692143e-05
5.61955605507165e-05
5.61924027871432e-05
5.61892453784346e-05
5.61860883245308e-05
5.61829316253722e-05
5.61797752808989e-05
5.61766192910511e-05
5.6173463655769e-05
5.6170308374993e-05
5.61671534486632e-05
5.616399887672e-05
5.61608446591037e-05
5.61576907957545e-05
5.61545372866128e-05
5.61513841316188e-05
5.61482313307131e-05
5.61450788838358e-05
5.61419267909275e-05
5.61387750519284e-05
5.61356236667789e-05
5.61324726354196e-05
5.61293219577907e-05
5.61261716338329e-05
5.61230216634864e-05
5.61198720466917e-05
5.61167227833895e-05
5.611357387352e-05
5.61104253170239e-05
5.61072771138417e-05
5.61041292639138e-05
5.61009817671809e-05
5.60978346235835e-05
5.60946878330622e-05
5.60915413955576e-05
5.60883953110102e-05
5.60852495793606e-05
5.60821042005496e-05
5.60789591745177e-05
5.60758145012056e-05
5.6072670180554e-05
5.60695262125035e-05
5.60663825969948e-05
5.60632393339687e-05
5.60600964233658e-05
5.6056953865127e-05
5.60538116591928e-05
5.60506698055042e-05
5.60475283040018e-05
5.60443871546265e-05
5.6041246357319e-05
5.60381059120202e-05
5.60349658186708e-05
5.60318260772119e-05
5.6028686687584e-05
5.60255476497283e-05
5.60224089635854e-05
5.60192706290964e-05
5.60161326462021e-05
5.60129950148434e-05
5.60098577349614e-05
5.60067208064968e-05
5.60035842293907e-05
5.6000448003584e-05
5.59973121290178e-05
5.5994176605633e-05
5.59910414333707e-05
5.59879066121718e-05
5.59847721419774e-05
5.59816380227285e-05
5.59785042543663e-05
5.59753708368318e-05
5.5972237770066e-05
5.59691050540102e-05
5.59659726886053e-05
5.59628406737926e-05
5.59597090095132e-05
5.59565776957081e-05
5.59534467323187e-05
5.59503161192861e-05
5.59471858565514e-05
5.59440559440559e-05
5.59409263817409e-05
5.59377971695475e-05
5.59346683074169e-05
5.59315397952906e-05
5.59284116331096e-05
5.59252838208154e-05
5.59221563583492e-05
5.59190292456523e-05
5.59159024826661e-05
5.59127760693318e-05
5.5909650005591e-05
5.59065242913848e-05
5.59033989266547e-05
5.59002739113422e-05
5.58971492453885e-05
5.58940249287351e-05
5.58909009613235e-05
5.58877773430951e-05
5.58846540739913e-05
5.58815311539536e-05
5.58784085829236e-05
5.58752863608426e-05
5.58721644876523e-05
5.5869042963294e-05
5.58659217877095e-05
5.58628009608402e-05
5.58596804826276e-05
5.58565603530135e-05
5.58534405719392e-05
5.58503211393465e-05
5.5847202055177e-05
5.58440833193723e-05
5.5840964931874e-05
5.58378468926238e-05
5.58347292015634e-05
5.58316118586344e-05
5.58284948637785e-05
5.58253782169374e-05
5.58222619180529e-05
5.58191459670667e-05
5.58160303639205e-05
5.58129151085561e-05
5.58098002009153e-05
5.58066856409398e-05
5.58035714285714e-05
5.5800457563752e-05
5.57973440464234e-05
5.57942308765274e-05
5.57911180540058e-05
5.57880055788006e-05
5.57848934508535e-05
5.57817816701065e-05
5.57786702365016e-05
5.57755591499805e-05
5.57724484104852e-05
5.57693380179577e-05
5.576622797234e-05
5.57631182735739e-05
5.57600089216014e-05
5.57568999163647e-05
5.57537912578055e-05
5.57506829458661e-05
5.57475749804884e-05
5.57444673616144e-05
5.57413600891862e-05
5.57382531631459e-05
5.57351465834355e-05
5.57320403499972e-05
5.57289344627731e-05
5.57258289217052e-05
5.57227237267358e-05
5.57196188778069e-05
5.57165143748607e-05
5.57134102178394e-05
5.57103064066852e-05
5.57072029413403e-05
5.57040998217469e-05
5.57009970478472e-05
5.56978946195834e-05
5.56947925368978e-05
5.56916907997327e-05
5.56885894080303e-05
5.56854883617329e-05
5.56823876607829e-05
5.56792873051225e-05
5.56761872946941e-05
5.56730876294399e-05
5.56699883093025e-05
5.5666889334224e-05
5.5663790704147e-05
5.56606924190137e-05
5.56575944787666e-05
5.56544968833482e-05
5.56513996327008e-05
5.56483027267668e-05
5.56452061654888e-05
5.56421099488093e-05
5.56390140766706e-05
5.56359185490152e-05
5.56328233657858e-05
5.56297285269248e-05
5.56266340323747e-05
5.56235398820781e-05
5.56204460759775e-05
5.56173526140156e-05
5.56142594961348e-05
5.56111667222778e-05
5.56080742923873e-05
5.56049822064057e-05
5.56018904642758e-05
5.55987990659402e-05
5.55957080113415e-05
5.55926173004225e-05
5.55895269331258e-05
5.55864369093941e-05
5.55833472291701e-05
5.55802578923966e-05
5.55771688990163e-05
5.55740802489719e-05
5.55709919422062e-05
5.55679039786619e-05
5.55648163582819e-05
5.5561729081009e-05
5.55586421467859e-05
5.55555555555556e-05
5.55524693072607e-05
5.55493834018442e-05
5.5546297839249e-05
5.55432126194179e-05
5.55401277422938e-05
5.55370432078196e-05
5.55339590159382e-05
5.55308751665926e-05
5.55277916597257e-05
5.55247084952804e-05
5.55216256731997e-05
5.55185431934266e-05
5.55154610559041e-05
5.55123792605751e-05
5.55092978073827e-05
5.550621669627e-05
5.55031359271799e-05
5.55000555000555e-05
5.54969754148399e-05
5.54938956714761e-05
5.54908162699073e-05
5.54877372100766e-05
5.5484658491927e-05
5.54815801154017e-05
5.54785020804438e-05
5.54754243869966e-05
5.5472347035003e-05
5.54692700244065e-05
5.546619335515e-05
5.54631170271769e-05
5.54600410404304e-05
5.54569653948536e-05
5.54538900903898e-05
5.54508151269824e-05
5.54477405045744e-05
5.54446662231093e-05
5.54415922825304e-05
5.54385186827808e-05
5.5435445423804e-05
5.54323725055432e-05
5.54292999279419e-05
5.54262276909434e-05
5.54231557944909e-05
5.5420084238528e-05
5.54170130229981e-05
5.54139421478444e-05
5.54108716130105e-05
5.54078014184397e-05
5.54047315640756e-05
5.54016620498615e-05
5.5398592875741e-05
5.53955240416574e-05
5.53924555475544e-05
5.53893873933754e-05
5.5386319579064e-05
5.53832521045636e-05
5.53801849698178e-05
5.53771181747702e-05
5.53740517193643e-05
5.53709856035437e-05
5.53679198272521e-05
5.5364854390433e-05
5.53617892930299e-05
5.53587245349867e-05
5.53556601162469e-05
5.53525960367541e-05
5.53495322964521e-05
5.53464688952845e-05
5.5343405833195e-05
5.53403431101273e-05
5.53372807260251e-05
5.53342186808322e-05
5.53311569744923e-05
5.53280956069492e-05
5.53250345781466e-05
5.53219738880283e-05
5.53189135365381e-05
5.53158535236199e-05
5.53127938492173e-05
5.53097345132743e-05
5.53066755157347e-05
5.53036168565424e-05
5.53005585356412e-05
5.5297500552975e-05
5.52944429084877e-05
5.52913856021232e-05
5.52883286338254e-05
5.52852720035383e-05
5.52822157112057e-05
5.52791597567717e-05
5.52761041401802e-05
5.52730488613752e-05
5.52699939203007e-05
5.52669393169006e-05
5.52638850511191e-05
5.52608311229001e-05
5.52577775321877e-05
5.52547242789258e-05
5.52516713630587e-05
5.52486187845304e-05
5.52455665432849e-05
5.52425146392664e-05
5.52394630724189e-05
5.52364118426867e-05
5.52333609500138e-05
5.52303103943444e-05
5.52272601756227e-05
5.52242102937928e-05
5.52211607487989e-05
5.52181115405853e-05
5.52150626690961e-05
5.52120141342756e-05
5.5208965936068e-05
5.52059180744176e-05
5.52028705492686e-05
5.51998233605652e-05
5.51967765082519e-05
5.51937299922729e-05
5.51906838125724e-05
5.51876379690949e-05
5.51845924617847e-05
5.5181547290586e-05
5.51785024554434e-05
5.5175457956301e-05
5.51724137931034e-05
5.5169369965795e-05
5.51663264743201e-05
5.51632833186231e-05
5.51602404986486e-05
5.51571980143409e-05
5.51541558656445e-05
5.51511140525039e-05
5.51480725748635e-05
5.51450314326679e-05
5.51419906258616e-05
5.51389501543891e-05
5.51359100181949e-05
5.51328702172235e-05
5.51298307514196e-05
5.51267916207277e-05
5.51237528250923e-05
5.51207143644582e-05
5.51176762387698e-05
5.51146384479718e-05
5.51116009920088e-05
5.51085638708255e-05
5.51055270843666e-05
5.51024906325766e-05
5.50994545154003e-05
5.50964187327824e-05
5.50933832846675e-05
5.50903481710004e-05
5.50873133917259e-05
5.50842789467886e-05
5.50812448361333e-05
5.50782110597048e-05
5.50751776174478e-05
5.50721445093072e-05
5.50691117352277e-05
5.50660792951542e-05
5.50630471890314e-05
5.50600154168043e-05
5.50569839784177e-05
5.50539528738163e-05
5.50509221029452e-05
5.50478916657492e-05
5.50448615621732e-05
5.5041831792162e-05
5.50388023556607e-05
5.50357732526142e-05
5.50327444829674e-05
5.50297160466652e-05
5.50266879436527e-05
5.50236601738748e-05
5.50206327372765e-05
5.50176056338028e-05
5.50145788633988e-05
5.50115524260095e-05
5.50085263215798e-05
5.5005500550055e-05
5.500247511138e-05
5.49994500054999e-05
5.49964252323599e-05
5.4993400791905e-05
5.49903766840803e-05
5.4987352908831e-05
5.49843294661022e-05
5.4981306355839e-05
5.49782835779867e-05
5.49752611324904e-05
5.49722390192953e-05
5.49692172383465e-05
5.49661957895894e-05
5.49631746729691e-05
5.49601538884309e-05
5.495713343592e-05
5.49541133153817e-05
5.49510935267612e-05
5.49480740700038e-05
5.49450549450549e-05
5.49420361518598e-05
5.49390176903637e-05
5.4935999560512e-05
5.49329817622501e-05
5.49299642955232e-05
5.49269471602768e-05
5.49239303564563e-05
5.4920913884007e-05
5.49178977428744e-05
5.49148819330038e-05
5.49118664543408e-05
5.49088513068307e-05
5.49058364904189e-05
5.49028220050511e-05
5.48998078506725e-05
5.48967940272288e-05
5.48937805346654e-05
5.48907673729279e-05
5.48877545419617e-05
5.48847420417124e-05
5.48817298721256e-05
5.48787180331467e-05
5.48757065247215e-05
5.48726953467954e-05
5.48696844993141e-05
5.48666739822232e-05
5.48636637954683e-05
5.4860653938995e-05
5.48576444127489e-05
5.48546352166758e-05
5.48516263507213e-05
5.48486178148311e-05
5.48456096089508e-05
5.48426017330262e-05
5.4839594187003e-05
5.48365869708269e-05
5.48335800844437e-05
5.48305735277991e-05
5.48275673008389e-05
5.48245614035088e-05
5.48215558357546e-05
5.48185505975222e-05
5.48155456887573e-05
5.48125411094058e-05
5.48095368594135e-05
5.48065329387263e-05
5.480352934729e-05
5.48005260850504e-05
5.47975231519535e-05
5.47945205479452e-05
5.47915182729713e-05
5.47885163269779e-05
5.47855147099107e-05
5.47825134217158e-05
5.47795124623391e-05
5.47765118317266e-05
5.47735115298242e-05
5.47705115565779e-05
5.47675119119338e-05
5.47645125958379e-05
5.47615136082361e-05
5.47585149490746e-05
5.47555166182993e-05
5.47525186158563e-05
5.47495209416918e-05
5.47465235957517e-05
5.47435265779822e-05
5.47405298883293e-05
5.47375335267393e-05
5.47345374931582e-05
5.47315417875322e-05
5.47285464098074e-05
5.472555135993e-05
5.47225566378461e-05
5.4719562243502e-05
5.47165681768439e-05
5.4713574437818e-05
5.47105810263705e-05
5.47075879424476e-05
5.47045951859956e-05
5.47016027569608e-05
5.46986106552894e-05
5.46956188809276e-05
5.46926274338219e-05
5.46896363139185e-05
5.46866455211637e-05
5.46836550555039e-05
5.46806649168854e-05
5.46776751052545e-05
5.46746856205577e-05
5.46716964627412e-05
5.46687076317516e-05
5.46657191275351e-05
5.46627309500383e-05
5.46597430992074e-05
5.46567555749891e-05
5.46537683773296e-05
5.46507815061755e-05
5.46477949614733e-05
5.46448087431694e-05
5.46418228512103e-05
5.46388372855426e-05
5.46358520461127e-05
5.46328671328671e-05
5.46298825457525e-05
5.46268982847154e-05
5.46239143497023e-05
5.46209307406598e-05
5.46179474575345e-05
5.46149645002731e-05
5.4611981868822e-05
5.4608999563128e-05
5.46060175831377e-05
5.46030359287976e-05
5.46000546000546e-05
5.45970735968552e-05
5.45940929191461e-05
5.45911125668741e-05
5.45881325399858e-05
5.45851528384279e-05
5.45821734621473e-05
5.45791944110905e-05
5.45762156852044e-05
5.45732372844357e-05
5.45702592087312e-05
5.45672814580378e-05
5.45643040323021e-05
5.4561326931471e-05
5.45583501554913e-05
5.45553737043099e-05
5.45523975778735e-05
5.45494217761292e-05
5.45464462990236e-05
5.45434711465038e-05
5.45404963185165e-05
5.45375218150087e-05
5.45345476359274e-05
5.45315737812193e-05
5.45286002508316e-05
5.4525627044711e-05
5.45226541628046e-05
5.45196816050594e-05
5.45167093714223e-05
5.45137374618404e-05
5.45107658762606e-05
5.45077946146299e-05
5.45048236768954e-05
5.45018530630041e-05
5.44988827729032e-05
5.44959128065395e-05
5.44929431638603e-05
5.44899738448126e-05
5.44870048493434e-05
5.44840361774e-05
5.44810678289294e-05
5.44780998038788e-05
5.44751321021953e-05
5.44721647238261e-05
5.44691976687183e-05
5.44662309368192e-05
5.44632645280758e-05
5.44602984424355e-05
5.44573326798453e-05
5.44543672402527e-05
5.44514021236047e-05
5.44484373298486e-05
5.44454728589318e-05
5.44425087108014e-05
5.44395448854048e-05
5.44365813826892e-05
5.44336182026019e-05
5.44306553450904e-05
5.44276928101018e-05
5.44247305975835e-05
5.4421768707483e-05
5.44188071397475e-05
5.44158458943244e-05
5.44128849711612e-05
5.44099243702051e-05
5.44069640914037e-05
5.44040041347043e-05
5.44010445000544e-05
5.43980851874014e-05
5.43951261966928e-05
5.4392167527876e-05
5.43892091808985e-05
5.43862511557078e-05
5.43832934522515e-05
5.43803360704769e-05
5.43773790103317e-05
5.43744222717634e-05
5.43714658547194e-05
5.43685097591475e-05
5.43655539849951e-05
5.43625985322098e-05
5.43596434007393e-05
5.43566885905311e-05
5.43537341015328e-05
5.4350779933692e-05
5.43478260869565e-05
5.43448725612738e-05
5.43419193565917e-05
5.43389664728577e-05
5.43360139100196e-05
5.4333061668025e-05
5.43301097468217e-05
5.43271581463574e-05
5.43242068665798e-05
5.43212559074366e-05
5.43183052688756e-05
5.43153549508446e-05
5.43124049532913e-05
5.43094552761636e-05
5.43065059194091e-05
5.43035568829758e-05
5.43006081668115e-05
5.42976597708639e-05
5.42947116950809e-05
5.42917639394104e-05
5.42888165038002e-05
5.42858693881983e-05
5.42829225925524e-05
5.42799761168105e-05
5.42770299609205e-05
5.42740841248304e-05
5.4271138608488e-05
5.42681934118413e-05
5.42652485348383e-05
5.42623039774269e-05
5.42593597395551e-05
5.42564158211709e-05
5.42534722222222e-05
5.42505289426572e-05
5.42475859824238e-05
5.424464334147e-05
5.4241701019744e-05
5.42387590171937e-05
5.42358173337672e-05
5.42328759694127e-05
5.42299349240781e-05
5.42269941977116e-05
5.42240537902614e-05
5.42211137016754e-05
5.4218173931902e-05
5.42152344808891e-05
5.42122953485851e-05
5.42093565349379e-05
5.42064180398959e-05
5.42034798634072e-05
5.42005420054201e-05
5.41976044658826e-05
5.41946672447431e-05
5.41917303419498e-05
5.4188793757451e-05
5.41858574911948e-05
5.41829215431296e-05
5.41799859132037e-05
5.41770506013653e-05
5.41741156075627e-05
5.41711809317443e-05
5.41682465738584e-05
5.41653125338533e-05
5.41623788116774e-05
5.4159445407279e-05
5.41565123206066e-05
5.41535795516084e-05
5.41506471002328e-05
5.41477149664284e-05
5.41447831501435e-05
5.41418516513265e-05
5.41389204699258e-05
5.413598960589e-05
5.41330590591674e-05
5.41301288297066e-05
5.4127198917456e-05
5.41242693223641e-05
5.41213400443795e-05
5.41184110834506e-05
5.41154824395259e-05
5.41125541125541e-05
5.41096261024836e-05
5.41066984092631e-05
5.4103771032841e-05
5.4100843973166e-05
5.40979172301866e-05
5.40949908038516e-05
5.40920646941094e-05
5.40891389009087e-05
5.40862134241982e-05
5.40832882639264e-05
5.40803634200422e-05
5.40774388924941e-05
5.40745146812307e-05
5.40715907862009e-05
5.40686672073533e-05
5.40657439446367e-05
5.40628209979997e-05
5.40598983673911e-05
5.40569760527596e-05
5.40540540540541e-05
5.40511323712232e-05
5.40482110042158e-05
5.40452899529806e-05
5.40423692174665e-05
5.40394487976223e-05
5.40365286933967e-05
5.40336089047387e-05
5.40306894315971e-05
5.40277702739208e-05
5.40248514316586e-05
5.40219329047593e-05
5.4019014693172e-05
5.40160967968455e-05
5.40131792157286e-05
5.40102619497705e-05
5.40073449989199e-05
5.40044283631258e-05
5.40015120423372e-05
5.39985960365031e-05
5.39956803455724e-05
5.39927649694941e-05
5.39898499082173e-05
5.39869351616909e-05
5.3984020729864e-05
5.39811066126856e-05
5.39781928101047e-05
5.39752793220705e-05
5.39723661485319e-05
5.39694532894382e-05
5.39665407447383e-05
5.39636285143813e-05
5.39607165983164e-05
5.39578049964927e-05
5.39548937088594e-05
5.39519827353655e-05
5.39490720759603e-05
5.39461617305929e-05
5.39432516992124e-05
5.39403419817682e-05
5.39374325782093e-05
5.3934523488485e-05
5.39316147125445e-05
5.39287062503371e-05
5.39257981018119e-05
5.39228902669183e-05
5.39199827456055e-05
5.39170755378228e-05
5.39141686435195e-05
5.39112620626449e-05
5.39083557951482e-05
5.39054498409789e-05
5.39025442000862e-05
5.38996388724196e-05
5.38967338579282e-05
5.38938291565616e-05
5.3890924768269e-05
5.38880206929999e-05
5.38851169307037e-05
5.38822134813298e-05
5.38793103448276e-05
5.38764075211465e-05
5.3873505010236e-05
5.38706028120455e-05
5.38677009265245e-05
5.38647993536224e-05
5.38618980932888e-05
5.38589971454732e-05
5.38560965101249e-05
5.38531961871937e-05
5.3850296176629e-05
5.38473964783803e-05
5.38444970923972e-05
5.38415980186292e-05
5.38386992570259e-05
5.3835800807537e-05
5.3832902670112e-05
5.38300048447004e-05
5.3827107331252e-05
5.38242101297163e-05
5.38213132400431e-05
5.38184166621818e-05
5.38155203960822e-05
5.3812624441694e-05
5.38097287989669e-05
5.38068334678504e-05
5.38039384482944e-05
5.38010437402486e-05
5.37981493436626e-05
5.37952552584862e-05
5.37923614846692e-05
5.37894680221613e-05
5.37865748709122e-05
5.37836820308718e-05
5.37807895019899e-05
5.37778972842162e-05
5.37750053775005e-05
5.37721137817928e-05
5.37692224970427e-05
5.37663315232002e-05
5.37634408602151e-05
5.37605505080372e-05
5.37576604666165e-05
5.37547707359028e-05
5.37518813158461e-05
5.37489922063961e-05
5.3746103407503e-05
5.37432149191165e-05
5.37403267411866e-05
5.37374388736633e-05
5.37345513164965e-05
5.37316640696362e-05
5.37287771330325e-05
5.37258905066351e-05
5.37230041903943e-05
5.372011818426e-05
5.37172324881822e-05
5.3714347102111e-05
5.37114620259963e-05
5.37085772597884e-05
5.37056928034372e-05
5.37028086568928e-05
5.36999248201053e-05
5.36970412930248e-05
5.36941580756014e-05
5.36912751677852e-05
5.36883925695265e-05
5.36855102807752e-05
5.36826283014816e-05
5.36797466315959e-05
5.36768652710682e-05
5.36739842198486e-05
5.36711034778875e-05
5.3668223045135e-05
5.36653429215413e-05
5.36624631070566e-05
5.36595836016313e-05
5.36567044052154e-05
5.36538255177594e-05
5.36509469392135e-05
5.36480686695279e-05
5.3645190708653e-05
5.3642313056539e-05
5.36394357131363e-05
5.36365586783952e-05
5.3633681952266e-05
5.36308055346991e-05
5.36279294256449e-05
5.36250536250536e-05
5.36221781328758e-05
5.36193029490617e-05
5.36164280735617e-05
5.36135535063264e-05
5.36106792473061e-05
5.36078052964512e-05
5.36049316537121e-05
5.36020583190395e-05
5.35991852923836e-05
5.35963125736949e-05
5.35934401629241e-05
5.35905680600214e-05
5.35876962649376e-05
5.3584824777623e-05
5.35819535980282e-05
5.35790827261037e-05
5.35762121618002e-05
5.3573341905068e-05
5.35704719558579e-05
5.35676023141204e-05
5.35647329798061e-05
5.35618639528656e-05
5.35589952332494e-05
5.35561268209083e-05
5.35532587157929e-05
5.35503909178537e-05
5.35475234270415e-05
5.35446562433069e-05
5.35417893666006e-05
5.35389227968733e-05
5.35360565340757e-05
5.35331905781585e-05
5.35303249290723e-05
5.3527459586768e-05
5.35245945511963e-05
5.35217298223079e-05
5.35188654000535e-05
5.3516001284384e-05
5.35131374752502e-05
5.35102739726027e-05
5.35074107763925e-05
5.35045478865704e-05
5.3501685303087e-05
5.34988230258934e-05
5.34959610549404e-05
5.34930993901787e-05
5.34902380315592e-05
5.34873769790329e-05
5.34845162325507e-05
5.34816557920633e-05
5.34787956575218e-05
5.3475935828877e-05
5.34730763060799e-05
5.34702170890814e-05
5.34673581778324e-05
5.3464499572284e-05
5.34616412723871e-05
5.34587832780926e-05
5.34559255893516e-05
5.3453068206115e-05
5.3450211128334e-05
5.34473543559594e-05
5.34444978889423e-05
5.34416417272339e-05
5.3438785870785e-05
5.34359303195469e-05
5.34330750734705e-05
5.34302201325069e-05
5.34273654966074e-05
5.34245111657228e-05
5.34216571398045e-05
5.34188034188034e-05
5.34159500026708e-05
5.34130968913578e-05
5.34102440848155e-05
5.34073915829951e-05
5.34045393858478e-05
5.34016874933248e-05
5.33988359053773e-05
5.33959846219564e-05
5.33931336430135e-05
5.33902829684997e-05
5.33874325983663e-05
5.33845825325646e-05
5.33817327710457e-05
5.33788833137611e-05
5.33760341606619e-05
5.33731853116994e-05
5.3370336766825e-05
5.336748852599e-05
5.33646405891456e-05
5.33617929562433e-05
5.33589456272344e-05
5.33560986020702e-05
5.33532518807021e-05
5.33504054630815e-05
5.33475593491598e-05
5.33447135388883e-05
5.33418680322185e-05
5.33390228291018e-05
5.33361779294896e-05
5.33333333333333e-05
5.33304890405845e-05
5.33276450511945e-05
5.33248013651149e-05
5.33219579822971e-05
5.33191149026926e-05
5.33162721262529e-05
5.33134296529296e-05
5.33105874826741e-05
5.33077456154379e-05
5.33049040511727e-05
5.330206278983e-05
5.32992218313613e-05
5.32963811757182e-05
5.32935408228523e-05
5.32907007727152e-05
5.32878610252584e-05
5.32850215804337e-05
5.32821824381927e-05
5.32793435984869e-05
5.3276505061268e-05
5.32736668264877e-05
5.32708288940976e-05
5.32679912640494e-05
5.32651539362949e-05
5.32623169107856e-05
5.32594801874734e-05
5.32566437663098e-05
5.32538076472468e-05
5.32509718302359e-05
5.3248136315229e-05
5.32453011021777e-05
5.3242466191034e-05
5.32396315817495e-05
5.3236797274276e-05
5.32339632685653e-05
5.32311295645694e-05
5.32282961622398e-05
5.32254630615286e-05
5.32226302623876e-05
5.32197977647685e-05
5.32169655686233e-05
5.32141336739038e-05
5.32113020805619e-05
5.32084707885495e-05
5.32056397978186e-05
5.32028091083209e-05
5.31999787200085e-05
5.31971486328333e-05
5.31943188467472e-05
5.31914893617021e-05
5.31886601776501e-05
5.31858312945431e-05
5.31830027123331e-05
5.31801744309721e-05
5.31773464504121e-05
5.31745187706051e-05
5.31716913915032e-05
5.31688643130583e-05
5.31660375352225e-05
5.31632110579479e-05
5.31603848811865e-05
5.31575590048905e-05
5.31547334290119e-05
5.31519081535027e-05
5.31490831783152e-05
5.31462585034014e-05
5.31434341287134e-05
5.31406100542034e-05
5.31377862798236e-05
5.3134962805526e-05
5.3132139631263e-05
5.31293167569865e-05
5.31264941826489e-05
5.31236719082023e-05
5.31208499335989e-05
5.3118028258791e-05
5.31152068837308e-05
5.31123858083705e-05
5.31095650326624e-05
5.31067445565587e-05
5.31039243800117e-05
5.31011045029737e-05
5.30982849253969e-05
5.30954656472337e-05
5.30926466684364e-05
5.30898279889573e-05
5.30870096087487e-05
5.3084191527763e-05
5.30813737459525e-05
5.30785562632696e-05
5.30757390796667e-05
5.30729221950961e-05
5.30701056095102e-05
5.30672893228614e-05
5.30644733351022e-05
5.30616576461849e-05
5.3058842256062e-05
5.30560271646859e-05
5.30532123720091e-05
5.30503978779841e-05
5.30475836825633e-05
5.30447697856991e-05
5.30419561873442e-05
5.30391428874509e-05
5.30363298859719e-05
5.30335171828596e-05
5.30307047780665e-05
5.30278926715452e-05
5.30250808632483e-05
5.30222693531283e-05
5.30194581411378e-05
5.30166472272294e-05
5.30138366113556e-05
5.3011026293469e-05
5.30082162735224e-05
5.30054065514682e-05
5.30025971272592e-05
5.2999788000848e-05
5.29969791721872e-05
5.29941706412295e-05
5.29913624079275e-05
5.2988554472234e-05
5.29857468341016e-05
5.29829394934831e-05
5.29801324503311e-05
5.29773257045984e-05
5.29745192562378e-05
5.29717131052018e-05
5.29689072514434e-05
5.29661016949153e-05
5.29632964355701e-05
5.29604914733609e-05
5.29576868082402e-05
5.2954882440161e-05
5.2952078369076e-05
5.2949274594938e-05
5.29464711177e-05
5.29436679373147e-05
5.2940865053735e-05
5.29380624669137e-05
5.29352601768038e-05
5.2932458183358e-05
5.29296564865294e-05
5.29268550862708e-05
5.29240539825351e-05
5.29212531752752e-05
5.29184526644441e-05
5.29156524499947e-05
5.291285253188e-05
5.29100529100529e-05
5.29072535844664e-05
5.29044545550735e-05
5.29016558218272e-05
5.28988573846805e-05
5.28960592435864e-05
5.28932613984978e-05
5.2890463849368e-05
5.28876665961498e-05
5.28848696387963e-05
5.28820729772607e-05
5.2879276611496e-05
5.28764805414552e-05
5.28736847670914e-05
5.28708892883578e-05
5.28680941052075e-05
5.28652992175936e-05
5.28625046254692e-05
5.28597103287874e-05
5.28569163275015e-05
5.28541226215645e-05
5.28513292109297e-05
5.28485360955502e-05
5.28457432753792e-05
5.28429507503699e-05
5.28401585204756e-05
5.28373665856494e-05
5.28345749458446e-05
5.28317836010144e-05
5.2828992551112e-05
5.28262017960909e-05
5.28234113359041e-05
5.2820621170505e-05
5.28178312998468e-05
5.2815041723883e-05
5.28122524425667e-05
5.28094634558513e-05
5.28066747636901e-05
5.28038863660365e-05
5.28010982628439e-05
5.27983104540655e-05
5.27955229396547e-05
5.2792735719565e-05
5.27899487937497e-05
5.27871621621622e-05
5.27843758247559e-05
5.27815897814842e-05
5.27788040323006e-05
5.27760185771585e-05
5.27732334160114e-05
5.27704485488127e-05
5.27676639755158e-05
5.27648796960743e-05
5.27620957104416e-05
5.27593120185713e-05
5.27565286204168e-05
5.27537455159316e-05
5.27509627050694e-05
5.27481801877835e-05
5.27453979640276e-05
5.27426160337553e-05
5.273983439692e-05
5.27370530534754e-05
5.2734272003375e-05
5.27314912465725e-05
5.27287107830214e-05
5.27259306126753e-05
5.2723150735488e-05
5.27203711514129e-05
5.27175918604038e-05
5.27148128624143e-05
5.27120341573981e-05
5.27092557453089e-05
5.27064776261003e-05
5.27036997997259e-05
5.27009222661397e-05
5.26981450252951e-05
5.2695368077146e-05
5.26925914216461e-05
5.26898150587491e-05
5.26870389884089e-05
5.2684263210579e-05
5.26814877252134e-05
5.26787125322657e-05
5.26759376316898e-05
5.26731630234396e-05
5.26703887074687e-05
5.2667614683731e-05
5.26648409521803e-05
5.26620675127706e-05
5.26592943654555e-05
5.2656521510189e-05
5.2653748946925e-05
5.26509766756173e-05
5.26482046962199e-05
5.26454330086865e-05
5.26426616129712e-05
5.26398905090277e-05
5.26371196968102e-05
5.26343491762724e-05
5.26315789473684e-05
5.26288090100521e-05
5.26260393642774e-05
5.26232700099984e-05
5.2620500947169e-05
5.26177321757432e-05
5.2614963695675e-05
5.26121955069185e-05
5.26094276094276e-05
5.26066600031564e-05
5.26038926880589e-05
5.26011256640892e-05
5.25983589312013e-05
5.25955924893494e-05
5.25928263384874e-05
5.25900604785695e-05
5.25872949095499e-05
5.25845296313824e-05
5.25817646440215e-05
5.2578999947421e-05
5.25762355415352e-05
5.25734714263183e-05
5.25707076017243e-05
5.25679440677075e-05
5.2565180824222e-05
5.25624178712221e-05
5.25596552086618e-05
5.25568928364955e-05
5.25541307546773e-05
5.25513689631615e-05
5.25486074619023e-05
5.25458462508539e-05
5.25430853299706e-05
5.25403246992066e-05
5.25375643585163e-05
5.2534804307854e-05
5.25320445471738e-05
5.25292850764301e-05
5.25265258955773e-05
5.25237670045696e-05
5.25210084033613e-05
5.25182500919069e-05
5.25154920701607e-05
5.2512734338077e-05
5.25099768956102e-05
5.25072197427146e-05
5.25044628793447e-05
5.25017063054549e-05
5.24989500209996e-05
5.24961940259331e-05
5.249343832021e-05
5.24906829037846e-05
5.24879277766114e-05
5.24851729386448e-05
5.24824183898394e-05
5.24796641301496e-05
5.24769101595298e-05
5.24741564779346e-05
5.24714030853185e-05
5.2468649981636e-05
5.24658971668416e-05
5.24631446408898e-05
5.24603924037352e-05
5.24576404553323e-05
5.24548887956358e-05
5.24521374246001e-05
5.24493863421798e-05
5.24466355483296e-05
5.2443885043004e-05
5.24411348261576e-05
5.24383848977451e-05
5.24356352577212e-05
5.24328859060403e-05
5.24301368426572e-05
5.24273880675265e-05
5.24246395806029e-05
5.24218913818411e-05
5.24191434711957e-05
5.24163958486214e-05
5.24136485140731e-05
5.24109014675052e-05
5.24081547088727e-05
5.24054082381302e-05
5.24026620552324e-05
5.23999161601341e-05
5.23971705527902e-05
5.23944252331552e-05
5.23916802011841e-05
5.23889354568315e-05
5.23861910000524e-05
5.23834468308015e-05
5.23807029490336e-05
5.23779593547035e-05
5.23752160477662e-05
5.23724730281764e-05
5.2369730295889e-05
5.23669878508588e-05
5.23642456930408e-05
5.23615038223898e-05
5.23587622388607e-05
5.23560209424084e-05
5.23532799329878e-05
5.23505392105539e-05
5.23477987750615e-05
5.23450586264657e-05
5.23423187647213e-05
5.23395791897833e-05
5.23368399016067e-05
5.23341009001465e-05
5.23313621853577e-05
5.23286237571952e-05
5.2325885615614e-05
5.23231477605693e-05
5.23204101920159e-05
5.2317672909909e-05
5.23149359142035e-05
5.23121992048546e-05
5.23094627818172e-05
5.23067266450466e-05
5.23039907944976e-05
5.23012552301255e-05
5.22985199518854e-05
5.22957849597322e-05
5.22930502536213e-05
5.22903158335076e-05
5.22875816993464e-05
5.22848478510928e-05
5.22821142887018e-05
5.22793810121288e-05
5.22766480213289e-05
5.22739153162572e-05
5.2271182896869e-05
5.22684507631194e-05
5.22657189149637e-05
5.22629873523571e-05
5.22602560752548e-05
5.2257525083612e-05
5.22547943773841e-05
5.22520639565263e-05
5.22493338209938e-05
5.22466039707419e-05
5.22438744057259e-05
5.22411451259012e-05
5.22384161312229e-05
5.22356874216465e-05
5.22329589971272e-05
5.22302308576204e-05
5.22275030030814e-05
5.22247754334656e-05
5.22220481487284e-05
5.22193211488251e-05
5.2216594433711e-05
5.22138680033417e-05
5.22111418576724e-05
5.22084159966587e-05
5.22056904202558e-05
5.22029651284193e-05
5.22002401211046e-05
5.2197515398267e-05
5.21947909598622e-05
5.21920668058455e-05
5.21893429361724e-05
5.21866193507985e-05
5.21838960496791e-05
5.21811730327698e-05
5.21784503000261e-05
5.21757278514035e-05
5.21730056868576e-05
5.21702838063439e-05
5.21675622098179e-05
5.21648408972353e-05
5.21621198685515e-05
5.21593991237221e-05
5.21566786627028e-05
5.2153958485449e-05
5.21512385919166e-05
5.21485189820609e-05
5.21457996558377e-05
5.21430806132026e-05
5.21403618541113e-05
5.21376433785193e-05
5.21349251863824e-05
5.21322072776561e-05
5.21294896522963e-05
5.21267723102585e-05
5.21240552514986e-05
5.21213384759721e-05
5.21186219836348e-05
5.21159057744424e-05
5.21131898483506e-05
5.21104742053153e-05
5.21077588452921e-05
5.21050437682368e-05
5.21023289741051e-05
5.2099614462853e-05
5.20969002344361e-05
5.20941862888102e-05
5.20914726259311e-05
5.20887592457548e-05
5.20860461482369e-05
5.20833333333333e-05
5.2080620801e-05
5.20779085511926e-05
5.20751965838671e-05
5.20724848989794e-05
5.20697734964853e-05
5.20670623763407e-05
5.20643515385016e-05
5.20616409829238e-05
5.20589307095632e-05
5.20562207183758e-05
5.20535110093176e-05
5.20508015823444e-05
5.20480924374122e-05
5.20453835744769e-05
5.20426749934947e-05
5.20399666944213e-05
5.20372586772129e-05
5.20345509418254e-05
5.20318434882148e-05
5.20291363163372e-05
5.20264294261485e-05
5.20237228176048e-05
5.20210164906622e-05
5.20183104452767e-05
5.20156046814044e-05
5.20128991990014e-05
5.20101939980236e-05
5.20074890784273e-05
5.20047844401685e-05
5.20020800832033e-05
5.19993760074879e-05
5.19966722129784e-05
5.19939686996308e-05
5.19912654674015e-05
5.19885625162464e-05
5.19858598461219e-05
5.19831574569839e-05
5.19804553487889e-05
5.19777535214928e-05
5.1975051975052e-05
5.19723507094226e-05
5.19696497245609e-05
5.1966949020423e-05
5.19642485969653e-05
5.19615484541439e-05
5.19588485919152e-05
5.19561490102354e-05
5.19534497090607e-05
5.19507506883474e-05
5.1948051948052e-05
5.19453534881305e-05
5.19426553085394e-05
5.19399574092349e-05
5.19372597901735e-05
5.19345624513114e-05
5.19318653926049e-05
5.19291686140105e-05
5.19264721154845e-05
5.19237758969832e-05
5.19210799584631e-05
5.19183842998806e-05
5.1915688921192e-05
5.19129938223537e-05
5.19102990033223e-05
5.1907604464054e-05
5.19049102045053e-05
5.19022162246328e-05
5.18995225243928e-05
5.18968291037418e-05
5.18941359626362e-05
5.18914431010326e-05
5.18887505188875e-05
5.18860582161573e-05
5.18833661927986e-05
5.18806744487678e-05
5.18779829840216e-05
5.18752917985164e-05
5.18726008922087e-05
5.18699102650552e-05
5.18672199170124e-05
5.18645298480369e-05
5.18618400580853e-05
5.1859150547114e-05
5.18564613150799e-05
5.18537723619393e-05
5.18510836876491e-05
5.18483952921657e-05
5.18457071754459e-05
5.18430193374462e-05
5.18403317781234e-05
5.1837644497434e-05
5.18349574953349e-05
5.18322707717825e-05
5.18295843267337e-05
5.18268981601451e-05
5.18242122719735e-05
5.18215266621755e-05
5.18188413307078e-05
5.18161562775273e-05
5.18134715025907e-05
5.18107870058546e-05
5.18081027872759e-05
5.18054188468114e-05
5.18027351844177e-05
5.18000518000518e-05
5.17973686936704e-05
5.17946858652302e-05
5.17920033146882e-05
5.17893210420011e-05
5.17866390471258e-05
5.17839573300192e-05
5.17812758906379e-05
5.17785947289391e-05
5.17759138448794e-05
5.17732332384157e-05
5.17705529095051e-05
5.17678728581043e-05
5.17651930841702e-05
5.17625135876598e-05
5.175983436853e-05
5.17571554267377e-05
5.17544767622399e-05
5.17517983749935e-05
5.17491202649555e-05
5.17464424320828e-05
5.17437648763324e-05
5.17410875976613e-05
5.17384105960265e-05
5.1735733871385e-05
5.17330574236937e-05
5.17303812529098e-05
5.17277053589903e-05
5.17250297418921e-05
5.17223544015724e-05
5.17196793379881e-05
5.17170045510964e-05
5.17143300408543e-05
5.17116558072189e-05
5.17089818501474e-05
5.17063081695967e-05
5.1703634765524e-05
5.17009616378865e-05
5.16982887866412e-05
5.16956162117452e-05
5.16929439131559e-05
5.16902718908301e-05
5.16876001447253e-05
5.16849286747984e-05
5.16822574810068e-05
5.16795865633075e-05
5.16769159216578e-05
5.16742455560149e-05
5.1671575466336e-05
5.16689056525783e-05
5.1666236114699e-05
5.16635668526555e-05
5.16608978664049e-05
5.16582291559045e-05
5.16555607211116e-05
5.16528925619835e-05
5.16502246784773e-05
5.16475570705506e-05
5.16448897381604e-05
5.16422226812642e-05
5.16395558998193e-05
5.16368893937829e-05
5.16342231631125e-05
5.16315572077654e-05
5.16288915276989e-05
5.16262261228704e-05
5.16235609932373e-05
5.1620896138757e-05
5.16182315593868e-05
5.16155672550841e-05
5.16129032258065e-05
5.16102394715111e-05
5.16075759921556e-05
5.16049127876974e-05
5.16022498580938e-05
5.15995872033024e-05
5.15969248232805e-05
5.15942627179858e-05
5.15916008873755e-05
5.15889393314073e-05
5.15862780500387e-05
5.15836170432271e-05
5.158095631093e-05
5.1578295853105e-05
5.15756356697096e-05
5.15729757607014e-05
5.15703161260379e-05
5.15676567656766e-05
5.15649976795751e-05
5.1562338867691e-05
5.1559680329982e-05
5.15570220664054e-05
5.15543640769191e-05
5.15517063614806e-05
5.15490489200474e-05
5.15463917525773e-05
5.15437348590279e-05
5.15410782393568e-05
5.15384218935216e-05
5.15357658214801e-05
5.15331100231899e-05
5.15304544986087e-05
5.15277992476941e-05
5.1525144270404e-05
5.15224895666959e-05
5.15198351365276e-05
5.15171809798568e-05
5.15145270966413e-05
5.15118734868387e-05
5.15092201504069e-05
5.15065670873036e-05
5.15039142974866e-05
5.15012617809136e-05
5.14986095375425e-05
5.1495957567331e-05
5.14933058702369e-05
5.1490654446218e-05
5.14880032952322e-05
5.14853524172373e-05
5.14827018121911e-05
5.14800514800515e-05
5.14774014207763e-05
5.14747516343234e-05
5.14721021206506e-05
5.14694528797159e-05
5.14668039114771e-05
5.14641552158921e-05
5.14615067929189e-05
5.14588586425153e-05
5.14562107646393e-05
5.14535631592488e-05
5.14509158263017e-05
5.1448268765756e-05
5.14456219775697e-05
5.14429754617007e-05
5.1440329218107e-05
5.14376832467466e-05
5.14350375475774e-05
5.14323921205575e-05
5.14297469656449e-05
5.14271020827976e-05
5.14244574719737e-05
5.14218131331311e-05
5.14191690662279e-05
5.14165252712222e-05
5.1413881748072e-05
5.14112384967354e-05
5.14085955171705e-05
5.14059528093353e-05
5.1403310373188e-05
5.14006682086867e-05
5.13980263157895e-05
5.13953846944544e-05
5.13927433446397e-05
5.13901022663035e-05
5.13874614594039e-05
5.13848209238991e-05
5.13821806597472e-05
5.13795406669064e-05
5.1376900945335e-05
5.1374261494991e-05
5.13716223158327e-05
5.13689834078184e-05
5.13663447709061e-05
5.13637064050542e-05
5.13610683102209e-05
5.13584304863643e-05
5.13557929334429e-05
5.13531556514148e-05
5.13505186402383e-05
5.13478818998716e-05
5.13452454302732e-05
5.13426092314011e-05
5.13399733032139e-05
5.13373376456697e-05
5.13347022587269e-05
5.13320671423438e-05
5.13294322964788e-05
5.13267977210902e-05
5.13241634161363e-05
5.13215293815756e-05
5.13188956173663e-05
5.13162621234669e-05
5.13136288998358e-05
5.13109959464313e-05
5.13083632632119e-05
5.1305730850136e-05
5.13030987071619e-05
5.13004668342482e-05
5.12978352313532e-05
5.12952038984355e-05
5.12925728354534e-05
5.12899420423655e-05
5.12873115191302e-05
5.12846812657059e-05
5.12820512820513e-05
5.12794215681247e-05
5.12767921238847e-05
5.12741629492899e-05
5.12715340442986e-05
5.12689054088695e-05
5.12662770429611e-05
5.1263648946532e-05
5.12610211195407e-05
5.12583935619458e-05
5.12557662737058e-05
5.12531392547794e-05
5.1250512505125e-05
5.12478860247015e-05
5.12452598134673e-05
5.1242633871381e-05
5.12400081984013e-05
5.12373827944869e-05
5.12347576595963e-05
5.12321327936882e-05
5.12295081967213e-05
5.12268838686543e-05
5.12242598094458e-05
5.12216360190544e-05
5.1219012497439e-05
5.12163892445583e-05
5.12137662603708e-05
5.12111435448354e-05
5.12085210979107e-05
5.12058989195555e-05
5.12032770097286e-05
5.12006553683887e-05
5.11980339954946e-05
5.1195412891005e-05
5.11927920548787e-05
5.11901714870745e-05
5.11875511875512e-05
5.11849311562676e-05
5.11823113931825e-05
5.11796918982548e-05
5.11770726714432e-05
5.11744537127066e-05
5.11718350220039e-05
5.11692165992939e-05
5.11665984445354e-05
5.11639805576874e-05
5.11613629387087e-05
5.11587455875582e-05
5.11561285041948e-05
5.11535116885774e-05
5.1150895140665e-05
5.11482788604163e-05
5.11456628477905e-05
5.11430471027464e-05
5.11404316252429e-05
5.11378164152391e-05
5.11352014726938e-05
5.11325867975661e-05
5.11299723898149e-05
5.11273582493993e-05
5.11247443762781e-05
5.11221307704105e-05
5.11195174317554e-05
5.11169043602719e-05
5.1114291555919e-05
5.11116790186558e-05
5.11090667484412e-05
5.11064547452343e-05
5.11038430089943e-05
5.11012315396801e-05
5.10986203372509e-05
5.10960094016657e-05
5.10933987328837e-05
5.10907883308639e-05
5.10881781955655e-05
5.10855683269476e-05
5.10829587249694e-05
5.10803493895898e-05
5.10777403207682e-05
5.10751315184637e-05
5.10725229826353e-05
5.10699147132424e-05
5.10673067102441e-05
5.10646989735996e-05
5.1062091503268e-05
5.10594842992086e-05
5.10568773613806e-05
5.10542706897432e-05
5.10516642842557e-05
5.10490581448772e-05
5.10464522715671e-05
5.10438466642846e-05
5.1041241322989e-05
5.10386362476395e-05
5.10360314381954e-05
5.1033426894616e-05
5.10308226168606e-05
5.10282186048885e-05
5.10256148586591e-05
5.10230113781315e-05
5.10204081632653e-05
5.10178052140197e-05
5.1015202530354e-05
5.10126001122277e-05
5.10099979596001e-05
5.10073960724305e-05
5.10047944506784e-05
5.10021930943031e-05
5.0999592003264e-05
5.09969911775205e-05
5.09943906170321e-05
5.09917903217582e-05
5.09891902916582e-05
5.09865905266915e-05
5.09839910268176e-05
5.09813917919959e-05
5.0978792822186e-05
5.09761941173472e-05
5.09735956774391e-05
5.09709975024211e-05
5.09683995922528e-05
5.09658019468936e-05
5.09632045663031e-05
5.09606074504408e-05
5.09580105992662e-05
5.09554140127389e-05
5.09528176908183e-05
5.09502216334641e-05
5.09476258406358e-05
5.0945030312293e-05
5.09424350483953e-05
5.09398400489022e-05
5.09372453137734e-05
5.09346508429685e-05
5.0932056636447e-05
5.09294626941686e-05
5.09268690160929e-05
5.09242756021796e-05
5.09216824523882e-05
5.09190895666785e-05
5.09164969450102e-05
5.09139045873428e-05
5.09113124936361e-05
5.09087206638497e-05
5.09061290979434e-05
5.09035377958768e-05
5.09009467576097e-05
5.08983559831017e-05
5.08957654723127e-05
5.08931752252023e-05
5.08905852417303e-05
5.08879955218564e-05
5.08854060655404e-05
5.08828168727421e-05
5.08802279434212e-05
5.08776392775375e-05
5.08750508750509e-05
5.0872462735921e-05
5.08698748601078e-05
5.08672872475711e-05
5.08646998982706e-05
5.08621128121662e-05
5.08595259892178e-05
5.08569394293851e-05
5.08543531326282e-05
5.08517670989067e-05
5.08491813281806e-05
5.08465958204098e-05
5.08440105755542e-05
5.08414255935736e-05
5.08388408744281e-05
5.08362564180774e-05
5.08336722244815e-05
5.08310882936004e-05
5.08285046253939e-05
5.08259212198221e-05
5.08233380768449e-05
5.08207551964222e-05
5.08181725785141e-05
5.08155902230804e-05
5.08130081300813e-05
5.08104262994767e-05
5.08078447312265e-05
5.08052634252909e-05
5.08026823816298e-05
5.08001016002032e-05
5.07975210809712e-05
5.07949408238939e-05
5.07923608289313e-05
5.07897810960435e-05
5.07872016251905e-05
5.07846224163323e-05
5.07820434694292e-05
5.07794647844412e-05
5.07768863613283e-05
5.07743082000508e-05
5.07717303005686e-05
5.07691526628421e-05
5.07665752868311e-05
5.07639981724961e-05
5.0761421319797e-05
5.0758844728694e-05
5.07562683991473e-05
5.07536923311171e-05
5.07511165245635e-05
5.07485409794468e-05
5.07459656957272e-05
5.07433906733648e-05
5.07408159123199e-05
5.07382414125526e-05
5.07356671740233e-05
5.07330931966922e-05
5.07305194805195e-05
5.07279460254654e-05
5.07253728314903e-05
5.07227998985544e-05
5.0720227226618e-05
5.07176548156413e-05
5.07150826655847e-05
5.07125107764085e-05
5.0709939148073e-05
5.07073677805385e-05
5.07047966737653e-05
5.07022258277138e-05
5.06996552423444e-05
5.06970849176172e-05
5.06945148534929e-05
5.06919450499316e-05
5.06893755068938e-05
5.06868062243398e-05
5.06842372022301e-05
5.06816684405251e-05
5.06790999391851e-05
5.06765316981706e-05
5.0673963717442e-05
5.06713959969597e-05
5.06688285366842e-05
5.0666261336576e-05
5.06636943965954e-05
5.0661127716703e-05
5.06585612968592e-05
5.06559951370245e-05
5.06534292371594e-05
5.06508635972243e-05
5.06482982171799e-05
5.06457330969866e-05
5.06431682366049e-05
5.06406036359953e-05
5.06380392951185e-05
5.06354752139349e-05
5.06329113924051e-05
5.06303478304896e-05
5.06277845281491e-05
5.0625221485344e-05
5.0622658702035e-05
5.06200961781827e-05
5.06175339137477e-05
5.06149719086906e-05
5.0612410162972e-05
5.06098486765525e-05
5.06072874493927e-05
5.06047264814534e-05
5.06021657726951e-05
5.05996053230785e-05
5.05970451325643e-05
5.05944852011131e-05
5.05919255286856e-05
5.05893661152426e-05
5.05868069607446e-05
5.05842480651525e-05
5.05816894284269e-05
5.05791310505286e-05
5.05765729314182e-05
5.05740150710565e-05
5.05714574694043e-05
5.05689001264223e-05
5.05663430420712e-05
5.05637862163119e-05
5.05612296491051e-05
5.05586733404116e-05
5.05561172901921e-05
5.05535614984076e-05
5.05510059650187e-05
5.05484506899864e-05
5.05458956732713e-05
5.05433409148345e-05
5.05407864146366e-05
5.05382321726386e-05
5.05356781888013e-05
5.05331244630856e-05
5.05305709954522e-05
5.05280177858623e-05
5.05254648342765e-05
5.05229121406558e-05
5.05203597049611e-05
5.05178075271533e-05
5.05152556071934e-05
5.05127039450422e-05
5.05101525406607e-05
5.05076013940098e-05
5.05050505050505e-05
5.05024998737437e-05
5.04999495000505e-05
5.04973993839317e-05
5.04948495253484e-05
5.04922999242616e-05
5.04897505806321e-05
5.04872014944212e-05
5.04846526655897e-05
5.04821040940986e-05
5.04795557799091e-05
5.04770077229822e-05
5.04744599232788e-05
5.04719123807601e-05
5.04693650953871e-05
5.04668180671209e-05
5.04642712959225e-05
5.0461724781753e-05
5.04591785245736e-05
5.04566325243453e-05
5.04540867810293e-05
5.04515412945865e-05
5.04489960649783e-05
5.04464510921657e-05
5.04439063761098e-05
5.04413619167718e-05
5.04388177141128e-05
5.0436273768094e-05
5.04337300786766e-05
5.04311866458218e-05
5.04286434694907e-05
5.04261005496445e-05
5.04235578862445e-05
5.04210154792518e-05
5.04184733286276e-05
5.04159314343333e-05
5.04133897963299e-05
5.04108484145788e-05
5.04083072890412e-05
5.04057664196784e-05
5.04032258064516e-05
5.04006854493221e-05
5.03981453482512e-05
5.03956055032001e-05
5.03930659141302e-05
5.03905265810028e-05
5.03879875037791e-05
5.03854486824205e-05
5.03829101168884e-05
5.03803718071439e-05
5.03778337531486e-05
5.03752959548637e-05
5.03727584122507e-05
5.03702211252707e-05
5.03676840938854e-05
5.03651473180559e-05
5.03626107977438e-05
5.03600745329103e-05
5.0357538523517e-05
5.03550027695252e-05
5.03524672708963e-05
5.03499320275918e-05
5.03473970395731e-05
5.03448623068016e-05
5.03423278292388e-05
5.03397936068462e-05
5.03372596395852e-05
5.03347259274173e-05
5.0332192470304e-05
5.03296592682068e-05
5.03271263210871e-05
5.03245936289064e-05
5.03220611916264e-05
5.03195290092085e-05
5.03169970816142e-05
5.0314465408805e-05
5.03119339907426e-05
5.03094028273884e-05
5.03068719187041e-05
5.03043412646511e-05
5.03018108651911e-05
5.02992807202857e-05
5.02967508298964e-05
5.02942211939848e-05
5.02916918125126e-05
5.02891626854413e-05
5.02866338127326e-05
5.02841051943481e-05
5.02815768302494e-05
5.02790487203982e-05
5.02765208647562e-05
5.02739932632849e-05
5.02714659159461e-05
5.02689388227015e-05
5.02664119835126e-05
5.02638853983413e-05
5.02613590671492e-05
5.0258832989898e-05
5.02563071665494e-05
5.02537815970652e-05
5.0251256281407e-05
5.02487312195367e-05
5.02462064114159e-05
5.02436818570065e-05
5.02411575562701e-05
5.02386335091685e-05
5.02361097156636e-05
5.02335861757171e-05
5.02310628892907e-05
5.02285398563464e-05
5.02260170768458e-05
5.02234945507508e-05
5.02209722780233e-05
5.0218450258625e-05
5.02159284925178e-05
5.02134069796636e-05
5.02108857200241e-05
5.02083647135613e-05
5.0205843960237e-05
5.02033234600131e-05
5.02008032128514e-05
5.01982832187139e-05
5.01957634775625e-05
5.0193243989359e-05
5.01907247540654e-05
5.01882057716437e-05
5.01856870420556e-05
5.01831685652632e-05
5.01806503412284e-05
5.01781323699132e-05
5.01756146512795e-05
5.01730971852893e-05
5.01705799719045e-05
5.01680630110871e-05
5.01655463027992e-05
5.01630298470028e-05
5.01605136436597e-05
5.01579976927321e-05
5.0155481994182e-05
5.01529665479713e-05
5.01504513540622e-05
5.01479364124166e-05
5.01454217229967e-05
5.01429072857644e-05
5.01403931006819e-05
5.01378791677112e-05
5.01353654868144e-05
5.01328520579536e-05
5.01303388810908e-05
5.01278259561883e-05
5.0125313283208e-05
5.01228008621122e-05
5.01202886928629e-05
5.01177767754222e-05
5.01152651097524e-05
5.01127536958156e-05
5.01102425335739e-05
5.01077316229894e-05
5.01052209640245e-05
5.01027105566411e-05
5.01002004008016e-05
5.00976904964681e-05
5.00951808436028e-05
5.0092671442168e-05
5.00901622921258e-05
5.00876533934385e-05
5.00851447460683e-05
5.00826363499775e-05
5.00801282051282e-05
5.00776203114828e-05
5.00751126690035e-05
5.00726052776526e-05
5.00700981373924e-05
5.0067591248185e-05
5.0065084609993e-05
5.00625782227785e-05
5.00600720865038e-05
5.00575662011313e-05
5.00550605666233e-05
5.00525551829421e-05
5.00500500500501e-05
5.00475451679095e-05
5.00450405364828e-05
5.00425361557324e-05
5.00400320256205e-05
5.00375281461096e-05
5.0035024517162e-05
5.00325211387402e-05
5.00300180108065e-05
5.00275151333233e-05
5.00250125062531e-05
5.00225101295583e-05
5.00200080032013e-05
5.00175061271445e-05
5.00150045013504e-05
5.00125031257814e-05
5.00100020004001e-05
5.00075011251688e-05
5.000500050005e-05
5.00025001250062e-05
5e-05
4.99975001249937e-05
4.999500049995e-05
4.99925011248313e-05
4.99900019996001e-05
4.99875031242189e-05
4.99850044986504e-05
4.9982506122857e-05
4.99800079968013e-05
4.99775101204458e-05
4.99750124937531e-05
4.99725151166858e-05
4.99700179892065e-05
4.99675211112777e-05
4.9965024482862e-05
4.99625281039221e-05
4.99600319744205e-05
4.99575360943198e-05
4.99550404635828e-05
4.99525450821719e-05
4.995004995005e-05
4.99475550671795e-05
4.99450604335231e-05
4.99425660490436e-05
4.99400719137036e-05
4.99375780274657e-05
4.99350843902926e-05
4.99325910021471e-05
4.99300978629918e-05
4.99276049727895e-05
4.99251123315027e-05
4.99226199390944e-05
4.99201277955272e-05
4.99176359007637e-05
4.99151442547669e-05
4.99126528574994e-05
4.99101617089239e-05
4.99076708090033e-05
4.99051801577004e-05
4.99026897549778e-05
4.99001996007984e-05
4.9897709695125e-05
4.98952200379204e-05
4.98927306291473e-05
4.98902414687687e-05
4.98877525567473e-05
4.9885263893046e-05
4.98827754776276e-05
4.98802873104549e-05
4.98777993914908e-05
4.98753117206983e-05
4.987282429804e-05
4.9870337123479e-05
4.9867850196978e-05
4.98653635185e-05
4.9862877088008e-05
4.98603909054647e-05
4.98579049708331e-05
4.98554192840762e-05
4.98529338451568e-05
4.98504486540379e-05
4.98479637106824e-05
4.98454790150533e-05
4.98429945671136e-05
4.98405103668262e-05
4.9838026414154e-05
4.98355427090601e-05
4.98330592515075e-05
4.9830576041459e-05
4.98280930788779e-05
4.9825610363727e-05
4.98231278959693e-05
4.9820645675568e-05
4.98181637024859e-05
4.98156819766863e-05
4.9813200498132e-05
4.98107192667862e-05
4.98082382826119e-05
4.98057575455723e-05
4.98032770556303e-05
4.9800796812749e-05
4.97983168168916e-05
4.97958370680211e-05
4.97933575661007e-05
4.97908783110934e-05
4.97883993029624e-05
4.97859205416708e-05
4.97834420271818e-05
4.97809637594584e-05
4.97784857384638e-05
4.97760079641613e-05
4.97735304365139e-05
4.97710531554848e-05
4.97685761210372e-05
4.97660993331343e-05
4.97636227917392e-05
4.97611464968153e-05
4.97586704483256e-05
4.97561946462335e-05
4.9753719090502e-05
4.97512437810945e-05
4.97487687179742e-05
4.97462939011044e-05
4.97438193304482e-05
4.9741345005969e-05
4.97388709276299e-05
4.97363970953944e-05
4.97339235092256e-05
4.97314501690869e-05
4.97289770749416e-05
4.97265042267529e-05
4.97240316244841e-05
4.97215592680986e-05
4.97190871575598e-05
4.97166152928309e-05
4.97141436738752e-05
4.97116723006562e-05
4.97092011731372e-05
4.97067302912814e-05
4.97042596550524e-05
4.97017892644135e-05
4.96993191193281e-05
4.96968492197595e-05
4.96943795656711e-05
4.96919101570264e-05
4.96894409937888e-05
4.96869720759217e-05
4.96845034033885e-05
4.96820349761526e-05
4.96795667941776e-05
4.96770988574267e-05
4.96746311658636e-05
4.96721637194516e-05
4.96696965181543e-05
4.9667229561935e-05
4.96647628507574e-05
4.96622963845848e-05
4.96598301633808e-05
4.96573641871089e-05
4.96548984557327e-05
4.96524329692155e-05
4.9649967727521e-05
4.96475027306126e-05
4.96450379784541e-05
4.96425734710087e-05
4.96401092082403e-05
4.96376451901122e-05
4.96351814165881e-05
4.96327178876315e-05
4.96302546032061e-05
4.96277915632754e-05
4.96253287678031e-05
4.96228662167527e-05
4.96204039100878e-05
4.96179418477722e-05
4.96154800297693e-05
4.96130184560429e-05
4.96105571265565e-05
4.96080960412739e-05
4.96056352001587e-05
4.96031746031746e-05
4.96007142502852e-05
4.95982541414542e-05
4.95957942766453e-05
4.95933346558223e-05
4.95908752789487e-05
4.95884161459883e-05
4.95859572569048e-05
4.9583498611662e-05
4.95810402102236e-05
4.95785820525533e-05
4.95761241386148e-05
4.9573666468372e-05
4.95712090417885e-05
4.95687518588282e-05
4.95662949194548e-05
4.9563838223632e-05
4.95613817713238e-05
4.95589255624938e-05
4.95564695971059e-05
4.95540138751239e-05
4.95515583965116e-05
4.95491031612328e-05
4.95466481692513e-05
4.95441934205311e-05
4.95417389150359e-05
4.95392846527296e-05
4.95368306335761e-05
4.95343768575391e-05
4.95319233245827e-05
4.95294700346706e-05
4.95270169877668e-05
4.95245641838352e-05
4.95221116228396e-05
4.9519659304744e-05
4.95172072295123e-05
4.95147553971083e-05
4.95123038074962e-05
4.95098524606397e-05
4.95074013565028e-05
4.95049504950495e-05
4.95024998762438e-05
4.95000495000495e-05
4.94975993664307e-05
4.94951494753514e-05
4.94926998267755e-05
4.94902504206671e-05
4.94878012569901e-05
4.94853523357086e-05
4.94829036567866e-05
4.9480455220188e-05
4.9478007025877e-05
4.94755590738175e-05
4.94731113639737e-05
4.94706638963095e-05
4.9468216670789e-05
4.94657696873763e-05
4.94633229460355e-05
4.94608764467306e-05
4.94584301894258e-05
4.94559841740851e-05
4.94535384006726e-05
4.94510928691524e-05
4.94486475794887e-05
4.94462025316456e-05
4.94437577255871e-05
4.94413131612776e-05
4.9438868838681e-05
4.94364247577615e-05
4.94339809184834e-05
4.94315373208107e-05
4.94290939647076e-05
4.94266508501384e-05
4.94242079770672e-05
4.94217653454581e-05
4.94193229552755e-05
4.94168808064835e-05
4.94144388990463e-05
4.94119972329282e-05
4.94095558080933e-05
4.94071146245059e-05
4.94046736821303e-05
4.94022329809307e-05
4.93997925208714e-05
4.93973523019166e-05
4.93949123240306e-05
4.93924725871777e-05
4.93900330913222e-05
4.93875938364283e-05
4.93851548224604e-05
4.93827160493827e-05
4.93802775171596e-05
4.93778392257555e-05
4.93754011751345e-05
4.93729633652612e-05
4.93705257960997e-05
4.93680884676145e-05
4.936565137977e-05
4.93632145325304e-05
4.93607779258601e-05
4.93583415597236e-05
4.93559054340852e-05
4.93534695489093e-05
4.93510339041603e-05
4.93485984998026e-05
4.93461633358006e-05
4.93437284121188e-05
4.93412937287216e-05
4.93388592855733e-05
4.93364250826385e-05
4.93339911198816e-05
4.9331557397267e-05
4.93291239147593e-05
4.93266906723228e-05
4.93242576699221e-05
4.93218249075216e-05
4.93193923850858e-05
4.93169601025793e-05
4.93145280599665e-05
4.93120962572119e-05
4.93096646942801e-05
4.93072333711355e-05
4.93048022877428e-05
4.93023714440665e-05
4.9299940840071e-05
4.9297510475721e-05
4.9295080350981e-05
4.92926504658155e-05
4.92902208201893e-05
4.92877914140667e-05
4.92853622474125e-05
4.92829333201912e-05
4.92805046323674e-05
4.92780761839058e-05
4.92756479747709e-05
4.92732200049273e-05
4.92707922743398e-05
4.92683647829729e-05
4.92659375307912e-05
4.92635105177595e-05
4.92610837438424e-05
4.92586572090045e-05
4.92562309132105e-05
4.92538048564252e-05
4.92513790386131e-05
4.9248953459739e-05
4.92465281197676e-05
4.92441030186635e-05
4.92416781563916e-05
4.92392535329164e-05
4.92368291482029e-05
4.92344050022156e-05
4.92319810949193e-05
4.92295574262787e-05
4.92271339962587e-05
4.9224710804824e-05
4.92222878519394e-05
4.92198651375695e-05
4.92174426616793e-05
4.92150204242335e-05
4.92125984251968e-05
4.92101766645342e-05
4.92077551422104e-05
4.92053338581902e-05
4.92029128124385e-05
4.92004920049201e-05
4.91980714355997e-05
4.91956511044424e-05
4.91932310114128e-05
4.9190811156476e-05
4.91883915395967e-05
4.91859721607398e-05
4.91835530198702e-05
4.91811341169527e-05
4.91787154519524e-05
4.9176297024834e-05
4.91738788355625e-05
4.91714608841029e-05
4.91690431704199e-05
4.91666256944786e-05
4.91642084562439e-05
4.91617914556806e-05
4.91593746927539e-05
4.91569581674286e-05
4.91545418796697e-05
4.91521258294421e-05
4.91497100167109e-05
4.9147294441441e-05
4.91448791035974e-05
4.91424640031451e-05
4.91400491400491e-05
4.91376345142745e-05
4.91352201257862e-05
4.91328059745492e-05
4.91303920605286e-05
4.91279783836895e-05
4.91255649439969e-05
4.91231517414157e-05
4.91207387759112e-05
4.91183260474483e-05
4.91159135559921e-05
4.91135013015078e-05
4.91110892839603e-05
4.91086775033148e-05
4.91062659595364e-05
4.91038546525902e-05
4.91014435824413e-05
4.90990327490548e-05
4.90966221523959e-05
4.90942117924297e-05
4.90918016691213e-05
4.90893917824358e-05
4.90869821323385e-05
4.90845727187945e-05
4.90821635417689e-05
4.9079754601227e-05
4.90773458971339e-05
4.90749374294548e-05
4.90725291981549e-05
4.90701212031994e-05
4.90677134445535e-05
4.90653059221824e-05
4.90628986360514e-05
4.90604915861257e-05
4.90580847723705e-05
4.9055678194751e-05
4.90532718532326e-05
4.90508657477805e-05
4.90484598783598e-05
4.9046054244936e-05
4.90436488474743e-05
4.90412436859399e-05
4.90388387602982e-05
4.90364340705144e-05
4.90340296165539e-05
4.9031625398382e-05
4.90292214159639e-05
4.90268176692651e-05
4.90244141582508e-05
4.90220108828864e-05
4.90196078431373e-05
4.90172050389687e-05
4.9014802470346e-05
4.90124001372347e-05
4.90099980396001e-05
4.90075961774075e-05
4.90051945506224e-05
4.90027931592101e-05
4.9000392003136e-05
4.89979910823656e-05
4.89955903968643e-05
4.89931899465974e-05
4.89907897315305e-05
4.89883897516289e-05
4.8985990006858e-05
4.89835904971834e-05
4.89811912225705e-05
4.89787921829848e-05
4.89763933783916e-05
4.89739948087566e-05
4.89715964740451e-05
4.89691983742226e-05
4.89668005092547e-05
4.89644028791069e-05
4.89620054837446e-05
4.89596083231334e-05
4.89572113972388e-05
4.89548147060263e-05
4.89524182494615e-05
4.89500220275099e-05
4.89476260401371e-05
4.89452302873085e-05
4.89428347689898e-05
4.89404394851466e-05
4.89380444357443e-05
4.89356496207487e-05
4.89332550401253e-05
4.89308606938396e-05
4.89284665818573e-05
4.8926072704144e-05
4.89236790606654e-05
4.89212856513869e-05
4.89188924762743e-05
4.89164995352933e-05
4.89141068284093e-05
4.89117143555882e-05
4.89093221167955e-05
4.89069301119969e-05
4.89045383411581e-05
4.89021468042447e-05
4.88997555012225e-05
4.88973644320571e-05
4.88949735967143e-05
4.88925829951596e-05
4.8890192627359e-05
4.88878024932779e-05
4.88854125928823e-05
4.88830229261378e-05
4.88806334930101e-05
4.8878244293465e-05
4.88758553274682e-05
4.88734665949856e-05
4.88710780959828e-05
4.88686898304256e-05
4.88663017982799e-05
4.88639139995114e-05
4.88615264340858e-05
4.8859139101969e-05
4.88567520031268e-05
4.8854365137525e-05
4.88519785051295e-05
4.88495921059059e-05
4.88472059398202e-05
4.88448200068383e-05
4.88424343069259e-05
4.88400488400488e-05
4.88376636061731e-05
4.88352786052644e-05
4.88328938372888e-05
4.8830509302212e-05
4.8828125e-05
4.88257409306186e-05
4.88233570940338e-05
4.88209734902114e-05
4.88185901191174e-05
4.88162069807176e-05
4.8813824074978e-05
4.88114414018646e-05
4.88090589613432e-05
4.88066767533799e-05
4.88042947779405e-05
4.8801913034991e-05
4.87995315244974e-05
4.87971502464256e-05
4.87947692007417e-05
4.87923883874116e-05
4.87900078064012e-05
4.87876274576767e-05
4.8785247341204e-05
4.87828674569491e-05
4.87804878048781e-05
4.87781083849568e-05
4.87757291971515e-05
4.87733502414281e-05
4.87709715177526e-05
4.87685930260912e-05
4.87662147664098e-05
4.87638367386746e-05
4.87614589428516e-05
4.87590813789068e-05
4.87567040468064e-05
4.87543269465165e-05
4.87519500780031e-05
4.87495734412324e-05
4.87471970361704e-05
4.87448208627833e-05
4.87424449210372e-05
4.87400692108983e-05
4.87376937323326e-05
4.87353184853063e-05
4.87329434697856e-05
4.87305686857366e-05
4.87281941331254e-05
4.87258198119183e-05
4.87234457220815e-05
4.8721071863581e-05
4.87186982363831e-05
4.8716324840454e-05
4.87139516757599e-05
4.8711578742267e-05
4.87092060399415e-05
4.87068335687497e-05
4.87044613286577e-05
4.87020893196318e-05
4.86997175416383e-05
4.86973459946433e-05
4.86949746786132e-05
4.86926035935141e-05
4.86902327393125e-05
4.86878621159745e-05
4.86854917234664e-05
4.86831215617545e-05
4.86807516308052e-05
4.86783819305846e-05
4.86760124610592e-05
4.86736432221952e-05
4.86712742139589e-05
4.86689054363167e-05
4.8666536889235e-05
4.86641685726799e-05
4.8661800486618e-05
4.86594326310155e-05
4.86570650058388e-05
4.86546976110543e-05
4.86523304466284e-05
4.86499635125274e-05
4.86475968087176e-05
4.86452303351656e-05
4.86428640918377e-05
4.86404980787003e-05
4.86381322957198e-05
4.86357667428627e-05
4.86334014200953e-05
4.86310363273841e-05
4.86286714646956e-05
4.86263068319961e-05
4.86239424292522e-05
4.86215782564302e-05
4.86192143134967e-05
4.86168506004181e-05
4.86144871171609e-05
4.86121238636916e-05
4.86097608399767e-05
4.86073980459826e-05
4.86050354816759e-05
4.86026731470231e-05
4.86003110419907e-05
4.85979491665452e-05
4.85955875206531e-05
4.85932261042811e-05
4.85908649173955e-05
4.85885039599631e-05
4.85861432319502e-05
4.85837827333236e-05
4.85814224640497e-05
4.85790624240952e-05
4.85767026134266e-05
4.85743430320105e-05
4.85719836798135e-05
4.85696245568022e-05
4.85672656629432e-05
4.85649069982031e-05
4.85625485625486e-05
4.85601903559462e-05
4.85578323783626e-05
4.85554746297645e-05
4.85531171101185e-05
4.85507598193912e-05
4.85484027575493e-05
4.85460459245594e-05
4.85436893203884e-05
4.85413329450027e-05
4.85389767983691e-05
4.85366208804543e-05
4.8534265191225e-05
4.85319097306479e-05
4.85295544986897e-05
4.85271994953171e-05
4.85248447204969e-05
4.85224901741957e-05
4.85201358563804e-05
4.85177817670176e-05
4.85154279060741e-05
4.85130742735167e-05
4.85107208693121e-05
4.85083676934271e-05
4.85060147458285e-05
4.8503662026483e-05
4.85013095353575e-05
4.84989572724186e-05
4.84966052376334e-05
4.84942534309684e-05
4.84919018523907e-05
4.84895505018668e-05
4.84871993793638e-05
4.84848484848485e-05
4.84824978182876e-05
4.8480147379648e-05
4.84777971688966e-05
4.84754471860003e-05
4.84730974309258e-05
4.84707479036402e-05
4.84683986041101e-05
4.84660495323026e-05
4.84637006881846e-05
4.84613520717228e-05
4.84590036828843e-05
4.84566555216359e-05
4.84543075879446e-05
4.84519598817772e-05
4.84496124031008e-05
4.84472651518822e-05
4.84449181280884e-05
4.84425713316863e-05
4.84402247626429e-05
4.84378784209252e-05
4.84355323065e-05
4.84331864193345e-05
4.84308407593956e-05
4.84284953266502e-05
4.84261501210654e-05
4.84238051426081e-05
4.84214603912454e-05
4.84191158669443e-05
4.84167715696717e-05
4.84144274993948e-05
4.84120836560806e-05
4.8409740039696e-05
4.84073966502082e-05
4.84050534875841e-05
4.84027105517909e-05
4.84003678427956e-05
4.83980253605653e-05
4.8395683105067e-05
4.83933410762679e-05
4.8390999274135e-05
4.83886576986354e-05
4.83863163497363e-05
4.83839752274047e-05
4.83816343316077e-05
4.83792936623125e-05
4.83769532194862e-05
4.8374613003096e-05
4.83722730131089e-05
4.83699332494921e-05
4.83675937122128e-05
4.83652544012381e-05
4.83629153165353e-05
4.83605764580714e-05
4.83582378258136e-05
4.83558994197292e-05
4.83535612397853e-05
4.83512232859491e-05
4.83488855581879e-05
4.83465480564688e-05
4.8344210780759e-05
4.83418737310258e-05
4.83395369072364e-05
4.83372003093581e-05
4.8334863937358e-05
4.83325277912035e-05
4.83301918708617e-05
4.83278561763e-05
4.83255207074856e-05
4.83231854643858e-05
4.83208504469679e-05
4.83185156551991e-05
4.83161810890467e-05
4.83138467484781e-05
4.83115126334606e-05
4.83091787439614e-05
4.83068450799478e-05
4.83045116413873e-05
4.83021784282471e-05
4.82998454404946e-05
4.82975126780971e-05
4.82951801410219e-05
4.82928478292365e-05
4.82905157427081e-05
4.82881838814042e-05
4.82858522452921e-05
4.82835208343392e-05
4.82811896485129e-05
4.82788586877806e-05
4.82765279521097e-05
4.82741974414675e-05
4.82718671558216e-05
4.82695370951393e-05
4.8267207259388e-05
4.82648776485352e-05
4.82625482625483e-05
4.82602191013947e-05
4.8257890165042e-05
4.82555614534575e-05
4.82532329666088e-05
4.82509047044632e-05
4.82485766669883e-05
4.82462488541516e-05
4.82439212659205e-05
4.82415939022625e-05
4.82392667631452e-05
4.8236939848536e-05
4.82346131584025e-05
4.82322866927121e-05
4.82299604514324e-05
4.8227634434531e-05
4.82253086419753e-05
4.82229830737329e-05
4.82206577297714e-05
4.82183326100583e-05
4.82160077145612e-05
4.82136830432477e-05
4.82113585960852e-05
4.82090343730415e-05
4.82067103740841e-05
4.82043865991805e-05
4.82020630482985e-05
4.81997397214055e-05
4.81974166184692e-05
4.81950937394573e-05
4.81927710843373e-05
4.8190448653077e-05
4.81881264456438e-05
4.81858044620055e-05
4.81834827021297e-05
4.81811611659841e-05
4.81788398535363e-05
4.81765187647541e-05
4.8174197899605e-05
4.81718772580567e-05
4.81695568400771e-05
4.81672366456336e-05
4.81649166746942e-05
4.81625969272263e-05
4.81602774031978e-05
4.81579581025764e-05
4.81556390253299e-05
4.81533201714258e-05
4.81510015408321e-05
4.81486831335163e-05
4.81463649494463e-05
4.81440469885899e-05
4.81417292509147e-05
4.81394117363886e-05
4.81370944449793e-05
4.81347773766546e-05
4.81324605313824e-05
4.81301439091303e-05
4.81278275098662e-05
4.81255113335579e-05
4.81231953801732e-05
4.812087964968e-05
4.8118564142046e-05
4.81162488572391e-05
4.81139337952271e-05
4.81116189559779e-05
4.81093043394592e-05
4.81069899456391e-05
4.81046757744853e-05
4.81023618259657e-05
4.81000481000481e-05
4.80977345967005e-05
4.80954213158907e-05
4.80931082575867e-05
4.80907954217563e-05
4.80884828083674e-05
4.8086170417388e-05
4.80838582487859e-05
4.80815463025291e-05
4.80792345785855e-05
4.80769230769231e-05
4.80746117975097e-05
4.80723007403134e-05
4.80699899053021e-05
4.80676792924438e-05
4.80653689017063e-05
4.80630587330578e-05
4.80607487864661e-05
4.80584390618993e-05
4.80561295593253e-05
4.80538202787122e-05
4.80515112200279e-05
4.80492023832404e-05
4.80468937683179e-05
4.80445853752282e-05
4.80422772039395e-05
4.80399692544197e-05
4.80376615266369e-05
4.80353540205591e-05
4.80330467361545e-05
4.8030739673391e-05
4.80284328322367e-05
4.80261262126597e-05
4.80238198146281e-05
4.80215136381099e-05
4.80192076830732e-05
4.80169019494862e-05
4.80145964373169e-05
4.80122911465335e-05
4.8009986077104e-05
4.80076812289966e-05
4.80053766021794e-05
4.80030721966206e-05
4.80007680122882e-05
4.79984640491504e-05
4.79961603071754e-05
4.79938567863313e-05
4.79915534865864e-05
4.79892504079086e-05
4.79869475502663e-05
4.79846449136276e-05
4.79823424979607e-05
4.79800403032339e-05
4.79777383294151e-05
4.79754365764728e-05
4.79731350443751e-05
4.79708337330903e-05
4.79685326425865e-05
4.79662317728319e-05
4.79639311237949e-05
4.79616306954436e-05
4.79593304877464e-05
4.79570305006714e-05
4.79547307341869e-05
4.79524311882612e-05
4.79501318628626e-05
4.79478327579593e-05
4.79455338735197e-05
4.79432352095119e-05
4.79409367659044e-05
4.79386385426654e-05
4.79363405397632e-05
4.79340427571661e-05
4.79317451948425e-05
4.79294478527607e-05
4.79271507308891e-05
4.79248538291958e-05
4.79225571476494e-05
4.79202606862181e-05
4.79179644448704e-05
4.79156684235745e-05
4.79133726222989e-05
4.79110770410119e-05
4.79087816796819e-05
4.79064865382773e-05
4.79041916167665e-05
4.79018969151178e-05
4.78996024332998e-05
4.78973081712808e-05
4.78950141290292e-05
4.78927203065134e-05
4.78904267037019e-05
4.78881333205632e-05
4.78858401570656e-05
4.78835472131776e-05
4.78812544888676e-05
4.78789619841042e-05
4.78766696988557e-05
4.78743776330908e-05
4.78720857867777e-05
4.78697941598851e-05
4.78675027523814e-05
4.78652115642351e-05
4.78629205954147e-05
4.78606298458888e-05
4.78583393156257e-05
4.78560490045942e-05
4.78537589127626e-05
4.78514690400995e-05
4.78491793865735e-05
4.78468899521531e-05
4.78446007368068e-05
4.78423117405033e-05
4.7840022963211e-05
4.78377344048986e-05
4.78354460655346e-05
4.78331579450875e-05
4.78308700435261e-05
4.78285823608188e-05
4.78262948969343e-05
4.78240076518412e-05
4.78217206255081e-05
4.78194338179036e-05
4.78171472289963e-05
4.78148608587549e-05
4.7812574707148e-05
4.78102887741442e-05
4.78080030597122e-05
4.78057175638206e-05
4.78034322864382e-05
4.78011472275335e-05
4.77988623870752e-05
4.7796577765032e-05
4.77942933613727e-05
4.77920091760658e-05
4.77897252090801e-05
4.77874414603842e-05
4.7785157929947e-05
4.7782874617737e-05
4.77805915237231e-05
4.77783086478739e-05
4.77760259901581e-05
4.77737435505446e-05
4.77714613290021e-05
4.77691793254992e-05
4.77668975400048e-05
4.77646159724876e-05
4.77623346229164e-05
4.77600534912599e-05
4.7757772577487e-05
4.77554918815664e-05
4.77532114034669e-05
4.77509311431573e-05
4.77486511006064e-05
4.7746371275783e-05
4.7744091668656e-05
4.77418122791941e-05
4.77395331073662e-05
4.77372541531411e-05
4.77349754164877e-05
4.77326968973747e-05
4.77304185957711e-05
4.77281405116457e-05
4.77258626449673e-05
4.77235849957049e-05
4.77213075638273e-05
4.77190303493033e-05
4.77167533521019e-05
4.7714476572192e-05
4.77122000095424e-05
4.77099236641221e-05
4.77076475359e-05
4.7705371624845e-05
4.77030959309259e-05
4.77008204541118e-05
4.76985451943716e-05
4.76962701516741e-05
4.76939953259885e-05
4.76917207172835e-05
4.76894463255282e-05
4.76871721506915e-05
4.76848981927424e-05
4.76826244516498e-05
4.76803509273828e-05
4.76780776199104e-05
4.76758045292014e-05
4.7673531655225e-05
4.76712589979501e-05
4.76689865573458e-05
4.7666714333381e-05
4.76644423260248e-05
4.76621705352462e-05
4.76598989610142e-05
4.76576276032979e-05
4.76553564620663e-05
4.76530855372885e-05
4.76508148289336e-05
4.76485443369705e-05
4.76462740613684e-05
4.76440040020963e-05
4.76417341591234e-05
4.76394645324187e-05
4.76371951219512e-05
4.76349259276902e-05
4.76326569496046e-05
4.76303881876637e-05
4.76281196418365e-05
4.76258513120922e-05
4.76235831983998e-05
4.76213153007286e-05
4.76190476190476e-05
4.7616780153326e-05
4.7614512903533e-05
4.76122458696377e-05
4.76099790516092e-05
4.76077124494168e-05
4.76054460630296e-05
4.76031798924168e-05
4.76009139375476e-05
4.75986481983912e-05
4.75963826749167e-05
4.75941173670934e-05
4.75918522748905e-05
4.75895873982773e-05
4.75873227372228e-05
4.75850582916964e-05
4.75827940616673e-05
4.75805300471047e-05
4.75782662479779e-05
4.75760026642562e-05
4.75737392959087e-05
4.75714761429047e-05
4.75692132052136e-05
4.75669504828045e-05
4.75646879756469e-05
4.75624256837099e-05
4.75601636069628e-05
4.7557901745375e-05
4.75556400989157e-05
4.75533786675543e-05
4.75511174512601e-05
4.75488564500024e-05
4.75465956637505e-05
4.75443350924737e-05
4.75420747361415e-05
4.75398145947231e-05
4.75375546681879e-05
4.75352949565052e-05
4.75330354596445e-05
4.7530776177575e-05
4.75285171102662e-05
4.75262582576874e-05
4.7523999619808e-05
4.75217411965974e-05
4.75194829880251e-05
4.75172249940603e-05
4.75149672146726e-05
4.75127096498313e-05
4.75104522995059e-05
4.75081951636657e-05
4.75059382422803e-05
4.7503681535319e-05
4.75014250427513e-05
4.74991687645466e-05
4.74969127006745e-05
4.74946568511043e-05
4.74924012158055e-05
4.74901457947476e-05
4.74878905879001e-05
4.74856355952324e-05
4.74833808167141e-05
4.74811262523147e-05
4.74788719020036e-05
4.74766177657504e-05
4.74743638435245e-05
4.74721101352955e-05
4.74698566410329e-05
4.74676033607063e-05
4.74653502942852e-05
4.7463097441739e-05
4.74608448030375e-05
4.74585923781501e-05
4.74563401670463e-05
4.74540881696958e-05
4.74518363860681e-05
4.74495848161329e-05
4.74473334598596e-05
4.74450823172178e-05
4.74428313881772e-05
4.74405806727074e-05
4.7438330170778e-05
4.74360798823585e-05
4.74338298074187e-05
4.7431579945928e-05
4.74293302978562e-05
4.74270808631729e-05
4.74248316418477e-05
4.74225826338502e-05
4.74203338391502e-05
4.74180852577173e-05
4.74158368895211e-05
4.74135887345313e-05
4.74113407927176e-05
4.74090930640497e-05
4.74068455484972e-05
4.74045982460299e-05
4.74023511566174e-05
4.74001042802294e-05
4.73978576168357e-05
4.7395611166406e-05
4.739336492891e-05
4.73911189043173e-05
4.73888730925979e-05
4.73866274937213e-05
4.73843821076573e-05
4.73821369343757e-05
4.73798919738463e-05
4.73776472260388e-05
4.73754026909229e-05
4.73731583684684e-05
4.73709142586452e-05
4.7368670361423e-05
4.73664266767715e-05
4.73641832046606e-05
4.73619399450601e-05
4.73596968979399e-05
4.73574540632696e-05
4.73552114410191e-05
4.73529690311583e-05
4.73507268336569e-05
4.73484848484848e-05
4.73462430756119e-05
4.7344001515008e-05
4.7341760166643e-05
4.73395190304866e-05
4.73372781065089e-05
4.73350373946795e-05
4.73327968949685e-05
4.73305566073457e-05
4.7328316531781e-05
4.73260766682442e-05
4.73238370167053e-05
4.73215975771342e-05
4.73193583495008e-05
4.7317119333775e-05
4.73148805299267e-05
4.73126419379258e-05
4.73104035577423e-05
4.73081653893462e-05
4.73059274327073e-05
4.73036896877956e-05
4.73014521545811e-05
4.72992148330338e-05
4.72969777231235e-05
4.72947408248203e-05
4.72925041380941e-05
4.7290267662915e-05
4.72880313992529e-05
4.72857953470777e-05
4.72835595063596e-05
4.72813238770686e-05
4.72790884591745e-05
4.72768532526475e-05
4.72746182574576e-05
4.72723834735747e-05
4.7270148900969e-05
4.72679145396105e-05
4.72656803894692e-05
4.72634464505152e-05
4.72612127227185e-05
4.72589792060492e-05
4.72567459004773e-05
4.7254512805973e-05
4.72522799225063e-05
4.72500472500472e-05
4.7247814788566e-05
4.72455825380327e-05
4.72433504984173e-05
4.72411186696901e-05
4.72388870518211e-05
4.72366556447803e-05
4.72344244485381e-05
4.72321934630644e-05
4.72299626883295e-05
4.72277321243034e-05
4.72255017709563e-05
4.72232716282584e-05
4.72210416961798e-05
4.72188119746907e-05
4.72165824637613e-05
4.72143531633617e-05
4.72121240734621e-05
4.72098951940327e-05
4.72076665250437e-05
4.72054380664653e-05
4.72032098182676e-05
4.7200981780421e-05
4.71987539528956e-05
4.71965263356617e-05
4.71942989286894e-05
4.7192071731949e-05
4.71898447454108e-05
4.71876179690449e-05
4.71853914028217e-05
4.71831650467113e-05
4.71809389006841e-05
4.71787129647103e-05
4.71764872387602e-05
4.7174261722804e-05
4.71720364168121e-05
4.71698113207547e-05
4.71675864346021e-05
4.71653617583247e-05
4.71631372918927e-05
4.71609130352764e-05
4.71586889884461e-05
4.71564651513723e-05
4.71542415240251e-05
4.7152018106375e-05
4.71497948983922e-05
4.71475719000472e-05
4.71453491113102e-05
4.71431265321516e-05
4.71409041625418e-05
4.71386820024512e-05
4.71364600518501e-05
4.71342383107089e-05
4.7132016778998e-05
4.71297954566877e-05
4.71275743437485e-05
4.71253534401508e-05
4.71231327458649e-05
4.71209122608614e-05
4.71186919851105e-05
4.71164719185827e-05
4.71142520612485e-05
4.71120324130783e-05
4.71098129740425e-05
4.71075937441115e-05
4.71053747232559e-05
4.71031559114461e-05
4.71009373086524e-05
4.70987189148455e-05
4.70965007299958e-05
4.70942827540737e-05
4.70920649870497e-05
4.70898474288943e-05
4.70876300795781e-05
4.70854129390715e-05
4.7083196007345e-05
4.70809792843691e-05
4.70787627701144e-05
4.70765464645514e-05
4.70743303676505e-05
4.70721144793824e-05
4.70698987997176e-05
4.70676833286266e-05
4.70654680660799e-05
4.70632530120482e-05
4.7061038166502e-05
4.70588235294118e-05
4.70566091007482e-05
4.70543948804818e-05
4.70521808685833e-05
4.70499670650231e-05
4.70477534697718e-05
4.70455400828002e-05
4.70433269040787e-05
4.70411139335779e-05
4.70389011712686e-05
4.70366886171214e-05
4.70344762711067e-05
4.70322641331954e-05
4.70300522033579e-05
4.70278404815651e-05
4.70256289677874e-05
4.70234176619957e-05
4.70212065641604e-05
4.70189956742524e-05
4.70167849922422e-05
4.70145745181006e-05
4.70123642517982e-05
4.70101541933058e-05
4.70079443425939e-05
4.70057346996334e-05
4.70035252643948e-05
4.7001316036849e-05
4.69991070169667e-05
4.69968982047185e-05
4.69946896000752e-05
4.69924812030075e-05
4.69902730134862e-05
4.6988065031482e-05
4.69858572569657e-05
4.69836496899079e-05
4.69814423302795e-05
4.69792351780513e-05
4.6977028233194e-05
4.69748214956783e-05
4.69726149654751e-05
4.69704086425552e-05
4.69682025268893e-05
4.69659966184482e-05
4.69637909172028e-05
4.69615854231239e-05
4.69593801361822e-05
4.69571750563486e-05
4.69549701835939e-05
4.6952765517889e-05
4.69505610592047e-05
4.69483568075117e-05
4.69461527627811e-05
4.69439489249836e-05
4.694174529409e-05
4.69395418700713e-05
4.69373386528984e-05
4.6935135642542e-05
4.69329328389731e-05
4.69307302421626e-05
4.69285278520813e-05
4.69263256687001e-05
4.69241236919901e-05
4.69219219219219e-05
4.69197203584667e-05
4.69175190015952e-05
4.69153178512784e-05
4.69131169074873e-05
4.69109161701928e-05
4.69087156393658e-05
4.69065153149772e-05
4.69043151969981e-05
4.69021152853994e-05
4.6899915580152e-05
4.68977160812268e-05
4.6895516788595e-05
4.68933177022274e-05
4.68911188220951e-05
4.6888920148169e-05
4.68867216804201e-05
4.68845234188194e-05
4.6882325363338e-05
4.68801275139468e-05
4.68779298706169e-05
4.68757324333193e-05
4.68735352020249e-05
4.68713381767049e-05
4.68691413573303e-05
4.68669447438721e-05
4.68647483363014e-05
4.68625521345892e-05
4.68603561387067e-05
4.68581603486247e-05
4.68559647643145e-05
4.68537693857471e-05
4.68515742128936e-05
4.6849379245725e-05
4.68471844842125e-05
4.68449899283272e-05
4.68427955780401e-05
4.68406014333224e-05
4.68384074941452e-05
4.68362137604796e-05
4.68340202322967e-05
4.68318269095677e-05
4.68296337922637e-05
4.68274408803559e-05
4.68252481738153e-05
4.68230556726132e-05
4.68208633767207e-05
4.68186712861089e-05
4.68164794007491e-05
4.68142877206123e-05
4.68120962456699e-05
4.68099049758929e-05
4.68077139112526e-05
4.68055230517201e-05
4.68033323972667e-05
4.68011419478635e-05
4.67989517034818e-05
4.67967616640928e-05
4.67945718296678e-05
4.67923822001778e-05
4.67901927755942e-05
4.67880035558883e-05
4.67858145410312e-05
4.67836257309942e-05
4.67814371257485e-05
4.67792487252655e-05
4.67770605295163e-05
4.67748725384723e-05
4.67726847521048e-05
4.67704971703849e-05
4.67683097932841e-05
4.67661226207735e-05
4.67639356528245e-05
4.67617488894085e-05
4.67595623304966e-05
4.67573759760602e-05
4.67551898260707e-05
4.67530038804993e-05
4.67508181393174e-05
4.67486326024964e-05
4.67464472700075e-05
4.67442621418221e-05
4.67420772179116e-05
4.67398924982473e-05
4.67377079828005e-05
4.67355236715427e-05
4.67333395644453e-05
4.67311556614795e-05
4.67289719626168e-05
4.67267884678286e-05
4.67246051770863e-05
4.67224220903612e-05
4.67202392076247e-05
4.67180565288484e-05
4.67158740540035e-05
4.67136917830616e-05
4.6711509715994e-05
4.67093278527722e-05
4.67071461933676e-05
4.67049647377516e-05
4.67027834858958e-05
4.67006024377714e-05
4.66984215933501e-05
4.66962409526033e-05
4.66940605155024e-05
4.6691880282019e-05
4.66897002521244e-05
4.66875204257902e-05
4.66853408029879e-05
4.66831613836889e-05
4.66809821678648e-05
4.66788031554871e-05
4.66766243465273e-05
4.66744457409568e-05
4.66722673387473e-05
4.66700891398703e-05
4.66679111442972e-05
4.66657333519996e-05
4.66635557629491e-05
4.66613783771173e-05
4.66592011944756e-05
4.66570242149956e-05
4.66548474386489e-05
4.6652670865407e-05
4.66504944952417e-05
4.66483183281243e-05
4.66461423640265e-05
4.66439666029199e-05
4.66417910447761e-05
4.66396156895667e-05
4.66374405372633e-05
4.66352655878375e-05
4.6633090841261e-05
4.66309162975052e-05
4.6628741956542e-05
4.66265678183429e-05
4.66243938828795e-05
4.66222201501235e-05
4.66200466200466e-05
4.66178732926204e-05
4.66157001678165e-05
4.66135272456067e-05
4.66113545259625e-05
4.66091820088557e-05
4.6607009694258e-05
4.6604837582141e-05
4.66026656724765e-05
4.6600493965236e-05
4.65983224603914e-05
4.65961511579144e-05
4.65939800577765e-05
4.65918091599497e-05
4.65896384644055e-05
4.65874679711158e-05
4.65852976800522e-05
4.65831275911865e-05
4.65809577044904e-05
4.65787880199357e-05
4.65766185374942e-05
4.65744492571375e-05
4.65722801788376e-05
4.6570111302566e-05
4.65679426282947e-05
4.65657741559953e-05
4.65636058856398e-05
4.65614378171998e-05
4.65592699506472e-05
4.65571022859537e-05
4.65549348230912e-05
4.65527675620316e-05
4.65506005027465e-05
4.65484336452078e-05
4.65462669893875e-05
4.65441005352572e-05
4.65419342827888e-05
4.65397682319542e-05
4.65376023827252e-05
4.65354367350738e-05
4.65332712889716e-05
4.65311060443907e-05
4.65289410013028e-05
4.65267761596799e-05
4.65246115194938e-05
4.65224470807164e-05
4.65202828433197e-05
4.65181188072754e-05
4.65159549725556e-05
4.65137913391321e-05
4.65116279069767e-05
4.65094646760616e-05
4.65073016463585e-05
4.65051388178394e-05
4.65029761904762e-05
4.65008137642409e-05
4.64986515391054e-05
4.64964895150416e-05
4.64943276920216e-05
4.64921660700172e-05
4.64900046490005e-05
4.64878434289433e-05
4.64856824098178e-05
4.64835215915958e-05
4.64813609742493e-05
4.64792005577504e-05
4.6477040342071e-05
4.64748803271832e-05
4.64727205130588e-05
4.64705608996701e-05
4.64684014869888e-05
4.64662422749872e-05
4.64640832636372e-05
4.64619244529108e-05
4.64597658427802e-05
4.64576074332172e-05
4.6455449224194e-05
4.64532912156826e-05
4.64511334076551e-05
4.64489758000836e-05
4.64468183929401e-05
4.64446611861966e-05
4.64425041798254e-05
4.64403473737984e-05
4.64381907680877e-05
4.64360343626654e-05
4.64338781575037e-05
4.64317221525746e-05
4.64295663478503e-05
4.64274107433028e-05
4.64252553389044e-05
4.6423100134627e-05
4.64209451304429e-05
4.64187903263241e-05
4.64166357222429e-05
4.64144813181713e-05
4.64123271140815e-05
4.64101731099457e-05
4.6408019305736e-05
4.64058657014247e-05
4.64037122969838e-05
4.64015590923855e-05
4.63994060876021e-05
4.63972532826057e-05
4.63951006773685e-05
4.63929482718627e-05
4.63907960660605e-05
4.63886440599341e-05
4.63864922534558e-05
4.63843406465977e-05
4.63821892393321e-05
4.63800380316312e-05
4.63778870234672e-05
4.63757362148124e-05
4.6373585605639e-05
4.63714351959193e-05
4.63692849856255e-05
4.63671349747299e-05
4.63649851632047e-05
4.63628355510223e-05
4.63606861381548e-05
4.63585369245747e-05
4.6356387910254e-05
4.63542390951653e-05
4.63520904792806e-05
4.63499420625724e-05
4.6347793845013e-05
4.63456458265746e-05
4.63434980072296e-05
4.63413503869503e-05
4.6339202965709e-05
4.63370557434781e-05
4.63349087202298e-05
4.63327618959366e-05
4.63306152705708e-05
4.63284688441047e-05
4.63263226165107e-05
4.63241765877611e-05
4.63220307578284e-05
4.63198851266849e-05
4.63177396943029e-05
4.63155944606549e-05
4.63134494257132e-05
4.63113045894503e-05
4.63091599518385e-05
4.63070155128502e-05
4.63048712724579e-05
4.63027272306339e-05
4.63005833873507e-05
4.62984397425807e-05
4.62962962962963e-05
4.629415304847e-05
4.62920099990742e-05
4.62898671480813e-05
4.62877244954638e-05
4.62855820411942e-05
4.62834397852448e-05
4.62812977275883e-05
4.6279155868197e-05
4.62770142070434e-05
4.62748727441e-05
4.62727314793392e-05
4.62705904127337e-05
4.62684495442558e-05
4.6266308873878e-05
4.6264168401573e-05
4.62620281273131e-05
4.62598880510709e-05
4.62577481728189e-05
4.62556084925297e-05
4.62534690101758e-05
4.62513297257296e-05
4.62491906391638e-05
4.62470517504509e-05
4.62449130595634e-05
4.6242774566474e-05
4.62406362711551e-05
4.62384981735793e-05
4.62363602737193e-05
4.62342225715475e-05
4.62320850670365e-05
4.6229947760159e-05
4.62278106508876e-05
4.62256737391947e-05
4.62235370250532e-05
4.62214005084354e-05
4.62192641893141e-05
4.62171280676619e-05
4.62149921434513e-05
4.62128564166551e-05
4.62107208872458e-05
4.62085855551962e-05
4.62064504204787e-05
4.62043154830661e-05
4.62021807429311e-05
4.62000462000462e-05
4.61979118543842e-05
4.61957777059177e-05
4.61936437546194e-05
4.61915100004619e-05
4.6189376443418e-05
4.61872430834603e-05
4.61851099205616e-05
4.61829769546945e-05
4.61808441858317e-05
4.6178711613946e-05
4.617657923901e-05
4.61744470609964e-05
4.61723150798781e-05
4.61701832956277e-05
4.61680517082179e-05
4.61659203176215e-05
4.61637891238113e-05
4.61616581267599e-05
4.61595273264402e-05
4.61573967228248e-05
4.61552663158866e-05
4.61531361055984e-05
4.61510060919328e-05
4.61488762748627e-05
4.61467466543609e-05
4.61446172304001e-05
4.61424880029531e-05
4.61403589719928e-05
4.61382301374919e-05
4.61361014994233e-05
4.61339730577597e-05
4.6131844812474e-05
4.61297167635391e-05
4.61275889109276e-05
4.61254612546125e-05
4.61233337945667e-05
4.61212065307628e-05
4.61190794631739e-05
4.61169525917727e-05
4.61148259165322e-05
4.61126994374251e-05
4.61105731544243e-05
4.61084470675028e-05
4.61063211766333e-05
4.61041954817888e-05
4.61020699829422e-05
4.60999446800664e-05
4.60978195731342e-05
4.60956946621186e-05
4.60935699469924e-05
4.60914454277286e-05
4.60893211043001e-05
4.60871969766799e-05
4.60850730448408e-05
4.60829493087558e-05
4.60808257683978e-05
4.60787024237397e-05
4.60765792747546e-05
4.60744563214154e-05
4.6072333563695e-05
4.60702110015664e-05
4.60680886350025e-05
4.60659664639764e-05
4.6063844488461e-05
4.60617227084293e-05
4.60596011238543e-05
4.60574797347089e-05
4.60553585409662e-05
4.60532375425992e-05
4.60511167395809e-05
4.60489961318843e-05
4.60468757194824e-05
4.60447555023483e-05
4.60426354804549e-05
4.60405156537753e-05
4.60383960222826e-05
4.60362765859497e-05
4.60341573447498e-05
4.60320382986559e-05
4.6029919447641e-05
4.60278007916782e-05
4.60256823307406e-05
4.60235640648012e-05
4.60214459938331e-05
4.60193281178095e-05
4.60172104367033e-05
4.60150929504878e-05
4.60129756591359e-05
4.60108585626208e-05
4.60087416609156e-05
4.60066249539934e-05
4.60045084418273e-05
4.60023921243905e-05
4.6000276001656e-05
4.59981600735971e-05
4.59960443401867e-05
4.59939288013982e-05
4.59918134572046e-05
4.59896983075791e-05
4.59875833524948e-05
4.5985468591925e-05
4.59833540258426e-05
4.59812396542211e-05
4.59791254770334e-05
4.59770114942529e-05
4.59748977058526e-05
4.59727841118058e-05
4.59706707120857e-05
4.59685575066654e-05
4.59664444955183e-05
4.59643316786174e-05
4.5962219055936e-05
4.59601066274474e-05
4.59579943931247e-05
4.59558823529412e-05
4.59537705068701e-05
4.59516588548847e-05
4.59495473969581e-05
4.59474361330638e-05
4.59453250631748e-05
4.59432141872645e-05
4.59411035053062e-05
4.59389930172731e-05
4.59368827231384e-05
4.59347726228755e-05
4.59326627164577e-05
4.59305530038582e-05
4.59284434850503e-05
4.59263341600074e-05
4.59242250287026e-05
4.59221160911095e-05
4.59200073472012e-05
4.59178987969511e-05
4.59157904403324e-05
4.59136822773186e-05
4.5911574307883e-05
4.59094665319989e-05
4.59073589496396e-05
4.59052515607786e-05
4.5903144365389e-05
4.59010373634444e-05
4.58989305549181e-05
4.58968239397834e-05
4.58947175180137e-05
4.58926112895824e-05
4.58905052544629e-05
4.58883994126285e-05
4.58862937640527e-05
4.58841883087088e-05
4.58820830465703e-05
4.58799779776106e-05
4.5877873101803e-05
4.5875768419121e-05
4.5873663929538e-05
4.58715596330275e-05
4.58694555295629e-05
4.58673516191175e-05
4.58652479016649e-05
4.58631443771785e-05
4.58610410456317e-05
4.58589379069981e-05
4.5856834961251e-05
4.58547322083639e-05
4.58526296483103e-05
4.58505272810637e-05
4.58484251065976e-05
4.58463231248854e-05
4.58442213359006e-05
4.58421197396168e-05
4.58400183360073e-05
4.58379171250458e-05
4.58358161067058e-05
4.58337152809607e-05
4.5831614647784e-05
4.58295142071494e-05
4.58274139590303e-05
4.58253139034002e-05
4.58232140402328e-05
4.58211143695015e-05
4.58190148911798e-05
4.58169156052415e-05
4.58148165116599e-05
4.58127176104087e-05
4.58106189014614e-05
4.58085203847916e-05
4.58064220603729e-05
4.58043239281788e-05
4.5802225988183e-05
4.58001282403591e-05
4.57980306846806e-05
4.57959333211211e-05
4.57938361496543e-05
4.57917391702537e-05
4.5789642382893e-05
4.57875457875458e-05
4.57854493841857e-05
4.57833531727864e-05
4.57812571533214e-05
4.57791613257645e-05
4.57770656900893e-05
4.57749702462693e-05
4.57728749942784e-05
4.57707799340901e-05
4.57686850656781e-05
4.5766590389016e-05
4.57644959040776e-05
4.57624016108365e-05
4.57603075092665e-05
4.57582135993411e-05
4.57561198810341e-05
4.57540263543192e-05
4.57519330191701e-05
4.57498398755604e-05
4.5747746923464e-05
4.57456541628545e-05
4.57435615937057e-05
4.57414692159912e-05
4.57393770296849e-05
4.57372850347603e-05
4.57351932311914e-05
4.57331016189518e-05
4.57310101980153e-05
4.57289189683556e-05
4.57268279299465e-05
4.57247370827618e-05
4.57226464267752e-05
4.57205559619605e-05
4.57184656882915e-05
4.5716375605742e-05
4.57142857142857e-05
4.57121960138965e-05
4.57101065045482e-05
4.57080171862145e-05
4.57059280588692e-05
4.57038391224863e-05
4.57017503770394e-05
4.56996618225025e-05
4.56975734588493e-05
4.56954852860537e-05
4.56933973040896e-05
4.56913095129306e-05
4.56892219125508e-05
4.5687134502924e-05
4.56850472840239e-05
4.56829602558246e-05
4.56808734182998e-05
4.56787867714234e-05
4.56767003151692e-05
4.56746140495113e-05
4.56725279744234e-05
4.56704420898794e-05
4.56683563958533e-05
4.56662708923189e-05
4.56641855792502e-05
4.5662100456621e-05
4.56600155244053e-05
4.56579307825769e-05
4.56558462311099e-05
4.56537618699781e-05
4.56516776991554e-05
4.56495937186159e-05
4.56475099283334e-05
4.56454263282819e-05
4.56433429184353e-05
4.56412596987677e-05
4.56391766692529e-05
4.56370938298649e-05
4.56350111805777e-05
4.56329287213653e-05
4.56308464522017e-05
4.56287643730608e-05
4.56266824839166e-05
4.56246007847431e-05
4.56225192755144e-05
4.56204379562044e-05
4.56183568267871e-05
4.56162758872366e-05
4.56141951375268e-05
4.56121145776318e-05
4.56100342075257e-05
4.56079540271823e-05
4.56058740365759e-05
4.56037942356804e-05
4.56017146244699e-05
4.55996352029184e-05
4.5597555971e-05
4.55954769286887e-05
4.55933980759586e-05
4.55913194127838e-05
4.55892409391384e-05
4.55871626549964e-05
4.55850845603319e-05
4.5583006655119e-05
4.55809289393318e-05
4.55788514129444e-05
4.55767740759309e-05
4.55746969282654e-05
4.55726199699221e-05
4.5570543200875e-05
4.55684666210982e-05
4.55663902305659e-05
4.55643140292523e-05
4.55622380171314e-05
4.55601621941774e-05
4.55580865603645e-05
4.55560111156667e-05
4.55539358600583e-05
4.55518607935134e-05
4.55497859160062e-05
4.55477112275108e-05
4.55456367280015e-05
4.55435624174523e-05
4.55414882958375e-05
4.55394143631313e-05
4.55373406193078e-05
4.55352670643413e-05
4.5533193698206e-05
4.5531120520876e-05
4.55290475323256e-05
4.5526974732529e-05
4.55249021214604e-05
4.55228296990941e-05
4.55207574654042e-05
4.55186854203651e-05
4.55166135639508e-05
4.55145418961358e-05
4.55124704168942e-05
4.55103991262003e-05
4.55083280240284e-05
4.55062571103527e-05
4.55041863851474e-05
4.55021158483869e-05
4.55000455000455e-05
4.54979753400974e-05
4.54959053685168e-05
4.54938355852782e-05
4.54917659903557e-05
4.54896965837238e-05
4.54876273653566e-05
4.54855583352286e-05
4.54834894933139e-05
4.5481420839587e-05
4.54793523740222e-05
4.54772840965937e-05
4.5475216007276e-05
4.54731481060434e-05
4.54710803928701e-05
4.54690128677306e-05
4.54669455305993e-05
4.54648783814503e-05
4.54628114202582e-05
4.54607446469973e-05
4.5458678061642e-05
4.54566116641666e-05
4.54545454545455e-05
4.54524794327531e-05
4.54504135987638e-05
4.54483479525519e-05
4.5446282494092e-05
4.54442172233583e-05
4.54421521403254e-05
4.54400872449675e-05
4.54380225372592e-05
4.54359580171748e-05
4.54338936846888e-05
4.54318295397756e-05
4.54297655824096e-05
4.54277018125653e-05
4.54256382302171e-05
4.54235748353395e-05
4.5421511627907e-05
4.54194486078939e-05
4.54173857752748e-05
4.54153231300241e-05
4.54132606721163e-05
4.54111984015258e-05
4.54091363182272e-05
4.5407074422195e-05
4.54050127134036e-05
4.54029511918275e-05
4.54008898574412e-05
4.53988287102193e-05
4.53967677501362e-05
4.53947069771665e-05
4.53926463912846e-05
4.53905859924652e-05
4.53885257806826e-05
4.53864657559116e-05
4.53844059181265e-05
4.5382346267302e-05
4.53802868034126e-05
4.53782275264328e-05
4.53761684363372e-05
4.53741095331004e-05
4.53720508166969e-05
4.53699922871013e-05
4.53679339442882e-05
4.53658757882321e-05
4.53638178189076e-05
4.53617600362894e-05
4.5359702440352e-05
4.535764503107e-05
4.5355587808418e-05
4.53535307723706e-05
4.53514739229025e-05
4.53494172599882e-05
4.53473607836024e-05
4.53453044937197e-05
4.53432483903147e-05
4.5341192473362e-05
4.53391367428364e-05
4.53370811987124e-05
4.53350258409647e-05
4.5332970669568e-05
4.53309156844968e-05
4.53288608857259e-05
4.532680627323e-05
4.53247518469836e-05
4.53226976069616e-05
4.53206435531385e-05
4.5318589685489e-05
4.53165360039879e-05
4.53144825086098e-05
4.53124291993294e-05
4.53103760761214e-05
4.53083231389606e-05
4.53062703878217e-05
4.53042178226793e-05
4.53021654435082e-05
4.53001132502831e-05
4.52980612429788e-05
4.529600942157e-05
4.52939577860313e-05
4.52919063363377e-05
4.52898550724638e-05
4.52878039943843e-05
4.52857531020741e-05
4.52837023955079e-05
4.52816518746604e-05
4.52796015395065e-05
4.52775513900208e-05
4.52755014261783e-05
4.52734516479536e-05
4.52714020553217e-05
4.52693526482571e-05
4.52673034267349e-05
4.52652543907297e-05
4.52632055402164e-05
4.52611568751697e-05
4.52591083955646e-05
4.52570601013758e-05
4.52550119925782e-05
4.52529640691465e-05
4.52509163310557e-05
4.52488687782805e-05
4.52468214107959e-05
4.52447742285766e-05
4.52427272315975e-05
4.52406804198335e-05
4.52386337932594e-05
4.52365873518502e-05
4.52345410955806e-05
4.52324950244255e-05
4.52304491383599e-05
4.52284034373587e-05
4.52263579213966e-05
4.52243125904486e-05
4.52222674444897e-05
4.52202224834946e-05
4.52181777074384e-05
4.52161331162959e-05
4.5214088710042e-05
4.52120444886518e-05
4.52100004521e-05
4.52079566003617e-05
4.52059129334117e-05
4.5203869451225e-05
4.52018261537766e-05
4.51997830410414e-05
4.51977401129943e-05
4.51956973696104e-05
4.51936548108646e-05
4.51916124367317e-05
4.5189570247187e-05
4.51875282422052e-05
4.51854864217613e-05
4.51834447858305e-05
4.51814033343876e-05
4.51793620674076e-05
4.51773209848656e-05
4.51752800867365e-05
4.51732393729954e-05
4.51711988436173e-05
4.51691584985772e-05
4.516711833785e-05
4.5165078361411e-05
4.51630385692349e-05
4.5160998961297e-05
4.51589595375723e-05
4.51569202980357e-05
4.51548812426623e-05
4.51528423714273e-05
4.51508036843056e-05
4.51487651812723e-05
4.51467268623025e-05
4.51446887273712e-05
4.51426507764536e-05
4.51406130095247e-05
4.51385754265595e-05
4.51365380275333e-05
4.5134500812421e-05
4.51324637811978e-05
4.51304269338388e-05
4.51283902703191e-05
4.51263537906137e-05
4.51243174946979e-05
4.51222813825467e-05
4.51202454541353e-05
4.51182097094387e-05
4.51161741484322e-05
4.51141387710909e-05
4.51121035773898e-05
4.51100685673042e-05
4.51080337408092e-05
4.510599909788e-05
4.51039646384917e-05
4.51019303626195e-05
4.50998962702386e-05
4.50978623613241e-05
4.50958286358512e-05
4.50937950937951e-05
4.5091761735131e-05
4.50897285598341e-05
4.50876955678795e-05
4.50856627592426e-05
4.50836301338984e-05
4.50815976918222e-05
4.50795654329892e-05
4.50775333573747e-05
4.50755014649538e-05
4.50734697557018e-05
4.50714382295939e-05
4.50694068866054e-05
4.50673757267114e-05
4.50653447498873e-05
4.50633139561083e-05
4.50612833453497e-05
4.50592529175866e-05
4.50572226727944e-05
4.50551926109484e-05
4.50531627320238e-05
4.50511330359959e-05
4.50491035228399e-05
4.50470741925312e-05
4.5045045045045e-05
4.50430160803567e-05
4.50409872984416e-05
4.50389586992749e-05
4.50369302828319e-05
4.5034902049088e-05
4.50328739980186e-05
4.50308461295988e-05
4.5028818443804e-05
4.50267909406097e-05
4.5024763619991e-05
4.50227364819234e-05
4.50207095263821e-05
4.50186827533426e-05
4.50166561627802e-05
4.50146297546703e-05
4.50126035289881e-05
4.50105774857091e-05
4.50085516248087e-05
4.50065259462622e-05
4.5004500450045e-05
4.50024751361325e-05
4.50004500045e-05
4.49984250551231e-05
4.4996400287977e-05
4.49943757030371e-05
4.4992351300279e-05
4.49903270796779e-05
4.49883030412093e-05
4.49862791848486e-05
4.49842555105713e-05
4.49822320183527e-05
4.49802087081684e-05
4.49781855799937e-05
4.49761626338041e-05
4.4974139869575e-05
4.49721172872819e-05
4.49700948869002e-05
4.49680726684054e-05
4.4966050631773e-05
4.49640287769784e-05
4.49620071039971e-05
4.49599856128046e-05
4.49579643033763e-05
4.49559431756878e-05
4.49539222297145e-05
4.4951901465432e-05
4.49498808828157e-05
4.49478604818411e-05
4.49458402624837e-05
4.49438202247191e-05
4.49418003685228e-05
4.49397806938702e-05
4.4937761200737e-05
4.49357418890986e-05
4.49337227589306e-05
4.49317038102085e-05
4.49296850429078e-05
4.49276664570042e-05
4.49256480524732e-05
4.49236298292902e-05
4.49216117874309e-05
4.49195939268709e-05
4.49175762475857e-05
4.49155587495508e-05
4.4913541432742e-05
4.49115242971346e-05
4.49095073427044e-05
4.4907490569427e-05
4.49054739772778e-05
4.49034575662326e-05
4.49014413362669e-05
4.48994252873563e-05
4.48974094194765e-05
4.4895393732603e-05
4.48933782267116e-05
4.48913629017777e-05
4.48893477577771e-05
4.48873327946853e-05
4.48853180124781e-05
4.48833034111311e-05
4.48812889906198e-05
4.487927475092e-05
4.48772606920074e-05
4.48752468138575e-05
4.4873233116446e-05
4.48712195997487e-05
4.48692062637412e-05
4.48671931083991e-05
4.48651801336982e-05
4.48631673396142e-05
4.48611547261227e-05
4.48591422931994e-05
4.485713004082e-05
4.48551179689603e-05
4.48531060775959e-05
4.48510943667026e-05
4.4849082836256e-05
4.4847071486232e-05
4.48450603166061e-05
4.48430493273543e-05
4.48410385184521e-05
4.48390278898753e-05
4.48370174415998e-05
4.48350071736012e-05
4.48329970858552e-05
4.48309871783377e-05
4.48289774510243e-05
4.4826967903891e-05
4.48249585369134e-05
4.48229493500672e-05
4.48209403433284e-05
4.48189315166726e-05
4.48169228700757e-05
4.48149144035135e-05
4.48129061169617e-05
4.48108980103961e-05
4.48088900837926e-05
4.4806882337127e-05
4.4804874770375e-05
4.48028673835125e-05
4.48008601765154e-05
4.47988531493594e-05
4.47968463020203e-05
4.47948396344741e-05
4.47928331466965e-05
4.47908268386634e-05
4.47888207103507e-05
4.47868147617341e-05
4.47848089927896e-05
4.47828034034931e-05
4.47807979938202e-05
4.47787927637471e-05
4.47767877132495e-05
4.47747828423032e-05
4.47727781508843e-05
4.47707736389685e-05
4.47687693065318e-05
4.476676515355e-05
4.47647611799991e-05
4.4762757385855e-05
4.47607537710935e-05
4.47587503356906e-05
4.47567470796223e-05
4.47547440028643e-05
4.47527411053927e-05
4.47507383871834e-05
4.47487358482123e-05
4.47467334884553e-05
4.47447313078885e-05
4.47427293064877e-05
4.47407274842289e-05
4.4738725841088e-05
4.47367243770411e-05
4.47347230920641e-05
4.47327219861329e-05
4.47307210592235e-05
4.47287203113119e-05
4.47267197423741e-05
4.47247193523861e-05
4.47227191413238e-05
4.47207191091633e-05
4.47187192558805e-05
4.47167195814515e-05
4.47147200858523e-05
4.47127207690588e-05
4.47107216310471e-05
4.47087226717933e-05
4.47067238912732e-05
4.47047252894631e-05
4.47027268663388e-05
4.47007286218765e-05
4.46987305560522e-05
4.46967326688419e-05
4.46947349602217e-05
4.46927374301676e-05
4.46907400786557e-05
4.46887429056621e-05
4.46867459111628e-05
4.46847490951338e-05
4.46827524575514e-05
4.46807559983915e-05
4.46787597176302e-05
4.46767636152437e-05
4.4674767691208e-05
4.46727719454992e-05
4.46707763780935e-05
4.46687809889668e-05
4.46667857780954e-05
4.46647907454554e-05
4.46627958910228e-05
4.46608012147738e-05
4.46588067166845e-05
4.46568123967311e-05
4.46548182548897e-05
4.46528242911364e-05
4.46508305054474e-05
4.46488368977988e-05
4.46468434681668e-05
4.46448502165275e-05
4.46428571428571e-05
4.46408642471318e-05
4.46388715293277e-05
4.46368789894211e-05
4.4634886627388e-05
4.46328944432046e-05
4.46309024368473e-05
4.46289106082921e-05
4.46269189575152e-05
4.46249274844928e-05
4.46229361892012e-05
4.46209450716166e-05
4.46189541317151e-05
4.46169633694731e-05
4.46149727848666e-05
4.4612982377872e-05
4.46109921484654e-05
4.46090020966231e-05
4.46070122223213e-05
4.46050225255364e-05
4.46030330062444e-05
4.46010436644218e-05
4.45990545000446e-05
4.45970655130892e-05
4.45950767035319e-05
4.45930880713489e-05
4.45910996165165e-05
4.4589111339011e-05
4.45871232388086e-05
4.45851353158857e-05
4.45831475702185e-05
4.45811600017832e-05
4.45791726105563e-05
4.45771853965141e-05
4.45751983596327e-05
4.45732114998886e-05
4.4571224817258e-05
4.45692383117172e-05
4.45672519832427e-05
4.45652658318107e-05
4.45632798573975e-05
4.45612940599795e-05
4.4559308439533e-05
4.45573229960344e-05
4.455533772946e-05
4.45533526397861e-05
4.45513677269892e-05
4.45493829910456e-05
4.45473984319316e-05
4.45454140496236e-05
4.4543429844098e-05
4.45414458153312e-05
4.45394619632995e-05
4.45374782879793e-05
4.45354947893471e-05
4.45335114673792e-05
4.4531528322052e-05
4.45295453533419e-05
4.45275625612254e-05
4.45255799456788e-05
4.45235975066785e-05
4.45216152442011e-05
4.45196331582228e-05
4.45176512487201e-05
4.45156695156695e-05
4.45136879590474e-05
4.45117065788302e-05
4.45097253749944e-05
4.45077443475165e-05
4.45057634963728e-05
4.45037828215398e-05
4.45018023229941e-05
4.4499822000712e-05
4.449784185467e-05
4.44958618848447e-05
4.44938820912125e-05
4.44919024737498e-05
4.44899230324332e-05
4.44879437672391e-05
4.4485964678144e-05
4.44839857651246e-05
4.44820070281571e-05
4.44800284672182e-05
4.44780500822844e-05
4.44760718733321e-05
4.4474093840338e-05
4.44721159832785e-05
4.44701383021301e-05
4.44681607968694e-05
4.4466183467473e-05
4.44642063139173e-05
4.44622293361789e-05
4.44602525342344e-05
4.44582759080603e-05
4.44562994576331e-05
4.44543231829295e-05
4.4452347083926e-05
4.44503711605992e-05
4.44483954129256e-05
4.44464198408818e-05
4.44444444444444e-05
4.44424692235901e-05
4.44404941782953e-05
4.44385193085366e-05
4.44365446142908e-05
4.44345700955343e-05
4.44325957522438e-05
4.4430621584396e-05
4.44286475919673e-05
4.44266737749345e-05
4.44247001332741e-05
4.44227266669628e-05
4.44207533759773e-05
4.44187802602941e-05
4.44168073198898e-05
4.44148345547413e-05
4.4412861964825e-05
4.44108895501177e-05
4.4408917310596e-05
4.44069452462365e-05
4.4404973357016e-05
4.44030016429111e-05
4.44010301038984e-05
4.43990587399547e-05
4.43970875510567e-05
4.43951165371809e-05
4.43931456983042e-05
4.43911750344032e-05
4.43892045454545e-05
4.4387234231435e-05
4.43852640923214e-05
4.43832941280902e-05
4.43813243387183e-05
4.43793547241823e-05
4.4377385284459e-05
4.43754160195252e-05
4.43734469293575e-05
4.43714780139326e-05
4.43695092732274e-05
4.43675407072186e-05
4.43655723158829e-05
4.4363604099197e-05
4.43616360571378e-05
4.43596681896819e-05
4.43577004968062e-05
4.43557329784875e-05
4.43537656347024e-05
4.43517984654278e-05
4.43498314706404e-05
4.43478646503171e-05
4.43458980044346e-05
4.43439315329697e-05
4.43419652358993e-05
4.43399991132e-05
4.43380331648488e-05
4.43360673908224e-05
4.43341017910977e-05
4.43321363656515e-05
4.43301711144605e-05
4.43282060375017e-05
4.43262411347518e-05
4.43242764061877e-05
4.43223118517862e-05
4.43203474715242e-05
4.43183832653785e-05
4.43164192333259e-05
4.43144553753434e-05
4.43124916914078e-05
4.43105281814959e-05
4.43085648455846e-05
4.43066016836509e-05
4.43046386956714e-05
4.43026758816232e-05
4.43007132414832e-05
4.42987507752281e-05
4.4296788482835e-05
4.42948263642807e-05
4.4292864419542e-05
4.4290902648596e-05
4.42889410514195e-05
4.42869796279894e-05
4.42850183782826e-05
4.42830573022761e-05
4.42810963999469e-05
4.42791356712717e-05
4.42771751162276e-05
4.42752147347915e-05
4.42732545269403e-05
4.4271294492651e-05
4.42693346319005e-05
4.42673749446658e-05
4.42654154309238e-05
4.42634560906516e-05
4.4261496923826e-05
4.4259537930424e-05
4.42575791104227e-05
4.42556204637989e-05
4.42536619905297e-05
4.42517036905921e-05
4.4249745563963e-05
4.42477876106195e-05
4.42458298305385e-05
4.4243872223697e-05
4.42419147900721e-05
4.42399575296408e-05
4.423800044238e-05
4.42360435282668e-05
4.42340867872783e-05
4.42321302193914e-05
4.42301738245831e-05
4.42282176028306e-05
4.42262615541108e-05
4.42243056784008e-05
4.42223499756777e-05
4.42203944459185e-05
4.42184390891002e-05
4.42164839051999e-05
4.42145288941946e-05
4.42125740560615e-05
4.42106193907777e-05
4.42086648983201e-05
4.42067105786658e-05
4.42047564317921e-05
4.42028024576758e-05
4.42008486562942e-05
4.41988950276243e-05
4.41969415716432e-05
4.41949882883281e-05
4.4193035177656e-05
4.4191082239604e-05
4.41891294741494e-05
4.41871768812691e-05
4.41852244609403e-05
4.41832722131401e-05
4.41813201378457e-05
4.41793682350342e-05
4.41774165046828e-05
4.41754649467686e-05
4.41735135612687e-05
4.41715623481603e-05
4.41696113074205e-05
4.41676604390265e-05
4.41657097429556e-05
4.41637592191847e-05
4.41618088676912e-05
4.41598586884522e-05
4.41579086814448e-05
4.41559588466464e-05
4.41540091840339e-05
4.41520596935847e-05
4.41501103752759e-05
4.41481612290848e-05
4.41462122549885e-05
4.41442634529643e-05
4.41423148229893e-05
4.41403663650408e-05
4.4138418079096e-05
4.41364699651322e-05
4.41345220231265e-05
4.41325742530562e-05
4.41306266548985e-05
4.41286792286307e-05
4.412673197423e-05
4.41247848916737e-05
4.41228379809389e-05
4.41208912420031e-05
4.41189446748434e-05
4.41169982794371e-05
4.41150520557614e-05
4.41131060037937e-05
4.41111601235113e-05
4.41092144148913e-05
4.41072688779111e-05
4.4105323512548e-05
4.41033783187792e-05
4.41014332965821e-05
4.4099488445934e-05
4.40975437668122e-05
4.40955992591939e-05
4.40936549230566e-05
4.40917107583774e-05
4.40897667651338e-05
4.40878229433031e-05
4.40858792928625e-05
4.40839358137895e-05
4.40819925060613e-05
4.40800493696553e-05
4.40781064045489e-05
4.40761636107193e-05
4.4074220988144e-05
4.40722785368004e-05
4.40703362566656e-05
4.40683941477173e-05
4.40664522099326e-05
4.4064510443289e-05
4.40625688477638e-05
4.40606274233345e-05
4.40586861699784e-05
4.40567450876729e-05
4.40548041763954e-05
4.40528634361234e-05
4.40509228668341e-05
4.4048982468505e-05
4.40470422411135e-05
4.40451021846371e-05
4.40431622990531e-05
4.40412225843389e-05
4.40392830404721e-05
4.403734366743e-05
4.403540446519e-05
4.40334654337296e-05
4.40315265730263e-05
4.40295878830574e-05
4.40276493638005e-05
4.40257110152329e-05
4.40237728373322e-05
4.40218348300757e-05
4.4019896993441e-05
4.40179593274056e-05
4.40160218319468e-05
4.40140845070423e-05
4.40121473526693e-05
4.40102103688056e-05
4.40082735554284e-05
4.40063369125154e-05
4.4004400440044e-05
4.40024641379917e-05
4.40005280063361e-05
4.39985920450546e-05
4.39966562541247e-05
4.3994720633524e-05
4.399278518323e-05
4.39908499032201e-05
4.3988914793472e-05
4.39869798539632e-05
4.39850450846712e-05
4.39831104855735e-05
4.39811760566478e-05
4.39792417978714e-05
4.3977307709222e-05
4.39753737906772e-05
4.39734400422145e-05
4.39715064638115e-05
4.39695730554456e-05
4.39676398170946e-05
4.3965706748736e-05
4.39637738503473e-05
4.39618411219062e-05
4.39599085633902e-05
4.39579761747769e-05
4.3956043956044e-05
4.39541119071689e-05
4.39521800281294e-05
4.3950248318903e-05
4.39483167794673e-05
4.39463854098e-05
4.39444542098787e-05
4.3942523179681e-05
4.39405923191845e-05
4.39386616283668e-05
4.39367311072056e-05
4.39348007556786e-05
4.39328705737633e-05
4.39309405614374e-05
4.39290107186786e-05
4.39270810454645e-05
4.39251515417728e-05
4.39232222075812e-05
4.39212930428672e-05
4.39193640476086e-05
4.39174352217831e-05
4.39155065653682e-05
4.39135780783418e-05
4.39116497606815e-05
4.3909721612365e-05
4.39077936333699e-05
4.3905865823674e-05
4.3903938183255e-05
4.39020107120906e-05
4.39000834101585e-05
4.38981562774364e-05
4.38962293139019e-05
4.3894302519533e-05
4.38923758943072e-05
4.38904494382022e-05
4.3888523151196e-05
4.3886597033266e-05
4.38846710843902e-05
4.38827453045463e-05
4.38808196937119e-05
4.38788942518649e-05
4.38769689789829e-05
4.38750438750439e-05
4.38731189400254e-05
4.38711941739054e-05
4.38692695766615e-05
4.38673451482716e-05
4.38654208887134e-05
4.38634967979647e-05
4.38615728760033e-05
4.3859649122807e-05
4.38577255383536e-05
4.38558021226208e-05
4.38538788755865e-05
4.38519557972286e-05
4.38500328875247e-05
4.38481101464527e-05
4.38461875739904e-05
4.38442651701157e-05
4.38423429348064e-05
4.38404208680403e-05
4.38384989697953e-05
4.38365772400491e-05
4.38346556787796e-05
4.38327342859648e-05
4.38308130615823e-05
4.38288920056101e-05
4.3826971118026e-05
4.3825050398808e-05
4.38231298479337e-05
4.38212094653812e-05
4.38192892511283e-05
4.38173692051529e-05
4.38154493274329e-05
4.3813529617946e-05
4.38116100766703e-05
4.38096907035836e-05
4.38077714986639e-05
4.38058524618889e-05
4.38039335932367e-05
4.38020148926851e-05
4.3800096360212e-05
4.37981779957954e-05
4.37962597994131e-05
4.37943417710432e-05
4.37924239106635e-05
4.37905062182519e-05
4.37885886937864e-05
4.37866713372449e-05
4.37847541486055e-05
4.37828371278459e-05
4.37809202749442e-05
4.37790035898783e-05
4.37770870726262e-05
4.37751707231658e-05
4.37732545414752e-05
4.37713385275322e-05
4.37694226813148e-05
4.37675070028011e-05
4.3765591491969e-05
4.37636761487965e-05
4.37617609732616e-05
4.37598459653422e-05
4.37579311250164e-05
4.37560164522622e-05
4.37541019470575e-05
4.37521876093805e-05
4.3750273439209e-05
4.37483594365211e-05
4.37464456012949e-05
4.37445319335083e-05
4.37426184331394e-05
4.37407051001662e-05
4.37387919345668e-05
4.37368789363191e-05
4.37349661054013e-05
4.37330534417913e-05
4.37311409454673e-05
4.37292286164072e-05
4.37273164545892e-05
4.37254044599913e-05
4.37234926325915e-05
4.3721580972368e-05
4.37196694792987e-05
4.37177581533619e-05
4.37158469945355e-05
4.37139360027977e-05
4.37120251781265e-05
4.37101145205e-05
4.37082040298964e-05
4.37062937062937e-05
4.370438354967e-05
4.37024735600035e-05
4.37005637372722e-05
4.36986540814543e-05
4.36967445925279e-05
4.3694835270471e-05
4.36929261152619e-05
4.36910171268787e-05
4.36891083052995e-05
4.36871996505024e-05
4.36852911624656e-05
4.36833828411672e-05
4.36814746865854e-05
4.36795666986984e-05
4.36776588774842e-05
4.3675751222921e-05
4.36738437349871e-05
4.36719364136606e-05
4.36700292589196e-05
4.36681222707424e-05
4.3666215449107e-05
4.36643087939918e-05
4.36624023053748e-05
4.36604959832344e-05
4.36585898275486e-05
4.36566838382956e-05
4.36547780154538e-05
4.36528723590012e-05
4.36509668689161e-05
4.36490615451768e-05
4.36471563877613e-05
4.3645251396648e-05
4.36433465718151e-05
4.36414419132408e-05
4.36395374209033e-05
4.36376330947809e-05
4.36357289348519e-05
4.36338249410943e-05
4.36319211134866e-05
4.3630017452007e-05
4.36281139566337e-05
4.36262106273449e-05
4.3624307464119e-05
4.36224044669342e-05
4.36205016357688e-05
4.36185989706011e-05
4.36166964714093e-05
4.36147941381717e-05
4.36128919708666e-05
4.36109899694723e-05
4.36090881339671e-05
4.36071864643293e-05
4.36052849605372e-05
4.36033836225691e-05
4.36014824504033e-05
4.35995814440181e-05
4.35976806033919e-05
4.35957799285029e-05
4.35938794193295e-05
4.359197907585e-05
4.35900788980428e-05
4.35881788858861e-05
4.35862790393584e-05
4.35843793584379e-05
4.35824798431031e-05
4.35805804933322e-05
4.35786813091036e-05
4.35767822903957e-05
4.35748834371868e-05
4.35729847494553e-05
4.35710862271796e-05
4.35691878703381e-05
4.35672896789091e-05
4.3565391652871e-05
4.35634937922021e-05
4.3561596096881e-05
4.35596985668859e-05
4.35578012021953e-05
4.35559040027876e-05
4.35540069686411e-05
4.35521100997343e-05
4.35502133960456e-05
4.35483168575535e-05
4.35464204842362e-05
4.35445242760723e-05
4.35426282330401e-05
4.35407323551182e-05
4.35388366422849e-05
4.35369410945187e-05
4.3535045711798e-05
4.35331504941013e-05
4.35312554414069e-05
4.35293605536935e-05
4.35274658309393e-05
4.3525571273123e-05
4.35236768802228e-05
4.35217826522174e-05
4.35198885890852e-05
4.35179946908046e-05
4.35161009573542e-05
4.35142073887124e-05
4.35123139848577e-05
4.35104207457686e-05
4.35085276714236e-05
4.35066347618012e-05
4.35047420168798e-05
4.35028494366381e-05
4.35009570210545e-05
4.34990647701074e-05
4.34971726837756e-05
4.34952807620373e-05
4.34933890048713e-05
4.34914974122559e-05
4.34896059841698e-05
4.34877147205914e-05
4.34858236214994e-05
4.34839326868722e-05
4.34820419166884e-05
4.34801513109266e-05
4.34782608695652e-05
4.34763705925829e-05
4.34744804799583e-05
4.34725905316698e-05
4.34707007476961e-05
4.34688111280156e-05
4.34669216726071e-05
4.34650323814491e-05
4.34631432545202e-05
4.34612542917989e-05
4.34593654932638e-05
4.34574768588936e-05
4.34555883886668e-05
4.3453700082562e-05
4.34518119405579e-05
4.34499239626331e-05
4.34480361487661e-05
4.34461484989356e-05
4.34442610131202e-05
4.34423736912985e-05
4.34404865334492e-05
4.34385995395508e-05
4.34367127095821e-05
4.34348260435217e-05
4.34329395413482e-05
4.34310532030402e-05
4.34291670285764e-05
4.34272810179355e-05
4.34253951710961e-05
4.34235094880368e-05
4.34216239687364e-05
4.34197386131736e-05
4.34178534213268e-05
4.3415968393175e-05
4.34140835286967e-05
4.34121988278706e-05
4.34103142906755e-05
4.34084299170899e-05
4.34065457070926e-05
4.34046616606624e-05
4.34027777777778e-05
4.34008940584176e-05
4.33990105025605e-05
4.33971271101853e-05
4.33952438812706e-05
4.33933608157952e-05
4.33914779137377e-05
4.3389595175077e-05
4.33877125997917e-05
4.33858301878606e-05
4.33839479392625e-05
4.3382065853976e-05
4.33801839319799e-05
4.33783021732529e-05
4.33764205777739e-05
4.33745391455216e-05
4.33726578764747e-05
4.3370776770612e-05
4.33688958279122e-05
4.33670150483542e-05
4.33651344319167e-05
4.33632539785785e-05
4.33613736883184e-05
4.33594935611152e-05
4.33576135969476e-05
4.33557337957945e-05
4.33538541576346e-05
4.33519746824468e-05
4.33500953702098e-05
4.33482162209025e-05
4.33463372345037e-05
4.33444584109922e-05
4.33425797503467e-05
4.33407012525463e-05
4.33388229175696e-05
4.33369447453954e-05
4.33350667360028e-05
4.33331888893704e-05
4.33313112054771e-05
4.33294336843017e-05
4.33275563258232e-05
4.33256791300204e-05
4.3323802096872e-05
4.33219252263571e-05
4.33200485184543e-05
4.33181719731427e-05
4.33162955904011e-05
4.33144193702083e-05
4.33125433125433e-05
4.33106674173849e-05
4.3308791684712e-05
4.33069161145035e-05
4.33050407067383e-05
4.33031654613952e-05
4.33012903784533e-05
4.32994154578913e-05
4.32975406996883e-05
4.3295666103823e-05
4.32937916702745e-05
4.32919173990216e-05
4.32900432900433e-05
4.32881693433185e-05
4.32862955588261e-05
4.3284421936545e-05
4.32825484764543e-05
4.32806751785328e-05
4.32788020427595e-05
4.32769290691133e-05
4.32750562575731e-05
4.3273183608118e-05
4.3271311120727e-05
4.32694387953788e-05
4.32675666320526e-05
4.32656946307273e-05
4.32638227913818e-05
4.32619511139952e-05
4.32600795985465e-05
4.32582082450145e-05
4.32563370533783e-05
4.32544660236169e-05
4.32525951557093e-05
4.32507244496345e-05
4.32488539053715e-05
4.32469835228993e-05
4.32451133021969e-05
4.32432432432432e-05
4.32413733460175e-05
4.32395036104985e-05
4.32376340366655e-05
4.32357646244974e-05
4.32338953739732e-05
4.3232026285072e-05
4.32301573577728e-05
4.32282885920546e-05
4.32264199878966e-05
4.32245515452777e-05
4.3222683264177e-05
4.32208151445736e-05
4.32189471864465e-05
4.32170793897748e-05
4.32152117545376e-05
4.32133442807139e-05
4.32114769682828e-05
4.32096098172233e-05
4.32077428275147e-05
4.32058759991359e-05
4.3204009332066e-05
4.32021428262842e-05
4.32002764817695e-05
4.3198410298501e-05
4.31965442764579e-05
4.31946784156192e-05
4.31928127159641e-05
4.31909471774716e-05
4.31890818001209e-05
4.31872165838912e-05
4.31853515287614e-05
4.31834866347109e-05
4.31816219017186e-05
4.31797573297638e-05
4.31778929188256e-05
4.3176028668883e-05
4.31741645799154e-05
4.31723006519017e-05
4.31704368848213e-05
4.31685732786531e-05
4.31667098333765e-05
4.31648465489705e-05
4.31629834254144e-05
4.31611204626872e-05
4.31592576607682e-05
4.31573950196366e-05
4.31555325392715e-05
4.31536702196522e-05
4.31518080607577e-05
4.31499460625674e-05
4.31480842250604e-05
4.31462225482159e-05
4.31443610320131e-05
4.31424996764313e-05
4.31406384814495e-05
4.31387774470471e-05
4.31369165732034e-05
4.31350558598973e-05
4.31331953071084e-05
4.31313349148156e-05
4.31294746829984e-05
4.31276146116358e-05
4.31257547007073e-05
4.31238949501919e-05
4.3122035360069e-05
4.31201759303178e-05
4.31183166609176e-05
4.31164575518475e-05
4.3114598603087e-05
4.31127398146152e-05
4.31108811864114e-05
4.3109022718455e-05
4.31071644107251e-05
4.3105306263201e-05
4.31034482758621e-05
4.31015904486876e-05
4.30997327816568e-05
4.3097875274749e-05
4.30960179279435e-05
4.30941607412196e-05
4.30923037145566e-05
4.30904468479338e-05
4.30885901413306e-05
4.30867335947262e-05
4.30848772081e-05
4.30830209814312e-05
4.30811649146993e-05
4.30793090078835e-05
4.30774532609632e-05
4.30755976739177e-05
4.30737422467264e-05
4.30718869793686e-05
4.30700318718236e-05
4.30681769240708e-05
4.30663221360896e-05
4.30644675078593e-05
4.30626130393592e-05
4.30607587305688e-05
4.30589045814675e-05
4.30570505920344e-05
4.30551967622492e-05
4.30533430920911e-05
4.30514895815395e-05
4.30496362305739e-05
4.30477830391735e-05
4.30459300073178e-05
4.30440771349862e-05
4.30422244221581e-05
4.30403718688129e-05
4.30385194749301e-05
4.30366672404889e-05
4.30348151654689e-05
4.30329632498494e-05
4.30311114936099e-05
4.30292598967298e-05
4.30274084591885e-05
4.30255571809655e-05
4.30237060620402e-05
4.3021855102392e-05
4.30200043020004e-05
4.30181536608449e-05
4.30163031789048e-05
4.30144528561597e-05
4.30126026925889e-05
4.3010752688172e-05
4.30089028428885e-05
4.30070531567177e-05
4.30052036296392e-05
4.30033542616324e-05
4.30015050526768e-05
4.2999656002752e-05
4.29978071118373e-05
4.29959583799123e-05
4.29941098069564e-05
4.29922613929493e-05
4.29904131378703e-05
4.29885650416989e-05
4.29867171044147e-05
4.29848693259972e-05
4.2983021706426e-05
4.29811742456804e-05
4.29793269437401e-05
4.29774798005845e-05
4.29756328161932e-05
4.29737859905458e-05
4.29719393236217e-05
4.29700928154005e-05
4.29682464658617e-05
4.2966400274985e-05
4.29645542427497e-05
4.29627083691356e-05
4.29608626541221e-05
4.29590170976888e-05
4.29571716998153e-05
4.29553264604811e-05
4.29534813796658e-05
4.2951636457349e-05
4.29497916935103e-05
4.29479470881292e-05
4.29461026411853e-05
4.29442583526583e-05
4.29424142225276e-05
4.29405702507729e-05
4.29387264373739e-05
4.293688278231e-05
4.29350392855609e-05
4.29331959471063e-05
4.29313527669257e-05
4.29295097449987e-05
4.2927666881305e-05
4.29258241758242e-05
4.29239816285359e-05
4.29221392394197e-05
4.29202970084553e-05
4.29184549356223e-05
4.29166130209004e-05
4.29147712642692e-05
4.29129296657083e-05
4.29110882251974e-05
4.29092469427162e-05
4.29074058182442e-05
4.29055648517613e-05
4.2903724043247e-05
4.29018833926809e-05
4.29000429000429e-05
4.28982025653125e-05
4.28963623884695e-05
4.28945223694934e-05
4.28926825083641e-05
4.28908428050611e-05
4.28890032595642e-05
4.28871638718532e-05
4.28853246419075e-05
4.28834855697071e-05
4.28816466552316e-05
4.28798078984606e-05
4.2877969299374e-05
4.28761308579514e-05
4.28742925741725e-05
4.28724544480171e-05
4.2870616479465e-05
4.28687786684957e-05
4.28669410150892e-05
4.2865103519225e-05
4.2863266180883e-05
4.28614290000429e-05
4.28595919766844e-05
4.28577551107873e-05
4.28559184023314e-05
4.28540818512963e-05
4.2852245457662e-05
4.28504092214081e-05
4.28485731425144e-05
4.28467372209606e-05
4.28449014567266e-05
4.28430658497922e-05
4.28412304001371e-05
4.28393951077411e-05
4.2837559972584e-05
4.28357249946455e-05
4.28338901739056e-05
4.28320555103439e-05
4.28302210039404e-05
4.28283866546747e-05
4.28265524625268e-05
4.28247184274763e-05
4.28228845495033e-05
4.28210508285873e-05
4.28192172647084e-05
4.28173838578463e-05
4.28155506079808e-05
4.28137175150918e-05
4.28118845791592e-05
4.28100518001627e-05
4.28082191780822e-05
4.28063867128976e-05
4.28045544045886e-05
4.28027222531353e-05
4.28008902585174e-05
4.27990584207147e-05
4.27972267397073e-05
4.27953952154748e-05
4.27935638479973e-05
4.27917326372545e-05
4.27899015832264e-05
4.27880706858928e-05
4.27862399452336e-05
4.27844093612288e-05
4.27825789338581e-05
4.27807486631016e-05
4.27789185489391e-05
4.27770885913505e-05
4.27752587903157e-05
4.27734291458146e-05
4.27715996578272e-05
4.27697703263334e-05
4.2767941151313e-05
4.2766112132746e-05
4.27642832706124e-05
4.2762454564892e-05
4.27606260155649e-05
4.27587976226108e-05
4.27569693860099e-05
4.2755141305742e-05
4.27533133817871e-05
4.27514856141251e-05
4.2749658002736e-05
4.27478305475997e-05
4.27460032486962e-05
4.27441761060056e-05
4.27423491195076e-05
4.27405222891824e-05
4.27386956150098e-05
4.273686909697e-05
4.27350427350427e-05
4.27332165292082e-05
4.27313904794462e-05
4.27295645857369e-05
4.27277388480602e-05
4.27259132663961e-05
4.27240878407246e-05
4.27222625710258e-05
4.27204374572796e-05
4.2718612499466e-05
4.27167876975651e-05
4.2714963051557e-05
4.27131385614215e-05
4.27113142271388e-05
4.27094900486888e-05
4.27076660260517e-05
4.27058421592074e-05
4.2704018448136e-05
4.27021948928175e-05
4.2700371493232e-05
4.26985482493595e-05
4.26967251611801e-05
4.26949022286739e-05
4.26930794518209e-05
4.26912568306011e-05
4.26894343649947e-05
4.26876120549816e-05
4.26857899005421e-05
4.26839679016561e-05
4.26821460583038e-05
4.26803243704652e-05
4.26785028381204e-05
4.26766814612496e-05
4.26748602398327e-05
4.267303917385e-05
4.26712182632814e-05
4.26693975081072e-05
4.26675769083074e-05
4.26657564638621e-05
4.26639361747515e-05
4.26621160409556e-05
4.26602960624547e-05
4.26584762392287e-05
4.26566565712579e-05
4.26548370585224e-05
4.26530177010023e-05
4.26511984986778e-05
4.2649379451529e-05
4.2647560559536e-05
4.2645741822679e-05
4.26439232409382e-05
4.26421048142936e-05
4.26402865427256e-05
4.26384684262141e-05
4.26366504647395e-05
4.26348326582818e-05
4.26330150068213e-05
4.26311975103381e-05
4.26293801688123e-05
4.26275629822243e-05
4.26257459505541e-05
4.2623929073782e-05
4.26221123518882e-05
4.26202957848527e-05
4.2618479372656e-05
4.26166631152781e-05
4.26148470126992e-05
4.26130310648996e-05
4.26112152718596e-05
4.26093996335592e-05
4.26075841499787e-05
4.26057688210984e-05
4.26039536468984e-05
4.26021386273591e-05
4.26003237624606e-05
4.25985090521832e-05
4.25966944965071e-05
4.25948800954125e-05
4.25930658488798e-05
4.25912517568891e-05
4.25894378194208e-05
4.2587624036455e-05
4.25858104079721e-05
4.25839969339522e-05
4.25821836143757e-05
4.25803704492229e-05
4.2578557438474e-05
4.25767445821093e-05
4.2574931880109e-05
4.25731193324535e-05
4.2571306939123e-05
4.25694947000979e-05
4.25676826153584e-05
4.25658706848849e-05
4.25640589086575e-05
4.25622472866567e-05
4.25604358188628e-05
4.2558624505256e-05
4.25568133458167e-05
4.25550023405251e-05
4.25531914893617e-05
4.25513807923067e-05
4.25495702493405e-05
4.25477598604433e-05
4.25459496255956e-05
4.25441395447777e-05
4.25423296179699e-05
4.25405198451525e-05
4.25387102263059e-05
4.25369007614105e-05
4.25350914504466e-05
4.25332822933946e-05
4.25314732902348e-05
4.25296644409476e-05
4.25278557455133e-05
4.25260472039124e-05
4.25242388161252e-05
4.25224305821321e-05
4.25206225019134e-05
4.25188145754496e-05
4.25170068027211e-05
4.25151991837082e-05
4.25133917183913e-05
4.25115844067508e-05
4.25097772487672e-05
4.25079702444208e-05
4.25061633936921e-05
4.25043566965614e-05
4.25025501530092e-05
4.25007437630159e-05
4.24989375265618e-05
4.24971314436276e-05
4.24953255141934e-05
4.24935197382399e-05
4.24917141157474e-05
4.24899086466964e-05
4.24881033310673e-05
4.24862981688405e-05
4.24844931599966e-05
4.24826883045159e-05
4.24808836023789e-05
4.24790790535661e-05
4.24772746580579e-05
4.24754704158349e-05
4.24736663268773e-05
4.24718623911659e-05
4.24700586086809e-05
4.24682549794029e-05
4.24664515033124e-05
4.24646481803898e-05
4.24628450106157e-05
4.24610419939705e-05
4.24592391304348e-05
4.2457436419989e-05
4.24556338626136e-05
4.24538314582891e-05
4.24520292069961e-05
4.2450227108715e-05
4.24484251634264e-05
4.24466233711108e-05
4.24448217317487e-05
4.24430202453207e-05
4.24412189118071e-05
4.24394177311887e-05
4.24376167034459e-05
4.24358158285593e-05
4.24340151065094e-05
4.24322145372767e-05
4.24304141208418e-05
4.24286138571853e-05
4.24268137462877e-05
4.24250137881295e-05
4.24232139826913e-05
4.24214143299538e-05
4.24196148298973e-05
4.24178154825026e-05
4.24160162877503e-05
4.24142172456207e-05
4.24124183560947e-05
4.24106196191526e-05
4.24088210347752e-05
4.2407022602943e-05
4.24052243236367e-05
4.24034261968367e-05
4.24016282225237e-05
4.23998304006784e-05
4.23980327312813e-05
4.2396235214313e-05
4.23944378497541e-05
4.23926406375853e-05
4.23908435777872e-05
4.23890466703404e-05
4.23872499152255e-05
4.23854533124232e-05
4.2383656861914e-05
4.23818605636787e-05
4.23800644176979e-05
4.23782684239522e-05
4.23764725824222e-05
4.23746768930887e-05
4.23728813559322e-05
4.23710859709334e-05
4.2369290738073e-05
4.23674956573317e-05
4.23657007286901e-05
4.23639059521288e-05
4.23621113276286e-05
4.23603168551701e-05
4.2358522534734e-05
4.2356728366301e-05
4.23549343498518e-05
4.2353140485367e-05
4.23513467728274e-05
4.23495532122136e-05
4.23477598035064e-05
4.23459665466864e-05
4.23441734417344e-05
4.23423804886311e-05
4.23405876873571e-05
4.23387950378932e-05
4.23370025402202e-05
4.23352101943186e-05
4.23334180001693e-05
4.2331625957753e-05
4.23298340670505e-05
4.23280423280423e-05
4.23262507407094e-05
4.23244593050324e-05
4.2322668020992e-05
4.23208768885691e-05
4.23190859077444e-05
4.23172950784986e-05
4.23155044008125e-05
4.23137138746668e-05
4.23119235000423e-05
4.23101332769198e-05
4.23083432052801e-05
4.23065532851039e-05
4.23047635163719e-05
4.23029738990651e-05
4.23011844331641e-05
4.22993951186498e-05
4.22976059555029e-05
4.22958169437043e-05
4.22940280832346e-05
4.22922393740749e-05
4.22904508162057e-05
4.2288662409608e-05
4.22868741542625e-05
4.22850860501501e-05
4.22832980972516e-05
4.22815102955478e-05
4.22797226450194e-05
4.22779351456475e-05
4.22761477974127e-05
4.22743606002959e-05
4.2272573554278e-05
4.22707866593397e-05
4.2268999915462e-05
4.22672133226256e-05
4.22654268808115e-05
4.22636405900004e-05
4.22618544501733e-05
4.22600684613109e-05
4.22582826233942e-05
4.2256496936404e-05
4.22547114003211e-05
4.22529260151265e-05
4.22511407808011e-05
4.22493556973256e-05
4.2247570764681e-05
4.22457859828482e-05
4.2244001351808e-05
4.22422168715414e-05
4.22404325420292e-05
4.22386483632524e-05
4.22368643351918e-05
4.22350804578283e-05
4.22332967311428e-05
4.22315131551164e-05
4.22297297297297e-05
4.22279464549639e-05
4.22261633307998e-05
4.22243803572183e-05
4.22225975342003e-05
4.22208148617268e-05
4.22190323397788e-05
4.22172499683371e-05
4.22154677473826e-05
4.22136856768965e-05
4.22119037568594e-05
4.22101219872525e-05
4.22083403680567e-05
4.22065588992529e-05
4.22047775808222e-05
4.22029964127453e-05
4.22012153950034e-05
4.21994345275773e-05
4.21976538104481e-05
4.21958732435968e-05
4.21940928270042e-05
4.21923125606515e-05
4.21905324445195e-05
4.21887524785892e-05
4.21869726628417e-05
4.2185192997258e-05
4.21834134818189e-05
4.21816341165057e-05
4.21798549012991e-05
4.21780758361804e-05
4.21762969211303e-05
4.21745181561301e-05
4.21727395411606e-05
4.21709610762029e-05
4.21691827612381e-05
4.21674045962471e-05
4.2165626581211e-05
4.21638487161108e-05
4.21620710009276e-05
4.21602934356423e-05
4.21585160202361e-05
4.21567387546899e-05
4.21549616389849e-05
4.21531846731021e-05
4.21514078570224e-05
4.21496311907271e-05
4.21478546741971e-05
4.21460783074135e-05
4.21443020903574e-05
4.21425260230098e-05
4.21407501053519e-05
4.21389743373646e-05
4.21371987190292e-05
4.21354232503265e-05
4.21336479312379e-05
4.21318727617443e-05
4.21300977418268e-05
4.21283228714665e-05
4.21265481506445e-05
4.2124773579342e-05
4.212299915754e-05
4.21212248852197e-05
4.21194507623621e-05
4.21176767889483e-05
4.21159029649596e-05
4.21141292903769e-05
4.21123557651815e-05
4.21105823893544e-05
4.21088091628769e-05
4.21070360857299e-05
4.21052631578947e-05
4.21034903793524e-05
4.21017177500842e-05
4.20999452700711e-05
4.20981729392944e-05
4.20964007577352e-05
4.20946287253746e-05
4.20928568421939e-05
4.20910851081741e-05
4.20893135232964e-05
4.20875420875421e-05
4.20857708008922e-05
4.2083999663328e-05
4.20822286748306e-05
4.20804578353813e-05
4.20786871449611e-05
4.20769166035513e-05
4.20751462111331e-05
4.20733759676876e-05
4.20716058731962e-05
4.20698359276399e-05
4.2068066131e-05
4.20662964832576e-05
4.20645269843941e-05
4.20627576343905e-05
4.20609884332282e-05
4.20592193808883e-05
4.20574504773521e-05
4.20556817226007e-05
4.20539131166155e-05
4.20521446593776e-05
4.20503763508683e-05
4.20486081910689e-05
4.20468401799605e-05
4.20450723175244e-05
4.20433046037419e-05
4.20415370385941e-05
4.20397696220625e-05
4.20380023541281e-05
4.20362352347724e-05
4.20344682639765e-05
4.20327014417217e-05
4.20309347679892e-05
4.20291682427605e-05
4.20274018660166e-05
4.2025635637739e-05
4.20238695579089e-05
4.20221036265075e-05
4.20203378435163e-05
4.20185722089163e-05
4.20168067226891e-05
4.20150413848158e-05
4.20132761952777e-05
4.20115111540562e-05
4.20097462611326e-05
4.20079815164881e-05
4.20062169201042e-05
4.2004452471962e-05
4.2002688172043e-05
4.20009240203285e-05
4.19991600167997e-05
4.1997396161438e-05
4.19956324542248e-05
4.19938688951413e-05
4.1992105484169e-05
4.19903422212891e-05
4.1988579106483e-05
4.19868161397321e-05
4.19850533210177e-05
4.19832906503212e-05
4.19815281276238e-05
4.19797657529071e-05
4.19780035261523e-05
4.19762414473408e-05
4.1974479516454e-05
4.19727177334732e-05
4.19709560983799e-05
4.19691946111554e-05
4.19674332717811e-05
4.19656720802384e-05
4.19639110365086e-05
4.19621501405732e-05
4.19603893924136e-05
4.19586287920111e-05
4.19568683393472e-05
4.19551080344032e-05
4.19533478771606e-05
4.19515878676008e-05
4.19498280057052e-05
4.19480682914552e-05
4.19463087248322e-05
4.19445493058177e-05
4.19427900343931e-05
4.19410309105398e-05
4.19392719342392e-05
4.19375131054728e-05
4.19357544242221e-05
4.19339958904684e-05
4.19322375041932e-05
4.1930479265378e-05
4.19287211740042e-05
4.19269632300532e-05
4.19252054335066e-05
4.19234477843458e-05
4.19216902825522e-05
4.19199329281073e-05
4.19181757209926e-05
4.19164186611896e-05
4.19146617486797e-05
4.19129049834444e-05
4.19111483654652e-05
4.19093918947236e-05
4.19076355712011e-05
4.19058793948791e-05
4.19041233657392e-05
4.19023674837628e-05
4.19006117489315e-05
4.18988561612268e-05
4.18971007206301e-05
4.1895345427123e-05
4.18935902806871e-05
4.18918352813037e-05
4.18900804289544e-05
4.18883257236208e-05
4.18865711652844e-05
4.18848167539267e-05
4.18830624895292e-05
4.18813083720735e-05
4.18795544015412e-05
4.18778005779136e-05
4.18760469011725e-05
4.18742933712994e-05
4.18725399882757e-05
4.18707867520831e-05
4.18690336627031e-05
4.18672807201172e-05
4.18655279243071e-05
4.18637752752543e-05
4.18620227729404e-05
4.18602704173469e-05
4.18585182084554e-05
4.18567661462475e-05
4.18550142307048e-05
4.18532624618089e-05
4.18515108395413e-05
4.18497593638837e-05
4.18480080348175e-05
4.18462568523246e-05
4.18445058163863e-05
4.18427549269844e-05
4.18410041841004e-05
4.1839253587716e-05
4.18375031378127e-05
4.18357528343723e-05
4.18340026773762e-05
4.18322526668061e-05
4.18305028026437e-05
4.18287530848705e-05
4.18270035134683e-05
4.18252540884186e-05
4.18235048097031e-05
4.18217556773033e-05
4.18200066912011e-05
4.18182578513779e-05
4.18165091578155e-05
4.18147606104955e-05
4.18130122093996e-05
4.18112639545093e-05
4.18095158458065e-05
4.18077678832727e-05
4.18060200668896e-05
4.18042723966389e-05
4.18025248725023e-05
4.18007774944614e-05
4.17990302624979e-05
4.17972831765935e-05
4.17955362367299e-05
4.17937894428888e-05
4.17920427950518e-05
4.17902962932007e-05
4.17885499373172e-05
4.17868037273829e-05
4.17850576633796e-05
4.17833117452889e-05
4.17815659730927e-05
4.17798203467725e-05
4.17780748663102e-05
4.17763295316873e-05
4.17745843428858e-05
4.17728392998872e-05
4.17710944026734e-05
4.17693496512259e-05
4.17676050455267e-05
4.17658605855574e-05
4.17641162712997e-05
4.17623721027354e-05
4.17606280798463e-05
4.17588842026141e-05
4.17571404710205e-05
4.17553968850474e-05
4.17536534446764e-05
4.17519101498894e-05
4.1750167000668e-05
4.17484239969941e-05
4.17466811388495e-05
4.17449384262158e-05
4.1743195859075e-05
4.17414534374087e-05
4.17397111611988e-05
4.1737969030427e-05
4.17362270450751e-05
4.1734485205125e-05
4.17327435105584e-05
4.17310019613571e-05
4.17292605575029e-05
4.17275192989777e-05
4.17257781857632e-05
4.17240372178412e-05
4.17222963951936e-05
4.17205557178022e-05
4.17188151856487e-05
4.17170747987151e-05
4.17153345569831e-05
4.17135944604347e-05
4.17118545090515e-05
4.17101147028154e-05
4.17083750417084e-05
4.17066355257121e-05
4.17048961548086e-05
4.17031569289795e-05
4.17014178482068e-05
4.16996789124724e-05
4.1697940121758e-05
4.16962014760455e-05
4.16944629753169e-05
4.16927246195539e-05
4.16909864087384e-05
4.16892483428524e-05
4.16875104218776e-05
4.1685772645796e-05
4.16840350145894e-05
4.16822975282398e-05
4.16805601867289e-05
4.16788229900388e-05
4.16770859381512e-05
4.16753490310481e-05
4.16736122687115e-05
4.16718756511231e-05
4.16701391782649e-05
4.16684028501188e-05
4.16666666666667e-05
4.16649306278905e-05
4.16631947337722e-05
4.16614589842936e-05
4.16597233794368e-05
4.16579879191835e-05
4.16562526035158e-05
4.16545174324155e-05
4.16527824058647e-05
4.16510475238452e-05
4.1649312786339e-05
4.16475781933281e-05
4.16458437447943e-05
4.16441094407196e-05
4.1642375281086e-05
4.16406412658755e-05
4.163890739507e-05
4.16371736686514e-05
4.16354400866017e-05
4.1633706648903e-05
4.16319733555371e-05
4.1630240206486e-05
4.16285072017317e-05
4.16267743412563e-05
4.16250416250416e-05
4.16233090530697e-05
4.16215766253226e-05
4.16198443417822e-05
4.16181122024305e-05
4.16163802072496e-05
4.16146483562214e-05
4.16129166493279e-05
4.16111850865513e-05
4.16094536678733e-05
4.16077223932762e-05
4.16059912627418e-05
4.16042602762523e-05
4.16025294337896e-05
4.16007987353357e-05
4.15990681808728e-05
4.15973377703827e-05
4.15956075038476e-05
4.15938773812495e-05
4.15921474025704e-05
4.15904175677924e-05
4.15886878768975e-05
4.15869583298678e-05
4.15852289266852e-05
4.1583499667332e-05
4.15817705517901e-05
4.15800415800416e-05
4.15783127520685e-05
4.1576584067853e-05
4.1574855527377e-05
4.15731271306228e-05
4.15713988775722e-05
4.15696707682075e-05
4.15679428025107e-05
4.15662149804639e-05
4.15644873020491e-05
4.15627597672485e-05
4.15610323760442e-05
4.15593051284183e-05
4.15575780243527e-05
4.15558510638298e-05
4.15541242468315e-05
4.155239757334e-05
4.15506710433374e-05
4.15489446568057e-05
4.15472184137272e-05
4.15454923140839e-05
4.1543766357858e-05
4.15420405450316e-05
4.15403148755868e-05
4.15385893495057e-05
4.15368639667705e-05
4.15351387273634e-05
4.15334136312664e-05
4.15316886784617e-05
4.15299638689314e-05
4.15282392026578e-05
4.15265146796229e-05
4.1524790299809e-05
4.15230660631981e-05
4.15213419697725e-05
4.15196180195142e-05
4.15178942124055e-05
4.15161705484286e-05
4.15144470275656e-05
4.15127236497987e-05
4.151100041511e-05
4.15092773234818e-05
4.15075543748962e-05
4.15058315693355e-05
4.15041089067818e-05
4.15023863872173e-05
4.15006640106242e-05
4.14989417769847e-05
4.1497219686281e-05
4.14954977384954e-05
4.149377593361e-05
4.1492054271607e-05
4.14903327524687e-05
4.14886113761772e-05
4.14868901427149e-05
4.14851690520639e-05
4.14834481042064e-05
4.14817272991247e-05
4.14800066368011e-05
4.14782861172176e-05
4.14765657403567e-05
4.14748455062005e-05
4.14731254147313e-05
4.14714054659312e-05
4.14696856597827e-05
4.14679659962679e-05
4.14662464753691e-05
4.14645270970685e-05
4.14628078613484e-05
4.14610887681911e-05
4.14593698175788e-05
4.14576510094938e-05
4.14559323439184e-05
4.14542138208349e-05
4.14524954402255e-05
4.14507772020725e-05
4.14490591063583e-05
4.1447341153065e-05
4.14456233421751e-05
4.14439056736707e-05
4.14421881475342e-05
4.14404707637479e-05
4.14387535222941e-05
4.1437036423155e-05
4.14353194663131e-05
4.14336026517506e-05
4.14318859794498e-05
4.1430169449393e-05
4.14284530615627e-05
4.1426736815941e-05
4.14250207125104e-05
4.14233047512531e-05
4.14215889321514e-05
4.14198732551878e-05
4.14181577203446e-05
4.14164423276041e-05
4.14147270769486e-05
4.14130119683605e-05
4.14112970018221e-05
4.14095821773158e-05
4.1407867494824e-05
4.1406152954329e-05
4.14044385558132e-05
4.14027242992589e-05
4.14010101846485e-05
4.13992962119644e-05
4.13975823811889e-05
4.13958686923045e-05
4.13941551452935e-05
4.13924417401382e-05
4.13907284768212e-05
4.13890153553247e-05
4.13873023756312e-05
4.1385589537723e-05
4.13838768415825e-05
4.13821642871922e-05
4.13804518745345e-05
4.13787396035917e-05
4.13770274743462e-05
4.13753154867806e-05
4.13736036408771e-05
4.13718919366183e-05
4.13701803739864e-05
4.1368468952964e-05
4.13667576735335e-05
4.13650465356774e-05
4.13633355393779e-05
4.13616246846176e-05
4.13599139713789e-05
4.13582033996443e-05
4.13564929693962e-05
4.1354782680617e-05
4.13530725332892e-05
4.13513625273953e-05
4.13496526629176e-05
4.13479429398387e-05
4.13462333581411e-05
4.13445239178071e-05
4.13428146188193e-05
4.134110546116e-05
4.13393964448119e-05
4.13376875697573e-05
4.13359788359788e-05
4.13342702434589e-05
4.13325617921799e-05
4.13308534821244e-05
4.13291453132749e-05
4.13274372856139e-05
4.13257293991239e-05
4.13240216537873e-05
4.13223140495868e-05
4.13206065865047e-05
4.13188992645236e-05
4.1317192083626e-05
4.13154850437944e-05
4.13137781450114e-05
4.13120713872594e-05
4.13103647705209e-05
4.13086582947786e-05
4.13069519600149e-05
4.13052457662123e-05
4.13035397133534e-05
4.13018338014208e-05
4.13001280303969e-05
4.12984224002643e-05
4.12967169110056e-05
4.12950115626032e-05
4.12933063550398e-05
4.1291601288298e-05
4.12898963623601e-05
4.12881915772089e-05
4.12864869328269e-05
4.12847824291966e-05
4.12830780663006e-05
4.12813738441215e-05
4.12796697626419e-05
4.12779658218443e-05
4.12762620217113e-05
4.12745583622255e-05
4.12728548433695e-05
4.12711514651259e-05
4.12694482274772e-05
4.12677451304061e-05
4.12660421738951e-05
4.12643393579269e-05
4.1262636682484e-05
4.12609341475491e-05
4.12592317531048e-05
4.12575294991336e-05
4.12558273856182e-05
4.12541254125413e-05
4.12524235798853e-05
4.1250721887633e-05
4.1249020335767e-05
4.12473189242699e-05
4.12456176531244e-05
4.1243916522313e-05
4.12422155318184e-05
4.12405146816232e-05
4.12388139717102e-05
4.12371134020619e-05
4.12354129726609e-05
4.123371268349e-05
4.12320125345318e-05
4.12303125257689e-05
4.12286126571841e-05
4.12269129287599e-05
4.1225213340479e-05
4.12235138923242e-05
4.1221814584278e-05
4.12201154163232e-05
4.12184163884424e-05
4.12167175006183e-05
4.12150187528335e-05
4.12133201450709e-05
4.1211621677313e-05
4.12099233495426e-05
4.12082251617423e-05
4.12065271138948e-05
4.12048292059829e-05
4.12031314379893e-05
4.12014338098966e-05
4.11997363216875e-05
4.11980389733449e-05
4.11963417648513e-05
4.11946446961895e-05
4.11929477673422e-05
4.11912509782922e-05
4.11895543290222e-05
4.11878578195148e-05
4.11861614497529e-05
4.11844652197191e-05
4.11827691293963e-05
4.1181073178767e-05
4.11793773678142e-05
4.11776816965205e-05
4.11759861648686e-05
4.11742907728414e-05
4.11725955204216e-05
4.11709004075919e-05
4.11692054343351e-05
4.1167510600634e-05
4.11658159064713e-05
4.11641213518297e-05
4.11624269366922e-05
4.11607326610414e-05
4.11590385248601e-05
4.1157344528131e-05
4.11556506708371e-05
4.1153956952961e-05
4.11522633744856e-05
4.11505699353936e-05
4.11488766356678e-05
4.11471834752911e-05
4.11454904542462e-05
4.11437975725159e-05
4.11421048300831e-05
4.11404122269305e-05
4.1138719763041e-05
4.11370274383973e-05
4.11353352529823e-05
4.11336432067788e-05
4.11319512997697e-05
4.11302595319376e-05
4.11285679032656e-05
4.11268764137364e-05
4.11251850633328e-05
4.11234938520377e-05
4.11218027798339e-05
4.11201118467042e-05
4.11184210526316e-05
4.11167303975988e-05
4.11150398815887e-05
4.11133495045841e-05
4.1111659266568e-05
4.11099691675231e-05
4.11082792074324e-05
4.11065893862786e-05
4.11048997040447e-05
4.11032101607135e-05
4.1101520756268e-05
4.10998314906909e-05
4.10981423639652e-05
4.10964533760736e-05
4.10947645269993e-05
4.10930758167249e-05
4.10913872452334e-05
4.10896988125077e-05
4.10880105185307e-05
4.10863223632853e-05
4.10846343467543e-05
4.10829464689208e-05
4.10812587297675e-05
4.10795711292774e-05
4.10778836674335e-05
4.10761963442185e-05
4.10745091596155e-05
4.10728221136074e-05
4.10711352061771e-05
4.10694484373075e-05
4.10677618069815e-05
4.10660753151821e-05
4.10643889618922e-05
4.10627027470948e-05
4.10610166707728e-05
4.10593307329091e-05
4.10576449334866e-05
4.10559592724884e-05
4.10542737498974e-05
4.10525883656965e-05
4.10509031198686e-05
4.10492180123969e-05
4.10475330432641e-05
4.10458482124533e-05
4.10441635199475e-05
4.10424789657295e-05
4.10407945497825e-05
4.10391102720893e-05
4.1037426132633e-05
4.10357421313964e-05
4.10340582683627e-05
4.10323745435148e-05
4.10306909568357e-05
4.10290075083084e-05
4.10273241979158e-05
4.1025641025641e-05
4.1023957991467e-05
4.10222750953768e-05
4.10205923373534e-05
4.10189097173797e-05
4.10172272354389e-05
4.10155448915139e-05
4.10138626855877e-05
4.10121806176434e-05
4.1010498687664e-05
4.10088168956326e-05
4.1007135241532e-05
4.10054537253455e-05
4.10037723470559e-05
4.10020911066464e-05
4.10004100041e-05
4.09987290393998e-05
4.09970482125287e-05
4.09953675234698e-05
4.09936869722063e-05
4.09920065587211e-05
4.09903262829972e-05
4.09886461450178e-05
4.0986966144766e-05
4.09852862822247e-05
4.0983606557377e-05
4.09819269702061e-05
4.0980247520695e-05
4.09785682088268e-05
4.09768890345845e-05
4.09752099979512e-05
4.09735310989101e-05
4.09718523374442e-05
4.09701737135365e-05
4.09684952271703e-05
4.09668168783286e-05
4.09651386669944e-05
4.09634605931509e-05
4.09617826567812e-05
4.09601048578684e-05
4.09584271963957e-05
4.0956749672346e-05
4.09550722857026e-05
4.09533950364485e-05
4.09517179245669e-05
4.0950040950041e-05
4.09483641128537e-05
4.09466874129883e-05
4.09450108504279e-05
4.09433344251556e-05
4.09416581371546e-05
4.09399819864079e-05
4.09383059728988e-05
4.09366300966104e-05
4.09349543575259e-05
4.09332787556283e-05
4.09316032909009e-05
4.09299279633268e-05
4.09282527728891e-05
4.09265777195711e-05
4.09249028033558e-05
4.09232280242265e-05
4.09215533821664e-05
4.09198788771585e-05
4.09182045091861e-05
4.09165302782324e-05
4.09148561842805e-05
4.09131822273136e-05
4.0911508407315e-05
4.09098347242677e-05
4.0908161178155e-05
4.09064877689602e-05
4.09048144966663e-05
4.09031413612565e-05
4.09014683627142e-05
4.08997955010225e-05
4.08981227761646e-05
4.08964501881237e-05
4.0894777736883e-05
4.08931054224258e-05
4.08914332447352e-05
4.08897612037946e-05
4.0888089299587e-05
4.08864175320958e-05
4.08847459013042e-05
4.08830744071954e-05
4.08814030497527e-05
4.08797318289592e-05
4.08780607447983e-05
4.08763897972531e-05
4.0874718986307e-05
4.08730483119431e-05
4.08713777741448e-05
4.08697073728952e-05
4.08680371081777e-05
4.08663669799755e-05
4.08646969882718e-05
4.086302713305e-05
4.08613574142933e-05
4.0859687831985e-05
4.08580183861083e-05
4.08563490766465e-05
4.0854679903583e-05
4.08530108669009e-05
4.08513419665836e-05
4.08496732026144e-05
4.08480045749765e-05
4.08463360836533e-05
4.0844667728628e-05
4.0842999509884e-05
4.08413314274045e-05
4.08396634811729e-05
4.08379956711725e-05
4.08363279973865e-05
4.08346604597983e-05
4.08329930583912e-05
4.08313257931485e-05
4.08296586640536e-05
4.08279916710897e-05
4.08263248142402e-05
4.08246580934885e-05
4.08229915088178e-05
4.08213250602115e-05
4.08196587476529e-05
4.08179925711254e-05
4.08163265306122e-05
4.08146606260969e-05
4.08129948575626e-05
4.08113292249929e-05
4.08096637283709e-05
4.08079983676801e-05
4.08063331429038e-05
4.08046680540254e-05
4.08030031010282e-05
4.08013382838957e-05
4.07996736026112e-05
4.0798009057158e-05
4.07963446475196e-05
4.07946803736793e-05
4.07930162356205e-05
4.07913522333265e-05
4.07896883667809e-05
4.07880246359669e-05
4.07863610408679e-05
4.07846975814674e-05
4.07830342577488e-05
4.07813710696954e-05
4.07797080172906e-05
4.07780451005179e-05
4.07763823193606e-05
4.07747196738022e-05
4.07730571638261e-05
4.07713947894157e-05
4.07697325505545e-05
4.07680704472257e-05
4.0766408479413e-05
4.07647466470996e-05
4.0763084950269e-05
4.07614233889047e-05
4.07597619629901e-05
4.07581006725087e-05
4.07564395174438e-05
4.07547784977789e-05
4.07531176134974e-05
4.07514568645829e-05
4.07497962510187e-05
4.07481357727884e-05
4.07464754298753e-05
4.0744815222263e-05
4.07431551499348e-05
4.07414952128743e-05
4.07398354110649e-05
4.07381757444902e-05
4.07365162131335e-05
4.07348568169783e-05
4.07331975560081e-05
4.07315384302065e-05
4.07298794395569e-05
4.07282205840427e-05
4.07265618636475e-05
4.07249032783547e-05
4.07232448281479e-05
4.07215865130105e-05
4.07199283329261e-05
4.07182702878782e-05
4.07166123778502e-05
4.07149546028256e-05
4.0713296962788e-05
4.0711639457721e-05
4.07099820876079e-05
4.07083248524323e-05
4.07066677521778e-05
4.07050107868279e-05
4.0703353956366e-05
4.07016972607758e-05
4.07000407000407e-05
4.06983842741443e-05
4.06967279830702e-05
4.06950718268018e-05
4.06934158053227e-05
4.06917599186165e-05
4.06901041666667e-05
4.06884485494568e-05
4.06867930669705e-05
4.06851377191912e-05
4.06834825061025e-05
4.06818274276881e-05
4.06801724839313e-05
4.06785176748159e-05
4.06768630003254e-05
4.06752084604434e-05
4.06735540551533e-05
4.06718997844389e-05
4.06702456482837e-05
4.06685916466713e-05
4.06669377795852e-05
4.06652840470091e-05
4.06636304489265e-05
4.0661976985321e-05
4.06603236561763e-05
4.06586704614759e-05
4.06570174012035e-05
4.06553644753425e-05
4.06537116838767e-05
4.06520590267897e-05
4.0650406504065e-05
4.06487541156864e-05
4.06471018616373e-05
4.06454497419014e-05
4.06437977564624e-05
4.06421459053038e-05
4.06404941884093e-05
4.06388426057626e-05
4.06371911573472e-05
4.06355398431468e-05
4.06338886631451e-05
4.06322376173256e-05
4.0630586705672e-05
4.0628935928168e-05
4.06272852847973e-05
4.06256347755434e-05
4.062398440039e-05
4.06223341593208e-05
4.06206840523194e-05
4.06190340793696e-05
4.06173842404549e-05
4.06157345355591e-05
4.06140849646657e-05
4.06124355277586e-05
4.06107862248213e-05
4.06091370558376e-05
4.0607488020791e-05
4.06058391196654e-05
4.06041903524444e-05
4.06025417191116e-05
4.06008932196508e-05
4.05992448540457e-05
4.059759662228e-05
4.05959485243373e-05
4.05943005602013e-05
4.05926527298559e-05
4.05910050332846e-05
4.05893574704712e-05
4.05877100413995e-05
4.0586062746053e-05
4.05844155844156e-05
4.05827685564709e-05
4.05811216622027e-05
4.05794749015948e-05
4.05778282746307e-05
4.05761817812944e-05
4.05745354215694e-05
4.05728891954396e-05
4.05712431028887e-05
4.05695971439004e-05
4.05679513184584e-05
4.05663056265466e-05
4.05646600681486e-05
4.05630146432483e-05
4.05613693518293e-05
4.05597241938755e-05
4.05580791693705e-05
4.05564342782983e-05
4.05547895206424e-05
4.05531448963867e-05
4.0551500405515e-05
4.0549856048011e-05
4.05482118238586e-05
4.05465677330414e-05
4.05449237755433e-05
4.05432799513481e-05
4.05416362604395e-05
4.05399927028013e-05
4.05383492784174e-05
4.05367059872715e-05
4.05350628293474e-05
4.05334198046289e-05
4.05317769130999e-05
4.0530134154744e-05
4.05284915295453e-05
4.05268490374873e-05
4.05252066785541e-05
4.05235644527293e-05
4.05219223599968e-05
4.05202804003404e-05
4.05186385737439e-05
4.05169968801912e-05
4.05153553196662e-05
4.05137138921525e-05
4.05120725976341e-05
4.05104314360948e-05
4.05087904075184e-05
4.05071495118888e-05
4.05055087491899e-05
4.05038681194054e-05
4.05022276225192e-05
4.05005872585152e-05
4.04989470273773e-05
4.04973069290892e-05
4.04956669636349e-05
4.04940271309982e-05
4.04923874311629e-05
4.04907478641131e-05
4.04891084298324e-05
4.04874691283048e-05
4.04858299595142e-05
4.04841909234444e-05
4.04825520200793e-05
4.04809132494029e-05
4.0479274611399e-05
4.04776361060514e-05
4.04759977333441e-05
4.0474359493261e-05
4.0472721385786e-05
4.04710834109029e-05
4.04694455685957e-05
4.04678078588483e-05
4.04661702816445e-05
4.04645328369684e-05
4.04628955248038e-05
4.04612583451345e-05
4.04596212979447e-05
4.0457984383218e-05
4.04563476009386e-05
4.04547109510903e-05
4.0453074433657e-05
4.04514380486226e-05
4.04498017959712e-05
4.04481656756866e-05
4.04465296877528e-05
4.04448938321537e-05
4.04432581088732e-05
4.04416225178954e-05
4.04399870592041e-05
4.04383517327834e-05
4.04367165386171e-05
4.04350814766892e-05
4.04334465469837e-05
4.04318117494845e-05
4.04301770841756e-05
4.0428542551041e-05
4.04269081500647e-05
4.04252738812305e-05
4.04236397445226e-05
4.04220057399248e-05
4.04203718674212e-05
4.04187381269957e-05
4.04171045186323e-05
4.0415471042315e-05
4.04138376980278e-05
4.04122044857547e-05
4.04105714054797e-05
4.04089384571867e-05
4.04073056408599e-05
4.04056729564831e-05
4.04040404040404e-05
4.04024079835158e-05
4.04007756948933e-05
4.0399143538157e-05
4.03975115132908e-05
4.03958796202787e-05
4.03942478591049e-05
4.03926162297532e-05
4.03909847322078e-05
4.03893533664526e-05
4.03877221324717e-05
4.03860910302492e-05
4.0384460059769e-05
4.03828292210152e-05
4.03811985139719e-05
4.03795679386231e-05
4.03779374949528e-05
4.0376307182945e-05
4.0374677002584e-05
4.03730469538536e-05
4.0371417036738e-05
4.03697872512212e-05
4.03681575972873e-05
4.03665280749203e-05
4.03648986841043e-05
4.03632694248234e-05
4.03616402970617e-05
4.03600113008032e-05
4.0358382436032e-05
4.03567537027322e-05
4.03551251008878e-05
4.0353496630483e-05
4.03518682915019e-05
4.03502400839285e-05
4.03486120077469e-05
4.03469840629413e-05
4.03453562494957e-05
4.03437285673942e-05
4.03421010166209e-05
4.034047359716e-05
4.03388463089956e-05
4.03372191521117e-05
4.03355921264924e-05
4.0333965232122e-05
4.03323384689844e-05
4.03307118370639e-05
4.03290853363446e-05
4.03274589668105e-05
4.03258327284458e-05
4.03242066212347e-05
4.03225806451613e-05
4.03209548002097e-05
4.0319329086364e-05
4.03177035036084e-05
4.03160780519271e-05
4.03144527313042e-05
4.03128275417238e-05
4.03112024831701e-05
4.03095775556272e-05
4.03079527590794e-05
4.03063280935107e-05
4.03047035589053e-05
4.03030791552475e-05
4.03014548825213e-05
4.02998307407109e-05
4.02982067298005e-05
4.02965828497743e-05
4.02949591006165e-05
4.02933354823112e-05
4.02917119948427e-05
4.0290088638195e-05
4.02884654123524e-05
4.02868423172992e-05
4.02852193530194e-05
4.02835965194973e-05
4.0281973816717e-05
4.02803512446629e-05
4.0278728803319e-05
4.02771064926696e-05
4.02754843126989e-05
4.02738622633911e-05
4.02722403447304e-05
4.0270618556701e-05
4.02689968992872e-05
4.02673753724732e-05
4.02657539762432e-05
4.02641327105814e-05
4.02625115754721e-05
4.02608905708994e-05
4.02592696968477e-05
4.02576489533011e-05
4.0256028340244e-05
4.02544078576604e-05
4.02527875055348e-05
4.02511672838512e-05
4.02495471925941e-05
4.02479272317476e-05
4.02463074012959e-05
4.02446877012234e-05
4.02430681315143e-05
4.02414486921529e-05
4.02398293831234e-05
4.02382102044101e-05
4.02365911559973e-05
4.02349722378692e-05
4.02333534500101e-05
4.02317347924043e-05
4.0230116265036e-05
4.02284978678896e-05
4.02268796009494e-05
4.02252614641995e-05
4.02236434576244e-05
4.02220255812083e-05
4.02204078349354e-05
4.02187902187902e-05
4.02171727327569e-05
4.02155553768198e-05
4.02139381509631e-05
4.02123210551713e-05
4.02107040894286e-05
4.02090872537193e-05
4.02074705480278e-05
4.02058539723384e-05
4.02042375266353e-05
4.02026212109029e-05
4.02010050251256e-05
4.01993889692877e-05
4.01977730433734e-05
4.01961572473672e-05
4.01945415812533e-05
4.01929260450161e-05
4.01913106386399e-05
4.01896953621092e-05
4.01880802154081e-05
4.01864651985211e-05
4.01848503114326e-05
4.01832355541268e-05
4.01816209265882e-05
4.0180006428801e-05
4.01783920607497e-05
4.01767778224186e-05
4.01751637137921e-05
4.01735497348546e-05
4.01719358855903e-05
4.01703221659838e-05
4.01687085760193e-05
4.01670951156812e-05
4.0165481784954e-05
4.0163868583822e-05
4.01622555122696e-05
4.01606425702811e-05
4.0159029757841e-05
4.01574170749337e-05
4.01558045215436e-05
4.0154192097655e-05
4.01525798032524e-05
4.01509676383201e-05
4.01493556028426e-05
4.01477436968042e-05
4.01461319201895e-05
4.01445202729827e-05
4.01429087551684e-05
4.01412973667309e-05
4.01396861076546e-05
4.01380749779241e-05
4.01364639775236e-05
4.01348531064376e-05
4.01332423646506e-05
4.0131631752147e-05
4.01300212689113e-05
4.01284109149278e-05
4.0126800690181e-05
4.01251905946553e-05
4.01235806283353e-05
4.01219707912053e-05
4.01203610832497e-05
4.01187515044532e-05
4.01171420548e-05
4.01155327342747e-05
4.01139235428617e-05
4.01123144805455e-05
4.01107055473106e-05
4.01090967431413e-05
4.01074880680223e-05
4.01058795219379e-05
4.01042711048727e-05
4.0102662816811e-05
4.01010546577375e-05
4.00994466276365e-05
4.00978387264926e-05
4.00962309542903e-05
4.0094623311014e-05
4.00930157966482e-05
4.00914084111775e-05
4.00898011545863e-05
4.00881940268591e-05
4.00865870279804e-05
4.00849801579348e-05
4.00833734167068e-05
4.00817668042807e-05
4.00801603206413e-05
4.00785539657729e-05
4.00769477396601e-05
4.00753416422875e-05
4.00737356736395e-05
4.00721298337007e-05
4.00705241224555e-05
4.00689185398886e-05
4.00673130859845e-05
4.00657077607276e-05
4.00641025641026e-05
4.00624974960939e-05
4.00608925566862e-05
4.00592877458639e-05
4.00576830636116e-05
4.00560785099139e-05
4.00544740847553e-05
4.00528697881203e-05
4.00512656199936e-05
4.00496615803596e-05
4.0048057669203e-05
4.00464538865084e-05
4.00448502322601e-05
4.0043246706443e-05
4.00416433090414e-05
4.004004004004e-05
4.00384368994234e-05
4.00368338871762e-05
4.00352310032829e-05
4.00336282477281e-05
4.00320256204964e-05
4.00304231215724e-05
4.00288207509407e-05
4.00272185085858e-05
4.00256163944925e-05
4.00240144086452e-05
4.00224125510286e-05
4.00208108216272e-05
4.00192092204258e-05
4.00176077474089e-05
4.0016006402561e-05
4.00144051858669e-05
4.00128040973111e-05
4.00112031368783e-05
4.00096023045531e-05
4.00080016003201e-05
4.00064010241639e-05
4.00048005760691e-05
4.00032002560205e-05
4.00016000640026e-05
4e-05
3.99984000639974e-05
3.99968002559795e-05
3.99952005759309e-05
3.99936010238362e-05
3.99920015996801e-05
3.99904023034472e-05
3.99888031351222e-05
3.99872040946897e-05
3.99856051821344e-05
3.9984006397441e-05
3.99824077405941e-05
3.99808092115784e-05
3.99792108103786e-05
3.99776125369793e-05
3.99760143913652e-05
3.99744163735209e-05
3.99728184834313e-05
3.99712207210808e-05
3.99696230864543e-05
3.99680255795364e-05
3.99664282003117e-05
3.99648309487651e-05
3.99632338248811e-05
3.99616368286445e-05
3.996003996004e-05
3.99584432190522e-05
3.99568466056659e-05
3.99552501198657e-05
3.99536537616365e-05
3.99520575309628e-05
3.99504614278295e-05
3.99488654522212e-05
3.99472696041226e-05
3.99456738835184e-05
3.99440782903935e-05
3.99424828247324e-05
3.99408874865199e-05
3.99392922757409e-05
3.99376971923799e-05
3.99361022364217e-05
3.99345074078511e-05
3.99329127066528e-05
3.99313181328116e-05
3.99297236863121e-05
3.99281293671391e-05
3.99265351752775e-05
3.99249411107119e-05
3.9923347173427e-05
3.99217533634077e-05
3.99201596806387e-05
3.99185661251048e-05
3.99169726967907e-05
3.99153793956812e-05
3.9913786221761e-05
3.9912193175015e-05
3.99106002554278e-05
3.99090074629844e-05
3.99074147976694e-05
3.99058222594677e-05
3.99042298483639e-05
3.9902637564343e-05
3.99010454073897e-05
3.98994533774887e-05
3.9897861474625e-05
3.98962696987832e-05
3.98946780499481e-05
3.98930865281047e-05
3.98914951332376e-05
3.98899038653317e-05
3.98883127243718e-05
3.98867217103426e-05
3.98851308232291e-05
3.9883540063016e-05
3.98819494296881e-05
3.98803589232303e-05
3.98787685436274e-05
3.98771782908641e-05
3.98755881649254e-05
3.98739981657961e-05
3.98724082934609e-05
3.98708185479048e-05
3.98692289291125e-05
3.98676394370689e-05
3.98660500717589e-05
3.98644608331672e-05
3.98628717212788e-05
3.98612827360784e-05
3.9859693877551e-05
3.98581051456814e-05
3.98565165404544e-05
3.98549280618548e-05
3.98533397098677e-05
3.98517514844777e-05
3.98501633856699e-05
3.9848575413429e-05
3.98469875677399e-05
3.98453998485875e-05
3.98438122559567e-05
3.98422247898323e-05
3.98406374501992e-05
3.98390502370423e-05
3.98374631503466e-05
3.98358761900968e-05
3.98342893562779e-05
3.98327026488747e-05
3.98311160678722e-05
3.98295296132553e-05
3.98279432850088e-05
3.98263570831176e-05
3.98247710075667e-05
3.9823185058341e-05
3.98215992354253e-05
3.98200135388046e-05
3.98184279684638e-05
3.98168425243878e-05
3.98152572065616e-05
3.98136720149699e-05
3.98120869495979e-05
3.98105020104304e-05
3.98089171974522e-05
3.98073325106485e-05
3.9805747950004e-05
3.98041635155037e-05
3.98025792071326e-05
3.98009950248756e-05
3.97994109687177e-05
3.97978270386437e-05
3.97962432346387e-05
3.97946595566875e-05
3.97930760047752e-05
3.97914925788866e-05
3.97899092790068e-05
3.97883261051208e-05
3.97867430572133e-05
3.97851601352695e-05
3.97835773392743e-05
3.97819946692127e-05
3.97804121250696e-05
3.977882970683e-05
3.97772474144789e-05
3.97756652480013e-05
3.97740832073821e-05
3.97725012926063e-05
3.97709195036589e-05
3.9769337840525e-05
3.97677563031894e-05
3.97661748916372e-05
3.97645936058533e-05
3.97630124458229e-05
3.97614314115308e-05
3.97598505029621e-05
3.97582697201018e-05
3.97566890629348e-05
3.97551085314463e-05
3.97535281256211e-05
3.97519478454444e-05
3.97503676909011e-05
3.97487876619763e-05
3.9747207758655e-05
3.97456279809221e-05
3.97440483287628e-05
3.9742468802162e-05
3.97408894011048e-05
3.97393101255762e-05
3.97377309755613e-05
3.97361519510451e-05
3.97345730520126e-05
3.97329942784488e-05
3.97314156303389e-05
3.97298371076679e-05
3.97282587104207e-05
3.97266804385826e-05
3.97251022921384e-05
3.97235242710733e-05
3.97219463753724e-05
3.97203686050207e-05
3.97187909600032e-05
3.9717213440305e-05
3.97156360459113e-05
3.9714058776807e-05
3.97124816329772e-05
3.97109046144071e-05
3.97093277210817e-05
3.9707750952986e-05
3.97061743101052e-05
3.97045977924244e-05
3.97030213999285e-05
3.97014451326028e-05
3.96998689904323e-05
3.96982929734021e-05
3.96967170814974e-05
3.96951413147031e-05
3.96935656730044e-05
3.96919901563864e-05
3.96904147648343e-05
3.96888394983331e-05
3.96872643568679e-05
3.96856893404238e-05
3.96841144489861e-05
3.96825396825397e-05
3.96809650410698e-05
3.96793905245615e-05
3.9677816133e-05
3.96762418663704e-05
3.96746677246578e-05
3.96730937078473e-05
3.96715198159242e-05
3.96699460488734e-05
3.96683724066802e-05
3.96667988893296e-05
3.9665225496807e-05
3.96636522290973e-05
3.96620790861857e-05
3.96605060680574e-05
3.96589331746976e-05
3.96573604060914e-05
3.96557877622239e-05
3.96542152430803e-05
3.96526428486459e-05
3.96510705789056e-05
3.96494984338448e-05
3.96479264134486e-05
3.96463545177021e-05
3.96447827465905e-05
3.96432111000991e-05
3.9641639578213e-05
3.96400681809173e-05
3.96384969081972e-05
3.96369257600381e-05
3.96353547364249e-05
3.9633783837343e-05
3.96322130627774e-05
3.96306424127135e-05
3.96290718871364e-05
3.96275014860313e-05
3.96259312093834e-05
3.9624361057178e-05
3.96227910294001e-05
3.96212211260351e-05
3.96196513470681e-05
3.96180816924844e-05
3.96165121622692e-05
3.96149427564077e-05
3.96133734748851e-05
3.96118043176867e-05
3.96102352847976e-05
3.96086663762031e-05
3.96070975918885e-05
3.96055289318389e-05
3.96039603960396e-05
3.96023919844759e-05
3.96008236971329e-05
3.9599255533996e-05
3.95976874950503e-05
3.95961195802811e-05
3.95945517896737e-05
3.95929841232134e-05
3.95914165808853e-05
3.95898491626747e-05
3.95882818685669e-05
3.95867146985472e-05
3.95851476526007e-05
3.95835807307129e-05
3.95820139328689e-05
3.9580447259054e-05
3.95788807092535e-05
3.95773142834527e-05
3.95757479816369e-05
3.95741818037912e-05
3.95726157499011e-05
3.95710498199517e-05
3.95694840139285e-05
3.95679183318166e-05
3.95663527736013e-05
3.95647873392681e-05
3.9563222028802e-05
3.95616568421886e-05
3.95600917794129e-05
3.95585268404605e-05
3.95569620253165e-05
3.95553973339662e-05
3.95538327663951e-05
3.95522683225883e-05
3.95507040025312e-05
3.95491398062092e-05
3.95475757336075e-05
3.95460117847115e-05
3.95444479595065e-05
3.95428842579778e-05
3.95413206801107e-05
3.95397572258906e-05
3.95381938953029e-05
3.95366306883327e-05
3.95350676049656e-05
3.95335046451868e-05
3.95319418089817e-05
3.95303790963355e-05
3.95288165072338e-05
3.95272540416617e-05
3.95256916996047e-05
3.95241294810482e-05
3.95225673859774e-05
3.95210054143777e-05
3.95194435662346e-05
3.95178818415333e-05
3.95163202402592e-05
3.95147587623978e-05
3.95131974079343e-05
3.95116361768541e-05
3.95100750691426e-05
3.95085140847853e-05
3.95069532237674e-05
3.95053924860744e-05
3.95038318716916e-05
3.95022713806044e-05
3.95007110127982e-05
3.94991507682585e-05
3.94975906469705e-05
3.94960306489198e-05
3.94944707740916e-05
3.94929110224715e-05
3.94913513940447e-05
3.94897918887967e-05
3.9488232506713e-05
3.94866732477789e-05
3.94851141119798e-05
3.94835550993011e-05
3.94819962097284e-05
3.94804374432469e-05
3.94788787998421e-05
3.94773202794994e-05
3.94757618822043e-05
3.94742036079422e-05
3.94726454566985e-05
3.94710874284587e-05
3.94695295232081e-05
3.94679717409322e-05
3.94664140816165e-05
3.94648565452465e-05
3.94632991318074e-05
3.94617418412849e-05
3.94601846736643e-05
3.94586276289311e-05
3.94570707070707e-05
3.94555139080687e-05
3.94539572319104e-05
3.94524006785813e-05
3.94508442480669e-05
3.94492879403527e-05
3.94477317554241e-05
3.94461756932665e-05
3.94446197538656e-05
3.94430639372066e-05
3.94415082432752e-05
3.94399526720568e-05
3.94383972235368e-05
3.94368418977008e-05
3.94352866945343e-05
3.94337316140226e-05
3.94321766561514e-05
3.94306218209061e-05
3.94290671082722e-05
3.94275125182352e-05
3.94259580507806e-05
3.9424403705894e-05
3.94228494835607e-05
3.94212953837663e-05
3.94197414064964e-05
3.94181875517364e-05
3.94166338194718e-05
3.94150802096882e-05
3.94135267223711e-05
3.9411973357506e-05
3.94104201150784e-05
3.94088669950739e-05
3.94073139974779e-05
3.94057611222761e-05
3.94042083694539e-05
3.94026557389968e-05
3.94011032308905e-05
3.93995508451204e-05
3.93979985816721e-05
3.93964464405311e-05
3.93948944216829e-05
3.93933425251133e-05
3.93917907508075e-05
3.93902390987513e-05
3.93886875689302e-05
3.93871361613297e-05
3.93855848759354e-05
3.93840337127329e-05
3.93824826717076e-05
3.93809317528453e-05
3.93793809561314e-05
3.93778302815515e-05
3.93762797290912e-05
3.93747292987361e-05
3.93731789904717e-05
3.93716288042836e-05
3.93700787401575e-05
3.93685287980788e-05
3.93669789780332e-05
3.93654292800063e-05
3.93638797039836e-05
3.93623302499508e-05
3.93607809178934e-05
3.93592317077971e-05
3.93576826196474e-05
3.93561336534299e-05
3.93545848091303e-05
3.93530360867341e-05
3.9351487486227e-05
3.93499390075945e-05
3.93483906508224e-05
3.93468424158961e-05
3.93452943028014e-05
3.93437463115238e-05
3.93421984420489e-05
3.93406506943625e-05
3.933910306845e-05
3.93375555642972e-05
3.93360081818897e-05
3.93344609212131e-05
3.9332913782253e-05
3.93313667649951e-05
3.9329819869425e-05
3.93282730955284e-05
3.93267264432909e-05
3.93251799126981e-05
3.93236335037357e-05
3.93220872163894e-05
3.93205410506449e-05
3.93189950064876e-05
3.93174490839034e-05
3.93159032828779e-05
3.93143576033968e-05
3.93128120454456e-05
3.93112666090101e-05
3.9309721294076e-05
3.93081761006289e-05
3.93066310286545e-05
3.93050860781385e-05
3.93035412490665e-05
3.93019965414243e-05
3.93004519551975e-05
3.92989074903718e-05
3.92973631469328e-05
3.92958189248664e-05
3.92942748241581e-05
3.92927308447937e-05
3.92911869867589e-05
3.92896432500393e-05
3.92880996346207e-05
3.92865561404887e-05
3.92850127676292e-05
3.92834695160277e-05
3.928192638567e-05
3.92803833765418e-05
3.92788404886288e-05
3.92772977219167e-05
3.92757550763913e-05
3.92742125520383e-05
3.92726701488434e-05
3.92711278667923e-05
3.92695857058708e-05
3.92680436660646e-05
3.92665017473593e-05
3.92649599497409e-05
3.92634182731949e-05
3.92618767177071e-05
3.92603352832633e-05
3.92587939698492e-05
3.92572527774506e-05
3.92557117060532e-05
3.92541707556428e-05
3.92526299262051e-05
3.92510892177258e-05
3.92495486301908e-05
3.92480081635857e-05
3.92464678178964e-05
3.92449275931086e-05
3.92433874892081e-05
3.92418475061806e-05
3.92403076440119e-05
3.92387679026879e-05
3.92372282821941e-05
3.92356887825166e-05
3.92341494036409e-05
3.9232610145553e-05
3.92310710082385e-05
3.92295319916833e-05
3.92279930958732e-05
3.92264543207939e-05
3.92249156664313e-05
3.92233771327711e-05
3.92218387197992e-05
3.92203004275013e-05
3.92187622558632e-05
3.92172242048708e-05
3.92156862745098e-05
3.92141484647661e-05
3.92126107756254e-05
3.92110732070737e-05
3.92095357590966e-05
3.92079984316801e-05
3.92064612248098e-05
3.92049241384718e-05
3.92033871726517e-05
3.92018503273355e-05
3.92003136025088e-05
3.91987769981577e-05
3.91972405142678e-05
3.91957041508251e-05
3.91941679078153e-05
3.91926317852244e-05
3.91910957830381e-05
3.91895599012423e-05
3.91880241398229e-05
3.91864884987656e-05
3.91849529780564e-05
3.91834175776811e-05
3.91818822976256e-05
3.91803471378756e-05
3.91788120984172e-05
3.9177277179236e-05
3.91757423803181e-05
3.91742077016492e-05
3.91726731432153e-05
3.91711387050022e-05
3.91696043869957e-05
3.91680701891818e-05
3.91665361115463e-05
3.91650021540751e-05
3.91634683167541e-05
3.91619345995692e-05
3.91604010025063e-05
3.91588675255512e-05
3.91573341686898e-05
3.91558009319081e-05
3.91542678151919e-05
3.91527348185271e-05
3.91512019418996e-05
3.91496691852954e-05
3.91481365487003e-05
3.91466040321002e-05
3.91450716354811e-05
3.91435393588288e-05
3.91420072021293e-05
3.91404751653685e-05
3.91389432485323e-05
3.91374114516066e-05
3.91358797745773e-05
3.91343482174304e-05
3.91328167801518e-05
3.91312854627275e-05
3.91297542651432e-05
3.91282231873851e-05
3.91266922294389e-05
3.91251613912907e-05
3.91236306729264e-05
3.9122100074332e-05
3.91205695954933e-05
3.91190392363964e-05
3.91175089970271e-05
3.91159788773714e-05
3.91144488774153e-05
3.91129189971448e-05
3.91113892365457e-05
3.9109859595604e-05
3.91083300743058e-05
3.9106800672637e-05
3.91052713905835e-05
3.91037422281312e-05
3.91022131852663e-05
3.91006842619746e-05
3.90991554582421e-05
3.90976267740548e-05
3.90960982093987e-05
3.90945697642597e-05
3.90930414386239e-05
3.90915132324772e-05
3.90899851458056e-05
3.90884571785952e-05
3.90869293308318e-05
3.90854016025015e-05
3.90838739935902e-05
3.90823465040841e-05
3.9080819133969e-05
3.90792918832311e-05
3.90777647518562e-05
3.90762377398304e-05
3.90747108471397e-05
3.90731840737702e-05
3.90716574197077e-05
3.90701308849385e-05
3.90686044694484e-05
3.90670781732234e-05
3.90655519962497e-05
3.90640259385132e-05
3.90625e-05
3.90609741806961e-05
3.90594484805875e-05
3.90579228996602e-05
3.90563974379003e-05
3.90548720952939e-05
3.90533468718269e-05
3.90518217674855e-05
3.90502967822555e-05
3.90487719161232e-05
3.90472471690746e-05
3.90457225410956e-05
3.90441980321724e-05
3.9042673642291e-05
3.90411493714375e-05
3.90396252195979e-05
3.90381011867583e-05
3.90365772729047e-05
3.90350534780233e-05
3.90335298021e-05
3.9032006245121e-05
3.90304828070723e-05
3.90289594879401e-05
3.90274362877103e-05
3.9025913206369e-05
3.90243902439024e-05
3.90228674002966e-05
3.90213446755375e-05
3.90198220696114e-05
3.90182995825042e-05
3.90167772142021e-05
3.90152549646912e-05
3.90137328339576e-05
3.90122108219873e-05
3.90106889287665e-05
3.90091671542813e-05
3.90076454985177e-05
3.9006123961462e-05
3.90046025431001e-05
3.90030812434182e-05
3.90015600624025e-05
3.9000039000039e-05
3.89985180563139e-05
3.89969972312132e-05
3.89954765247231e-05
3.89939559368298e-05
3.89924354675193e-05
3.89909151167778e-05
3.89893948845914e-05
3.89878747709462e-05
3.89863547758285e-05
3.89848348992242e-05
3.89833151411196e-05
3.89817955015008e-05
3.89802759803539e-05
3.89787565776652e-05
3.89772372934206e-05
3.89757181276065e-05
3.89741990802089e-05
3.8972680151214e-05
3.8971161340608e-05
3.89696426483769e-05
3.89681240745071e-05
3.89666056189845e-05
3.89650872817955e-05
3.89635690629262e-05
3.89620509623627e-05
3.89605329800912e-05
3.89590151160979e-05
3.89574973703689e-05
3.89559797428905e-05
3.89544622336489e-05
3.89529448426301e-05
3.89514275698204e-05
3.8949910415206e-05
3.89483933787731e-05
3.89468764605079e-05
3.89453596603965e-05
3.89438429784251e-05
3.894232641458e-05
3.89408099688474e-05
3.89392936412133e-05
3.89377774316642e-05
3.89362613401861e-05
3.89347453667653e-05
3.8933229511388e-05
3.89317137740403e-05
3.89301981547086e-05
3.8928682653379e-05
3.89271672700378e-05
3.89256520046711e-05
3.89241368572652e-05
3.89226218278063e-05
3.89211069162807e-05
3.89195921226746e-05
3.89180774469741e-05
3.89165628891656e-05
3.89150484492353e-05
3.89135341271694e-05
3.89120199229542e-05
3.89105058365759e-05
3.89089918680207e-05
3.89074780172749e-05
3.89059642843248e-05
3.89044506691566e-05
3.89029371717565e-05
3.89014237921108e-05
3.88999105302058e-05
3.88983973860277e-05
3.88968843595628e-05
3.88953714507974e-05
3.88938586597176e-05
3.88923459863099e-05
3.88908334305604e-05
3.88893209924555e-05
3.88878086719813e-05
3.88862964691243e-05
3.88847843838706e-05
3.88832724162065e-05
3.88817605661184e-05
3.88802488335925e-05
3.88787372186151e-05
3.88772257211725e-05
3.8875714341251e-05
3.88742030788369e-05
3.88726919339164e-05
3.88711809064759e-05
3.88696699965017e-05
3.88681592039801e-05
3.88666485288973e-05
3.88651379712398e-05
3.88636275309937e-05
3.88621172081455e-05
3.88606070026814e-05
3.88590969145877e-05
3.88575869438508e-05
3.88560770904569e-05
3.88545673543925e-05
3.88530577356438e-05
3.88515482341971e-05
3.88500388500389e-05
3.88485295831553e-05
3.88470204335328e-05
3.88455114011576e-05
3.88440024860162e-05
3.88424936880948e-05
3.88409850073798e-05
3.88394764438575e-05
3.88379679975144e-05
3.88364596683366e-05
3.88349514563107e-05
3.88334433614229e-05
3.88319353836595e-05
3.8830427523007e-05
3.88289197794517e-05
3.882741215298e-05
3.88259046435782e-05
3.88243972512327e-05
3.88228899759298e-05
3.8821382817656e-05
3.88198757763975e-05
3.88183688521408e-05
3.88168620448723e-05
3.88153553545783e-05
3.88138487812451e-05
3.88123423248593e-05
3.88108359854071e-05
3.8809329762875e-05
3.88078236572493e-05
3.88063176685164e-05
3.88048117966628e-05
3.88033060416748e-05
3.88018004035387e-05
3.88002948822411e-05
3.87987894777683e-05
3.87972841901067e-05
3.87957790192427e-05
3.87942739651627e-05
3.87927690278532e-05
3.87912642073005e-05
3.87897595034911e-05
3.87882549164113e-05
3.87867504460476e-05
3.87852460923865e-05
3.87837418554142e-05
3.87822377351173e-05
3.87807337314822e-05
3.87792298444953e-05
3.8777726074143e-05
3.87762224204118e-05
3.87747188832881e-05
3.87732154627583e-05
3.87717121588089e-05
3.87702089714264e-05
3.8768705900597e-05
3.87672029463074e-05
3.8765700108544e-05
3.87641973872931e-05
3.87626947825413e-05
3.8761192294275e-05
3.87596899224806e-05
3.87581876671447e-05
3.87566855282536e-05
3.87551835057939e-05
3.8753681599752e-05
3.87521798101143e-05
3.87506781368674e-05
3.87491765799977e-05
3.87476751394916e-05
3.87461738153357e-05
3.87446726075165e-05
3.87431715160203e-05
3.87416705408337e-05
3.87401696819432e-05
3.87386689393352e-05
3.87371683129963e-05
3.87356678029129e-05
3.87341674090715e-05
3.87326671314587e-05
3.87311669700608e-05
3.87296669248644e-05
3.87281669958561e-05
3.87266671830222e-05
3.87251674863494e-05
3.8723667905824e-05
3.87221684414327e-05
3.87206690931619e-05
3.87191698609982e-05
3.8717670744928e-05
3.87161717449379e-05
3.87146728610143e-05
3.87131740931439e-05
3.87116754413131e-05
3.87101769055085e-05
3.87086784857165e-05
3.87071801819237e-05
3.87056819941167e-05
3.8704183922282e-05
3.87026859664061e-05
3.87011881264755e-05
3.86996904024768e-05
3.86981927943965e-05
3.86966953022212e-05
3.86951979259374e-05
3.86937006655317e-05
3.86922035209905e-05
3.86907064923006e-05
3.86892095794483e-05
3.86877127824203e-05
3.86862161012031e-05
3.86847195357834e-05
3.86832230861475e-05
3.86817267522822e-05
3.8680230534174e-05
3.86787344318094e-05
3.8677238445175e-05
3.86757425742574e-05
3.86742468190432e-05
3.86727511795189e-05
3.86712556556711e-05
3.86697602474865e-05
3.86682649549515e-05
3.86667697780527e-05
3.86652747167769e-05
3.86637797711104e-05
3.866228494104e-05
3.86607902265522e-05
3.86592956276337e-05
3.86578011442709e-05
3.86563067764506e-05
3.86548125241593e-05
3.86533183873836e-05
3.86518243661101e-05
3.86503304603254e-05
3.86488366700162e-05
3.86473429951691e-05
3.86458494357706e-05
3.86443559918074e-05
3.86428626632661e-05
3.86413694501333e-05
3.86398763523957e-05
3.86383833700398e-05
3.86368905030523e-05
3.86353977514199e-05
3.8633905115129e-05
3.86324125941665e-05
3.86309201885189e-05
3.86294278981728e-05
3.8627935723115e-05
3.86264436633319e-05
3.86249517188103e-05
3.86234598895369e-05
3.86219681754982e-05
3.8620476576681e-05
3.86189850930718e-05
3.86174937246573e-05
3.86160024714242e-05
3.86145113333591e-05
3.86130203104487e-05
3.86115294026796e-05
3.86100386100386e-05
3.86085479325123e-05
3.86070573700872e-05
3.86055669227503e-05
3.8604076590488e-05
3.8602586373287e-05
3.86010962711341e-05
3.85996062840159e-05
3.85981164119191e-05
3.85966266548304e-05
3.85951370127364e-05
3.85936474856239e-05
3.85921580734795e-05
3.85906687762899e-05
3.85891795940418e-05
3.8587690526722e-05
3.8586201574317e-05
3.85847127368137e-05
3.85832240141986e-05
3.85817354064586e-05
3.85802469135802e-05
3.85787585355503e-05
3.85772702723555e-05
3.85757821239826e-05
3.85742940904181e-05
3.8572806171649e-05
3.85713183676618e-05
3.85698306784433e-05
3.85683431039803e-05
3.85668556442593e-05
3.85653682992673e-05
3.85638810689908e-05
3.85623939534166e-05
3.85609069525315e-05
3.85594200663222e-05
3.85579332947754e-05
3.85564466378779e-05
3.85549600956163e-05
3.85534736679775e-05
3.85519873549482e-05
3.8550501156515e-05
3.85490150726649e-05
3.85475291033845e-05
3.85460432486605e-05
3.85445575084798e-05
3.85430718828291e-05
3.85415863716951e-05
3.85401009750646e-05
3.85386156929243e-05
3.85371305252611e-05
3.85356454720617e-05
3.85341605333128e-05
3.85326757090012e-05
3.85311909991138e-05
3.85297064036372e-05
3.85282219225583e-05
3.85267375558638e-05
3.85252533035405e-05
3.85237691655752e-05
3.85222851419546e-05
3.85208012326656e-05
3.8519317437695e-05
3.85178337570295e-05
3.85163501906559e-05
3.85148667385611e-05
3.85133834007318e-05
3.85119001771547e-05
3.85104170678168e-05
3.85089340727049e-05
3.85074511918056e-05
3.85059684251059e-05
3.85044857725925e-05
3.85030032342523e-05
3.8501520810072e-05
3.85000385000385e-05
3.84985563041386e-05
3.84970742223591e-05
3.84955922546868e-05
3.84941104011086e-05
3.84926286616113e-05
3.84911470361817e-05
3.84896655248066e-05
3.84881841274729e-05
3.84867028441673e-05
3.84852216748768e-05
3.84837406195882e-05
3.84822596782883e-05
3.84807788509639e-05
3.8479298137602e-05
3.84778175381892e-05
3.84763370527126e-05
3.84748566811589e-05
3.84733764235149e-05
3.84718962797676e-05
3.84704162499038e-05
3.84689363339104e-05
3.84674565317741e-05
3.84659768434819e-05
3.84644972690207e-05
3.84630178083772e-05
3.84615384615385e-05
3.84600592284912e-05
3.84585801092224e-05
3.84571011037188e-05
3.84556222119674e-05
3.8454143433955e-05
3.84526647696685e-05
3.84511862190949e-05
3.84497077822209e-05
3.84482294590334e-05
3.84467512495194e-05
3.84452731536658e-05
3.84437951714593e-05
3.8442317302887e-05
3.84408395479357e-05
3.84393619065924e-05
3.84378843788438e-05
3.84364069646769e-05
3.84349296640787e-05
3.8433452477036e-05
3.84319754035357e-05
3.84304984435648e-05
3.84290215971101e-05
3.84275448641586e-05
3.84260682446972e-05
3.84245917387128e-05
3.84231153461923e-05
3.84216390671226e-05
3.84201629014907e-05
3.84186868492835e-05
3.84172109104879e-05
3.84157350850909e-05
3.84142593730793e-05
3.84127837744401e-05
3.84113082891603e-05
3.84098329172268e-05
3.84083576586265e-05
3.84068825133464e-05
3.84054074813734e-05
3.84039325626944e-05
3.84024577572965e-05
3.84009830651665e-05
3.83995084862914e-05
3.83980340206581e-05
3.83965596682537e-05
3.83950854290651e-05
3.83936113030792e-05
3.8392137290283e-05
3.83906633906634e-05
3.83891896042075e-05
3.83877159309021e-05
3.83862423707343e-05
3.83847689236911e-05
3.83832955897593e-05
3.83818223689261e-05
3.83803492611783e-05
3.83788762665029e-05
3.8377403384887e-05
3.83759306163174e-05
3.83744579607813e-05
3.83729854182655e-05
3.83715129887571e-05
3.83700406722431e-05
3.83685684687104e-05
3.83670963781461e-05
3.83656244005371e-05
3.83641525358705e-05
3.83626807841332e-05
3.83612091453123e-05
3.83597376193947e-05
3.83582662063675e-05
3.83567949062176e-05
3.83553237189322e-05
3.83538526444981e-05
3.83523816829025e-05
3.83509108341323e-05
3.83494400981746e-05
3.83479694750163e-05
3.83464989646445e-05
3.83450285670463e-05
3.83435582822086e-05
3.83420881101185e-05
3.8340618050763e-05
3.83391481041291e-05
3.8337678270204e-05
3.83362085489745e-05
3.83347389404278e-05
3.83332694445509e-05
3.83318000613309e-05
3.83303307907547e-05
3.83288616328095e-05
3.83273925874823e-05
3.83259236547601e-05
3.832445483463e-05
3.8322986127079e-05
3.83215175320943e-05
3.83200490496628e-05
3.83185806797716e-05
3.83171124224078e-05
3.83156442775585e-05
3.83141762452107e-05
3.83127083253515e-05
3.8311240517968e-05
3.83097728230472e-05
3.83083052405762e-05
3.8306837770542e-05
3.83053704129319e-05
3.83039031677328e-05
3.83024360349318e-05
3.83009690145161e-05
3.82995021064726e-05
3.82980353107886e-05
3.8296568627451e-05
3.8295102056447e-05
3.82936355977637e-05
3.82921692513881e-05
3.82907030173074e-05
3.82892368955087e-05
3.8287770885979e-05
3.82863049887055e-05
3.82848392036753e-05
3.82833735308755e-05
3.82819079702932e-05
3.82804425219156e-05
3.82789771857296e-05
3.82775119617225e-05
3.82760468498813e-05
3.82745818501933e-05
3.82731169626454e-05
3.82716521872249e-05
3.82701875239189e-05
3.82687229727144e-05
3.82672585335987e-05
3.82657942065588e-05
3.82643299915818e-05
3.82628658886551e-05
3.82614018977655e-05
3.82599380189004e-05
3.82584742520468e-05
3.82570105971919e-05
3.82555470543229e-05
3.82540836234268e-05
3.82526203044909e-05
3.82511570975022e-05
3.8249694002448e-05
3.82482310193154e-05
3.82467681480915e-05
3.82453053887635e-05
3.82438427413187e-05
3.8242380205744e-05
3.82409177820268e-05
3.82394554701541e-05
3.82379932701132e-05
3.82365311818912e-05
3.82350692054753e-05
3.82336073408526e-05
3.82321455880104e-05
3.82306839469358e-05
3.8229222417616e-05
3.82277610000382e-05
3.82262996941896e-05
3.82248385000573e-05
3.82233774176286e-05
3.82219164468906e-05
3.82204555878306e-05
3.82189948404357e-05
3.82175342046931e-05
3.82160736805901e-05
3.82146132681137e-05
3.82131529672513e-05
3.82116927779901e-05
3.82102327003171e-05
3.82087727342198e-05
3.82073128796852e-05
3.82058531367005e-05
3.82043935052531e-05
3.82029339853301e-05
3.82014745769187e-05
3.82000152800061e-05
3.81985560945796e-05
3.81970970206264e-05
3.81956380581338e-05
3.81941792070888e-05
3.81927204674789e-05
3.81912618392912e-05
3.81898033225129e-05
3.81883449171313e-05
3.81868866231336e-05
3.81854284405071e-05
3.8183970369239e-05
3.81825124093165e-05
3.8181054560727e-05
3.81795968234575e-05
3.81781391974955e-05
3.81766816828281e-05
3.81752242794426e-05
3.81737669873263e-05
3.81723098064664e-05
3.81708527368501e-05
3.81693957784648e-05
3.81679389312977e-05
3.81664821953361e-05
3.81650255705671e-05
3.81635690569782e-05
3.81621126545566e-05
3.81606563632895e-05
3.81592001831642e-05
3.8157744114168e-05
3.81562881562882e-05
3.8154832309512e-05
3.81533765738268e-05
3.81519209492198e-05
3.81504654356783e-05
3.81490100331896e-05
3.81475547417411e-05
3.81460995613199e-05
3.81446444919133e-05
3.81431895335088e-05
3.81417346860935e-05
3.81402799496548e-05
3.813882532418e-05
3.81373708096564e-05
3.81359164060712e-05
3.81344621134119e-05
3.81330079316656e-05
3.81315538608198e-05
3.81300999008617e-05
3.81286460517787e-05
3.8127192313558e-05
3.8125738686187e-05
3.81242851696531e-05
3.81228317639434e-05
3.81213784690454e-05
3.81199252849464e-05
3.81184722116338e-05
3.81170192490947e-05
3.81155663973167e-05
3.81141136562869e-05
3.81126610259928e-05
3.81112085064217e-05
3.8109756097561e-05
3.81083037993979e-05
3.81068516119198e-05
3.81053995351141e-05
3.81039475689681e-05
3.81024957134692e-05
3.81010439686047e-05
3.8099592334362e-05
3.80981408107284e-05
3.80966893976913e-05
3.80952380952381e-05
3.80937869033561e-05
3.80923358220326e-05
3.80908848512551e-05
3.80894339910109e-05
3.80879832412874e-05
3.80865326020719e-05
3.80850820733519e-05
3.80836316551146e-05
3.80821813473476e-05
3.80807311500381e-05
3.80792810631735e-05
3.80778310867413e-05
3.80763812207288e-05
3.80749314651234e-05
3.80734818199124e-05
3.80720322850834e-05
3.80705828606236e-05
3.80691335465205e-05
3.80676843427614e-05
3.80662352493338e-05
3.80647862662251e-05
3.80633373934227e-05
3.80618886309139e-05
3.80604399786862e-05
3.80589914367269e-05
3.80575430050236e-05
3.80560946835636e-05
3.80546464723343e-05
3.80531983713231e-05
3.80517503805175e-05
3.80503024999049e-05
3.80488547294726e-05
3.80474070692082e-05
3.80459595190991e-05
3.80445120791326e-05
3.80430647492962e-05
3.80416175295774e-05
3.80401704199635e-05
3.8038723420442e-05
3.80372765310004e-05
3.8035829751626e-05
3.80343830823064e-05
3.80329365230289e-05
3.80314900737811e-05
3.80300437345503e-05
3.8028597505324e-05
3.80271513860897e-05
3.80257053768347e-05
3.80242594775467e-05
3.80228136882129e-05
3.8021368008821e-05
3.80199224393582e-05
3.80184769798122e-05
3.80170316301703e-05
3.80155863904201e-05
3.80141412605489e-05
3.80126962405443e-05
3.80112513303938e-05
3.80098065300848e-05
3.80083618396047e-05
3.80069172589411e-05
3.80054727880815e-05
3.80040284270133e-05
3.80025841757239e-05
3.8001140034201e-05
3.7999696002432e-05
3.79982520804043e-05
3.79968082681055e-05
3.7995364565523e-05
3.79939209726444e-05
3.79924774894571e-05
3.79910341159486e-05
3.79895908521065e-05
3.79881476979183e-05
3.79867046533713e-05
3.79852617184532e-05
3.79838188931515e-05
3.79823761774537e-05
3.79809335713472e-05
3.79794910748196e-05
3.79780486878584e-05
3.79766064104512e-05
3.79751642425853e-05
3.79737221842485e-05
3.79722802354281e-05
3.79708383961118e-05
3.7969396666287e-05
3.79679550459412e-05
3.79665135350621e-05
3.79650721336371e-05
3.79636308416537e-05
3.79621896590995e-05
3.79607485859621e-05
3.7959307622229e-05
3.79578667678876e-05
3.79564260229257e-05
3.79549853873306e-05
3.795354486109e-05
3.79521044441914e-05
3.79506641366224e-05
3.79492239383705e-05
3.79477838494232e-05
3.79463438697681e-05
3.79449039993929e-05
3.7943464238285e-05
3.79420245864319e-05
3.79405850438214e-05
3.79391456104409e-05
3.79377062862779e-05
3.79362670713202e-05
3.79348279655552e-05
3.79333889689705e-05
3.79319500815537e-05
3.79305113032924e-05
3.79290726341741e-05
3.79276340741865e-05
3.7926195623317e-05
3.79247572815534e-05
3.79233190488832e-05
3.79218809252939e-05
3.79204429107732e-05
3.79190050053087e-05
3.79175672088879e-05
3.79161295214984e-05
3.7914691943128e-05
3.7913254473764e-05
3.79118171133942e-05
3.79103798620062e-05
3.79089427195876e-05
3.79075056861259e-05
3.79060687616087e-05
3.79046319460238e-05
3.79031952393587e-05
3.7901758641601e-05
3.79003221527383e-05
3.78988857727583e-05
3.78974495016485e-05
3.78960133393967e-05
3.78945772859904e-05
3.78931413414172e-05
3.78917055056648e-05
3.78902697787208e-05
3.78888341605729e-05
3.78873986512086e-05
3.78859632506156e-05
3.78845279587816e-05
3.78830927756942e-05
3.7881657701341e-05
3.78802227357097e-05
3.78787878787879e-05
3.78773531305632e-05
3.78759184910234e-05
3.7874483960156e-05
3.78730495379488e-05
3.78716152243893e-05
3.78701810194653e-05
3.78687469231643e-05
3.78673129354741e-05
3.78658790563823e-05
3.78644452858766e-05
3.78630116239446e-05
3.7861578070574e-05
3.78601446257525e-05
3.78587112894677e-05
3.78572780617074e-05
3.78558449424591e-05
3.78544119317106e-05
3.78529790294496e-05
3.78515462356637e-05
3.78501135503407e-05
3.78486809734681e-05
3.78472485050337e-05
3.78458161450252e-05
3.78443838934302e-05
3.78429517502365e-05
3.78415197154318e-05
3.78400877890037e-05
3.78386559709399e-05
3.78372242612282e-05
3.78357926598562e-05
3.78343611668117e-05
3.78329297820823e-05
3.78314985056558e-05
3.78300673375199e-05
3.78286362776622e-05
3.78272053260705e-05
3.78257744827325e-05
3.7824343747636e-05
3.78229131207686e-05
3.7821482602118e-05
3.7820052191672e-05
3.78186218894183e-05
3.78171916953447e-05
3.78157616094388e-05
3.78143316316884e-05
3.78129017620812e-05
3.7811472000605e-05
3.78100423472474e-05
3.78086128019963e-05
3.78071833648393e-05
3.78057540357642e-05
3.78043248147588e-05
3.78028957018108e-05
3.78014666969078e-05
3.78000378000378e-05
3.77986090111884e-05
3.77971803303474e-05
3.77957517575025e-05
3.77943232926414e-05
3.77928949357521e-05
3.77914666868221e-05
3.77900385458393e-05
3.77886105127914e-05
3.77871825876663e-05
3.77857547704515e-05
3.7784327061135e-05
3.77828994597045e-05
3.77814719661478e-05
3.77800445804526e-05
3.77786173026067e-05
3.77771901325979e-05
3.7775763070414e-05
3.77743361160428e-05
3.77729092694719e-05
3.77714825306893e-05
3.77700558996827e-05
3.77686293764399e-05
3.77672029609487e-05
3.77657766531969e-05
3.77643504531722e-05
3.77629243608625e-05
3.77614983762556e-05
3.77600724993392e-05
3.77586467301012e-05
3.77572210685294e-05
3.77557955146115e-05
3.77543700683354e-05
3.77529447296889e-05
3.77515194986598e-05
3.77500943752359e-05
3.77486693594051e-05
3.77472444511551e-05
3.77458196504737e-05
3.77443949573488e-05
3.77429703717683e-05
3.77415458937198e-05
3.77401215231913e-05
3.77386972601706e-05
3.77372731046455e-05
3.77358490566038e-05
3.77344251160334e-05
3.7733001282922e-05
3.77315775572577e-05
3.77301539390281e-05
3.77287304282211e-05
3.77273070248246e-05
3.77258837288263e-05
3.77244605402143e-05
3.77230374589762e-05
3.77216144851e-05
3.77201916185734e-05
3.77187688593844e-05
3.77173462075208e-05
3.77159236629705e-05
3.77145012257213e-05
3.7713078895761e-05
3.77116566730776e-05
3.7710234557659e-05
3.77088125494928e-05
3.77073906485671e-05
3.77059688548697e-05
3.77045471683885e-05
3.77031255891113e-05
3.77017041170261e-05
3.77002827521206e-05
3.76988614943829e-05
3.76974403438007e-05
3.76960193003619e-05
3.76945983640544e-05
3.76931775348662e-05
3.7691756812785e-05
3.76903361977989e-05
3.76889156898956e-05
3.76874952890631e-05
3.76860749952892e-05
3.7684654808562e-05
3.76832347288691e-05
3.76818147561987e-05
3.76803948905385e-05
3.76789751318764e-05
3.76775554802004e-05
3.76761359354985e-05
3.76747164977584e-05
3.76732971669681e-05
3.76718779431155e-05
3.76704588261885e-05
3.76690398161751e-05
3.76676209130631e-05
3.76662021168406e-05
3.76647834274953e-05
3.76633648450153e-05
3.76619463693884e-05
3.76605280006026e-05
3.76591097386458e-05
3.76576915835059e-05
3.7656273535171e-05
3.76548555936288e-05
3.76534377588674e-05
3.76520200308747e-05
3.76506024096386e-05
3.7649184895147e-05
3.7647767487388e-05
3.76463501863494e-05
3.76449329920193e-05
3.76435159043855e-05
3.7642098923436e-05
3.76406820491587e-05
3.76392652815417e-05
3.76378486205728e-05
3.76364320662401e-05
3.76350156185315e-05
3.76335992774349e-05
3.76321830429383e-05
3.76307669150297e-05
3.76293508936971e-05
3.76279349789284e-05
3.76265191707115e-05
3.76251034690345e-05
3.76236878738854e-05
3.76222723852521e-05
3.76208570031225e-05
3.76194417274848e-05
3.76180265583268e-05
3.76166114956365e-05
3.76151965394019e-05
3.76137816896111e-05
3.76123669462519e-05
3.76109523093125e-05
3.76095377787807e-05
3.76081233546446e-05
3.76067090368922e-05
3.76052948255114e-05
3.76038807204904e-05
3.7602466721817e-05
3.76010528294792e-05
3.75996390434652e-05
3.75982253637628e-05
3.75968117903602e-05
3.75953983232452e-05
3.7593984962406e-05
3.75925717078305e-05
3.75911585595068e-05
3.75897455174228e-05
3.75883325815667e-05
3.75869197519263e-05
3.75855070284898e-05
3.75840944112452e-05
3.75826819001804e-05
3.75812694952835e-05
3.75798571965427e-05
3.75784450039457e-05
3.75770329174808e-05
3.7575620937136e-05
3.75742090628992e-05
3.75727972947586e-05
3.75713856327021e-05
3.75699740767179e-05
3.75685626267939e-05
3.75671512829182e-05
3.75657400450789e-05
3.7564328913264e-05
3.75629178874615e-05
3.75615069676595e-05
3.75600961538462e-05
3.75586854460094e-05
3.75572748441373e-05
3.7555864348218e-05
3.75544539582394e-05
3.75530436741898e-05
3.75516334960571e-05
3.75502234238294e-05
3.75488134574947e-05
3.75474035970413e-05
3.7545993842457e-05
3.75445841937301e-05
3.75431746508485e-05
3.75417652138003e-05
3.75403558825738e-05
3.75389466571568e-05
3.75375375375375e-05
3.75361285237041e-05
3.75347196156445e-05
3.75333108133468e-05
3.75319021167993e-05
3.75304935259899e-05
3.75290850409067e-05
3.75276766615379e-05
3.75262683878715e-05
3.75248602198957e-05
3.75234521575985e-05
3.75220442009681e-05
3.75206363499925e-05
3.75192286046599e-05
3.75178209649584e-05
3.7516413430876e-05
3.7515006002401e-05
3.75135986795213e-05
3.75121914622252e-05
3.75107843505008e-05
3.75093773443361e-05
3.75079704437193e-05
3.75065636486385e-05
3.75051569590819e-05
3.75037503750375e-05
3.75023438964935e-05
3.75009375234381e-05
3.74995312558593e-05
3.74981250937453e-05
3.74967190370843e-05
3.74953130858643e-05
3.74939072400735e-05
3.74925014997001e-05
3.74910958647321e-05
3.74896903351578e-05
3.74882849109653e-05
3.74868795921427e-05
3.74854743786783e-05
3.748406927056e-05
3.74826642677762e-05
3.74812593703148e-05
3.74798545781642e-05
3.74784498913125e-05
3.74770453097478e-05
3.74756408334583e-05
3.74742364624321e-05
3.74728321966574e-05
3.74714280361225e-05
3.74700239808153e-05
3.74686200307243e-05
3.74672161858374e-05
3.74658124461429e-05
3.7464408811629e-05
3.74630052822837e-05
3.74616018580955e-05
3.74601985390523e-05
3.74587953251423e-05
3.74573922163539e-05
3.74559892126751e-05
3.74545863140942e-05
3.74531835205993e-05
3.74517808321786e-05
3.74503782488203e-05
3.74489757705127e-05
3.74475733972439e-05
3.74461711290021e-05
3.74447689657755e-05
3.74433669075523e-05
3.74419649543208e-05
3.74405631060691e-05
3.74391613627855e-05
3.74377597244581e-05
3.74363581910752e-05
3.74349567626249e-05
3.74335554390956e-05
3.74321542204754e-05
3.74307531067525e-05
3.74293520979152e-05
3.74279511939516e-05
3.74265503948501e-05
3.74251497005988e-05
3.7423749111186e-05
3.74223486265998e-05
3.74209482468286e-05
3.74195479718605e-05
3.74181478016838e-05
3.74167477362868e-05
3.74153477756576e-05
3.74139479197845e-05
3.74125481686558e-05
3.74111485222596e-05
3.74097489805843e-05
3.74083495436181e-05
3.74069502113493e-05
3.7405550983766e-05
3.74041518608566e-05
3.74027528426092e-05
3.74013539290122e-05
3.73999551200539e-05
3.73985564157224e-05
3.7397157816006e-05
3.7395759320893e-05
3.73943609303717e-05
3.73929626444303e-05
3.73915644630571e-05
3.73901663862404e-05
3.73887684139684e-05
3.73873705462295e-05
3.73859727830118e-05
3.73845751243037e-05
3.73831775700935e-05
3.73817801203693e-05
3.73803827751196e-05
3.73789855343326e-05
3.73775883979966e-05
3.73761913660998e-05
3.73747944386306e-05
3.73733976155772e-05
3.7372000896928e-05
3.73706042826712e-05
3.73692077727952e-05
3.73678113672882e-05
3.73664150661386e-05
3.73650188693345e-05
3.73636227768644e-05
3.73622267887166e-05
3.73608309048793e-05
3.73594351253409e-05
3.73580394500897e-05
3.73566438791139e-05
3.73552484124019e-05
3.73538530499421e-05
3.73524577917227e-05
3.7351062637732e-05
3.73496675879585e-05
3.73482726423903e-05
3.73468778010158e-05
3.73454830638234e-05
3.73440884308014e-05
3.73426939019381e-05
3.73412994772218e-05
3.73399051566409e-05
3.73385109401837e-05
3.73371168278386e-05
3.73357228195938e-05
3.73343289154377e-05
3.73329351153588e-05
3.73315414193452e-05
3.73301478273854e-05
3.73287543394677e-05
3.73273609555804e-05
3.7325967675712e-05
3.73245744998507e-05
3.73231814279849e-05
3.7321788460103e-05
3.73203955961933e-05
3.73190028362442e-05
3.73176101802441e-05
3.73162176281812e-05
3.7314825180044e-05
3.73134328358209e-05
3.73120405955002e-05
3.73106484590702e-05
3.73092564265194e-05
3.73078644978361e-05
3.73064726730088e-05
3.73050809520257e-05
3.73036893348752e-05
3.73022978215458e-05
3.73009064120258e-05
3.72995151063036e-05
3.72981239043676e-05
3.72967328062062e-05
3.72953418118077e-05
3.72939509211606e-05
3.72925601342532e-05
3.7291169451074e-05
3.72897788716113e-05
3.72883883958535e-05
3.72869980237891e-05
3.72856077554064e-05
3.72842175906939e-05
3.72828275296398e-05
3.72814375722328e-05
3.72800477184611e-05
3.72786579683131e-05
3.72772683217774e-05
3.72758787788422e-05
3.72744893394961e-05
3.72731000037273e-05
3.72717107715244e-05
3.72703216428758e-05
3.72689326177698e-05
3.7267543696195e-05
3.72661548781397e-05
3.72647661635923e-05
3.72633775525414e-05
3.72619890449752e-05
3.72606006408823e-05
3.72592123402511e-05
3.725782414307e-05
3.72564360493275e-05
3.7255048059012e-05
3.72536601721119e-05
3.72522723886157e-05
3.72508847085118e-05
3.72494971317887e-05
3.72481096584348e-05
3.72467222884386e-05
3.72453350217885e-05
3.7243947858473e-05
3.72425607984805e-05
3.72411738417995e-05
3.72397869884184e-05
3.72384002383258e-05
3.723701359151e-05
3.72356270479595e-05
3.72342406076628e-05
3.72328542706084e-05
3.72314680367847e-05
3.72300819061802e-05
3.72286958787834e-05
3.72273099545827e-05
3.72259241335666e-05
3.72245384157236e-05
3.72231528010423e-05
3.72217672895109e-05
3.72203818811181e-05
3.72189965758523e-05
3.7217611373702e-05
3.72162262746557e-05
3.72148412787019e-05
3.72134563858291e-05
3.72120715960257e-05
3.72106869092803e-05
3.72093023255814e-05
3.72079178449174e-05
3.72065334672769e-05
3.72051491926483e-05
3.72037650210201e-05
3.7202380952381e-05
3.72009969867192e-05
3.71996131240235e-05
3.71982293642823e-05
3.7196845707484e-05
3.71954621536173e-05
3.71940787026705e-05
3.71926953546324e-05
3.71913121094912e-05
3.71899289672357e-05
3.71885459278542e-05
3.71871629913354e-05
3.71857801576677e-05
3.71843974268397e-05
3.71830147988399e-05
3.71816322736568e-05
3.7180249851279e-05
3.7178867531695e-05
3.71774853148933e-05
3.71761032008625e-05
3.71747211895911e-05
3.71733392810676e-05
3.71719574752806e-05
3.71705757722187e-05
3.71691941718704e-05
3.71678126742241e-05
3.71664312792686e-05
3.71650499869922e-05
3.71636687973837e-05
3.71622877104315e-05
3.71609067261241e-05
3.71595258444502e-05
3.71581450653983e-05
3.7156764388957e-05
3.71553838151148e-05
3.71540033438603e-05
3.7152622975182e-05
3.71512427090686e-05
3.71498625455086e-05
3.71484824844905e-05
3.7147102526003e-05
3.71457226700345e-05
3.71443429165738e-05
3.71429632656093e-05
3.71415837171297e-05
3.71402042711235e-05
3.71388249275793e-05
3.71374456864857e-05
3.71360665478313e-05
3.71346875116046e-05
3.71333085777943e-05
3.71319297463889e-05
3.71305510173771e-05
3.71291723907474e-05
3.71277938664885e-05
3.71264154445888e-05
3.71250371250371e-05
3.7123658907822e-05
3.71222807929319e-05
3.71209027803556e-05
3.71195248700817e-05
3.71181470620987e-05
3.71167693563952e-05
3.711539175296e-05
3.71140142517815e-05
3.71126368528484e-05
3.71112595561493e-05
3.71098823616729e-05
3.71085052694077e-05
3.71071282793425e-05
3.71057513914657e-05
3.7104374605766e-05
3.71029979222321e-05
3.71016213408526e-05
3.71002448616161e-05
3.70988684845112e-05
3.70974922095266e-05
3.7096116036651e-05
3.70947399658728e-05
3.70933639971809e-05
3.70919881305638e-05
3.70906123660102e-05
3.70892367035086e-05
3.70878611430479e-05
3.70864856846165e-05
3.70851103282032e-05
3.70837350737966e-05
3.70823599213854e-05
3.70809848709582e-05
3.70796099225036e-05
3.70782350760104e-05
3.70768603314671e-05
3.70754856888625e-05
3.70741111481852e-05
3.70727367094239e-05
3.70713623725672e-05
3.70699881376038e-05
3.70686140045224e-05
3.70672399733116e-05
3.70658660439601e-05
3.70644922164566e-05
3.70631184907898e-05
3.70617448669483e-05
3.70603713449209e-05
3.70589979246961e-05
3.70576246062627e-05
3.70562513896094e-05
3.70548782747249e-05
3.70535052615977e-05
3.70521323502168e-05
3.70507595405706e-05
3.70493868326479e-05
3.70480142264375e-05
3.70466417219279e-05
3.7045269319108e-05
3.70438970179663e-05
3.70425248184916e-05
3.70411527206727e-05
3.70397807244981e-05
3.70384088299567e-05
3.7037037037037e-05
3.70356653457279e-05
3.70342937560181e-05
3.70329222678962e-05
3.70315508813509e-05
3.7030179596371e-05
3.70288084129453e-05
3.70274373310623e-05
3.70260663507109e-05
3.70246954718797e-05
3.70233246945576e-05
3.70219540187331e-05
3.70205834443951e-05
3.70192129715322e-05
3.70178426001333e-05
3.70164723301869e-05
3.7015102161682e-05
3.70137320946071e-05
3.70123621289511e-05
3.70109922647026e-05
3.70096225018505e-05
3.70082528403834e-05
3.70068832802901e-05
3.70055138215594e-05
3.700414446418e-05
3.70027752081406e-05
3.700140605343e-05
3.7000037000037e-05
3.69986680479503e-05
3.69972991971586e-05
3.69959304476508e-05
3.69945617994155e-05
3.69931932524416e-05
3.69918248067177e-05
3.69904564622327e-05
3.69890882189754e-05
3.69877200769345e-05
3.69863520360987e-05
3.69849840964568e-05
3.69836162579977e-05
3.69822485207101e-05
3.69808808845827e-05
3.69795133496043e-05
3.69781459157638e-05
3.69767785830498e-05
3.69754113514513e-05
3.69740442209569e-05
3.69726771915554e-05
3.69713102632357e-05
3.69699434359865e-05
3.69685767097967e-05
3.69672100846549e-05
3.696584356055e-05
3.69644771374709e-05
3.69631108154062e-05
3.69617445943449e-05
3.69603784742756e-05
3.69590124551872e-05
3.69576465370685e-05
3.69562807199083e-05
3.69549150036955e-05
3.69535493884188e-05
3.6952183874067e-05
3.69508184606289e-05
3.69494531480934e-05
3.69480879364493e-05
3.69467228256854e-05
3.69453578157904e-05
3.69439929067534e-05
3.69426280985629e-05
3.6941263391208e-05
3.69398987846773e-05
3.69385342789598e-05
3.69371698740442e-05
3.69358055699195e-05
3.69344413665743e-05
3.69330772639976e-05
3.69317132621782e-05
3.6930349361105e-05
3.69289855607666e-05
3.69276218611521e-05
3.69262582622503e-05
3.69248947640499e-05
3.69235313665399e-05
3.69221680697091e-05
3.69208048735462e-05
3.69194417780403e-05
3.69180787831801e-05
3.69167158889545e-05
3.69153530953524e-05
3.69139904023625e-05
3.69126278099738e-05
3.69112653181751e-05
3.69099029269553e-05
3.69085406363032e-05
3.69071784462078e-05
3.69058163566578e-05
3.69044543676422e-05
3.69030924791498e-05
3.69017306911694e-05
3.690036900369e-05
3.68990074167005e-05
3.68976459301897e-05
3.68962845441464e-05
3.68949232585596e-05
3.68935620734182e-05
3.6892200988711e-05
3.68908400044269e-05
3.68894791205548e-05
3.68881183370836e-05
3.68867576540022e-05
3.68853970712995e-05
3.68840365889643e-05
3.68826762069856e-05
3.68813159253522e-05
3.68799557440531e-05
3.68785956630772e-05
3.68772356824132e-05
3.68758758020503e-05
3.68745160219772e-05
3.68731563421829e-05
3.68717967626562e-05
3.68704372833862e-05
3.68690779043616e-05
3.68677186255714e-05
3.68663594470046e-05
3.686500036865e-05
3.68636413904966e-05
3.68622825125332e-05
3.68609237347488e-05
3.68595650571323e-05
3.68582064796727e-05
3.68568480023588e-05
3.68554896251797e-05
3.68541313481241e-05
3.68527731711811e-05
3.68514150943396e-05
3.68500571175885e-05
3.68486992409168e-05
3.68473414643133e-05
3.68459837877671e-05
3.68446262112671e-05
3.68432687348022e-05
3.68419113583613e-05
3.68405540819334e-05
3.68391969055075e-05
3.68378398290724e-05
3.68364828526172e-05
3.68351259761308e-05
3.68337691996022e-05
3.68324125230203e-05
3.6831055946374e-05
3.68296994696523e-05
3.68283430928443e-05
3.68269868159387e-05
3.68256306389247e-05
3.68242745617911e-05
3.6822918584527e-05
3.68215627071213e-05
3.68202069295629e-05
3.68188512518409e-05
3.68174956739443e-05
3.68161401958619e-05
3.68147848175827e-05
3.68134295390959e-05
3.68120743603902e-05
3.68107192814548e-05
3.68093643022785e-05
3.68080094228504e-05
3.68066546431595e-05
3.68052999631947e-05
3.68039453829451e-05
3.68025909023995e-05
3.68012365215471e-05
3.67998822403768e-05
3.67985280588776e-05
3.67971739770386e-05
3.67958199948486e-05
3.67944661122967e-05
3.67931123293719e-05
3.67917586460633e-05
3.67904050623597e-05
3.67890515782503e-05
3.6787698193724e-05
3.67863449087699e-05
3.67849917233769e-05
3.6783638637534e-05
3.67822856512304e-05
3.67809327644549e-05
3.67795799771967e-05
3.67782272894446e-05
3.67768747011879e-05
3.67755222124154e-05
3.67741698231162e-05
3.67728175332794e-05
3.67714653428939e-05
3.67701132519488e-05
3.67687612604331e-05
3.67674093683359e-05
3.67660575756462e-05
3.67647058823529e-05
3.67633542884453e-05
3.67620027939122e-05
3.67606513987428e-05
3.6759300102926e-05
3.6757948906451e-05
3.67565978093068e-05
3.67552468114823e-05
3.67538959129668e-05
3.67525451137491e-05
3.67511944138184e-05
3.67498438131638e-05
3.67484933117742e-05
3.67471429096388e-05
3.67457926067465e-05
3.67444424030865e-05
3.67430922986479e-05
3.67417422934196e-05
3.67403923873907e-05
3.67390425805503e-05
3.67376928728876e-05
3.67363432643915e-05
3.67349937550511e-05
3.67336443448555e-05
3.67322950337937e-05
3.67309458218549e-05
3.67295967090281e-05
3.67282476953025e-05
3.6726898780667e-05
3.67255499651107e-05
3.67242012486228e-05
3.67228526311924e-05
3.67215041128085e-05
3.67201556934601e-05
3.67188073731365e-05
3.67174591518267e-05
3.67161110295198e-05
3.67147630062048e-05
3.67134150818709e-05
3.67120672565072e-05
3.67107195301028e-05
3.67093719026467e-05
3.67080243741282e-05
3.67066769445362e-05
3.67053296138599e-05
3.67039823820885e-05
3.67026352492109e-05
3.67012882152164e-05
3.6699941280094e-05
3.66985944438328e-05
3.6697247706422e-05
3.66959010678507e-05
3.6694554528108e-05
3.66932080871831e-05
3.66918617450649e-05
3.66905155017428e-05
3.66891693572058e-05
3.66878233114429e-05
3.66864773644435e-05
3.66851315161965e-05
3.66837857666911e-05
3.66824401159165e-05
3.66810945638618e-05
3.66797491105161e-05
3.66784037558685e-05
3.66770584999083e-05
3.66757133426245e-05
3.66743682840063e-05
3.66730233240428e-05
3.66716784627232e-05
3.66703337000367e-05
3.66689890359723e-05
3.66676444705192e-05
3.66663000036666e-05
3.66649556354037e-05
3.66636113657195e-05
3.66622671946033e-05
3.66609231220442e-05
3.66595791480314e-05
3.6658235272554e-05
3.66568914956012e-05
3.66555478171621e-05
3.6654204237226e-05
3.6652860755782e-05
3.66515173728192e-05
3.66501740883269e-05
3.66488309022942e-05
3.66474878147103e-05
3.66461448255644e-05
3.66448019348455e-05
3.66434591425431e-05
3.66421164486461e-05
3.66407738531438e-05
3.66394313560254e-05
3.663808895728e-05
3.66367466568969e-05
3.66354044548652e-05
3.66340623511741e-05
3.66327203458129e-05
3.66313784387707e-05
3.66300366300366e-05
3.66286949196e-05
3.662735330745e-05
3.66260117935758e-05
3.66246703779666e-05
3.66233290606116e-05
3.66219878415e-05
3.66206467206211e-05
3.6619305697964e-05
3.66179647735179e-05
3.66166239472721e-05
3.66152832192157e-05
3.6613942589338e-05
3.66126020576282e-05
3.66112616240756e-05
3.66099212886692e-05
3.66085810513984e-05
3.66072409122524e-05
3.66059008712204e-05
3.66045609282917e-05
3.66032210834553e-05
3.66018813367007e-05
3.6600541688017e-05
3.65992021373934e-05
3.65978626848192e-05
3.65965233302836e-05
3.65951840737759e-05
3.65938449152853e-05
3.65925058548009e-05
3.65911668923122e-05
3.65898280278083e-05
3.65884892612784e-05
3.65871505927118e-05
3.65858120220978e-05
3.65844735494256e-05
3.65831351746845e-05
3.65817968978636e-05
3.65804587189523e-05
3.65791206379399e-05
3.65777826548155e-05
3.65764447695684e-05
3.65751069821879e-05
3.65737692926633e-05
3.65724317009838e-05
3.65710942071387e-05
3.65697568111172e-05
3.65684195129087e-05
3.65670823125023e-05
3.65657452098874e-05
3.65644082050532e-05
3.6563071297989e-05
3.65617344886841e-05
3.65603977771278e-05
3.65590611633093e-05
3.6557724647218e-05
3.6556388228843e-05
3.65550519081737e-05
3.65537156851994e-05
3.65523795599094e-05
3.65510435322928e-05
3.65497076023392e-05
3.65483717700376e-05
3.65470360353775e-05
3.65457003983481e-05
3.65443648589388e-05
3.65430294171387e-05
3.65416940729372e-05
3.65403588263237e-05
3.65390236772873e-05
3.65376886258175e-05
3.65363536719035e-05
3.65350188155347e-05
3.65336840567003e-05
3.65323493953896e-05
3.6531014831592e-05
3.65296803652968e-05
3.65283459964933e-05
3.65270117251708e-05
3.65256775513186e-05
3.6524343474926e-05
3.65230094959825e-05
3.65216756144772e-05
3.65203418303995e-05
3.65190081437388e-05
3.65176745544844e-05
3.65163410626255e-05
3.65150076681516e-05
3.6513674371052e-05
3.65123411713159e-05
3.65110080689328e-05
3.65096750638919e-05
3.65083421561827e-05
3.65070093457944e-05
3.65056766327164e-05
3.6504344016938e-05
3.65030114984486e-05
3.65016790772376e-05
3.65003467532942e-05
3.64990145266078e-05
3.64976823971678e-05
3.64963503649635e-05
3.64950184299843e-05
3.64936865922195e-05
3.64923548516586e-05
3.64910232082908e-05
3.64896916621055e-05
3.6488360213092e-05
3.64870288612398e-05
3.64856976065382e-05
3.64843664489766e-05
3.64830353885443e-05
3.64817044252307e-05
3.64803735590252e-05
3.64790427899172e-05
3.6477712117896e-05
3.64763815429509e-05
3.64750510650715e-05
3.6473720684247e-05
3.64723904004668e-05
3.64710602137204e-05
3.64697301239971e-05
3.64684001312862e-05
3.64670702355773e-05
3.64657404368596e-05
3.64644107351225e-05
3.64630811303555e-05
3.64617516225479e-05
3.64604222116892e-05
3.64590928977687e-05
3.64577636807758e-05
3.64564345607e-05
3.64551055375305e-05
3.64537766112569e-05
3.64524477818686e-05
3.64511190493548e-05
3.64497904137051e-05
3.64484618749089e-05
3.64471334329555e-05
3.64458050878344e-05
3.6444476839535e-05
3.64431486880466e-05
3.64418206333588e-05
3.6440492675461e-05
3.64391648143425e-05
3.64378370499927e-05
3.64365093824012e-05
3.64351818115572e-05
3.64338543374504e-05
3.643252696007e-05
3.64311996794054e-05
3.64298724954463e-05
3.64285454081819e-05
3.64272184176016e-05
3.6425891523695e-05
3.64245647264515e-05
3.64232380258605e-05
3.64219114219114e-05
3.64205849145937e-05
3.64192585038969e-05
3.64179321898103e-05
3.64166059723234e-05
3.64152798514257e-05
3.64139538271066e-05
3.64126278993555e-05
3.6411302068162e-05
3.64099763335154e-05
3.64086506954052e-05
3.64073251538209e-05
3.6405999708752e-05
3.64046743601878e-05
3.64033491081179e-05
3.64020239525318e-05
3.64006988934188e-05
3.63993739307684e-05
3.63980490645701e-05
3.63967242948135e-05
3.63953996214878e-05
3.63940750445827e-05
3.63927505640876e-05
3.6391426179992e-05
3.63901018922853e-05
3.6388777700957e-05
3.63874536059967e-05
3.63861296073937e-05
3.63848057051375e-05
3.63834818992178e-05
3.63821581896238e-05
3.63808345763452e-05
3.63795110593714e-05
3.63781876386918e-05
3.63768643142961e-05
3.63755410861737e-05
3.6374217954314e-05
3.63728949187066e-05
3.63715719793409e-05
3.63702491362066e-05
3.6368926389293e-05
3.63676037385897e-05
3.63662811840861e-05
3.63649587257718e-05
3.63636363636364e-05
3.63623140976692e-05
3.63609919278598e-05
3.63596698541977e-05
3.63583478766725e-05
3.63570259952736e-05
3.63557042099905e-05
3.63543825208129e-05
3.63530609277301e-05
3.63517394307318e-05
3.63504180298073e-05
3.63490967249464e-05
3.63477755161384e-05
3.63464544033729e-05
3.63451333866395e-05
3.63438124659277e-05
3.63424916412269e-05
3.63411709125268e-05
3.63398502798169e-05
3.63385297430866e-05
3.63372093023256e-05
3.63358889575233e-05
3.63345687086694e-05
3.63332485557534e-05
3.63319284987647e-05
3.6330608537693e-05
3.63292886725278e-05
3.63279689032586e-05
3.6326649229875e-05
3.63253296523666e-05
3.63240101707228e-05
3.63226907849333e-05
3.63213714949877e-05
3.63200523008753e-05
3.63187332025859e-05
3.63174142001089e-05
3.6316095293434e-05
3.63147764825507e-05
3.63134577674486e-05
3.63121391481172e-05
3.63108206245461e-05
3.63095021967249e-05
3.63081838646431e-05
3.63068656282903e-05
3.63055474876561e-05
3.63042294427301e-05
3.63029114935018e-05
3.63015936399608e-05
3.63002758820967e-05
3.62989582198991e-05
3.62976406533575e-05
3.62963231824616e-05
3.62950058072009e-05
3.62936885275651e-05
3.62923713435436e-05
3.62910542551261e-05
3.62897372623022e-05
3.62884203650615e-05
3.62871035633936e-05
3.6285786857288e-05
3.62844702467344e-05
3.62831537317224e-05
3.62818373122415e-05
3.62805209882814e-05
3.62792047598317e-05
3.62778886268819e-05
3.62765725894217e-05
3.62752566474408e-05
3.62739408009286e-05
3.62726250498749e-05
3.62713093942691e-05
3.6269993834101e-05
3.62686783693602e-05
3.62673630000363e-05
3.62660477261188e-05
3.62647325475975e-05
3.62634174644619e-05
3.62621024767016e-05
3.62607875843063e-05
3.62594727872657e-05
3.62581580855693e-05
3.62568434792067e-05
3.62555289681676e-05
3.62542145524417e-05
3.62529002320186e-05
3.62515860068878e-05
3.62502718770391e-05
3.6248957842462e-05
3.62476439031463e-05
3.62463300590815e-05
3.62450163102573e-05
3.62437026566634e-05
3.62423890982894e-05
3.62410756351249e-05
3.62397622671595e-05
3.6238448994383e-05
3.6237135816785e-05
3.62358227343552e-05
3.62345097470831e-05
3.62331968549585e-05
3.6231884057971e-05
3.62305713561103e-05
3.6229258749366e-05
3.62279462377278e-05
3.62266338211853e-05
3.62253214997283e-05
3.62240092733464e-05
3.62226971420292e-05
3.62213851057664e-05
3.62200731645478e-05
3.62187613183629e-05
3.62174495672015e-05
3.62161379110532e-05
3.62148263499077e-05
3.62135148837546e-05
3.62122035125837e-05
3.62108922363847e-05
3.62095810551472e-05
3.62082699688609e-05
3.62069589775155e-05
3.62056480811006e-05
3.62043372796061e-05
3.62030265730215e-05
3.62017159613366e-05
3.6200405444541e-05
3.61990950226244e-05
3.61977846955766e-05
3.61964744633873e-05
3.6195164326046e-05
3.61938542835427e-05
3.61925443358668e-05
3.61912344830082e-05
3.61899247249566e-05
3.61886150617016e-05
3.6187305493233e-05
3.61859960195404e-05
3.61846866406137e-05
3.61833773564424e-05
3.61820681670164e-05
3.61807590723253e-05
3.61794500723589e-05
3.61781411671068e-05
3.61768323565589e-05
3.61755236407047e-05
3.61742150195341e-05
3.61729064930367e-05
3.61715980612023e-05
3.61702897240207e-05
3.61689814814815e-05
3.61676733335745e-05
3.61663652802893e-05
3.61650573216159e-05
3.61637494575438e-05
3.61624416880628e-05
3.61611340131626e-05
3.61598264328331e-05
3.61585189470639e-05
3.61572115558448e-05
3.61559042591655e-05
3.61545970570158e-05
3.61532899493854e-05
3.61519829362641e-05
3.61506760176415e-05
3.61493691935076e-05
3.61480624638519e-05
3.61467558286644e-05
3.61454492879346e-05
3.61441428416525e-05
3.61428364898077e-05
3.614153023239e-05
3.61402240693892e-05
3.61389180007951e-05
3.61376120265973e-05
3.61363061467857e-05
3.613500036135e-05
3.613369467028e-05
3.61323890735655e-05
3.61310835711963e-05
3.61297781631621e-05
3.61284728494527e-05
3.61271676300578e-05
3.61258625049673e-05
3.61245574741709e-05
3.61232525376585e-05
3.61219476954197e-05
3.61206429474445e-05
3.61193382937225e-05
3.61180337342435e-05
3.61167292689974e-05
3.61154248979739e-05
3.61141206211629e-05
3.6112816438554e-05
3.61115123501372e-05
3.61102083559022e-05
3.61089044558388e-05
3.61076006499368e-05
3.6106296938186e-05
3.61049933205762e-05
3.61036897970973e-05
3.61023863677389e-05
3.6101083032491e-05
3.60997797913433e-05
3.60984766442856e-05
3.60971735913078e-05
3.60958706323997e-05
3.6094567767551e-05
3.60932649967516e-05
3.60919623199913e-05
3.609065973726e-05
3.60893572485474e-05
3.60880548538434e-05
3.60867525531377e-05
3.60854503464203e-05
3.60841482336809e-05
3.60828462149094e-05
3.60815442900956e-05
3.60802424592293e-05
3.60789407223004e-05
3.60776390792987e-05
3.60763375302139e-05
3.60750360750361e-05
3.60737347137549e-05
3.60724334463603e-05
3.6071132272842e-05
3.606983119319e-05
3.6068530207394e-05
3.6067229315444e-05
3.60659285173297e-05
3.6064627813041e-05
3.60633272025677e-05
3.60620266858997e-05
3.60607262630269e-05
3.60594259339391e-05
3.60581256986262e-05
3.6056825557078e-05
3.60555255092843e-05
3.60542255552351e-05
3.60529256949201e-05
3.60516259283294e-05
3.60503262554526e-05
3.60490266762797e-05
3.60477271908006e-05
3.60464277990051e-05
3.60451285008831e-05
3.60438292964245e-05
3.6042530185619e-05
3.60412311684567e-05
3.60399322449274e-05
3.60386334150209e-05
3.60373346787272e-05
3.6036036036036e-05
3.60347374869374e-05
3.60334390314212e-05
3.60321406694772e-05
3.60308424010953e-05
3.60295442262655e-05
3.60282461449777e-05
3.60269481572216e-05
3.60256502629872e-05
3.60243524622645e-05
3.60230547550432e-05
3.60217571413134e-05
3.60204596210648e-05
3.60191621942874e-05
3.6017864860971e-05
3.60165676211057e-05
3.60152704746813e-05
3.60139734216876e-05
3.60126764621147e-05
3.60113795959523e-05
3.60100828231905e-05
3.60087861438191e-05
3.6007489557828e-05
3.60061930652072e-05
3.60048966659466e-05
3.6003600360036e-05
3.60023041474654e-05
3.60010080282248e-05
3.5999712002304e-05
3.59984160696929e-05
3.59971202303816e-05
3.59958244843598e-05
3.59945288316176e-05
3.59932332721448e-05
3.59919378059315e-05
3.59906424329674e-05
3.59893471532426e-05
3.5988051966747e-05
3.59867568734706e-05
3.59854618734031e-05
3.59841669665347e-05
3.59828721528552e-05
3.59815774323546e-05
3.59802828050228e-05
3.59789882708498e-05
3.59776938298255e-05
3.59763994819398e-05
3.59751052271828e-05
3.59738110655443e-05
3.59725169970143e-05
3.59712230215827e-05
3.59699291392396e-05
3.59686353499748e-05
3.59673416537784e-05
3.59660480506402e-05
3.59647545405503e-05
3.59634611234985e-05
3.59621677994749e-05
3.59608745684695e-05
3.59595814304721e-05
3.59582883854729e-05
3.59569954334616e-05
3.59557025744283e-05
3.5954409808363e-05
3.59531171352556e-05
3.59518245550962e-05
3.59505320678746e-05
3.59492396735809e-05
3.5947947372205e-05
3.5946655163737e-05
3.59453630481668e-05
3.59440710254843e-05
3.59427790956797e-05
3.59414872587428e-05
3.59401955146636e-05
3.59389038634322e-05
3.59376123050385e-05
3.59363208394725e-05
3.59350294667242e-05
3.59337381867836e-05
3.59324469996407e-05
3.59311559052855e-05
3.5929864903708e-05
3.59285739948981e-05
3.5927283178846e-05
3.59259924555416e-05
3.59247018249749e-05
3.59234112871358e-05
3.59221208420145e-05
3.59208304896009e-05
3.59195402298851e-05
3.59182500628569e-05
3.59169599885066e-05
3.5915670006824e-05
3.59143801177992e-05
3.59130903214222e-05
3.5911800617683e-05
3.59105110065716e-05
3.59092214880781e-05
3.59079320621925e-05
3.59066427289048e-05
3.59053534882051e-05
3.59040643400833e-05
3.59027752845295e-05
3.59014863215337e-05
3.5900197451086e-05
3.58989086731763e-05
3.58976199877948e-05
3.58963313949314e-05
3.58950428945763e-05
3.58937544867193e-05
3.58924661713506e-05
3.58911779484603e-05
3.58898898180383e-05
3.58886017800747e-05
3.58873138345595e-05
3.58860259814828e-05
3.58847382208347e-05
3.58834505526051e-05
3.58821629767842e-05
3.5880875493362e-05
3.58795881023286e-05
3.58783008036739e-05
3.58770135973882e-05
3.58757264834613e-05
3.58744394618834e-05
3.58731525326446e-05
3.58718656957348e-05
3.58705789511443e-05
3.58692922988629e-05
3.58680057388809e-05
3.58667192711883e-05
3.5865432895775e-05
3.58641466126314e-05
3.58628604217472e-05
3.58615743231128e-05
3.58602883167181e-05
3.58590024025532e-05
3.58577165806081e-05
3.58564308508731e-05
3.58551452133381e-05
3.58538596679933e-05
3.58525742148286e-05
3.58512888538343e-05
3.58500035850004e-05
3.58487184083169e-05
3.5847433323774e-05
3.58461483313618e-05
3.58448634310703e-05
3.58435786228897e-05
3.584229390681e-05
3.58410092828214e-05
3.58397247509139e-05
3.58384403110777e-05
3.58371559633028e-05
3.58358717075793e-05
3.58345875438974e-05
3.58333034722471e-05
3.58320194926186e-05
3.5830735605002e-05
3.58294518093873e-05
3.58281681057648e-05
3.58268844941244e-05
3.58256009744563e-05
3.58243175467507e-05
3.58230342109977e-05
3.58217509671873e-05
3.58204678153097e-05
3.5819184755355e-05
3.58179017873133e-05
3.58166189111748e-05
3.58153361269295e-05
3.58140534345677e-05
3.58127708340794e-05
3.58114883254548e-05
3.5810205908684e-05
3.58089235837571e-05
3.58076413506642e-05
3.58063592093956e-05
3.58050771599413e-05
3.58037952022914e-05
3.58025133364362e-05
3.58012315623657e-05
3.57999498800702e-05
3.57986682895396e-05
3.57973867907643e-05
3.57961053837343e-05
3.57948240684397e-05
3.57935428448708e-05
3.57922617130176e-05
3.57909806728704e-05
3.57896997244193e-05
3.57884188676544e-05
3.57871381025659e-05
3.5785857429144e-05
3.57845768473788e-05
3.57832963572604e-05
3.57820159587791e-05
3.5780735651925e-05
3.57794554366883e-05
3.5778175313059e-05
3.57768952810275e-05
3.57756153405839e-05
3.57743354917182e-05
3.57730557344208e-05
3.57717760686818e-05
3.57704964944913e-05
3.57692170118396e-05
3.57679376207168e-05
3.57666583211131e-05
3.57653791130186e-05
3.57640999964236e-05
3.57628209713182e-05
3.57615420376927e-05
3.57602631955371e-05
3.57589844448418e-05
3.57577057855968e-05
3.57564272177924e-05
3.57551487414188e-05
3.57538703564661e-05
3.57525920629246e-05
3.57513138607844e-05
3.57500357500358e-05
3.57487577306689e-05
3.57474798026739e-05
3.57462019660411e-05
3.57449242207607e-05
3.57436465668227e-05
3.57423690042176e-05
3.57410915329354e-05
3.57398141529664e-05
3.57385368643008e-05
3.57372596669287e-05
3.57359825608405e-05
3.57347055460263e-05
3.57334286224763e-05
3.57321517901808e-05
3.573087504913e-05
3.5729598399314e-05
3.57283218407231e-05
3.57270453733476e-05
3.57257689971777e-05
3.57244927122035e-05
3.57232165184153e-05
3.57219404158034e-05
3.57206644043579e-05
3.57193884840692e-05
3.57181126549273e-05
3.57168369169226e-05
3.57155612700454e-05
3.57142857142857e-05
3.57130102496339e-05
3.57117348760803e-05
3.5710459593615e-05
3.57091844022283e-05
3.57079093019104e-05
3.57066342926516e-05
3.57053593744421e-05
3.57040845472722e-05
3.57028098111321e-05
3.57015351660121e-05
3.57002606119025e-05
3.56989861487934e-05
3.56977117766751e-05
3.56964374955379e-05
3.56951633053721e-05
3.56938892061679e-05
3.56926151979155e-05
3.56913412806053e-05
3.56900674542275e-05
3.56887937187723e-05
3.568752007423e-05
3.5686246520591e-05
3.56849730578453e-05
3.56836996859834e-05
3.56824264049955e-05
3.56811532148719e-05
3.56798801156028e-05
3.56786071071785e-05
3.56773341895894e-05
3.56760613628255e-05
3.56747886268774e-05
3.56735159817352e-05
3.56722434273891e-05
3.56709709638296e-05
3.56696985910469e-05
3.56684263090312e-05
3.56671541177729e-05
3.56658820172623e-05
3.56646100074896e-05
3.56633380884451e-05
3.56620662601191e-05
3.5660794522502e-05
3.56595228755839e-05
3.56582513193553e-05
3.56569798538064e-05
3.56557084789275e-05
3.56544371947089e-05
3.56531660011409e-05
3.56518948982138e-05
3.5650623885918e-05
3.56493529642437e-05
3.56480821331812e-05
3.56468113927209e-05
3.56455407428531e-05
3.5644270183568e-05
3.5642999714856e-05
3.56417293367074e-05
3.56404590491126e-05
3.56391888520617e-05
3.56379187455453e-05
3.56366487295535e-05
3.56353788040767e-05
3.56341089691052e-05
3.56328392246294e-05
3.56315695706396e-05
3.56303000071261e-05
3.56290305340792e-05
3.56277611514892e-05
3.56264918593466e-05
3.56252226576416e-05
3.56239535463646e-05
3.56226845255058e-05
3.56214155950557e-05
3.56201467550046e-05
3.56188780053428e-05
3.56176093460607e-05
3.56163407771486e-05
3.56150722985968e-05
3.56138039103957e-05
3.56125356125356e-05
3.56112674050069e-05
3.56099992878e-05
3.56087312609052e-05
3.56074633243128e-05
3.56061954780132e-05
3.56049277219967e-05
3.56036600562538e-05
3.56023924807747e-05
3.56011249955499e-05
3.55998576005696e-05
3.55985902958243e-05
3.55973230813043e-05
3.5596055957e-05
3.55947889229017e-05
3.55935219789998e-05
3.55922551252847e-05
3.55909883617468e-05
3.55897216883764e-05
3.55884551051639e-05
3.55871886120996e-05
3.5585922209174e-05
3.55846558963775e-05
3.55833896737003e-05
3.55821235411329e-05
3.55808574986657e-05
3.55795915462891e-05
3.55783256839933e-05
3.55770599117689e-05
3.55757942296062e-05
3.55745286374956e-05
3.55732631354274e-05
3.55719977233921e-05
3.55707324013801e-05
3.55694671693818e-05
3.55682020273875e-05
3.55669369753877e-05
3.55656720133727e-05
3.5564407141333e-05
3.55631423592589e-05
3.55618776671408e-05
3.55606130649692e-05
3.55593485527345e-05
3.55580841304271e-05
3.55568197980373e-05
3.55555555555556e-05
3.55542914029723e-05
3.5553027340278e-05
3.5551763367463e-05
3.55504994845178e-05
3.55492356914326e-05
3.55479719881981e-05
3.55467083748045e-05
3.55454448512423e-05
3.5544181417502e-05
3.55429180735738e-05
3.55416548194484e-05
3.5540391655116e-05
3.55391285805672e-05
3.55378655957923e-05
3.55366027007818e-05
3.55353398955261e-05
3.55340771800156e-05
3.55328145542408e-05
3.55315520181922e-05
3.553028957186e-05
3.55290272152348e-05
3.55277649483071e-05
3.55265027710672e-05
3.55252406835056e-05
3.55239786856128e-05
3.55227167773791e-05
3.55214549587951e-05
3.55201932298512e-05
3.55189315905378e-05
3.55176700408453e-05
3.55164085807643e-05
3.55151472102852e-05
3.55138859293984e-05
3.55126247380944e-05
3.55113636363636e-05
3.55101026241966e-05
3.55088417015837e-05
3.55075808685154e-05
3.55063201249822e-05
3.55050594709746e-05
3.5503798906483e-05
3.55025384314979e-05
3.55012780460097e-05
3.55000177500089e-05
3.5498757543486e-05
3.54974974264314e-05
3.54962373988357e-05
3.54949774606893e-05
3.54937176119827e-05
3.54924578527063e-05
3.54911981828507e-05
3.54899386024062e-05
3.54886791113635e-05
3.54874197097129e-05
3.5486160397445e-05
3.54849011745502e-05
3.54836420410191e-05
3.54823829968421e-05
3.54811240420096e-05
3.54798651765123e-05
3.54786064003406e-05
3.54773477134849e-05
3.54760891159359e-05
3.54748306076838e-05
3.54735721887194e-05
3.5472313859033e-05
3.54710556186152e-05
3.54697974674565e-05
3.54685394055473e-05
3.54672814328782e-05
3.54660235494396e-05
3.54647657552222e-05
3.54635080502163e-05
3.54622504344126e-05
3.54609929078014e-05
3.54597354703734e-05
3.5458478122119e-05
3.54572208630288e-05
3.54559636930932e-05
3.54547066123028e-05
3.54534496206481e-05
3.54521927181196e-05
3.54509359047079e-05
3.54496791804034e-05
3.54484225451967e-05
3.54471659990784e-05
3.54459095420388e-05
3.54446531740687e-05
3.54433968951584e-05
3.54421407052986e-05
3.54408846044797e-05
3.54396285926923e-05
3.5438372669927e-05
3.54371168361742e-05
3.54358610914245e-05
3.54346054356685e-05
3.54333498688966e-05
3.54320943910995e-05
3.54308390022676e-05
3.54295837023915e-05
3.54283284914618e-05
3.54270733694689e-05
3.54258183364036e-05
3.54245633922562e-05
3.54233085370174e-05
3.54220537706776e-05
3.54207990932275e-05
3.54195445046577e-05
3.54182900049586e-05
3.54170355941208e-05
3.54157812721349e-05
3.54145270389914e-05
3.54132728946809e-05
3.5412018839194e-05
3.54107648725212e-05
3.54095109946532e-05
3.54082572055803e-05
3.54070035052933e-05
3.54057498937827e-05
3.54044963710391e-05
3.5403242937053e-05
3.54019895918151e-05
3.54007363353158e-05
3.53994831675458e-05
3.53982300884956e-05
3.53969770981558e-05
3.53957241965171e-05
3.53944713835699e-05
3.53932186593049e-05
3.53919660237126e-05
3.53907134767837e-05
3.53894610185087e-05
3.53882086488782e-05
3.53869563678828e-05
3.53857041755131e-05
3.53844520717597e-05
3.53832000566131e-05
3.5381948130064e-05
3.5380696292103e-05
3.53794445427207e-05
3.53781928819076e-05
3.53769413096544e-05
3.53756898259516e-05
3.53744384307899e-05
3.53731871241599e-05
3.53719359060521e-05
3.53706847764573e-05
3.53694337353659e-05
3.53681827827686e-05
3.53669319186561e-05
3.53656811430188e-05
3.53644304558475e-05
3.53631798571328e-05
3.53619293468652e-05
3.53606789250354e-05
3.5359428591634e-05
3.53581783466516e-05
3.53569281900788e-05
3.53556781219064e-05
3.53544281421248e-05
3.53531782507247e-05
3.53519284476968e-05
3.53506787330317e-05
3.53494291067199e-05
3.53481795687522e-05
3.53469301191192e-05
3.53456807578114e-05
3.53444314848196e-05
3.53431823001343e-05
3.53419332037462e-05
3.5340684195646e-05
3.53394352758243e-05
3.53381864442717e-05
3.53369377009788e-05
3.53356890459364e-05
3.5334440479135e-05
3.53331920005653e-05
3.5331943610218e-05
3.53306953080837e-05
3.5329447094153e-05
3.53281989684166e-05
3.53269509308652e-05
3.53257029814893e-05
3.53244551202798e-05
3.53232073472271e-05
3.53219596623221e-05
3.53207120655552e-05
3.53194645569173e-05
3.5318217136399e-05
3.53169698039908e-05
3.53157225596836e-05
3.53144754034679e-05
3.53132283353344e-05
3.53119813552738e-05
3.53107344632768e-05
3.53094876593341e-05
3.53082409434362e-05
3.53069943155739e-05
3.53057477757379e-05
3.53045013239188e-05
3.53032549601073e-05
3.53020086842941e-05
3.53007624964699e-05
3.52995163966254e-05
3.52982703847511e-05
3.52970244608379e-05
3.52957786248765e-05
3.52945328768574e-05
3.52932872167714e-05
3.52920416446091e-05
3.52907961603614e-05
3.52895507640188e-05
3.5288305455572e-05
3.52870602350118e-05
3.52858151023289e-05
3.52845700575139e-05
3.52833251005575e-05
3.52820802314504e-05
3.52808354501835e-05
3.52795907567472e-05
3.52783461511324e-05
3.52771016333298e-05
3.527585720333e-05
3.52746128611239e-05
3.52733686067019e-05
3.5272124440055e-05
3.52708803611738e-05
3.5269636370049e-05
3.52683924666714e-05
3.52671486510316e-05
3.52659049231203e-05
3.52646612829284e-05
3.52634177304464e-05
3.52621742656652e-05
3.52609308885755e-05
3.52596875991679e-05
3.52584443974332e-05
3.52572012833621e-05
3.52559582569454e-05
3.52547153181738e-05
3.5253472467038e-05
3.52522297035287e-05
3.52509870276368e-05
3.52497444393528e-05
3.52485019386676e-05
3.52472595255719e-05
3.52460172000564e-05
3.52447749621119e-05
3.52435328117291e-05
3.52422907488987e-05
3.52410487736115e-05
3.52398068858583e-05
3.52385650856297e-05
3.52373233729166e-05
3.52360817477097e-05
3.52348402099996e-05
3.52335987597773e-05
3.52323573970334e-05
3.52311161217587e-05
3.5229874933944e-05
3.52286338335799e-05
3.52273928206573e-05
3.5226151895167e-05
3.52249110570996e-05
3.52236703064459e-05
3.52224296431968e-05
3.52211890673429e-05
3.52199485788751e-05
3.5218708177784e-05
3.52174678640606e-05
3.52162276376955e-05
3.52149874986794e-05
3.52137474470033e-05
3.52125074826578e-05
3.52112676056338e-05
3.5210027815922e-05
3.52087881135131e-05
3.52075484983981e-05
3.52063089705675e-05
3.52050695300123e-05
3.52038301767232e-05
3.5202590910691e-05
3.52013517319065e-05
3.52001126403604e-05
3.51988736360436e-05
3.51976347189469e-05
3.5196395889061e-05
3.51951571463767e-05
3.51939184908848e-05
3.51926799225761e-05
3.51914414414414e-05
3.51902030474716e-05
3.51889647406573e-05
3.51877265209895e-05
3.51864883884588e-05
3.51852503430562e-05
3.51840123847724e-05
3.51827745135981e-05
3.51815367295243e-05
3.51802990325418e-05
3.51790614226412e-05
3.51778238998136e-05
3.51765864640495e-05
3.517534911534e-05
3.51741118536757e-05
3.51728746790475e-05
3.51716375914463e-05
3.51704005908627e-05
3.51691636772878e-05
3.51679268507122e-05
3.51666901111267e-05
3.51654534585223e-05
3.51642168928898e-05
3.51629804142199e-05
3.51617440225035e-05
3.51605077177314e-05
3.51592714998945e-05
3.51580353689836e-05
3.51567993249895e-05
3.5155563367903e-05
3.5154327497715e-05
3.51530917144163e-05
3.51518560179978e-05
3.51506204084502e-05
3.51493848857645e-05
3.51481494499315e-05
3.51469141009419e-05
3.51456788387868e-05
3.51444436634568e-05
3.51432085749429e-05
3.51419735732359e-05
3.51407386583266e-05
3.51395038302059e-05
3.51382690888647e-05
3.51370344342937e-05
3.5135799866484e-05
3.51345653854262e-05
3.51333309911113e-05
3.51320966835301e-05
3.51308624626735e-05
3.51296283285323e-05
3.51283942810974e-05
3.51271603203597e-05
3.512592644631e-05
3.51246926589392e-05
3.51234589582382e-05
3.51222253441978e-05
3.51209918168089e-05
3.51197583760624e-05
3.51185250219491e-05
3.51172917544599e-05
3.51160585735857e-05
3.51148254793174e-05
3.51135924716458e-05
3.51123595505618e-05
3.51111267160563e-05
3.51098939681202e-05
3.51086613067444e-05
3.51074287319197e-05
3.5106196243637e-05
3.51049638418872e-05
3.51037315266613e-05
3.510249929795e-05
3.51012671557443e-05
3.51000351000351e-05
3.50988031308132e-05
3.50975712480696e-05
3.50963394517952e-05
3.50951077419808e-05
3.50938761186173e-05
3.50926445816957e-05
3.50914131312068e-05
3.50901817671416e-05
3.50889504894909e-05
3.50877192982456e-05
3.50864881933967e-05
3.50852571749351e-05
3.50840262428516e-05
3.50827953971372e-05
3.50815646377828e-05
3.50803339647793e-05
3.50791033781177e-05
3.50778728777887e-05
3.50766424637834e-05
3.50754121360926e-05
3.50741818947073e-05
3.50729517396184e-05
3.50717216708168e-05
3.50704916882935e-05
3.50692617920393e-05
3.50680319820452e-05
3.50668022583021e-05
3.50655726208009e-05
3.50643430695326e-05
3.50631136044881e-05
3.50618842256583e-05
3.50606549330341e-05
3.50594257266066e-05
3.50581966063666e-05
3.5056967572305e-05
3.50557386244128e-05
3.5054509762681e-05
3.50532809871004e-05
3.5052052297662e-05
3.50508236943568e-05
3.50495951771757e-05
3.50483667461096e-05
3.50471384011495e-05
3.50459101422864e-05
3.50446819695111e-05
3.50434538828147e-05
3.5042225882188e-05
3.50409979676221e-05
3.50397701391079e-05
3.50385423966363e-05
3.50373147401983e-05
3.50360871697849e-05
3.5034859685387e-05
3.50336322869955e-05
3.50324049746015e-05
3.50311777481959e-05
3.50299506077696e-05
3.50287235533137e-05
3.50274965848191e-05
3.50262697022767e-05
3.50250429056776e-05
3.50238161950126e-05
3.50225895702728e-05
3.50213630314492e-05
3.50201365785327e-05
3.50189102115142e-05
3.50176839303848e-05
3.50164577351355e-05
3.50152316257572e-05
3.50140056022409e-05
3.50127796645776e-05
3.50115538127582e-05
3.50103280467738e-05
3.50091023666153e-05
3.50078767722738e-05
3.50066512637401e-05
3.50054258410054e-05
3.50042005040605e-05
3.50029752528965e-05
3.50017500875044e-05
3.50005250078751e-05
3.49993000139997e-05
3.49980751058692e-05
3.49968502834745e-05
3.49956255468066e-05
3.49944008958567e-05
3.49931763306155e-05
3.49919518510743e-05
3.49907274572238e-05
3.49895031490553e-05
3.49882789265596e-05
3.49870547897278e-05
3.49858307385509e-05
3.49846067730199e-05
3.49833828931258e-05
3.49821590988596e-05
3.49809353902123e-05
3.4979711767175e-05
3.49784882297387e-05
3.49772647778944e-05
3.4976041411633e-05
3.49748181309457e-05
3.49735949358235e-05
3.49723718262573e-05
3.49711488022382e-05
3.49699258637572e-05
3.49687030108053e-05
3.49674802433737e-05
3.49662575614532e-05
3.4965034965035e-05
3.496381245411e-05
3.49625900286693e-05
3.4961367688704e-05
3.4960145434205e-05
3.49589232651634e-05
3.49577011815703e-05
3.49564791834166e-05
3.49552572706935e-05
3.49540354433919e-05
3.4952813701503e-05
3.49515920450177e-05
3.4950370473927e-05
3.49491489882221e-05
3.4947927587894e-05
3.49467062729338e-05
3.49454850433324e-05
3.4944263899081e-05
3.49430428401705e-05
3.49418218665921e-05
3.49406009783368e-05
3.49393801753957e-05
3.49381594577598e-05
3.49369388254201e-05
3.49357182783678e-05
3.49344978165939e-05
3.49332774400894e-05
3.49320571488455e-05
3.49308369428531e-05
3.49296168221035e-05
3.49283967865875e-05
3.49271768362963e-05
3.4925956971221e-05
3.49247371913526e-05
3.49235174966823e-05
3.4922297887201e-05
3.49210783628998e-05
3.49198589237699e-05
3.49186395698024e-05
3.49174203009882e-05
3.49162011173184e-05
3.49149820187843e-05
3.49137630053767e-05
3.49125440770869e-05
3.49113252339059e-05
3.49101064758247e-05
3.49088878028346e-05
3.49076692149265e-05
3.49064507120916e-05
3.49052322943209e-05
3.49040139616056e-05
3.49027957139367e-05
3.49015775513053e-05
3.49003594737026e-05
3.48991414811196e-05
3.48979235735474e-05
3.48967057509771e-05
3.48954880133999e-05
3.48942703608068e-05
3.48930527931889e-05
3.48918353105373e-05
3.48906179128432e-05
3.48894006000977e-05
3.48881833722918e-05
3.48869662294167e-05
3.48857491714635e-05
3.48845321984232e-05
3.48833153102871e-05
3.48820985070462e-05
3.48808817886916e-05
3.48796651552145e-05
3.4878448606606e-05
3.48772321428571e-05
3.48760157639591e-05
3.48747994699031e-05
3.487358326068e-05
3.48723671362812e-05
3.48711510966977e-05
3.48699351419206e-05
3.48687192719411e-05
3.48675034867503e-05
3.48662877863394e-05
3.48650721706994e-05
3.48638566398215e-05
3.48626411936968e-05
3.48614258323165e-05
3.48602105556718e-05
3.48589953637536e-05
3.48577802565533e-05
3.48565652340618e-05
3.48553502962705e-05
3.48541354431703e-05
3.48529206747525e-05
3.48517059910083e-05
3.48504913919286e-05
3.48492768775048e-05
3.48480624477279e-05
3.48468481025891e-05
3.48456338420796e-05
3.48444196661905e-05
3.48432055749129e-05
3.4841991568238e-05
3.48407776461571e-05
3.48395638086611e-05
3.48383500557414e-05
3.4837136387389e-05
3.48359228035951e-05
3.48347093043509e-05
3.48334958896475e-05
3.48322825594761e-05
3.48310693138279e-05
3.48298561526941e-05
3.48286430760658e-05
3.48274300839341e-05
3.48262171762903e-05
3.48250043531255e-05
3.4823791614431e-05
3.48225789601978e-05
3.48213663904172e-05
3.48201539050803e-05
3.48189415041783e-05
3.48177291877024e-05
3.48165169556438e-05
3.48153048079936e-05
3.48140927447431e-05
3.48128807658834e-05
3.48116688714057e-05
3.48104570613012e-05
3.48092453355611e-05
3.48080336941766e-05
3.48068221371389e-05
3.48056106644391e-05
3.48043992760685e-05
3.48031879720182e-05
3.48019767522795e-05
3.48007656168436e-05
3.47995545657016e-05
3.47983435988447e-05
3.47971327162642e-05
3.47959219179512e-05
3.4794711203897e-05
3.47935005740928e-05
3.47922900285297e-05
3.4791079567199e-05
3.47898691900918e-05
3.47886588971995e-05
3.47874486885132e-05
3.47862385640241e-05
3.47850285237234e-05
3.47838185676024e-05
3.47826086956522e-05
3.47813989078641e-05
3.47801892042293e-05
3.4778979584739e-05
3.47777700493844e-05
3.47765605981568e-05
3.47753512310474e-05
3.47741419480474e-05
3.47729327491481e-05
3.47717236343406e-05
3.47705146036161e-05
3.4769305656966e-05
3.47680967943815e-05
3.47668880158537e-05
3.47656793213739e-05
3.47644707109334e-05
3.47632621845234e-05
3.47620537421351e-05
3.47608453837597e-05
3.47596371093886e-05
3.47584289190129e-05
3.47572208126238e-05
3.47560127902127e-05
3.47548048517708e-05
3.47535969972892e-05
3.47523892267593e-05
3.47511815401724e-05
3.47499739375195e-05
3.47487664187921e-05
3.47475589839814e-05
3.47463516330785e-05
3.47451443660748e-05
3.47439371829616e-05
3.474273008373e-05
3.47415230683713e-05
3.47403161368768e-05
3.47391092892378e-05
3.47379025254455e-05
3.47366958454912e-05
3.47354892493661e-05
3.47342827370615e-05
3.47330763085687e-05
3.47318699638789e-05
3.47306637029834e-05
3.47294575258734e-05
3.47282514325404e-05
3.47270454229754e-05
3.47258394971698e-05
3.47246336551149e-05
3.4723427896802e-05
3.47222222222222e-05
3.4721016631367e-05
3.47198111242275e-05
3.47186057007951e-05
3.4717400361061e-05
3.47161951050165e-05
3.47149899326529e-05
3.47137848439615e-05
3.47125798389336e-05
3.47113749175605e-05
3.47101700798334e-05
3.47089653257436e-05
3.47077606552825e-05
3.47065560684413e-05
3.47053515652114e-05
3.47041471455839e-05
3.47029428095503e-05
3.47017385571017e-05
3.47005343882296e-05
3.46993303029252e-05
3.46981263011797e-05
3.46969223829846e-05
3.46957185483311e-05
3.46945147972106e-05
3.46933111296142e-05
3.46921075455334e-05
3.46909040449594e-05
3.46897006278836e-05
3.46884972942972e-05
3.46872940441916e-05
3.46860908775581e-05
3.4684887794388e-05
3.46836847946726e-05
3.46824818784032e-05
3.46812790455712e-05
3.46800762961678e-05
3.46788736301845e-05
3.46776710476124e-05
3.4676468548443e-05
3.46752661326676e-05
3.46740638002774e-05
3.46728615512638e-05
3.46716593856182e-05
3.46704573033318e-05
3.46692553043961e-05
3.46680533888022e-05
3.46668515565416e-05
3.46656498076056e-05
3.46644481419856e-05
3.46632465596728e-05
3.46620450606586e-05
3.46608436449343e-05
3.46596423124913e-05
3.4658441063321e-05
3.46572398974146e-05
3.46560388147635e-05
3.4654837815359e-05
3.46536368991926e-05
3.46524360662555e-05
3.4651235316539e-05
3.46500346500346e-05
3.46488340667337e-05
3.46476335666274e-05
3.46464331497072e-05
3.46452328159645e-05
3.46440325653906e-05
3.46428323979769e-05
3.46416323137146e-05
3.46404323125953e-05
3.46392323946101e-05
3.46380325597506e-05
3.4636832808008e-05
3.46356331393738e-05
3.46344335538392e-05
3.46332340513957e-05
3.46320346320346e-05
3.46308352957473e-05
3.46296360425252e-05
3.46284368723596e-05
3.46272377852419e-05
3.46260387811634e-05
3.46248398601156e-05
3.46236410220899e-05
3.46224422670775e-05
3.46212435950699e-05
3.46200450060585e-05
3.46188465000346e-05
3.46176480769896e-05
3.4616449736915e-05
3.4615251479802e-05
3.46140533056421e-05
3.46128552144266e-05
3.4611657206147e-05
3.46104592807947e-05
3.46092614383609e-05
3.46080636788372e-05
3.46068660022148e-05
3.46056684084853e-05
3.460447089764e-05
3.46032734696702e-05
3.46020761245675e-05
3.46008788623231e-05
3.45996816829285e-05
3.45984845863751e-05
3.45972875726543e-05
3.45960906417575e-05
3.45948937936761e-05
3.45936970284014e-05
3.4592500345925e-05
3.45913037462382e-05
3.45901072293324e-05
3.45889107951991e-05
3.45877144438295e-05
3.45865181752153e-05
3.45853219893477e-05
3.45841258862182e-05
3.45829298658182e-05
3.45817339281392e-05
3.45805380731724e-05
3.45793423009094e-05
3.45781466113416e-05
3.45769510044604e-05
3.45757554802572e-05
3.45745600387235e-05
3.45733646798506e-05
3.45721694036301e-05
3.45709742100532e-05
3.45697790991116e-05
3.45685840707965e-05
3.45673891250994e-05
3.45661942620118e-05
3.4564999481525e-05
3.45638047836306e-05
3.45626101683199e-05
3.45614156355844e-05
3.45602211854156e-05
3.45590268178048e-05
3.45578325327435e-05
3.45566383302232e-05
3.45554442102353e-05
3.45542501727713e-05
3.45530562178225e-05
3.45518623453804e-05
3.45506685554365e-05
3.45494748479823e-05
3.45482812230092e-05
3.45470876805085e-05
3.45458942204719e-05
3.45447008428907e-05
3.45435075477564e-05
3.45423143350605e-05
3.45411212047943e-05
3.45399281569494e-05
3.45387351915173e-05
3.45375423084893e-05
3.4536349507857e-05
3.45351567896118e-05
3.45339641537452e-05
3.45327716002486e-05
3.45315791291136e-05
3.45303867403315e-05
3.45291944338939e-05
3.45280022097921e-05
3.45268100680178e-05
3.45256180085624e-05
3.45244260314172e-05
3.45232341365739e-05
3.45220423240239e-05
3.45208505937586e-05
3.45196589457696e-05
3.45184673800483e-05
3.45172758965862e-05
3.45160844953748e-05
3.45148931764056e-05
3.45137019396701e-05
3.45125107851596e-05
3.45113197128658e-05
3.45101287227801e-05
3.45089378148941e-05
3.45077469891991e-05
3.45065562456867e-05
3.45053655843484e-05
3.45041750051756e-05
3.450298450816e-05
3.45017940932929e-05
3.45006037605658e-05
3.44994135099703e-05
3.44982233414979e-05
3.44970332551401e-05
3.44958432508883e-05
3.4494653328734e-05
3.44934634886689e-05
3.44922737306843e-05
3.44910840547718e-05
3.44898944609229e-05
3.44887049491292e-05
3.4487515519382e-05
3.44863261716729e-05
3.44851369059935e-05
3.44839477223353e-05
3.44827586206897e-05
3.44815696010482e-05
3.44803806634025e-05
3.4479191807744e-05
3.44780030340643e-05
3.44768143423548e-05
3.4475625732607e-05
3.44744372048126e-05
3.4473248758963e-05
3.44720603950498e-05
3.44708721130645e-05
3.44696839129985e-05
3.44684957948435e-05
3.4467307758591e-05
3.44661198042324e-05
3.44649319317594e-05
3.44637441411635e-05
3.44625564324362e-05
3.4461368805569e-05
3.44601812605534e-05
3.44589937973811e-05
3.44578064160436e-05
3.44566191165323e-05
3.44554318988389e-05
3.44542447629548e-05
3.44530577088717e-05
3.4451870736581e-05
3.44506838460743e-05
3.44494970373433e-05
3.44483103103793e-05
3.4447123665174e-05
3.44459371017189e-05
3.44447506200055e-05
3.44435642200255e-05
3.44423779017703e-05
3.44411916652316e-05
3.44400055104009e-05
3.44388194372697e-05
3.44376334458296e-05
3.44364475360722e-05
3.4435261707989e-05
3.44340759615716e-05
3.44328902968115e-05
3.44317047137004e-05
3.44305192122297e-05
3.44293337923911e-05
3.44281484541761e-05
3.44269631975763e-05
3.44257780225833e-05
3.44245929291886e-05
3.44234079173838e-05
3.44222229871605e-05
3.44210381385103e-05
3.44198533714246e-05
3.44186686858952e-05
3.44174840819136e-05
3.44162995594714e-05
3.44151151185601e-05
3.44139307591713e-05
3.44127464812967e-05
3.44115622849277e-05
3.44103781700561e-05
3.44091941366733e-05
3.4408010184771e-05
3.44068263143408e-05
3.44056425253742e-05
3.44044588178628e-05
3.44032751917983e-05
3.44020916471722e-05
3.44009081839761e-05
3.43997248022016e-05
3.43985415018403e-05
3.43973582828839e-05
3.43961751453238e-05
3.43949920891518e-05
3.43938091143594e-05
3.43926262209382e-05
3.43914434088799e-05
3.43902606781759e-05
3.4389078028818e-05
3.43878954607978e-05
3.43867129741068e-05
3.43855305687367e-05
3.4384348244679e-05
3.43831660019255e-05
3.43819838404676e-05
3.4380801760297e-05
3.43796197614054e-05
3.43784378437844e-05
3.43772560074255e-05
3.43760742523204e-05
3.43748925784607e-05
3.4373710985838e-05
3.4372529474444e-05
3.43713480442703e-05
3.43701666953085e-05
3.43689854275502e-05
3.4367804240987e-05
3.43666231356107e-05
3.43654421114128e-05
3.43642611683849e-05
3.43630803065187e-05
3.43618995258058e-05
3.43607188262378e-05
3.43595382078065e-05
3.43583576705033e-05
3.43571772143201e-05
3.43559968392483e-05
3.43548165452797e-05
3.43536363324058e-05
3.43524562006183e-05
3.4351276149909e-05
3.43500961802693e-05
3.4348916291691e-05
3.43477364841657e-05
3.4346556757685e-05
3.43453771122407e-05
3.43441975478243e-05
3.43430180644275e-05
3.4341838662042e-05
3.43406593406593e-05
3.43394801002713e-05
3.43383009408694e-05
3.43371218624455e-05
3.43359428649911e-05
3.43347639484979e-05
3.43335851129575e-05
3.43324063583617e-05
3.4331227684702e-05
3.43300490919702e-05
3.43288705801579e-05
3.43276921492568e-05
3.43265137992585e-05
3.43253355301548e-05
3.43241573419373e-05
3.43229792345976e-05
3.43218012081274e-05
3.43206232625184e-05
3.43194453977624e-05
3.43182676138509e-05
3.43170899107756e-05
3.43159122885282e-05
3.43147347471004e-05
3.43135572864839e-05
3.43123799066703e-05
3.43112026076514e-05
3.43100253894188e-05
3.43088482519642e-05
3.43076711952793e-05
3.43064942193557e-05
3.43053173241853e-05
3.43041405097595e-05
3.43029637760703e-05
3.43017871231091e-05
3.43006105508678e-05
3.4299434059338e-05
3.42982576485115e-05
3.42970813183798e-05
3.42959050689348e-05
3.4294728900168e-05
3.42935528120713e-05
3.42923768046363e-05
3.42912008778547e-05
3.42900250317183e-05
3.42888492662186e-05
3.42876735813475e-05
3.42864979770966e-05
3.42853224534577e-05
3.42841470104224e-05
3.42829716479824e-05
3.42817963661296e-05
3.42806211648555e-05
3.42794460441519e-05
3.42782710040106e-05
3.42770960444231e-05
3.42759211653813e-05
3.42747463668769e-05
3.42735716489015e-05
3.4272397011447e-05
3.4271222454505e-05
3.42700479780672e-05
3.42688735821254e-05
3.42676992666712e-05
3.42665250316965e-05
3.4265350877193e-05
3.42641768031523e-05
3.42630028095662e-05
3.42618288964265e-05
3.42606550637248e-05
3.42594813114529e-05
3.42583076396026e-05
3.42571340481655e-05
3.42559605371335e-05
3.42547871064981e-05
3.42536137562513e-05
3.42524404863847e-05
3.425126729689e-05
3.4250094187759e-05
3.42489211589835e-05
3.42477482105552e-05
3.42465753424658e-05
3.4245402554707e-05
3.42442298472707e-05
3.42430572201486e-05
3.42418846733324e-05
3.42407122068139e-05
3.42395398205848e-05
3.42383675146369e-05
3.42371952889619e-05
3.42360231435516e-05
3.42348510783978e-05
3.42336790934922e-05
3.42325071888265e-05
3.42313353643926e-05
3.42301636201821e-05
3.42289919561869e-05
3.42278203723987e-05
3.42266488688093e-05
3.42254774454104e-05
3.42243061021938e-05
3.42231348391513e-05
3.42219636562746e-05
3.42207925535555e-05
3.42196215309859e-05
3.42184505885573e-05
3.42172797262618e-05
3.42161089440909e-05
3.42149382420365e-05
3.42137676200903e-05
3.42125970782442e-05
3.42114266164899e-05
3.42102562348192e-05
3.42090859332239e-05
3.42079157116957e-05
3.42067455702265e-05
3.42055755088079e-05
3.42044055274319e-05
3.42032356260902e-05
3.42020658047746e-05
3.42008960634769e-05
3.41997264021888e-05
3.41985568209022e-05
3.41973873196088e-05
3.41962178983004e-05
3.4195048556969e-05
3.41938792956061e-05
3.41927101142037e-05
3.41915410127534e-05
3.41903719912473e-05
3.41892030496769e-05
3.41880341880342e-05
3.41868654063109e-05
3.41856967044988e-05
3.41845280825898e-05
3.41833595405757e-05
3.41821910784481e-05
3.41810226961991e-05
3.41798543938203e-05
3.41786861713036e-05
3.41775180286408e-05
3.41763499658236e-05
3.41751819828441e-05
3.41740140796938e-05
3.41728462563647e-05
3.41716785128485e-05
3.41705108491372e-05
3.41693432652224e-05
3.41681757610961e-05
3.416700833675e-05
3.4165840992176e-05
3.41646737273659e-05
3.41635065423115e-05
3.41623394370046e-05
3.41611724114372e-05
3.41600054656009e-05
3.41588385994876e-05
3.41576718130892e-05
3.41565051063975e-05
3.41553384794043e-05
3.41541719321015e-05
3.41530054644809e-05
3.41518390765343e-05
3.41506727682535e-05
3.41495065396305e-05
3.4148340390657e-05
3.41471743213249e-05
3.4146008331626e-05
3.41448424215522e-05
3.41436765910953e-05
3.41425108402472e-05
3.41413451689997e-05
3.41401795773446e-05
3.41390140652738e-05
3.41378486327792e-05
3.41366832798525e-05
3.41355180064857e-05
3.41343528126707e-05
3.41331876983992e-05
3.41320226636631e-05
3.41308577084542e-05
3.41296928327645e-05
3.41285280365858e-05
3.41273633199099e-05
3.41261986827287e-05
3.41250341250341e-05
3.41238696468179e-05
3.41227052480721e-05
3.41215409287883e-05
3.41203766889586e-05
3.41192125285748e-05
3.41180484476288e-05
3.41168844461124e-05
3.41157205240175e-05
3.41145566813359e-05
3.41133929180596e-05
3.41122292341805e-05
3.41110656296903e-05
3.4109902104581e-05
3.41087386588444e-05
3.41075752924725e-05
3.4106412005457e-05
3.410524879779e-05
3.41040856694632e-05
3.41029226204686e-05
3.4101759650798e-05
3.41005967604433e-05
3.40994339493964e-05
3.40982712176493e-05
3.40971085651937e-05
3.40959459920216e-05
3.40947834981248e-05
3.40936210834953e-05
3.40924587481249e-05
3.40912964920056e-05
3.40901343151292e-05
3.40889722174876e-05
3.40878101990728e-05
3.40866482598766e-05
3.40854863998909e-05
3.40843246191077e-05
3.40831629175187e-05
3.4082001295116e-05
3.40808397518915e-05
3.4079678287837e-05
3.40785169029444e-05
3.40773555972057e-05
3.40761943706127e-05
3.40750332231574e-05
3.40738721548317e-05
3.40727111656274e-05
3.40715502555366e-05
3.40703894245511e-05
3.40692286726629e-05
3.40680679998637e-05
3.40669074061457e-05
3.40657468915006e-05
3.40645864559204e-05
3.40634260993971e-05
3.40622658219225e-05
3.40611056234885e-05
3.40599455040872e-05
3.40587854637104e-05
3.405762550235e-05
3.4056465619998e-05
3.40553058166462e-05
3.40541460922867e-05
3.40529864469114e-05
3.40518268805121e-05
3.40506673930809e-05
3.40495079846096e-05
3.40483486550902e-05
3.40471894045147e-05
3.40460302328748e-05
3.40448711401627e-05
3.40437121263703e-05
3.40425531914894e-05
3.4041394335512e-05
3.40402355584301e-05
3.40390768602356e-05
3.40379182409204e-05
3.40367597004765e-05
3.40356012388959e-05
3.40344428561704e-05
3.40332845522921e-05
3.40321263272529e-05
3.40309681810448e-05
3.40298101136596e-05
3.40286521250893e-05
3.4027494215326e-05
3.40263363843615e-05
3.40251786321878e-05
3.40240209587969e-05
3.40228633641807e-05
3.40217058483312e-05
3.40205484112404e-05
3.40193910529002e-05
3.40182337733025e-05
3.40170765724394e-05
3.40159194503027e-05
3.40147624068846e-05
3.40136054421769e-05
3.40124485561716e-05
3.40112917488606e-05
3.4010135020236e-05
3.40089783702898e-05
3.40078217990138e-05
3.40066653064001e-05
3.40055088924406e-05
3.40043525571273e-05
3.40031963004522e-05
3.40020401224073e-05
3.40008840229846e-05
3.3999728002176e-05
3.39985720599735e-05
3.39974161963691e-05
3.39962604113547e-05
3.39951047049225e-05
3.39939490770643e-05
3.39927935277721e-05
3.3991638057038e-05
3.39904826648538e-05
3.39893273512117e-05
3.39881721161036e-05
3.39870169595215e-05
3.39858618814573e-05
3.39847068819031e-05
3.3983551960851e-05
3.39823971182927e-05
3.39812423542205e-05
3.39800876686262e-05
3.39789330615019e-05
3.39777785328395e-05
3.39766240826311e-05
3.39754697108688e-05
3.39743154175443e-05
3.39731612026499e-05
3.39720070661775e-05
3.3970853008119e-05
3.39696990284666e-05
3.39685451272122e-05
3.39673913043478e-05
3.39662375598655e-05
3.39650838937572e-05
3.3963930306015e-05
3.39627767966309e-05
3.39616233655969e-05
3.3960470012905e-05
3.39593167385472e-05
3.39581635425156e-05
3.39570104248022e-05
3.3955857385399e-05
3.3954704424298e-05
3.39535515414912e-05
3.39523987369708e-05
3.39512460107286e-05
3.39500933627567e-05
3.39489407930473e-05
3.39477883015922e-05
3.39466358883835e-05
3.39454835534132e-05
3.39443312966735e-05
3.39431791181562e-05
3.39420270178535e-05
3.39408749957574e-05
3.39397230518599e-05
3.39385711861531e-05
3.39374193986289e-05
3.39362676892795e-05
3.39351160580969e-05
3.39339645050731e-05
3.39328130302002e-05
3.39316616334702e-05
3.39305103148751e-05
3.39293590744071e-05
3.39282079120581e-05
3.39270568278202e-05
3.39259058216854e-05
3.39247548936459e-05
3.39236040436936e-05
3.39224532718206e-05
3.3921302578019e-05
3.39201519622808e-05
3.39190014245981e-05
3.39178509649629e-05
3.39167005833673e-05
3.39155502798033e-05
3.3914400054263e-05
3.39132499067386e-05
3.39120998372219e-05
3.39109498457052e-05
3.39097999321804e-05
3.39086500966397e-05
3.3907500339075e-05
3.39063506594785e-05
3.39052010578423e-05
3.39040515341583e-05
3.39029020884188e-05
3.39017527206157e-05
3.39006034307411e-05
3.38994542187871e-05
3.38983050847458e-05
3.38971560286092e-05
3.38960070503695e-05
3.38948581500186e-05
3.38937093275488e-05
3.3892560582952e-05
3.38914119162204e-05
3.38902633273461e-05
3.3889114816321e-05
3.38879663831373e-05
3.38868180277872e-05
3.38856697502626e-05
3.38845215505557e-05
3.38833734286586e-05
3.38822253845633e-05
3.38810774182619e-05
3.38799295297466e-05
3.38787817190094e-05
3.38776339860424e-05
3.38764863308378e-05
3.38753387533875e-05
3.38741912536838e-05
3.38730438317187e-05
3.38718964874843e-05
3.38707492209728e-05
3.38696020321761e-05
3.38684549210865e-05
3.3867307887696e-05
3.38661609319968e-05
3.38650140539808e-05
3.38638672536404e-05
3.38627205309675e-05
3.38615738859542e-05
3.38604273185928e-05
3.38592808288752e-05
3.38581344167936e-05
3.38569880823402e-05
3.3855841825507e-05
3.38546956462861e-05
3.38535495446698e-05
3.385240352065e-05
3.38512575742189e-05
3.38501117053686e-05
3.38489659140913e-05
3.38478202003791e-05
3.38466745642241e-05
3.38455290056184e-05
3.38443835245541e-05
3.38432381210234e-05
3.38420927950184e-05
3.38409475465313e-05
3.38398023755541e-05
3.3838657282079e-05
3.38375122660982e-05
3.38363673276037e-05
3.38352224665877e-05
3.38340776830424e-05
3.38329329769598e-05
3.38317883483321e-05
3.38306437971515e-05
3.382949932341e-05
3.38283549270999e-05
3.38272106082132e-05
3.38260663667422e-05
3.38249222026789e-05
3.38237781160156e-05
3.38226341067442e-05
3.38214901748571e-05
3.38203463203463e-05
3.3819202543204e-05
3.38180588434224e-05
3.38169152209935e-05
3.38157716759096e-05
3.38146282081628e-05
3.38134848177453e-05
3.38123415046492e-05
3.38111982688666e-05
3.38100551103898e-05
3.38089120292109e-05
3.3807769025322e-05
3.38066260987153e-05
3.3805483249383e-05
3.38043404773173e-05
3.38031977825102e-05
3.3802055164954e-05
3.38009126246409e-05
3.37997701615629e-05
3.37986277757123e-05
3.37974854670813e-05
3.37963432356619e-05
3.37952010814464e-05
3.3794059004427e-05
3.37929170045958e-05
3.37917750819451e-05
3.37906332364669e-05
3.37894914681534e-05
3.37883497769969e-05
3.37872081629895e-05
3.37860666261234e-05
3.37849251663908e-05
3.37837837837838e-05
3.37826424782946e-05
3.37815012499155e-05
3.37803600986387e-05
3.37792190244562e-05
3.37780780273602e-05
3.37769371073431e-05
3.37757962643969e-05
3.37746554985139e-05
3.37735148096862e-05
3.37723741979061e-05
3.37712336631657e-05
3.37700932054572e-05
3.37689528247729e-05
3.37678125211049e-05
3.37666722944454e-05
3.37655321447866e-05
3.37643920721207e-05
3.376325207644e-05
3.37621121577366e-05
3.37609723160027e-05
3.37598325512305e-05
3.37586928634123e-05
3.37575532525403e-05
3.37564137186065e-05
3.37552742616034e-05
3.3754134881523e-05
3.37529955783576e-05
3.37518563520994e-05
3.37507172027406e-05
3.37495781302734e-05
3.374843913469e-05
3.37473002159827e-05
3.37461613741437e-05
3.37450226091651e-05
3.37438839210393e-05
3.37427453097584e-05
3.37416067753146e-05
3.37404683177003e-05
3.37393299369075e-05
3.37381916329285e-05
3.37370534057555e-05
3.37359152553809e-05
3.37347771817967e-05
3.37336391849953e-05
3.37325012649688e-05
3.37313634217095e-05
3.37302256552096e-05
3.37290879654614e-05
3.37279503524571e-05
3.37268128161889e-05
3.3725675356649e-05
3.37245379738298e-05
3.37234006677233e-05
3.3722263438322e-05
3.37211262856179e-05
3.37199892096035e-05
3.37188522102708e-05
3.37177152876121e-05
3.37165784416197e-05
3.37154416722859e-05
3.37143049796028e-05
3.37131683635628e-05
3.3712031824158e-05
3.37108953613808e-05
3.37097589752233e-05
3.37086226656779e-05
3.37074864327367e-05
3.37063502763921e-05
3.37052141966362e-05
3.37040781934614e-05
3.37029422668599e-05
3.37018064168239e-05
3.37006706433458e-05
3.36995349464177e-05
3.3698399326032e-05
3.36972637821809e-05
3.36961283148566e-05
3.36949929240515e-05
3.36938576097577e-05
3.36927223719677e-05
3.36915872106735e-05
3.36904521258675e-05
3.3689317117542e-05
3.36881821856893e-05
3.36870473303015e-05
3.3685912551371e-05
3.36847778488901e-05
3.3683643222851e-05
3.3682508673246e-05
3.36813742000674e-05
3.36802398033074e-05
3.36791054829584e-05
3.36779712390126e-05
3.36768370714622e-05
3.36757029802997e-05
3.36745689655172e-05
3.36734350271071e-05
3.36723011650616e-05
3.3671167379373e-05
3.36700336700337e-05
3.36689000370358e-05
3.36677664803717e-05
3.36666330000337e-05
3.3665499596014e-05
3.3664366268305e-05
3.36632330168989e-05
3.36620998417881e-05
3.36609667429649e-05
3.36598337204214e-05
3.36587007741501e-05
3.36575679041432e-05
3.36564351103931e-05
3.3655302392892e-05
3.36541697516322e-05
3.36530371866061e-05
3.36519046978059e-05
3.36507722852239e-05
3.36496399488525e-05
3.3648507688684e-05
3.36473755047106e-05
3.36462433969247e-05
3.36451113653186e-05
3.36439794098846e-05
3.3642847530615e-05
3.36417157275021e-05
3.36405840005382e-05
3.36394523497157e-05
3.36383207750269e-05
3.36371892764641e-05
3.36360578540195e-05
3.36349265076856e-05
3.36337952374546e-05
3.36326640433189e-05
3.36315329252707e-05
3.36304018833025e-05
3.36292709174065e-05
3.36281400275751e-05
3.36270092138005e-05
3.36258784760752e-05
3.36247478143914e-05
3.36236172287415e-05
3.36224867191177e-05
3.36213562855126e-05
3.36202259279182e-05
3.36190956463271e-05
3.36179654407315e-05
3.36168353111238e-05
3.36157052574963e-05
3.36145752798413e-05
3.36134453781513e-05
3.36123155524184e-05
3.36111858026351e-05
3.36100561287937e-05
3.36089265308866e-05
3.36077970089061e-05
3.36066675628445e-05
3.36055381926942e-05
3.36044088984475e-05
3.36032796800968e-05
3.36021505376344e-05
3.36010214710527e-05
3.35998924803441e-05
3.35987635655008e-05
3.35976347265153e-05
3.35965059633798e-05
3.35953772760868e-05
3.35942486646286e-05
3.35931201289976e-05
3.35919916691861e-05
3.35908632851864e-05
3.3589734976991e-05
3.35886067445922e-05
3.35874785879824e-05
3.35863505071539e-05
3.35852225020991e-05
3.35840945728103e-05
3.358296671928e-05
3.35818389415004e-05
3.35807112394641e-05
3.35795836131632e-05
3.35784560625902e-05
3.35773285877376e-05
3.35762011885975e-05
3.35750738651625e-05
3.35739466174249e-05
3.3572819445377e-05
3.35716923490113e-05
3.35705653283201e-05
3.35694383832958e-05
3.35683115139308e-05
3.35671847202175e-05
3.35660580021482e-05
3.35649313597154e-05
3.35638047929113e-05
3.35626783017285e-05
3.35615518861592e-05
3.35604255461959e-05
3.3559299281831e-05
3.35581730930568e-05
3.35570469798658e-05
3.35559209422503e-05
3.35547949802027e-05
3.35536690937154e-05
3.35525432827808e-05
3.35514175473914e-05
3.35502918875394e-05
3.35491663032174e-05
3.35480407944176e-05
3.35469153611325e-05
3.35457900033546e-05
3.35446647210761e-05
3.35435395142895e-05
3.35424143829873e-05
3.35412893271617e-05
3.35401643468053e-05
3.35390394419104e-05
3.35379146124694e-05
3.35367898584747e-05
3.35356651799188e-05
3.35345405767941e-05
3.35334160490929e-05
3.35322915968077e-05
3.35311672199309e-05
3.35300429184549e-05
3.35289186923722e-05
3.3527794541675e-05
3.3526670466356e-05
3.35255464664074e-05
3.35244225418217e-05
3.35232986925913e-05
3.35221749187087e-05
3.35210512201663e-05
3.35199275969564e-05
3.35188040490715e-05
3.35176805765041e-05
3.35165571792466e-05
3.35154338572913e-05
3.35143106106307e-05
3.35131874392573e-05
3.35120643431635e-05
3.35109413223417e-05
3.35098183767844e-05
3.35086955064839e-05
3.35075727114328e-05
3.35064499916234e-05
3.35053273470482e-05
3.35042047776996e-05
3.35030822835701e-05
3.35019598646521e-05
3.3500837520938e-05
3.34997152524204e-05
3.34985930590915e-05
3.3497470940944e-05
3.34963488979701e-05
3.34952269301624e-05
3.34941050375134e-05
3.34929832200154e-05
3.34918614776609e-05
3.34907398104424e-05
3.34896182183523e-05
3.34884967013831e-05
3.34873752595272e-05
3.3486253892777e-05
3.34851326011251e-05
3.34840113845639e-05
3.34828902430858e-05
3.34817691766833e-05
3.34806481853489e-05
3.3479527269075e-05
3.3478406427854e-05
3.34772856616785e-05
3.3476164970541e-05
3.34750443544338e-05
3.34739238133494e-05
3.34728033472803e-05
3.3471682956219e-05
3.3470562640158e-05
3.34694423990896e-05
3.34683222330065e-05
3.34672021419009e-05
3.34660821257655e-05
3.34649621845927e-05
3.3463842318375e-05
3.34627225271048e-05
3.34616028107746e-05
3.3460483169377e-05
3.34593636029043e-05
3.3458244111349e-05
3.34571246947037e-05
3.34560053529609e-05
3.34548860861129e-05
3.34537668941523e-05
3.34526477770716e-05
3.34515287348632e-05
3.34504097675197e-05
3.34492908750334e-05
3.34481720573971e-05
3.3447053314603e-05
3.34459346466437e-05
3.34448160535117e-05
3.34436975351995e-05
3.34425790916995e-05
3.34414607230044e-05
3.34403424291065e-05
3.34392242099983e-05
3.34381060656724e-05
3.34369879961213e-05
3.34358700013374e-05
3.34347520813133e-05
3.34336342360415e-05
3.34325164655144e-05
3.34313987697245e-05
3.34302811486645e-05
3.34291636023267e-05
3.34280461307037e-05
3.34269287337879e-05
3.3425811411572e-05
3.34246941640484e-05
3.34235769912096e-05
3.34224598930481e-05
3.34213428695565e-05
3.34202259207272e-05
3.34191090465528e-05
3.34179922470258e-05
3.34168755221387e-05
3.3415758871884e-05
3.34146422962542e-05
3.34135257952419e-05
3.34124093688396e-05
3.34112930170398e-05
3.3410176739835e-05
3.34090605372177e-05
3.34079444091805e-05
3.34068283557159e-05
3.34057123768164e-05
3.34045964724746e-05
3.3403480642683e-05
3.3402364887434e-05
3.34012492067203e-05
3.34001336005344e-05
3.33990180688688e-05
3.3397902611716e-05
3.33967872290686e-05
3.33956719209191e-05
3.339455668726e-05
3.33934415280839e-05
3.33923264433833e-05
3.33912114331508e-05
3.33900964973789e-05
3.33889816360601e-05
3.3387866849187e-05
3.33867521367521e-05
3.3385637498748e-05
3.33845229351673e-05
3.33834084460023e-05
3.33822940312458e-05
3.33811796908903e-05
3.33800654249282e-05
3.33789512333523e-05
3.33778371161549e-05
3.33767230733287e-05
3.33756091048662e-05
3.33744952107599e-05
3.33733813910025e-05
3.33722676455865e-05
3.33711539745044e-05
3.33700403777489e-05
3.33689268553123e-05
3.33678134071874e-05
3.33667000333667e-05
3.33655867338427e-05
3.3364473508608e-05
3.33633603576552e-05
3.33622472809768e-05
3.33611342785655e-05
3.33600213504137e-05
3.3358908496514e-05
3.3357795716859e-05
3.33566830114413e-05
3.33555703802535e-05
3.33544578232881e-05
3.33533453405377e-05
3.33522329319948e-05
3.33511205976521e-05
3.33500083375021e-05
3.33488961515374e-05
3.33477840397506e-05
3.33466720021342e-05
3.33455600386808e-05
3.33444481493831e-05
3.33433363342336e-05
3.33422245932249e-05
3.33411129263495e-05
3.33400013336001e-05
3.33388898149692e-05
3.33377783704494e-05
3.33366670000333e-05
3.33355557037136e-05
3.33344444814827e-05
3.33333333333333e-05
3.3332222259258e-05
3.33311112592494e-05
3.33300003333e-05
3.33288894814025e-05
3.33277787035494e-05
3.33266679997334e-05
3.3325557369947e-05
3.33244468141829e-05
3.33233363324336e-05
3.33222259246918e-05
3.332111559095e-05
3.33200053312009e-05
3.3318895145437e-05
3.3317785033651e-05
3.33166749958354e-05
3.33155650319829e-05
3.33144551420861e-05
3.33133453261377e-05
3.33122355841301e-05
3.3311125916056e-05
3.3310016321908e-05
3.33089068016788e-05
3.33077973553609e-05
3.3306687982947e-05
3.33055786844296e-05
3.33044694598015e-05
3.33033603090552e-05
3.33022512321833e-05
3.33011422291785e-05
3.33000333000333e-05
3.32989244447404e-05
3.32978156632925e-05
3.32967069556821e-05
3.32955983219018e-05
3.32944897619444e-05
3.32933812758024e-05
3.32922728634684e-05
3.32911645249351e-05
3.32900562601951e-05
3.3288948069241e-05
3.32878399520655e-05
3.32867319086612e-05
3.32856239390207e-05
3.32845160431367e-05
3.32834082210018e-05
3.32823004726087e-05
3.32811927979499e-05
3.32800851970181e-05
3.3278977669806e-05
3.32778702163062e-05
3.32767628365113e-05
3.3275655530414e-05
3.32745482980069e-05
3.32734411392826e-05
3.32723340542339e-05
3.32712270428533e-05
3.32701201051336e-05
3.32690132410673e-05
3.32679064506471e-05
3.32667997338656e-05
3.32656930907155e-05
3.32645865211895e-05
3.32634800252802e-05
3.32623736029803e-05
3.32612672542824e-05
3.32601609791791e-05
3.32590547776632e-05
3.32579486497273e-05
3.3256842595364e-05
3.3255736614566e-05
3.3254630707326e-05
3.32535248736366e-05
3.32524191134905e-05
3.32513134268804e-05
3.32502078137988e-05
3.32491022742386e-05
3.32479968081923e-05
3.32468914156526e-05
3.32457860966123e-05
3.32446808510638e-05
3.3243575679e-05
3.32424705804135e-05
3.3241365555297e-05
3.32402606036431e-05
3.32391557254446e-05
3.3238050920694e-05
3.32369461893841e-05
3.32358415315076e-05
3.32347369470571e-05
3.32336324360253e-05
3.32325279984048e-05
3.32314236341885e-05
3.32303193433689e-05
3.32292151259387e-05
3.32281109818907e-05
3.32270069112174e-05
3.32259029139117e-05
3.32247989899661e-05
3.32236951393734e-05
3.32225913621262e-05
3.32214876582173e-05
3.32203840276394e-05
3.3219280470385e-05
3.3218176986447e-05
3.3217073575818e-05
3.32159702384907e-05
3.32148669744578e-05
3.3213763783712e-05
3.3212660666246e-05
3.32115576220525e-05
3.32104546511242e-05
3.32093517534538e-05
3.3208248929034e-05
3.32071461778575e-05
3.3206043499917e-05
3.32049408952052e-05
3.32038383637148e-05
3.32027359054386e-05
3.32016335203692e-05
3.32005312084993e-05
3.31994289698217e-05
3.31983268043291e-05
3.31972247120141e-05
3.31961226928695e-05
3.3195020746888e-05
3.31939188740623e-05
3.31928170743851e-05
3.31917153478492e-05
3.31906136944472e-05
3.31895121141719e-05
3.3188410607016e-05
3.31873091729723e-05
3.31862078120333e-05
3.31851065241919e-05
3.31840053094408e-05
3.31829041677728e-05
3.31818030991804e-05
3.31807021036565e-05
3.31796011811938e-05
3.3178500331785e-05
3.31773995554228e-05
3.31762988521001e-05
3.31751982218094e-05
3.31740976645435e-05
3.31729971802952e-05
3.31718967690573e-05
3.31707964308223e-05
3.31696961655831e-05
3.31685959733325e-05
3.3167495854063e-05
3.31663958077676e-05
3.31652958344388e-05
3.31641959340696e-05
3.31630961066525e-05
3.31619963521804e-05
3.3160896670646e-05
3.3159797062042e-05
3.31586975263612e-05
3.31575980635963e-05
3.315649867374e-05
3.31553993567853e-05
3.31543001127246e-05
3.31532009415509e-05
3.31521018432569e-05
3.31510028178352e-05
3.31499038652788e-05
3.31488049855803e-05
3.31477061787324e-05
3.3146607444728e-05
3.31455087835598e-05
3.31444101952206e-05
3.3143311679703e-05
3.3142213237e-05
3.31411148671041e-05
3.31400165700083e-05
3.31389183457052e-05
3.31378201941876e-05
3.31367221154483e-05
3.31356241094801e-05
3.31345261762757e-05
3.31334283158278e-05
3.31323305281293e-05
3.3131232813173e-05
3.31301351709515e-05
3.31290376014577e-05
3.31279401046843e-05
3.31268426806241e-05
3.31257453292699e-05
3.31246480506145e-05
3.31235508446505e-05
3.31224537113709e-05
3.31213566507684e-05
3.31202596628358e-05
3.31191627475657e-05
3.31180659049512e-05
3.31169691349848e-05
3.31158724376594e-05
3.31147758129677e-05
3.31136792609027e-05
3.3112582781457e-05
3.31114863746234e-05
3.31103900403947e-05
3.31092937787637e-05
3.31081975897232e-05
3.3107101473266e-05
3.31060054293849e-05
3.31049094580726e-05
3.3103813559322e-05
3.31027177331259e-05
3.3101621979477e-05
3.31005262983681e-05
3.30994306897921e-05
3.30983351537418e-05
3.30972396902098e-05
3.30961442991891e-05
3.30950489806725e-05
3.30939537346527e-05
3.30928585611225e-05
3.30917634600748e-05
3.30906684315023e-05
3.30895734753979e-05
3.30884785917544e-05
3.30873837805645e-05
3.30862890418211e-05
3.3085194375517e-05
3.30840997816449e-05
3.30830052601978e-05
3.30819108111685e-05
3.30808164345496e-05
3.30797221303341e-05
3.30786278985148e-05
3.30775337390844e-05
3.30764396520359e-05
3.30753456373619e-05
3.30742516950554e-05
3.30731578251091e-05
3.3072064027516e-05
3.30709703022687e-05
3.30698766493601e-05
3.30687830687831e-05
3.30676895605304e-05
3.30665961245949e-05
3.30655027609695e-05
3.30644094696469e-05
3.30633162506199e-05
3.30622231038815e-05
3.30611300294244e-05
3.30600370272415e-05
3.30589440973255e-05
3.30578512396694e-05
3.3056758454266e-05
3.3055665741108e-05
3.30545731001884e-05
3.30534805315e-05
3.30523880350355e-05
3.30512956107879e-05
3.305020325875e-05
3.30491109789147e-05
3.30480187712747e-05
3.30469266358229e-05
3.30458345725521e-05
3.30447425814553e-05
3.30436506625252e-05
3.30425588157547e-05
3.30414670411366e-05
3.30403753386638e-05
3.30392837083292e-05
3.30381921501255e-05
3.30371006640457e-05
3.30360092500826e-05
3.3034917908229e-05
3.30338266384778e-05
3.30327354408219e-05
3.3031644315254e-05
3.30305532617671e-05
3.30294622803541e-05
3.30283713710077e-05
3.30272805337209e-05
3.30261897684864e-05
3.30250990752972e-05
3.30240084541462e-05
3.30229179050261e-05
3.30218274279299e-05
3.30207370228503e-05
3.30196466897804e-05
3.30185564287129e-05
3.30174662396408e-05
3.30163761225568e-05
3.30152860774539e-05
3.30141961043249e-05
3.30131062031627e-05
3.30120163739601e-05
3.30109266167101e-05
3.30098369314056e-05
3.30087473180393e-05
3.30076577766042e-05
3.30065683070931e-05
3.3005478909499e-05
3.30043895838146e-05
3.3003300330033e-05
3.30022111481469e-05
3.30011220381493e-05
3.3000033000033e-05
3.29989440337909e-05
3.29978551394159e-05
3.29967663169009e-05
3.29956775662388e-05
3.29945888874225e-05
3.29935002804448e-05
3.29924117452986e-05
3.29913232819768e-05
3.29902348904724e-05
3.29891465707782e-05
3.29880583228871e-05
3.2986970146792e-05
3.29858820424858e-05
3.29847940099614e-05
3.29837060492117e-05
3.29826181602296e-05
3.29815303430079e-05
3.29804425975397e-05
3.29793549238177e-05
3.29782673218349e-05
3.29771797915842e-05
3.29760923330585e-05
3.29750049462507e-05
3.29739176311538e-05
3.29728303877605e-05
3.29717432160638e-05
3.29706561160567e-05
3.2969569087732e-05
3.29684821310827e-05
3.29673952461016e-05
3.29663084327817e-05
3.29652216911159e-05
3.2964135021097e-05
3.29630484227181e-05
3.2961961895972e-05
3.29608754408517e-05
3.295978905735e-05
3.29587027454599e-05
3.29576165051743e-05
3.29565303364862e-05
3.29554442393883e-05
3.29543582138738e-05
3.29532722599354e-05
3.29521863775662e-05
3.29511005667589e-05
3.29500148275067e-05
3.29489291598023e-05
3.29478435636388e-05
3.2946758039009e-05
3.29456725859058e-05
3.29445872043223e-05
3.29435018942514e-05
3.29424166556859e-05
3.29413314886188e-05
3.2940246393043e-05
3.29391613689515e-05
3.29380764163373e-05
3.29369915351932e-05
3.29359067255122e-05
3.29348219872872e-05
3.29337373205111e-05
3.2932652725177e-05
3.29315682012777e-05
3.29304837488063e-05
3.29293993677555e-05
3.29283150581185e-05
3.2927230819888e-05
3.29261466530572e-05
3.29250625576189e-05
3.2923978533566e-05
3.29228945808915e-05
3.29218106995885e-05
3.29207268896497e-05
3.29196431510682e-05
3.2918559483837e-05
3.29174758879489e-05
3.2916392363397e-05
3.29153089101741e-05
3.29142255282733e-05
3.29131422176875e-05
3.29120589784097e-05
3.29109758104328e-05
3.29098927137498e-05
3.29088096883536e-05
3.29077267342372e-05
3.29066438513936e-05
3.29055610398157e-05
3.29044782994966e-05
3.29033956304291e-05
3.29023130326062e-05
3.29012305060209e-05
3.29001480506662e-05
3.28990656665351e-05
3.28979833536204e-05
3.28969011119153e-05
3.28958189414125e-05
3.28947368421053e-05
3.28936548139864e-05
3.28925728570489e-05
3.28914909712857e-05
3.28904091566899e-05
3.28893274132544e-05
3.28882457409722e-05
3.28871641398362e-05
3.28860826098395e-05
3.2885001150975e-05
3.28839197632358e-05
3.28828384466147e-05
3.28817572011048e-05
3.28806760266991e-05
3.28795949233905e-05
3.28785138911721e-05
3.28774329300368e-05
3.28763520399776e-05
3.28752712209876e-05
3.28741904730596e-05
3.28731097961867e-05
3.28720291903619e-05
3.28709486555782e-05
3.28698681918285e-05
3.2868787799106e-05
3.28677074774035e-05
3.2866627226714e-05
3.28655470470306e-05
3.28644669383463e-05
3.2863386900654e-05
3.28623069339468e-05
3.28612270382176e-05
3.28601472134595e-05
3.28590674596655e-05
3.28579877768285e-05
3.28569081649417e-05
3.28558286239979e-05
3.28547491539902e-05
3.28536697549116e-05
3.28525904267552e-05
3.28515111695138e-05
3.28504319831806e-05
3.28493528677485e-05
3.28482738232106e-05
3.28471948495598e-05
3.28461159467893e-05
3.28450371148919e-05
3.28439583538608e-05
3.28428796636889e-05
3.28418010443693e-05
3.28407224958949e-05
3.28396440182588e-05
3.28385656114541e-05
3.28374872754737e-05
3.28364090103106e-05
3.2835330815958e-05
3.28342526924087e-05
3.28331746396559e-05
3.28320966576926e-05
3.28310187465117e-05
3.28299409061064e-05
3.28288631364696e-05
3.28277854375944e-05
3.28267078094738e-05
3.28256302521008e-05
3.28245527654686e-05
3.282347534957e-05
3.28223980043982e-05
3.28213207299462e-05
3.2820243526207e-05
3.28191663931736e-05
3.28180893308392e-05
3.28170123391966e-05
3.28159354182391e-05
3.28148585679596e-05
3.28137817883511e-05
3.28127050794067e-05
3.28116284411195e-05
3.28105518734825e-05
3.28094753764887e-05
3.28083989501312e-05
3.28073225944031e-05
3.28062463092973e-05
3.28051700948069e-05
3.28040939509251e-05
3.28030178776447e-05
3.2801941874959e-05
3.28008659428609e-05
3.27997900813435e-05
3.27987142903998e-05
3.2797638570023e-05
3.2796562920206e-05
3.27954873409419e-05
3.27944118322238e-05
3.27933363940447e-05
3.27922610263978e-05
3.2791185729276e-05
3.27901105026724e-05
3.27890353465801e-05
3.27879602609922e-05
3.27868852459016e-05
3.27858103013016e-05
3.27847354271851e-05
3.27836606235452e-05
3.2782585890375e-05
3.27815112276676e-05
3.2780436635416e-05
3.27793621136133e-05
3.27782876622525e-05
3.27772132813268e-05
3.27761389708292e-05
3.27750647307528e-05
3.27739905610907e-05
3.27729164618359e-05
3.27718424329816e-05
3.27707684745207e-05
3.27696945864465e-05
3.27686207687518e-05
3.276754702143e-05
3.27664733444739e-05
3.27653997378768e-05
3.27643262016317e-05
3.27632527357316e-05
3.27621793401697e-05
3.27611060149391e-05
3.27600327600328e-05
3.27589595754439e-05
3.27578864611655e-05
3.27568134171908e-05
3.27557404435127e-05
3.27546675401245e-05
3.27535947070191e-05
3.27525219441897e-05
3.27514492516294e-05
3.27503766293312e-05
3.27493040772884e-05
3.27482315954938e-05
3.27471591839408e-05
3.27460868426223e-05
3.27450145715315e-05
3.27439423706614e-05
3.27428702400052e-05
3.2741798179556e-05
3.27407261893069e-05
3.27396542692509e-05
3.27385824193812e-05
3.2737510639691e-05
3.27364389301732e-05
3.2735367290821e-05
3.27342957216275e-05
3.27332242225859e-05
3.27321527936892e-05
3.27310814349306e-05
3.27300101463031e-05
3.27289389278e-05
3.27278677794142e-05
3.27267967011389e-05
3.27257256929672e-05
3.27246547548923e-05
3.27235838869073e-05
3.27225130890052e-05
3.27214423611793e-05
3.27203717034225e-05
3.27193011157282e-05
3.27182305980893e-05
3.27171601504989e-05
3.27160897729503e-05
3.27150194654366e-05
3.27139492279508e-05
3.27128790604861e-05
3.27118089630357e-05
3.27107389355926e-05
3.27096689781499e-05
3.27085990907009e-05
3.27075292732387e-05
3.27064595257563e-05
3.2705389848247e-05
3.27043202407038e-05
3.27032507031199e-05
3.27021812354884e-05
3.27011118378025e-05
3.27000425100553e-05
3.26989732522399e-05
3.26979040643495e-05
3.26968349463772e-05
3.26957658983162e-05
3.26946969201596e-05
3.26936280119005e-05
3.26925591735321e-05
3.26914904050476e-05
3.269042170644e-05
3.26893530777026e-05
3.26882845188284e-05
3.26872160298107e-05
3.26861476106426e-05
3.26850792613172e-05
3.26840109818277e-05
3.26829427721672e-05
3.26818746323289e-05
3.2680806562306e-05
3.26797385620915e-05
3.26786706316787e-05
3.26776027710607e-05
3.26765349802307e-05
3.26754672591818e-05
3.26743996079072e-05
3.26733320264001e-05
3.26722645146535e-05
3.26711970726607e-05
3.26701297004149e-05
3.26690623979092e-05
3.26679951651367e-05
3.26669280020907e-05
3.26658609087643e-05
3.26647938851506e-05
3.26637269312429e-05
3.26626600470342e-05
3.26615932325179e-05
3.2660526487687e-05
3.26594598125347e-05
3.26583932070542e-05
3.26573266712387e-05
3.26562602050813e-05
3.26551938085753e-05
3.26541274817137e-05
3.26530612244898e-05
3.26519950368968e-05
3.26509289189277e-05
3.26498628705759e-05
3.26487968918345e-05
3.26477309826967e-05
3.26466651431556e-05
3.26455993732045e-05
3.26445336728365e-05
3.26434680420448e-05
3.26424024808226e-05
3.26413369891631e-05
3.26402715670594e-05
3.26392062145049e-05
3.26381409314925e-05
3.26370757180157e-05
3.26360105740674e-05
3.2634945499641e-05
3.26338804947296e-05
3.26328155593265e-05
3.26317506934247e-05
3.26306858970176e-05
3.26296211700982e-05
3.26285565126599e-05
3.26274919246957e-05
3.2626427406199e-05
3.26253629571629e-05
3.26242985775806e-05
3.26232342674453e-05
3.26221700267502e-05
3.26211058554885e-05
3.26200417536534e-05
3.26189777212382e-05
3.2617913758236e-05
3.26168498646401e-05
3.26157860404436e-05
3.26147222856397e-05
3.26136586002218e-05
3.26125949841829e-05
3.26115314375163e-05
3.26104679602152e-05
3.26094045522729e-05
3.26083412136825e-05
3.26072779444372e-05
3.26062147445303e-05
3.2605151613955e-05
3.26040885527045e-05
3.2603025560772e-05
3.26019626381508e-05
3.26008997848341e-05
3.2599837000815e-05
3.25987742860868e-05
3.25977116406428e-05
3.25966490644762e-05
3.25955865575801e-05
3.25945241199478e-05
3.25934617515726e-05
3.25923994524477e-05
3.25913372225662e-05
3.25902750619215e-05
3.25892129705068e-05
3.25881509483152e-05
3.258708899534e-05
3.25860271115746e-05
3.2584965297012e-05
3.25839035516455e-05
3.25828418754684e-05
3.25817802684739e-05
3.25807187306552e-05
3.25796572620056e-05
3.25785958625183e-05
3.25775345321866e-05
3.25764732710037e-05
3.25754120789628e-05
3.25743509560572e-05
3.25732899022801e-05
3.25722289176248e-05
3.25711680020846e-05
3.25701071556525e-05
3.2569046378322e-05
3.25679856700863e-05
3.25669250309386e-05
3.25658644608721e-05
3.25648039598802e-05
3.2563743527956e-05
3.25626831650928e-05
3.25616228712839e-05
3.25605626465225e-05
3.25595024908019e-05
3.25584424041154e-05
3.25573823864561e-05
3.25563224378174e-05
3.25552625581925e-05
3.25542027475747e-05
3.25531430059572e-05
3.25520833333333e-05
3.25510237296963e-05
3.25499641950394e-05
3.25489047293559e-05
3.2547845332639e-05
3.2546786004882e-05
3.25457267460782e-05
3.25446675562209e-05
3.25436084353033e-05
3.25425493833187e-05
3.25414904002603e-05
3.25404314861215e-05
3.25393726408955e-05
3.25383138645755e-05
3.25372551571549e-05
3.2536196518627e-05
3.25351379489849e-05
3.2534079448222e-05
3.25330210163316e-05
3.25319626533069e-05
3.25309043591412e-05
3.25298461338278e-05
3.252878797736e-05
3.2527729889731e-05
3.25266718709342e-05
3.25256139209628e-05
3.25245560398101e-05
3.25234982274693e-05
3.25224404839339e-05
3.25213828091971e-05
3.2520325203252e-05
3.25192676660922e-05
3.25182101977107e-05
3.2517152798101e-05
3.25160954672563e-05
3.25150382051699e-05
3.25139810118351e-05
3.25129238872452e-05
3.25118668313935e-05
3.25108098442732e-05
3.25097529258778e-05
3.25086960762004e-05
3.25076392952344e-05
3.25065825829731e-05
3.25055259394097e-05
3.25044693645376e-05
3.25034128583501e-05
3.25023564208405e-05
3.25013000520021e-05
3.25002437518281e-05
3.2499187520312e-05
3.24981313574469e-05
3.24970752632263e-05
3.24960192376434e-05
3.24949632806915e-05
3.24939073923639e-05
3.2492851572654e-05
3.24917958215551e-05
3.24907401390604e-05
3.24896845251633e-05
3.2488628979857e-05
3.24875735031351e-05
3.24865180949906e-05
3.2485462755417e-05
3.24844074844075e-05
3.24833522819555e-05
3.24822971480543e-05
3.24812420826972e-05
3.24801870858776e-05
3.24791321575888e-05
3.2478077297824e-05
3.24770225065766e-05
3.247596778384e-05
3.24749131296074e-05
3.24738585438722e-05
3.24728040266277e-05
3.24717495778673e-05
3.24706951975842e-05
3.24696408857718e-05
3.24685866424235e-05
3.24675324675325e-05
3.24664783610922e-05
3.24654243230959e-05
3.2464370353537e-05
3.24633164524088e-05
3.24622626197046e-05
3.24612088554178e-05
3.24601551595417e-05
3.24591015320696e-05
3.24580479729949e-05
3.24569944823109e-05
3.2455941060011e-05
3.24548877060885e-05
3.24538344205368e-05
3.24527812033491e-05
3.24517280545189e-05
3.24506749740395e-05
3.24496219619041e-05
3.24485690181063e-05
3.24475161426393e-05
3.24464633354964e-05
3.24454105966711e-05
3.24443579261566e-05
3.24433053239464e-05
3.24422527900337e-05
3.2441200324412e-05
3.24401479270745e-05
3.24390955980147e-05
3.24380433372259e-05
3.24369911447014e-05
3.24359390204346e-05
3.24348869644189e-05
3.24338349766476e-05
3.24327830571141e-05
3.24317312058118e-05
3.24306794227339e-05
3.24296277078739e-05
3.24285760612252e-05
3.2427524482781e-05
3.24264729725348e-05
3.24254215304799e-05
3.24243701566097e-05
3.24233188509176e-05
3.24222676133969e-05
3.2421216444041e-05
3.24201653428432e-05
3.24191143097971e-05
3.24180633448958e-05
3.24170124481328e-05
3.24159616195014e-05
3.24149108589951e-05
3.24138601666072e-05
3.24128095423311e-05
3.24117589861602e-05
3.24107084980878e-05
3.24096580781073e-05
3.24086077262121e-05
3.24075574423956e-05
3.24065072266511e-05
3.24054570789721e-05
3.24044069993519e-05
3.24033569877839e-05
3.24023070442615e-05
3.24012571687782e-05
3.24002073613271e-05
3.23991576219018e-05
3.23981079504957e-05
3.23970583471021e-05
3.23960088117144e-05
3.2394959344326e-05
3.23939099449304e-05
3.23928606135208e-05
3.23918113500907e-05
3.23907621546335e-05
3.23897130271426e-05
3.23886639676113e-05
3.23876149760332e-05
3.23865660524015e-05
3.23855171967096e-05
3.23844684089511e-05
3.23834196891192e-05
3.23823710372073e-05
3.2381322453209e-05
3.23802739371175e-05
3.23792254889263e-05
3.23781771086288e-05
3.23771287962184e-05
3.23760805516884e-05
3.23750323750324e-05
3.23739842662436e-05
3.23729362253156e-05
3.23718882522418e-05
3.23708403470154e-05
3.236979250963e-05
3.2368744740079e-05
3.23676970383557e-05
3.23666494044536e-05
3.23656018383662e-05
3.23645543400867e-05
3.23635069096087e-05
3.23624595469256e-05
3.23614122520307e-05
3.23603650249175e-05
3.23593178655794e-05
3.23582707740098e-05
3.23572237502022e-05
3.235617679415e-05
3.23551299058466e-05
3.23540830852854e-05
3.23530363324598e-05
3.23519896473633e-05
3.23509430299893e-05
3.23498964803313e-05
3.23488499983826e-05
3.23478035841366e-05
3.23467572375869e-05
3.23457109587269e-05
3.23446647475499e-05
3.23436186040494e-05
3.23425725282189e-05
3.23415265200517e-05
3.23404805795414e-05
3.23394347066813e-05
3.23383889014649e-05
3.23373431638857e-05
3.23362974939369e-05
3.23352518916122e-05
3.2334206356905e-05
3.23331608898086e-05
3.23321154903165e-05
3.23310701584222e-05
3.23300248941192e-05
3.23289796974008e-05
3.23279345682604e-05
3.23268895066917e-05
3.23258445126879e-05
3.23247995862426e-05
3.23237547273491e-05
3.2322709936001e-05
3.23216652121917e-05
3.23206205559147e-05
3.23195759671633e-05
3.23185314459311e-05
3.23174869922115e-05
3.23164426059979e-05
3.23153982872839e-05
3.23143540360628e-05
3.23133098523282e-05
3.23122657360734e-05
3.2311221687292e-05
3.23101777059774e-05
3.2309133792123e-05
3.23080899457224e-05
3.2307046166769e-05
3.23060024552562e-05
3.23049588111775e-05
3.23039152345264e-05
3.23028717252964e-05
3.23018282834808e-05
3.23007849090733e-05
3.22997416020672e-05
3.2298698362456e-05
3.22976551902332e-05
3.22966120853922e-05
3.22955690479266e-05
3.22945260778298e-05
3.22934831750953e-05
3.22924403397165e-05
3.22913975716869e-05
3.2290354871e-05
3.22893122376493e-05
3.22882696716283e-05
3.22872271729304e-05
3.22861847415491e-05
3.22851423774779e-05
3.22841000807103e-05
3.22830578512397e-05
3.22820156890596e-05
3.22809735941636e-05
3.22799315665451e-05
3.22788896061976e-05
3.22778477131145e-05
3.22768058872894e-05
3.22757641287157e-05
3.2274722437387e-05
3.22736808132968e-05
3.22726392564384e-05
3.22715977668054e-05
3.22705563443914e-05
3.22695149891897e-05
3.22684737011939e-05
3.22674324803975e-05
3.2266391326794e-05
3.22653502403769e-05
3.22643092211396e-05
3.22632682690757e-05
3.22622273841786e-05
3.22611865664419e-05
3.22601458158591e-05
3.22591051324236e-05
3.2258064516129e-05
3.22570239669688e-05
3.22559834849365e-05
3.22549430700255e-05
3.22539027222294e-05
3.22528624415417e-05
3.22518222279559e-05
3.22507820814655e-05
3.2249742002064e-05
3.22487019897449e-05
3.22476620445018e-05
3.22466221663281e-05
3.22455823552173e-05
3.22445426111631e-05
3.22435029341588e-05
3.2242463324198e-05
3.22414237812742e-05
3.22403843053809e-05
3.22393448965117e-05
3.22383055546601e-05
3.22372662798195e-05
3.22362270719835e-05
3.22351879311456e-05
3.22341488572994e-05
3.22331098504384e-05
3.2232070910556e-05
3.22310320376458e-05
3.22299932317014e-05
3.22289544927163e-05
3.22279158206839e-05
3.22268772155978e-05
3.22258386774516e-05
3.22248002062387e-05
3.22237618019528e-05
3.22227234645872e-05
3.22216851941357e-05
3.22206469905916e-05
3.22196088539485e-05
3.22185707842e-05
3.22175327813396e-05
3.22164948453608e-05
3.22154569762572e-05
3.22144191740223e-05
3.22133814386496e-05
3.22123437701327e-05
3.22113061684651e-05
3.22102686336404e-05
3.22092311656521e-05
3.22081937644937e-05
3.22071564301588e-05
3.22061191626409e-05
3.22050819619336e-05
3.22040448280304e-05
3.22030077609249e-05
3.22019707606105e-05
3.2200933827081e-05
3.21998969603297e-05
3.21988601603503e-05
3.21978234271363e-05
3.21967867606813e-05
3.21957501609788e-05
3.21947136280223e-05
3.21936771618054e-05
3.21926407623217e-05
3.21916044295648e-05
3.21905681635281e-05
3.21895319642052e-05
3.21884958315898e-05
3.21874597656753e-05
3.21864237664553e-05
3.21853878339234e-05
3.21843519680731e-05
3.2183316168898e-05
3.21822804363917e-05
3.21812447705477e-05
3.21802091713596e-05
3.2179173638821e-05
3.21781381729253e-05
3.21771027736663e-05
3.21760674410374e-05
3.21750321750322e-05
3.21739969756443e-05
3.21729618428673e-05
3.21719267766947e-05
3.21708917771201e-05
3.2169856844137e-05
3.21688219777392e-05
3.216778717792e-05
3.21667524446732e-05
3.21657177779922e-05
3.21646831778707e-05
3.21636486443022e-05
3.21626141772803e-05
3.21615797767986e-05
3.21605454428507e-05
3.21595111754301e-05
3.21584769745305e-05
3.21574428401453e-05
3.21564087722683e-05
3.2155374770893e-05
3.21543408360129e-05
3.21533069676216e-05
3.21522731657128e-05
3.215123943028e-05
3.21502057613169e-05
3.21491721588169e-05
3.21481386227737e-05
3.2147105153181e-05
3.21460717500321e-05
3.21450384133209e-05
3.21440051430408e-05
3.21429719391855e-05
3.21419388017485e-05
3.21409057307235e-05
3.2139872726104e-05
3.21388397878837e-05
3.2137806916056e-05
3.21367741106148e-05
3.21357413715534e-05
3.21347086988656e-05
3.2133676092545e-05
3.21326435525851e-05
3.21316110789795e-05
3.21305786717219e-05
3.21295463308058e-05
3.21285140562249e-05
3.21274818479728e-05
3.2126449706043e-05
3.21254176304292e-05
3.2124385621125e-05
3.2123353678124e-05
3.21223218014198e-05
3.2121289991006e-05
3.21202582468763e-05
3.21192265690242e-05
3.21181949574434e-05
3.21171634121274e-05
3.211613193307e-05
3.21151005202646e-05
3.2114069173705e-05
3.21130378933847e-05
3.21120066792974e-05
3.21109755314366e-05
3.21099444497961e-05
3.21089134343694e-05
3.21078824851501e-05
3.21068516021319e-05
3.21058207853084e-05
3.21047900346732e-05
3.21037593502199e-05
3.21027287319422e-05
3.21016981798337e-05
3.2100667693888e-05
3.20996372740988e-05
3.20986069204597e-05
3.20975766329642e-05
3.20965464116061e-05
3.2095516256379e-05
3.20944861672765e-05
3.20934561442922e-05
3.20924261874198e-05
3.20913962966529e-05
3.20903664719851e-05
3.20893367134101e-05
3.20883070209216e-05
3.20872773945131e-05
3.20862478341783e-05
3.20852183399108e-05
3.20841889117043e-05
3.20831595495524e-05
3.20821302534488e-05
3.20811010233871e-05
3.2080071859361e-05
3.2079042761364e-05
3.20780137293899e-05
3.20769847634322e-05
3.20759558634847e-05
3.2074927029541e-05
3.20738982615947e-05
3.20728695596395e-05
3.2071840923669e-05
3.20708123536769e-05
3.20697838496569e-05
3.20687554116025e-05
3.20677270395074e-05
3.20666987333654e-05
3.206567049317e-05
3.20646423189149e-05
3.20636142105938e-05
3.20625861682003e-05
3.20615581917281e-05
3.20605302811708e-05
3.20595024365222e-05
3.20584746577758e-05
3.20574469449253e-05
3.20564192979644e-05
3.20553917168868e-05
3.20543642016861e-05
3.20533367523559e-05
3.205230936889e-05
3.20512820512821e-05
3.20502547995257e-05
3.20492276136145e-05
3.20482004935423e-05
3.20471734393027e-05
3.20461464508893e-05
3.20451195282958e-05
3.2044092671516e-05
3.20430658805435e-05
3.20420391553718e-05
3.20410124959949e-05
3.20399859024062e-05
3.20389593745995e-05
3.20379329125685e-05
3.20369065163068e-05
3.20358801858081e-05
3.20348539210661e-05
3.20338277220745e-05
3.2032801588827e-05
3.20317755213171e-05
3.20307495195388e-05
3.20297235834855e-05
3.2028697713151e-05
3.2027671908529e-05
3.20266461696131e-05
3.20256204963971e-05
3.20245948888747e-05
3.20235693470394e-05
3.20225438708851e-05
3.20215184604054e-05
3.2020493115594e-05
3.20194678364446e-05
3.20184426229508e-05
3.20174174751065e-05
3.20163923929052e-05
3.20153673763406e-05
3.20143424254066e-05
3.20133175400967e-05
3.20122927204046e-05
3.20112679663241e-05
3.20102432778489e-05
3.20092186549726e-05
3.2008194097689e-05
3.20071696059917e-05
3.20061451798745e-05
3.20051208193311e-05
3.20040965243551e-05
3.20030722949403e-05
3.20020481310804e-05
3.2001024032769e-05
3.2e-05
3.1998976032767e-05
3.19979521310636e-05
3.19969282948837e-05
3.19959045242209e-05
3.19948808190689e-05
3.19938571794215e-05
3.19928336052724e-05
3.19918100966153e-05
3.19907866534438e-05
3.19897632757518e-05
3.19887399635328e-05
3.19877167167808e-05
3.19866935354892e-05
3.1985670419652e-05
3.19846473692628e-05
3.19836243843152e-05
3.19826014648031e-05
3.19815786107202e-05
3.19805558220602e-05
3.19795330988168e-05
3.19785104409837e-05
3.19774878485546e-05
3.19764653215234e-05
3.19754428598836e-05
3.19744204636291e-05
3.19733981327536e-05
3.19723758672507e-05
3.19713536671143e-05
3.1970331532338e-05
3.19693094629156e-05
3.19682874588408e-05
3.19672655201074e-05
3.19662436467091e-05
3.19652218386396e-05
3.19642000958926e-05
3.19631784184619e-05
3.19621568063413e-05
3.19611352595244e-05
3.1960113778005e-05
3.19590923617769e-05
3.19580710108338e-05
3.19570497251694e-05
3.19560285047774e-05
3.19550073496517e-05
3.19539862597859e-05
3.19529652351738e-05
3.19519442758092e-05
3.19509233816857e-05
3.19499025527972e-05
3.19488817891374e-05
3.19478610907e-05
3.19468404574788e-05
3.19458198894675e-05
3.19447993866599e-05
3.19437789490497e-05
3.19427585766307e-05
3.19417382693966e-05
3.19407180273413e-05
3.19396978504583e-05
3.19386777387416e-05
3.19376576921849e-05
3.19366377107818e-05
3.19356177945262e-05
3.19345979434119e-05
3.19335781574325e-05
3.19325584365819e-05
3.19315387808539e-05
3.1930519190242e-05
3.19294996647403e-05
3.19284802043423e-05
3.19274608090419e-05
3.19264414788328e-05
3.19254222137088e-05
3.19244030136636e-05
3.19233838786911e-05
3.1922364808785e-05
3.19213458039391e-05
3.19203268641471e-05
3.19193079894028e-05
3.19182891797e-05
3.19172704350324e-05
3.19162517553938e-05
3.19152331407781e-05
3.19142145911789e-05
3.19131961065901e-05
3.19121776870054e-05
3.19111593324185e-05
3.19101410428234e-05
3.19091228182137e-05
3.19081046585833e-05
3.19070865639258e-05
3.19060685342352e-05
3.19050505695052e-05
3.19040326697295e-05
3.19030148349019e-05
3.19019970650163e-05
3.19009793600664e-05
3.18999617200459e-05
3.18989441449488e-05
3.18979266347687e-05
3.18969091894995e-05
3.1895891809135e-05
3.18948744936689e-05
3.1893857243095e-05
3.18928400574071e-05
3.18918229365991e-05
3.18908058806646e-05
3.18897888895976e-05
3.18887719633917e-05
3.18877551020408e-05
3.18867383055387e-05
3.18857215738792e-05
3.18847049070561e-05
3.18836883050631e-05
3.18826717678942e-05
3.18816552955429e-05
3.18806388880033e-05
3.18796225452691e-05
3.1878606267334e-05
3.18775900541919e-05
3.18765739058366e-05
3.18755578222619e-05
3.18745418034616e-05
3.18735258494295e-05
3.18725099601594e-05
3.18714941356451e-05
3.18704783758804e-05
3.18694626808592e-05
3.18684470505752e-05
3.18674314850223e-05
3.18664159841943e-05
3.18654005480849e-05
3.1864385176688e-05
3.18633698699975e-05
3.1862354628007e-05
3.18613394507105e-05
3.18603243381018e-05
3.18593092901746e-05
3.18582943069228e-05
3.18572793883402e-05
3.18562645344207e-05
3.1855249745158e-05
3.1854235020546e-05
3.18532203605785e-05
3.18522057652492e-05
3.18511912345522e-05
3.18501767684811e-05
3.18491623670297e-05
3.1848148030192e-05
3.18471337579618e-05
3.18461195503328e-05
3.18451054072989e-05
3.18440913288539e-05
3.18430773149917e-05
3.18420633657061e-05
3.18410494809909e-05
3.18400356608399e-05
3.18390219052471e-05
3.18380082142061e-05
3.18369945877109e-05
3.18359810257553e-05
3.18349675283331e-05
3.18339540954382e-05
3.18329407270644e-05
3.18319274232055e-05
3.18309141838554e-05
3.18299010090079e-05
3.18288878986568e-05
3.18278748527961e-05
3.18268618714195e-05
3.18258489545209e-05
3.18248361020941e-05
3.1823823314133e-05
3.18228105906314e-05
3.18217979315831e-05
3.18207853369821e-05
3.18197728068222e-05
3.18187603410971e-05
3.18177479398008e-05
3.18167356029271e-05
3.18157233304699e-05
3.1814711122423e-05
3.18136989787803e-05
3.18126868995355e-05
3.18116748846827e-05
3.18106629342155e-05
3.1809651048128e-05
3.18086392264139e-05
3.18076274690671e-05
3.18066157760814e-05
3.18056041474508e-05
3.1804592583169e-05
3.180358108323e-05
3.18025696476275e-05
3.18015582763555e-05
3.18005469694079e-05
3.17995357267784e-05
3.1798524548461e-05
3.17975134344494e-05
3.17965023847377e-05
3.17954913993196e-05
3.1794480478189e-05
3.17934696213398e-05
3.17924588287658e-05
3.1791448100461e-05
3.17904374364191e-05
3.17894268366341e-05
3.17884163010999e-05
3.17874058298102e-05
3.17863954227591e-05
3.17853850799402e-05
3.17843748013477e-05
3.17833645869752e-05
3.17823544368167e-05
3.1781344350866e-05
3.17803343291171e-05
3.17793243715639e-05
3.17783144782001e-05
3.17773046490197e-05
3.17762948840165e-05
3.17752851831845e-05
3.17742755465175e-05
3.17732659740095e-05
3.17722564656542e-05
3.17712470214456e-05
3.17702376413776e-05
3.1769228325444e-05
3.17682190736387e-05
3.17672098859557e-05
3.17662007623888e-05
3.17651917029319e-05
3.17641827075789e-05
3.17631737763237e-05
3.17621649091602e-05
3.17611561060823e-05
3.17601473670838e-05
3.17591386921587e-05
3.17581300813008e-05
3.17571215345041e-05
3.17561130517625e-05
3.17551046330698e-05
3.17540962784199e-05
3.17530879878068e-05
3.17520797612244e-05
3.17510715986665e-05
3.1750063500127e-05
3.17490554655999e-05
3.17480474950791e-05
3.17470395885584e-05
3.17460317460317e-05
3.17450239674931e-05
3.17440162529363e-05
3.17430086023553e-05
3.1742001015744e-05
3.17409934930963e-05
3.17399860344061e-05
3.17389786396674e-05
3.17379713088739e-05
3.17369640420197e-05
3.17359568390987e-05
3.17349497001047e-05
3.17339426250317e-05
3.17329356138736e-05
3.17319286666244e-05
3.17309217832778e-05
3.17299149638279e-05
3.17289082082686e-05
3.17279015165937e-05
3.17268948887972e-05
3.17258883248731e-05
3.17248818248152e-05
3.17238753886175e-05
3.17228690162738e-05
3.17218627077782e-05
3.17208564631245e-05
3.17198502823067e-05
3.17188441653186e-05
3.17178381121543e-05
3.17168321228076e-05
3.17158261972724e-05
3.17148203355428e-05
3.17138145376126e-05
3.17128088034757e-05
3.17118031331261e-05
3.17107975265578e-05
3.17097919837646e-05
3.17087865047405e-05
3.17077810894794e-05
3.17067757379752e-05
3.17057704502219e-05
3.17047652262135e-05
3.17037600659438e-05
3.17027549694068e-05
3.17017499365965e-05
3.17007449675067e-05
3.16997400621315e-05
3.16987352204647e-05
3.16977304425003e-05
3.16967257282323e-05
3.16957210776545e-05
3.1694716490761e-05
3.16937119675456e-05
3.16927075080024e-05
3.16917031121252e-05
3.16906987799081e-05
3.16896945113449e-05
3.16886903064296e-05
3.16876861651562e-05
3.16866820875186e-05
3.16856780735108e-05
3.16846741231266e-05
3.16836702363602e-05
3.16826664132053e-05
3.16816626536561e-05
3.16806589577063e-05
3.16796553253501e-05
3.16786517565812e-05
3.16776482513938e-05
3.16766448097817e-05
3.1675641431739e-05
3.16746381172595e-05
3.16736348663373e-05
3.16726316789662e-05
3.16716285551403e-05
3.16706254948535e-05
3.16696224980998e-05
3.16686195648732e-05
3.16676166951675e-05
3.16666138889769e-05
3.16656111462951e-05
3.16646084671163e-05
3.16636058514344e-05
3.16626032992433e-05
3.1661600810537e-05
3.16605983853095e-05
3.16595960235547e-05
3.16585937252667e-05
3.16575914904394e-05
3.16565893190668e-05
3.16555872111428e-05
3.16545851666614e-05
3.16535831856166e-05
3.16525812680024e-05
3.16515794138128e-05
3.16505776230416e-05
3.1649575895683e-05
3.16485742317309e-05
3.16475726311792e-05
3.1646571094022e-05
3.16455696202532e-05
3.16445682098668e-05
3.16435668628568e-05
3.16425655792172e-05
3.16415643589419e-05
3.1640563202025e-05
3.16395621084604e-05
3.16385610782422e-05
3.16375601113642e-05
3.16365592078206e-05
3.16355583676052e-05
3.16345575907121e-05
3.16335568771353e-05
3.16325562268687e-05
3.16315556399064e-05
3.16305551162423e-05
3.16295546558704e-05
3.16285542587848e-05
3.16275539249794e-05
3.16265536544483e-05
3.16255534471853e-05
3.16245533031846e-05
3.16235532224401e-05
3.16225532049458e-05
3.16215532506957e-05
3.16205533596838e-05
3.16195535319041e-05
3.16185537673507e-05
3.16175540660175e-05
3.16165544278984e-05
3.16155548529877e-05
3.16145553412791e-05
3.16135558927668e-05
3.16125565074448e-05
3.16115571853069e-05
3.16105579263474e-05
3.16095587305601e-05
3.16085595979391e-05
3.16075605284784e-05
3.1606561522172e-05
3.16055625790139e-05
3.16045636989981e-05
3.16035648821187e-05
3.16025661283696e-05
3.16015674377449e-05
3.16005688102386e-05
3.15995702458447e-05
3.15985717445571e-05
3.15975733063701e-05
3.15965749312775e-05
3.15955766192733e-05
3.15945783703516e-05
3.15935801845065e-05
3.15925820617319e-05
3.15915840020219e-05
3.15905860053704e-05
3.15895880717715e-05
3.15885902012193e-05
3.15875923937078e-05
3.15865946492309e-05
3.15855969677827e-05
3.15845993493573e-05
3.15836017939486e-05
3.15826043015507e-05
3.15816068721577e-05
3.15806095057635e-05
3.15796122023622e-05
3.15786149619478e-05
3.15776177845143e-05
3.15766206700559e-05
3.15756236185665e-05
3.15746266300401e-05
3.15736297044708e-05
3.15726328418527e-05
3.15716360421797e-05
3.15706393054459e-05
3.15696426316454e-05
3.15686460207722e-05
3.15676494728203e-05
3.15666529877837e-05
3.15656565656566e-05
3.15646602064329e-05
3.15636639101067e-05
3.1562667676672e-05
3.1561671506123e-05
3.15606753984535e-05
3.15596793536578e-05
3.15586833717297e-05
3.15576874526635e-05
3.1556691596453e-05
3.15556958030925e-05
3.15547000725758e-05
3.15537044048971e-05
3.15527088000505e-05
3.15517132580299e-05
3.15507177788295e-05
3.15497223624432e-05
3.15487270088652e-05
3.15477317180895e-05
3.15467364901101e-05
3.15457413249211e-05
3.15447462225166e-05
3.15437511828907e-05
3.15427562060373e-05
3.15417612919505e-05
3.15407664406245e-05
3.15397716520532e-05
3.15387769262308e-05
3.15377822631513e-05
3.15367876628087e-05
3.15357931251971e-05
3.15347986503106e-05
3.15338042381433e-05
3.15328098886892e-05
3.15318156019424e-05
3.15308213778969e-05
3.15298272165469e-05
3.15288331178863e-05
3.15278390819093e-05
3.152684510861e-05
3.15258511979823e-05
3.15248573500205e-05
3.15238635647185e-05
3.15228698420704e-05
3.15218761820704e-05
3.15208825847124e-05
3.15198890499905e-05
3.15188955778989e-05
3.15179021684317e-05
3.15169088215828e-05
3.15159155373464e-05
3.15149223157165e-05
3.15139291566873e-05
3.15129360602527e-05
3.1511943026407e-05
3.15109500551442e-05
3.15099571464583e-05
3.15089643003435e-05
3.15079715167938e-05
3.15069787958033e-05
3.15059861373661e-05
3.15049935414763e-05
3.1504001008128e-05
3.15030085373153e-05
3.15020161290323e-05
3.1501023783273e-05
3.15000315000315e-05
3.1499039279302e-05
3.14980471210785e-05
3.14970550253551e-05
3.1496062992126e-05
3.14950710213852e-05
3.14940791131267e-05
3.14930872673448e-05
3.14920954840335e-05
3.14911037631869e-05
3.14901121047991e-05
3.14891205088642e-05
3.14881289753763e-05
3.14871375043295e-05
3.14861460957179e-05
3.14851547495356e-05
3.14841634657767e-05
3.14831722444354e-05
3.14821810855056e-05
3.14811899889816e-05
3.14801989548574e-05
3.14792079831271e-05
3.14782170737849e-05
3.14772262268249e-05
3.14762354422411e-05
3.14752447200277e-05
3.14742540601788e-05
3.14732634626884e-05
3.14722729275508e-05
3.147128245476e-05
3.14702920443102e-05
3.14693016961954e-05
3.14683114104097e-05
3.14673211869474e-05
3.14663310258024e-05
3.14653409269689e-05
3.14643508904411e-05
3.14633609162131e-05
3.14623710042789e-05
3.14613811546327e-05
3.14603913672686e-05
3.14594016421808e-05
3.14584119793633e-05
3.14574223788103e-05
3.14564328405159e-05
3.14554433644742e-05
3.14544539506794e-05
3.14534645991256e-05
3.14524753098069e-05
3.14514860827174e-05
3.14504969178513e-05
3.14495078152027e-05
3.14485187747657e-05
3.14475297965345e-05
3.14465408805031e-05
3.14455520266658e-05
3.14445632350167e-05
3.14435745055498e-05
3.14425858382593e-05
3.14415972331394e-05
3.14406086901842e-05
3.14396202093879e-05
3.14386317907445e-05
3.14376434342482e-05
3.14366551398931e-05
3.14356669076734e-05
3.14346787375833e-05
3.14336906296168e-05
3.14327025837682e-05
3.14317146000314e-05
3.14307266784008e-05
3.14297388188704e-05
3.14287510214344e-05
3.14277632860869e-05
3.14267756128221e-05
3.14257880016341e-05
3.14248004525171e-05
3.14238129654652e-05
3.14228255404726e-05
3.14218381775334e-05
3.14208508766417e-05
3.14198636377918e-05
3.14188764609778e-05
3.14178893461937e-05
3.14169022934339e-05
3.14159153026923e-05
3.14149283739633e-05
3.14139415072409e-05
3.14129547025193e-05
3.14119679597927e-05
3.14109812790552e-05
3.14099946603009e-05
3.14090081035241e-05
3.14080216087189e-05
3.14070351758794e-05
3.14060488049998e-05
3.14050624960744e-05
3.14040762490971e-05
3.14030900640623e-05
3.1402103940964e-05
3.14011178797965e-05
3.14001318805539e-05
3.13991459432303e-05
3.139816006782e-05
3.13971742543171e-05
3.13961885027158e-05
3.13952028130102e-05
3.13942171851945e-05
3.13932316192629e-05
3.13922461152095e-05
3.13912606730286e-05
3.13902752927143e-05
3.13892899742608e-05
3.13883047176622e-05
3.13873195229127e-05
3.13863343900066e-05
3.13853493189379e-05
3.13843643097009e-05
3.13833793622897e-05
3.13823944766986e-05
3.13814096529216e-05
3.1380424890953e-05
3.1379440190787e-05
3.13784555524177e-05
3.13774709758394e-05
3.13764864610461e-05
3.13755020080321e-05
3.13745176167916e-05
3.13735332873188e-05
3.13725490196078e-05
3.13715648136529e-05
3.13705806694482e-05
3.13695965869879e-05
3.13686125662662e-05
3.13676286072773e-05
3.13666447100154e-05
3.13656608744746e-05
3.13646771006493e-05
3.13636933885334e-05
3.13627097381214e-05
3.13617261494073e-05
3.13607426223853e-05
3.13597591570497e-05
3.13587757533946e-05
3.13577924114142e-05
3.13568091311028e-05
3.13558259124545e-05
3.13548427554636e-05
3.13538596601242e-05
3.13528766264305e-05
3.13518936543767e-05
3.13509107439571e-05
3.13499278951658e-05
3.13489451079971e-05
3.13479623824451e-05
3.13469797185041e-05
3.13459971161683e-05
3.13450145754318e-05
3.13440320962889e-05
3.13430496787337e-05
3.13420673227606e-05
3.13410850283637e-05
3.13401027955372e-05
3.13391206242753e-05
3.13381385145722e-05
3.13371564664222e-05
3.13361744798195e-05
3.13351925547582e-05
3.13342106912327e-05
3.1333228889237e-05
3.13322471487655e-05
3.13312654698123e-05
3.13302838523717e-05
3.13293022964379e-05
3.1328320802005e-05
3.13273393690674e-05
3.13263579976192e-05
3.13253766876547e-05
3.1324395439168e-05
3.13234142521535e-05
3.13224331266053e-05
3.13214520625176e-05
3.13204710598847e-05
3.13194901187009e-05
3.13185092389602e-05
3.1317528420657e-05
3.13165476637855e-05
3.131556696834e-05
3.13145863343145e-05
3.13136057617035e-05
3.1312625250501e-05
3.13116448007014e-05
3.13106644122988e-05
3.13096840852876e-05
3.13087038196619e-05
3.13077236154159e-05
3.1306743472544e-05
3.13057633910403e-05
3.13047833708991e-05
3.13038034121146e-05
3.1302823514681e-05
3.13018436785927e-05
3.13008639038437e-05
3.12998841904285e-05
3.12989045383412e-05
3.1297924947576e-05
3.12969454181272e-05
3.1295965949989e-05
3.12949865431558e-05
3.12940071976217e-05
3.12930279133809e-05
3.12920486904278e-05
3.12910695287565e-05
3.12900904283613e-05
3.12891113892365e-05
3.12881324113764e-05
3.1287153494775e-05
3.12861746394268e-05
3.1285195845326e-05
3.12842171124668e-05
3.12832384408434e-05
3.12822598304502e-05
3.12812812812813e-05
3.1280302793331e-05
3.12793243665937e-05
3.12783460010635e-05
3.12773676967346e-05
3.12763894536015e-05
3.12754112716582e-05
3.12744331508991e-05
3.12734550913185e-05
3.12724770929105e-05
3.12714991556695e-05
3.12705212795897e-05
3.12695434646654e-05
3.12685657108908e-05
3.12675880182603e-05
3.1266610386768e-05
3.12656328164082e-05
3.12646553071752e-05
3.12636778590633e-05
3.12627004720668e-05
3.12617231461798e-05
3.12607458813967e-05
3.12597686777118e-05
3.12587915351193e-05
3.12578144536134e-05
3.12568374331885e-05
3.12558604738388e-05
3.12548835755587e-05
3.12539067383423e-05
3.1252929962184e-05
3.12519532470779e-05
3.12509765930185e-05
3.125e-05
3.12490234680166e-05
3.12480469970627e-05
3.12470705871325e-05
3.12460942382202e-05
3.12451179503203e-05
3.12441417234269e-05
3.12431655575343e-05
3.12421894526368e-05
3.12412134087288e-05
3.12402374258044e-05
3.1239261503858e-05
3.12382856428839e-05
3.12373098428763e-05
3.12363341038296e-05
3.12353584257379e-05
3.12343828085957e-05
3.12334072523972e-05
3.12324317571366e-05
3.12314563228083e-05
3.12304809494066e-05
3.12295056369258e-05
3.12285303853601e-05
3.12275551947038e-05
3.12265800649513e-05
3.12256049960968e-05
3.12246299881346e-05
3.12236550410591e-05
3.12226801548645e-05
3.12217053295451e-05
3.12207305650952e-05
3.12197558615092e-05
3.12187812187812e-05
3.12178066369057e-05
3.12168321158769e-05
3.12158576556891e-05
3.12148832563366e-05
3.12139089178138e-05
3.12129346401149e-05
3.12119604232342e-05
3.1210986267166e-05
3.12100121719047e-05
3.12090381374446e-05
3.12080641637799e-05
3.1207090250905e-05
3.12061163988142e-05
3.12051426075017e-05
3.1204168876962e-05
3.12031952071892e-05
3.12022215981778e-05
3.1201248049922e-05
3.12002745624162e-05
3.11993011356546e-05
3.11983277696315e-05
3.11973544643414e-05
3.11963812197785e-05
3.11954080359371e-05
3.11944349128116e-05
3.11934618503962e-05
3.11924888486852e-05
3.11915159076731e-05
3.11905430273541e-05
3.11895702077225e-05
3.11885974487727e-05
3.1187624750499e-05
3.11866521128957e-05
3.11856795359571e-05
3.11847070196776e-05
3.11837345640514e-05
3.11827621690729e-05
3.11817898347365e-05
3.11808175610365e-05
3.11798453479671e-05
3.11788731955227e-05
3.11779011036977e-05
3.11769290724864e-05
3.1175957101883e-05
3.1174985191882e-05
3.11740133424777e-05
3.11730415536644e-05
3.11720698254364e-05
3.11710981577881e-05
3.11701265507138e-05
3.11691550042078e-05
3.11681835182646e-05
3.11672120928783e-05
3.11662407280434e-05
3.11652694237542e-05
3.1164298180005e-05
3.11633269967902e-05
3.11623558741041e-05
3.1161384811941e-05
3.11604138102954e-05
3.11594428691615e-05
3.11584719885337e-05
3.11575011684063e-05
3.11565304087737e-05
3.11555597096302e-05
3.11545890709702e-05
3.11536184927879e-05
3.11526479750779e-05
3.11516775178343e-05
3.11507071210516e-05
3.11497367847242e-05
3.11487665088463e-05
3.11477962934122e-05
3.11468261384165e-05
3.11458560438534e-05
3.11448860097172e-05
3.11439160360024e-05
3.11429461227032e-05
3.11419762698141e-05
3.11410064773293e-05
3.11400367452434e-05
3.11390670735505e-05
3.11380974622451e-05
3.11371279113215e-05
3.1136158420774e-05
3.11351889905972e-05
3.11342196207852e-05
3.11332503113325e-05
3.11322810622334e-05
3.11313118734823e-05
3.11303427450736e-05
3.11293736770016e-05
3.11284046692607e-05
3.11274357218452e-05
3.11264668347496e-05
3.11254980079681e-05
3.11245292414952e-05
3.11235605353252e-05
3.11225918894526e-05
3.11216233038715e-05
3.11206547785765e-05
3.1119686313562e-05
3.11187179088222e-05
3.11177495643515e-05
3.11167812801444e-05
3.11158130561952e-05
3.11148448924982e-05
3.11138767890479e-05
3.11129087458386e-05
3.11119407628648e-05
3.11109728401207e-05
3.11100049776008e-05
3.11090371752994e-05
3.1108069433211e-05
3.11071017513298e-05
3.11061341296504e-05
3.1105166568167e-05
3.1104199066874e-05
3.11032316257659e-05
3.1102264244837e-05
3.11012969240817e-05
3.11003296634944e-05
3.10993624630695e-05
3.10983953228013e-05
3.10974282426843e-05
3.10964612227129e-05
3.10954942628813e-05
3.10945273631841e-05
3.10935605236156e-05
3.10925937441701e-05
3.10916270248422e-05
3.10906603656262e-05
3.10896937665164e-05
3.10887272275073e-05
3.10877607485933e-05
3.10867943297687e-05
3.1085827971028e-05
3.10848616723656e-05
3.10838954337758e-05
3.1082929255253e-05
3.10819631367917e-05
3.10809970783863e-05
3.10800310800311e-05
3.10790651417205e-05
3.1078099263449e-05
3.1077133445211e-05
3.10761676870008e-05
3.10752019888129e-05
3.10742363506417e-05
3.10732707724815e-05
3.10723052543268e-05
3.1071339796172e-05
3.10703743980115e-05
3.10694090598397e-05
3.1068443781651e-05
3.10674785634398e-05
3.10665134052005e-05
3.10655483069276e-05
3.10645832686155e-05
3.10636182902584e-05
3.1062653371851e-05
3.10616885133876e-05
3.10607237148626e-05
3.10597589762703e-05
3.10587942976054e-05
3.1057829678862e-05
3.10568651200348e-05
3.1055900621118e-05
3.10549361821061e-05
3.10539718029936e-05
3.10530074837748e-05
3.10520432244442e-05
3.10510790249961e-05
3.10501148854251e-05
3.10491508057255e-05
3.10481867858917e-05
3.10472228259182e-05
3.10462589257994e-05
3.10452950855298e-05
3.10443313051037e-05
3.10433675845156e-05
3.10424039237599e-05
3.1041440322831e-05
3.10404767817234e-05
3.10395133004314e-05
3.10385498789497e-05
3.10375865172724e-05
3.10366232153942e-05
3.10356599733093e-05
3.10346967910124e-05
3.10337336684977e-05
3.10327706057597e-05
3.10318076027929e-05
3.10308446595916e-05
3.10298817761504e-05
3.10289189524637e-05
3.10279561885259e-05
3.10269934843314e-05
3.10260308398747e-05
3.10250682551502e-05
3.10241057301523e-05
3.10231432648756e-05
3.10221808593144e-05
3.10212185134632e-05
3.10202562273164e-05
3.10192940008685e-05
3.1018331834114e-05
3.10173697270471e-05
3.10164076796625e-05
3.10154456919546e-05
3.10144837639178e-05
3.10135218955465e-05
3.10125600868352e-05
3.10115983377783e-05
3.10106366483704e-05
3.10096750186058e-05
3.1008713448479e-05
3.10077519379845e-05
3.10067904871167e-05
3.100582909587e-05
3.1004867764239e-05
3.1003906492218e-05
3.10029452798016e-05
3.10019841269841e-05
3.10010230337601e-05
3.1000062000124e-05
3.09991010260702e-05
3.09981401115933e-05
3.09971792566876e-05
3.09962184613477e-05
3.0995257725568e-05
3.09942970493429e-05
3.0993336432667e-05
3.09923758755346e-05
3.09914153779403e-05
3.09904549398785e-05
3.09894945613437e-05
3.09885342423303e-05
3.09875739828329e-05
3.09866137828458e-05
3.09856536423636e-05
3.09846935613807e-05
3.09837335398916e-05
3.09827735778907e-05
3.09818136753726e-05
3.09808538323316e-05
3.09798940487624e-05
3.09789343246592e-05
3.09779746600167e-05
3.09770150548293e-05
3.09760555090915e-05
3.09750960227977e-05
3.09741365959424e-05
3.09731772285201e-05
3.09722179205253e-05
3.09712586719524e-05
3.0970299482796e-05
3.09693403530505e-05
3.09683812827104e-05
3.09674222717701e-05
3.09664633202242e-05
3.09655044280671e-05
3.09645455952934e-05
3.09635868218974e-05
3.09626281078738e-05
3.09616694532169e-05
3.09607108579213e-05
3.09597523219814e-05
3.09587938453918e-05
3.09578354281469e-05
3.09568770702412e-05
3.09559187716691e-05
3.09549605324253e-05
3.09540023525042e-05
3.09530442319002e-05
3.09520861706079e-05
3.09511281686217e-05
3.09501702259362e-05
3.09492123425459e-05
3.09482545184452e-05
3.09472967536286e-05
3.09463390480906e-05
3.09453814018258e-05
3.09444238148286e-05
3.09434662870935e-05
3.0942508818615e-05
3.09415514093877e-05
3.09405940594059e-05
3.09396367686643e-05
3.09386795371574e-05
3.09377223648795e-05
3.09367652518253e-05
3.09358081979892e-05
3.09348512033657e-05
3.09338942679494e-05
3.09329373917347e-05
3.09319805747162e-05
3.09310238168883e-05
3.09300671182456e-05
3.09291104787826e-05
3.09281538984938e-05
3.09271973773737e-05
3.09262409154167e-05
3.09252845126175e-05
3.09243281689705e-05
3.09233718844703e-05
3.09224156591113e-05
3.09214594928881e-05
3.09205033857951e-05
3.0919547337827e-05
3.09185913489781e-05
3.09176354192431e-05
3.09166795486165e-05
3.09157237370927e-05
3.09147679846663e-05
3.09138122913318e-05
3.09128566570837e-05
3.09119010819165e-05
3.09109455658249e-05
3.09099901088032e-05
3.0909034710846e-05
3.09080793719478e-05
3.09071240921032e-05
3.09061688713067e-05
3.09052137095528e-05
3.0904258606836e-05
3.09033035631509e-05
3.0902348578492e-05
3.09013936528537e-05
3.09004387862308e-05
3.08994839786176e-05
3.08985292300087e-05
3.08975745403986e-05
3.08966199097819e-05
3.08956653381531e-05
3.08947108255067e-05
3.08937563718373e-05
3.08928019771393e-05
3.08918476414074e-05
3.08908933646361e-05
3.08899391468199e-05
3.08889849879533e-05
3.08880308880309e-05
3.08870768470472e-05
3.08861228649968e-05
3.08851689418741e-05
3.08842150776738e-05
3.08832612723904e-05
3.08823075260183e-05
3.08813538385523e-05
3.08804002099867e-05
3.08794466403162e-05
3.08784931295353e-05
3.08775396776385e-05
3.08765862846204e-05
3.08756329504755e-05
3.08746796751984e-05
3.08737264587836e-05
3.08727733012257e-05
3.08718202025191e-05
3.08708671626586e-05
3.08699141816386e-05
3.08689612594536e-05
3.08680083960983e-05
3.08670555915671e-05
3.08661028458547e-05
3.08651501589555e-05
3.08641975308642e-05
3.08632449615753e-05
3.08622924510833e-05
3.08613399993828e-05
3.08603876064683e-05
3.08594352723345e-05
3.08584829969759e-05
3.0857530780387e-05
3.08565786225623e-05
3.08556265234966e-05
3.08546744831842e-05
3.08537225016198e-05
3.0852770578798e-05
3.08518187147132e-05
3.08508669093602e-05
3.08499151627333e-05
3.08489634748272e-05
3.08480118456365e-05
3.08470602751558e-05
3.08461087633795e-05
3.08451573103023e-05
3.08442059159187e-05
3.08432545802233e-05
3.08423033032107e-05
3.08413520848754e-05
3.0840400925212e-05
3.08394498242151e-05
3.08384987818793e-05
3.08375477981991e-05
3.08365968731691e-05
3.08356460067838e-05
3.0834695199038e-05
3.0833744449926e-05
3.08327937594425e-05
3.08318431275822e-05
3.08308925543394e-05
3.0829942039709e-05
3.08289915836853e-05
3.0828041186263e-05
3.08270908474367e-05
3.0826140567201e-05
3.08251903455504e-05
3.08242401824795e-05
3.08232900779829e-05
3.08223400320552e-05
3.0821390044691e-05
3.08204401158849e-05
3.08194902456313e-05
3.08185404339251e-05
3.08175906807606e-05
3.08166409861325e-05
3.08156913500354e-05
3.08147417724639e-05
3.08137922534126e-05
3.08128427928761e-05
3.08118933908489e-05
3.08109440473256e-05
3.08099947623009e-05
3.08090455357693e-05
3.08080963677254e-05
3.08071472581639e-05
3.08061982070793e-05
3.08052492144661e-05
3.08043002803191e-05
3.08033514046328e-05
3.08024025874018e-05
3.08014538286207e-05
3.08005051282841e-05
3.07995564863866e-05
3.07986079029228e-05
3.07976593778873e-05
3.07967109112747e-05
3.07957625030796e-05
3.07948141532966e-05
3.07938658619203e-05
3.07929176289453e-05
3.07919694543663e-05
3.07910213381778e-05
3.07900732803744e-05
3.07891252809508e-05
3.07881773399015e-05
3.07872294572211e-05
3.07862816329044e-05
3.07853338669458e-05
3.078438615934e-05
3.07834385100816e-05
3.07824909191652e-05
3.07815433865854e-05
3.07805959123369e-05
3.07796484964142e-05
3.07787011388119e-05
3.07777538395248e-05
3.07768065985473e-05
3.07758594158742e-05
3.07749122915e-05
3.07739652254193e-05
3.07730182176268e-05
3.07720712681171e-05
3.07711243768847e-05
3.07701775439244e-05
3.07692307692308e-05
3.07682840527984e-05
3.07673373946219e-05
3.07663907946959e-05
3.0765444253015e-05
3.07644977695739e-05
3.07635513443672e-05
3.07626049773895e-05
3.07616586686354e-05
3.07607124180996e-05
3.07597662257767e-05
3.07588200916613e-05
3.0757874015748e-05
3.07569279980316e-05
3.07559820385065e-05
3.07550361371675e-05
3.07540902940091e-05
3.07531445090261e-05
3.07521987822129e-05
3.07512531135644e-05
3.0750307503075e-05
3.07493619507395e-05
3.07484164565525e-05
3.07474710205086e-05
3.07465256426024e-05
3.07455803228286e-05
3.07446350611818e-05
3.07436898576567e-05
3.07427447122479e-05
3.074179962495e-05
3.07408545957578e-05
3.07399096246657e-05
3.07389647116685e-05
3.07380198567608e-05
3.07370750599373e-05
3.07361303211926e-05
3.07351856405213e-05
3.07342410179181e-05
3.07332964533776e-05
3.07323519468945e-05
3.07314074984634e-05
3.0730463108079e-05
3.0729518775736e-05
3.07285745014289e-05
3.07276302851524e-05
3.07266861269012e-05
3.07257420266699e-05
3.07247979844533e-05
3.07238540002458e-05
3.07229100740422e-05
3.07219662058372e-05
3.07210223956253e-05
3.07200786434013e-05
3.07191349491598e-05
3.07181913128955e-05
3.0717247734603e-05
3.07163042142769e-05
3.0715360751912e-05
3.07144173475029e-05
3.07134740010443e-05
3.07125307125307e-05
3.07115874819569e-05
3.07106443093176e-05
3.07097011946074e-05
3.07087581378209e-05
3.07078151389529e-05
3.07068721979979e-05
3.07059293149507e-05
3.07049864898059e-05
3.07040437225583e-05
3.07031010132023e-05
3.07021583617328e-05
3.07012157681444e-05
3.07002732324318e-05
3.06993307545895e-05
3.06983883346124e-05
3.06974459724951e-05
3.06965036682322e-05
3.06955614218184e-05
3.06946192332484e-05
3.06936771025169e-05
3.06927350296185e-05
3.06917930145479e-05
3.06908510572998e-05
3.06899091578689e-05
3.06889673162498e-05
3.06880255324372e-05
3.06870838064259e-05
3.06861421382104e-05
3.06852005277855e-05
3.06842589751458e-05
3.0683317480286e-05
3.06823760432008e-05
3.06814346638849e-05
3.06804933423329e-05
3.06795520785397e-05
3.06786108724997e-05
3.06776697242078e-05
3.06767286336585e-05
3.06757876008466e-05
3.06748466257669e-05
3.06739057084139e-05
3.06729648487823e-05
3.06720240468669e-05
3.06710833026623e-05
3.06701426161632e-05
3.06692019873643e-05
3.06682614162603e-05
3.06673209028459e-05
3.06663804471158e-05
3.06654400490647e-05
3.06644997086873e-05
3.06635594259782e-05
3.06626192009321e-05
3.06616790335439e-05
3.06607389238081e-05
3.06597988717194e-05
3.06588588772726e-05
3.06579189404623e-05
3.06569790612833e-05
3.06560392397302e-05
3.06550994757978e-05
3.06541597694807e-05
3.06532201207737e-05
3.06522805296714e-05
3.06513409961686e-05
3.06504015202599e-05
3.06494621019401e-05
3.06485227412039e-05
3.06475834380459e-05
3.06466441924609e-05
3.06457050044436e-05
3.06447658739887e-05
3.06438268010909e-05
3.06428877857449e-05
3.06419488279455e-05
3.06410099276872e-05
3.06400710849649e-05
3.06391322997733e-05
3.0638193572107e-05
3.06372549019608e-05
3.06363162893294e-05
3.06353777342075e-05
3.06344392365898e-05
3.0633500796471e-05
3.06325624138459e-05
3.06316240887092e-05
3.06306858210555e-05
3.06297476108797e-05
3.06288094581764e-05
3.06278713629403e-05
3.06269333251662e-05
3.06259953448487e-05
3.06250574219827e-05
3.06241195565627e-05
3.06231817485837e-05
3.06222439980402e-05
3.0621306304927e-05
3.06203686692388e-05
3.06194310909703e-05
3.06184935701163e-05
3.06175561066716e-05
3.06166187006307e-05
3.06156813519885e-05
3.06147440607397e-05
3.06138068268789e-05
3.0612869650401e-05
3.06119325313007e-05
3.06109954695727e-05
3.06100584652117e-05
3.06091215182124e-05
3.06081846285697e-05
3.06072477962782e-05
3.06063110213326e-05
3.06053743037277e-05
3.06044376434583e-05
3.0603501040519e-05
3.06025644949047e-05
3.060162800661e-05
3.06006915756296e-05
3.05997552019584e-05
3.0598818885591e-05
3.05978826265222e-05
3.05969464247468e-05
3.05960102802595e-05
3.05950741930549e-05
3.05941381631279e-05
3.05932021904733e-05
3.05922662750857e-05
3.05913304169598e-05
3.05903946160905e-05
3.05894588724725e-05
3.05885231861006e-05
3.05875875569694e-05
3.05866519850737e-05
3.05857164704083e-05
3.05847810129679e-05
3.05838456127473e-05
3.05829102697413e-05
3.05819749839445e-05
3.05810397553517e-05
3.05801045839577e-05
3.05791694697572e-05
3.0578234412745e-05
3.05772994129158e-05
3.05763644702645e-05
3.05754295847857e-05
3.05744947564741e-05
3.05735599853247e-05
3.05726252713321e-05
3.0571690614491e-05
3.05707560147962e-05
3.05698214722426e-05
3.05688869868248e-05
3.05679525585376e-05
3.05670181873758e-05
3.05660838733341e-05
3.05651496164074e-05
3.05642154165903e-05
3.05632812738776e-05
3.05623471882641e-05
3.05614131597445e-05
3.05604791883137e-05
3.05595452739663e-05
3.05586114166972e-05
3.05576776165011e-05
3.05567438733729e-05
3.05558101873071e-05
3.05548765582987e-05
3.05539429863424e-05
3.05530094714329e-05
3.05520760135651e-05
3.05511426127337e-05
3.05502092689335e-05
3.05492759821592e-05
3.05483427524057e-05
3.05474095796676e-05
3.05464764639399e-05
3.05455434052172e-05
3.05446104034943e-05
3.0543677458766e-05
3.05427445710272e-05
3.05418117402724e-05
3.05408789664967e-05
3.05399462496946e-05
3.0539013589861e-05
3.05380809869908e-05
3.05371484410786e-05
3.05362159521192e-05
3.05352835201075e-05
3.05343511450382e-05
3.0533418826906e-05
3.05324865657059e-05
3.05315543614325e-05
3.05306222140807e-05
3.05296901236452e-05
3.05287580901209e-05
3.05278261135025e-05
3.05268941937847e-05
3.05259623309625e-05
3.05250305250305e-05
3.05240987759836e-05
3.05231670838166e-05
3.05222354485242e-05
3.05213038701013e-05
3.05203723485427e-05
3.0519440883843e-05
3.05185094759972e-05
3.0517578125e-05
3.05166468308462e-05
3.05157155935307e-05
3.05147844130481e-05
3.05138532893934e-05
3.05129222225613e-05
3.05119912125465e-05
3.0511060259344e-05
3.05101293629485e-05
3.05091985233548e-05
3.05082677405577e-05
3.0507337014552e-05
3.05064063453325e-05
3.05054757328941e-05
3.05045451772314e-05
3.05036146783394e-05
3.05026842362128e-05
3.05017538508464e-05
3.05008235222351e-05
3.04998932503736e-05
3.04989630352568e-05
3.04980328768794e-05
3.04971027752364e-05
3.04961727303223e-05
3.04952427421322e-05
3.04943128106608e-05
3.04933829359029e-05
3.04924531178533e-05
3.04915233565069e-05
3.04905936518584e-05
3.04896640039027e-05
3.04887344126345e-05
3.04878048780488e-05
3.04868754001402e-05
3.04859459789037e-05
3.04850166143341e-05
3.0484087306426e-05
3.04831580551745e-05
3.04822288605743e-05
3.04812997226202e-05
3.0480370641307e-05
3.04794416166296e-05
3.04785126485827e-05
3.04775837371613e-05
3.04766548823601e-05
3.0475726084174e-05
3.04747973425977e-05
3.04738686576261e-05
3.0472940029254e-05
3.04720114574763e-05
3.04710829422878e-05
3.04701544836832e-05
3.04692260816575e-05
3.04682977362055e-05
3.04673694473219e-05
3.04664412150017e-05
3.04655130392396e-05
3.04645849200305e-05
3.04636568573692e-05
3.04627288512505e-05
3.04618009016693e-05
3.04608730086204e-05
3.04599451720987e-05
3.04590173920989e-05
3.0458089668616e-05
3.04571620016447e-05
3.04562343911799e-05
3.04553068372164e-05
3.04543793397491e-05
3.04534518987727e-05
3.04525245142822e-05
3.04515971862724e-05
3.04506699147381e-05
3.04497426996742e-05
3.04488155410755e-05
3.04478884389368e-05
3.0446961393253e-05
3.04460344040189e-05
3.04451074712294e-05
3.04441805948793e-05
3.04432537749635e-05
3.04423270114768e-05
3.0441400304414e-05
3.04404736537701e-05
3.04395470595398e-05
3.0438620521718e-05
3.04376940402995e-05
3.04367676152793e-05
3.04358412466521e-05
3.04349149344128e-05
3.04339886785562e-05
3.04330624790773e-05
3.04321363359708e-05
3.04312102492316e-05
3.04302842188546e-05
3.04293582448346e-05
3.04284323271665e-05
3.04275064658451e-05
3.04265806608653e-05
3.0425654912222e-05
3.04247292199099e-05
3.04238035839241e-05
3.04228780042592e-05
3.04219524809102e-05
3.0421027013872e-05
3.04201016031394e-05
3.04191762487072e-05
3.04182509505703e-05
3.04173257087237e-05
3.04164005231621e-05
3.04154753938804e-05
3.04145503208735e-05
3.04136253041363e-05
3.04127003436635e-05
3.04117754394502e-05
3.0410850591491e-05
3.0409925799781e-05
3.0409001064315e-05
3.04080763850879e-05
3.04071517620944e-05
3.04062271953296e-05
3.04053026847882e-05
3.04043782304652e-05
3.04034538323554e-05
3.04025294904536e-05
3.04016052047548e-05
3.04006809752538e-05
3.03997568019456e-05
3.03988326848249e-05
3.03979086238867e-05
3.03969846191258e-05
3.03960606705371e-05
3.03951367781155e-05
3.03942129418559e-05
3.03932891617531e-05
3.0392365437802e-05
3.03914417699976e-05
3.03905181583346e-05
3.0389594602808e-05
3.03886711034126e-05
3.03877476601434e-05
3.03868242729952e-05
3.03859009419629e-05
3.03849776670414e-05
3.03840544482256e-05
3.03831312855103e-05
3.03822081788904e-05
3.03812851283609e-05
3.03803621339166e-05
3.03794391955524e-05
3.03785163132633e-05
3.0377593487044e-05
3.03766707168894e-05
3.03757480027946e-05
3.03748253447543e-05
3.03739027427634e-05
3.03729801968169e-05
3.03720577069096e-05
3.03711352730365e-05
3.03702128951924e-05
3.03692905733722e-05
3.03683683075708e-05
3.03674460977832e-05
3.03665239440041e-05
3.03656018462286e-05
3.03646798044515e-05
3.03637578186676e-05
3.0362835888872e-05
3.03619140150595e-05
3.0360992197225e-05
3.03600704353634e-05
3.03591487294696e-05
3.03582270795386e-05
3.03573054855651e-05
3.03563839475442e-05
3.03554624654707e-05
3.03545410393395e-05
3.03536196691455e-05
3.03526983548837e-05
3.0351777096549e-05
3.03508558941362e-05
3.03499347476403e-05
3.03490136570561e-05
3.03480926223787e-05
3.03471716436028e-05
3.03462507207235e-05
3.03453298537355e-05
3.03444090426339e-05
3.03434882874135e-05
3.03425675880693e-05
3.03416469445962e-05
3.0340726356989e-05
3.03398058252427e-05
3.03388853493523e-05
3.03379649293125e-05
3.03370445651185e-05
3.0336124256765e-05
3.03352040042469e-05
3.03342838075593e-05
3.0333363666697e-05
3.03324435816549e-05
3.0331523552428e-05
3.03306035790112e-05
3.03296836613994e-05
3.03287637995875e-05
3.03278439935705e-05
3.03269242433432e-05
3.03260045489007e-05
3.03250849102377e-05
3.03241653273494e-05
3.03232458002305e-05
3.0322326328876e-05
3.03214069132808e-05
3.03204875534399e-05
3.03195682493481e-05
3.03186490010005e-05
3.03177298083919e-05
3.03168106715174e-05
3.03158915903717e-05
3.03149725649498e-05
3.03140535952468e-05
3.03131346812574e-05
3.03122158229767e-05
3.03112970203995e-05
3.03103782735209e-05
3.03094595823356e-05
3.03085409468388e-05
3.03076223670253e-05
3.030670384289e-05
3.0305785374428e-05
3.0304866961634e-05
3.03039486045032e-05
3.03030303030303e-05
3.03021120572104e-05
3.03011938670384e-05
3.03002757325092e-05
3.02993576536177e-05
3.0298439630359e-05
3.0297521662728e-05
3.02966037507195e-05
3.02956858943286e-05
3.02947680935502e-05
3.02938503483793e-05
3.02929326588107e-05
3.02920150248395e-05
3.02910974464605e-05
3.02901799236687e-05
3.02892624564592e-05
3.02883450448268e-05
3.02874276887664e-05
3.02865103882731e-05
3.02855931433417e-05
3.02846759539673e-05
3.02837588201448e-05
3.02828417418691e-05
3.02819247191351e-05
3.0281007751938e-05
3.02800908402725e-05
3.02791739841337e-05
3.02782571835165e-05
3.02773404384159e-05
3.02764237488268e-05
3.02755071147442e-05
3.0274590536163e-05
3.02736740130782e-05
3.02727575454848e-05
3.02718411333777e-05
3.02709247767519e-05
3.02700084756024e-05
3.0269092229924e-05
3.02681760397118e-05
3.02672599049608e-05
3.02663438256659e-05
3.0265427801822e-05
3.02645118334241e-05
3.02635959204673e-05
3.02626800629464e-05
3.02617642608564e-05
3.02608485141923e-05
3.02599328229491e-05
3.02590171871218e-05
3.02581016067052e-05
3.02571860816944e-05
3.02562706120844e-05
3.025535519787e-05
3.02544398390464e-05
3.02535245356084e-05
3.02526092875511e-05
3.02516940948693e-05
3.02507789575582e-05
3.02498638756126e-05
3.02489488490275e-05
3.02480338777979e-05
3.02471189619189e-05
3.02462041013853e-05
3.02452892961921e-05
3.02443745463344e-05
3.0243459851807e-05
3.02425452126051e-05
3.02416306287235e-05
3.02407161001573e-05
3.02398016269013e-05
3.02388872089507e-05
3.02379728463004e-05
3.02370585389453e-05
3.02361442868805e-05
3.0235230090101e-05
3.02343159486017e-05
3.02334018623776e-05
3.02324878314236e-05
3.02315738557349e-05
3.02306599353064e-05
3.0229746070133e-05
3.02288322602098e-05
3.02279185055317e-05
3.02270048060938e-05
3.02260911618909e-05
3.02251775729182e-05
3.02242640391706e-05
3.02233505606432e-05
3.02224371373308e-05
3.02215237692284e-05
3.02206104563312e-05
3.02196971986341e-05
3.0218783996132e-05
3.021787084882e-05
3.02169577566931e-05
3.02160447197462e-05
3.02151317379744e-05
3.02142188113726e-05
3.02133059399359e-05
3.02123931236593e-05
3.02114803625378e-05
3.02105676565663e-05
3.02096550057398e-05
3.02087424100535e-05
3.02078298695022e-05
3.0206917384081e-05
3.02060049537848e-05
3.02050925786088e-05
3.02041802585478e-05
3.02032679935969e-05
3.02023557837511e-05
3.02014436290055e-05
3.02005315293549e-05
3.01996194847945e-05
3.01987074953192e-05
3.01977955609241e-05
3.01968836816041e-05
3.01959718573542e-05
3.01950600881696e-05
3.01941483740451e-05
3.01932367149758e-05
3.01923251109568e-05
3.0191413561983e-05
3.01905020680494e-05
3.01895906291511e-05
3.0188679245283e-05
3.01877679164403e-05
3.01868566426178e-05
3.01859454238107e-05
3.01850342600139e-05
3.01841231512225e-05
3.01832120974314e-05
3.01823010986358e-05
3.01813901548305e-05
3.01804792660107e-05
3.01795684321714e-05
3.01786576533076e-05
3.01777469294143e-05
3.01768362604865e-05
3.01759256465192e-05
3.01750150875075e-05
3.01741045834465e-05
3.01731941343311e-05
3.01722837401563e-05
3.01713734009172e-05
3.01704631166088e-05
3.01695528872262e-05
3.01686427127644e-05
3.01677325932183e-05
3.01668225285831e-05
3.01659125188537e-05
3.01650025640252e-05
3.01640926640927e-05
3.01631828190511e-05
3.01622730288955e-05
3.01613632936209e-05
3.01604536132223e-05
3.01595439876949e-05
3.01586344170336e-05
3.01577249012335e-05
3.01568154402895e-05
3.01559060341968e-05
3.01549966829504e-05
3.01540873865452e-05
3.01531781449765e-05
3.01522689582391e-05
3.01513598263282e-05
3.01504507492387e-05
3.01495417269658e-05
3.01486327595044e-05
3.01477238468496e-05
3.01468149889964e-05
3.01459061859399e-05
3.01449974376752e-05
3.01440887441973e-05
3.01431801055011e-05
3.01422715215819e-05
3.01413629924345e-05
3.01404545180541e-05
3.01395460984358e-05
3.01386377335744e-05
3.01377294234652e-05
3.01368211681032e-05
3.01359129674833e-05
3.01350048216008e-05
3.01340967304505e-05
3.01331886940276e-05
3.01322807123271e-05
3.01313727853441e-05
3.01304649130736e-05
3.01295570955107e-05
3.01286493326504e-05
3.01277416244878e-05
3.0126833971018e-05
3.01259263722359e-05
3.01250188281368e-05
3.01241113387155e-05
3.01232039039672e-05
3.0122296523887e-05
3.01213891984698e-05
3.01204819277108e-05
3.01195747116051e-05
3.01186675501476e-05
3.01177604433334e-05
3.01168533911577e-05
3.01159463936154e-05
3.01150394507017e-05
3.01141325624115e-05
3.01132257287401e-05
3.01123189496823e-05
3.01114122252334e-05
3.01105055553883e-05
3.01095989401421e-05
3.010869237949e-05
3.01077858734269e-05
3.01068794219479e-05
3.01059730250482e-05
3.01050666827227e-05
3.01041603949666e-05
3.01032541617749e-05
3.01023479831427e-05
3.0101441859065e-05
3.01005357895371e-05
3.00996297745538e-05
3.00987238141103e-05
3.00978179082017e-05
3.0096912056823e-05
3.00960062599693e-05
3.00951005176357e-05
3.00941948298173e-05
3.00932891965092e-05
3.00923836177064e-05
3.00914780934039e-05
3.0090572623597e-05
3.00896672082807e-05
3.008876184745e-05
3.00878565411e-05
3.00869512892259e-05
3.00860460918226e-05
3.00851409488853e-05
3.00842358604091e-05
3.00833308263891e-05
3.00824258468203e-05
3.00815209216978e-05
3.00806160510167e-05
3.00797112347721e-05
3.00788064729592e-05
3.00779017655728e-05
3.00769971126083e-05
3.00760925140606e-05
3.00751879699248e-05
3.00742834801961e-05
3.00733790448695e-05
3.00724746639401e-05
3.0071570337403e-05
3.00706660652533e-05
3.00697618474862e-05
3.00688576840966e-05
3.00679535750797e-05
3.00670495204306e-05
3.00661455201443e-05
3.0065241574216e-05
3.00643376826409e-05
3.00634338454138e-05
3.00625300625301e-05
3.00616263339847e-05
3.00607226597727e-05
3.00598190398894e-05
3.00589154743297e-05
3.00580119630888e-05
3.00571085061617e-05
3.00562051035436e-05
3.00553017552296e-05
3.00543984612148e-05
3.00534952214943e-05
3.00525920360631e-05
3.00516889049165e-05
3.00507858280494e-05
3.00498828054571e-05
3.00489798371345e-05
3.00480769230769e-05
3.00471740632793e-05
3.00462712577369e-05
3.00453685064447e-05
3.00444658093979e-05
3.00435631665916e-05
3.00426605780208e-05
3.00417580436807e-05
3.00408555635664e-05
3.00399531376731e-05
3.00390507659958e-05
3.00381484485296e-05
3.00372461852697e-05
3.00363439762112e-05
3.00354418213492e-05
3.00345397206788e-05
3.00336376741951e-05
3.00327356818933e-05
3.00318337437684e-05
3.00309318598156e-05
3.003003003003e-05
3.00291282544068e-05
3.0028226532941e-05
3.00273248656277e-05
3.00264232524622e-05
3.00255216934394e-05
3.00246201885546e-05
3.00237187378029e-05
3.00228173411793e-05
3.0021915998679e-05
3.00210147102972e-05
3.00201134760289e-05
3.00192122958694e-05
3.00183111698136e-05
3.00174100978568e-05
3.0016509079994e-05
3.00156081162204e-05
3.00147072065312e-05
3.00138063509214e-05
3.00129055493862e-05
3.00120048019208e-05
3.00111041085202e-05
3.00102034691795e-05
3.0009302883894e-05
3.00084023526587e-05
3.00075018754689e-05
3.00066014523195e-05
3.00057010832058e-05
3.00048007681229e-05
3.00039005070659e-05
3.000300030003e-05
3.00021001470103e-05
3.00012000480019e-05
3.0000300003e-05
2.99994000119998e-05
2.99985000749963e-05
2.99976001919846e-05
2.99967003629601e-05
2.99958005879177e-05
2.99949008668526e-05
2.999400119976e-05
2.99931015866351e-05
2.99922020274729e-05
2.99913025222685e-05
2.99904030710173e-05
2.99895036737142e-05
2.99886043303545e-05
2.99877050409332e-05
2.99868058054456e-05
2.99859066238868e-05
2.99850074962519e-05
2.99841084225361e-05
2.99832094027345e-05
2.99823104368423e-05
2.99814115248546e-05
2.99805126667666e-05
2.99796138625734e-05
2.99787151122703e-05
2.99778164158523e-05
2.99769177733145e-05
2.99760191846523e-05
2.99751206498606e-05
2.99742221689347e-05
2.99733237418697e-05
2.99724253686608e-05
2.99715270493032e-05
2.99706287837919e-05
2.99697305721222e-05
2.99688324142891e-05
2.9967934310288e-05
2.99670362601139e-05
2.99661382637619e-05
2.99652403212274e-05
2.99643424325053e-05
2.99634445975909e-05
2.99625468164794e-05
2.99616490891659e-05
2.99607514156455e-05
2.99598537959135e-05
2.99589562299649e-05
2.99580587177951e-05
2.99571612593991e-05
2.9956263854772e-05
2.99553665039092e-05
2.99544692068057e-05
2.99535719634566e-05
2.99526747738573e-05
2.99517776380028e-05
2.99508805558883e-05
2.99499835275091e-05
2.99490865528601e-05
2.99481896319367e-05
2.99472927647341e-05
2.99463959512473e-05
2.99454991914715e-05
2.9944602485402e-05
2.99437058330339e-05
2.99428092343624e-05
2.99419126893826e-05
2.99410161980898e-05
2.9940119760479e-05
2.99392233765456e-05
2.99383270462847e-05
2.99374307696913e-05
2.99365345467609e-05
2.99356383774884e-05
2.99347422618691e-05
2.99338461998982e-05
2.99329501915709e-05
2.99320542368823e-05
2.99311583358276e-05
2.9930262488402e-05
2.99293666946007e-05
2.99284709544189e-05
2.99275752678518e-05
2.99266796348945e-05
2.99257840555423e-05
2.99248885297902e-05
2.99239930576336e-05
2.99230976390676e-05
2.99222022740874e-05
2.99213069626881e-05
2.99204117048651e-05
2.99195165006133e-05
2.99186213499282e-05
2.99177262528048e-05
2.99168312092383e-05
2.9915936219224e-05
2.9915041282757e-05
2.99141463998325e-05
2.99132515704457e-05
2.99123567945918e-05
2.99114620722661e-05
2.99105674034636e-05
2.99096727881797e-05
2.99087782264095e-05
2.99078837181481e-05
2.99069892633909e-05
2.99060948621329e-05
2.99052005143694e-05
2.99043062200957e-05
2.99034119793068e-05
2.99025177919981e-05
2.99016236581646e-05
2.99007295778017e-05
2.98998355509045e-05
2.98989415774682e-05
2.9898047657488e-05
2.98971537909591e-05
2.98962599778768e-05
2.98953662182362e-05
2.98944725120325e-05
2.9893578859261e-05
2.98926852599169e-05
2.98917917139953e-05
2.98908982214916e-05
2.98900047824008e-05
2.98891113967182e-05
2.9888218064439e-05
2.98873247855584e-05
2.98864315600717e-05
2.98855383879741e-05
2.98846452692607e-05
2.98837522039267e-05
2.98828591919675e-05
2.98819662333782e-05
2.98810733281539e-05
2.98801804762901e-05
2.98792876777818e-05
2.98783949326242e-05
2.98775022408127e-05
2.98766096023423e-05
2.98757170172084e-05
2.98748244854061e-05
2.98739320069308e-05
2.98730395817774e-05
2.98721472099414e-05
2.9871254891418e-05
2.98703626262023e-05
2.98694704142896e-05
2.9868578255675e-05
2.98676861503539e-05
2.98667940983215e-05
2.98659020995729e-05
2.98650101541035e-05
2.98641182619083e-05
2.98632264229827e-05
2.98623346373219e-05
2.98614429049212e-05
2.98605512257756e-05
2.98596595998806e-05
2.98587680272312e-05
2.98578765078228e-05
2.98569850416505e-05
2.98560936287096e-05
2.98552022689954e-05
2.9854310962503e-05
2.98534197092277e-05
2.98525285091647e-05
2.98516373623093e-05
2.98507462686567e-05
2.98498552282021e-05
2.98489642409408e-05
2.9848073306868e-05
2.9847182425979e-05
2.98462915982689e-05
2.98454008237331e-05
2.98445101023667e-05
2.9843619434165e-05
2.98427288191232e-05
2.98418382572366e-05
2.98409477485005e-05
2.984005729291e-05
2.98391668904604e-05
2.9838276541147e-05
2.98373862449649e-05
2.98364960019095e-05
2.9835605811976e-05
2.98347156751596e-05
2.98338255914556e-05
2.98329355608592e-05
2.98320455833657e-05
2.98311556589702e-05
2.98302657876682e-05
2.98293759694547e-05
2.98284862043251e-05
2.98275964922747e-05
2.98267068332985e-05
2.9825817227392e-05
2.98249276745504e-05
2.98240381747689e-05
2.98231487280427e-05
2.98222593343672e-05
2.98213699937375e-05
2.9820480706149e-05
2.98195914715968e-05
2.98187022900763e-05
2.98178131615827e-05
2.98169240861113e-05
2.98160350636572e-05
2.98151460942159e-05
2.98142571777824e-05
2.98133683143522e-05
2.98124795039203e-05
2.98115907464822e-05
2.98107020420331e-05
2.98098133905682e-05
2.98089247920827e-05
2.98080362465721e-05
2.98071477540314e-05
2.9806259314456e-05
2.98053709278412e-05
2.98044825941822e-05
2.98035943134742e-05
2.98027060857126e-05
2.98018179108926e-05
2.98009297890094e-05
2.98000417200584e-05
2.97991537040348e-05
2.97982657409339e-05
2.97973778307509e-05
2.97964899734811e-05
2.97956021691198e-05
2.97947144176623e-05
2.97938267191038e-05
2.97929390734396e-05
2.9792051480665e-05
2.97911639407752e-05
2.97902764537655e-05
2.97893890196312e-05
2.97885016383676e-05
2.97876143099699e-05
2.97867270344335e-05
2.97858398117535e-05
2.97849526419253e-05
2.97840655249442e-05
2.97831784608053e-05
2.97822914495041e-05
2.97814044910358e-05
2.97805175853956e-05
2.97796307325789e-05
2.97787439325809e-05
2.97778571853969e-05
2.97769704910222e-05
2.97760838494521e-05
2.97751972606819e-05
2.97743107247067e-05
2.9773424241522e-05
2.9772537811123e-05
2.9771651433505e-05
2.97707651086633e-05
2.97698788365931e-05
2.97689926172898e-05
2.97681064507487e-05
2.97672203369649e-05
2.97663342759339e-05
2.97654482676509e-05
2.97645623121112e-05
2.97636764093101e-05
2.97627905592428e-05
2.97619047619048e-05
2.97610190172912e-05
2.97601333253973e-05
2.97592476862185e-05
2.975836209975e-05
2.97574765659872e-05
2.97565910849253e-05
2.97557056565596e-05
2.97548202808855e-05
2.97539349578982e-05
2.9753049687593e-05
2.97521644699652e-05
2.97512793050101e-05
2.97503941927231e-05
2.97495091330993e-05
2.97486241261342e-05
2.97477391718229e-05
2.97468542701609e-05
2.97459694211434e-05
2.97450846247658e-05
2.97441998810232e-05
2.97433151899111e-05
2.97424305514247e-05
2.97415459655593e-05
2.97406614323103e-05
2.97397769516729e-05
2.97388925236424e-05
2.97380081482142e-05
2.97371238253836e-05
2.97362395551459e-05
2.97353553374963e-05
2.97344711724302e-05
2.97335870599429e-05
2.97327030000297e-05
2.9731818992686e-05
2.97309350379069e-05
2.9730051135688e-05
2.97291672860243e-05
2.97282834889113e-05
2.97273997443444e-05
2.97265160523187e-05
2.97256324128296e-05
2.97247488258724e-05
2.97238652914425e-05
2.97229818095351e-05
2.97220983801456e-05
2.97212150032693e-05
2.97203316789015e-05
2.97194484070376e-05
2.97185651876727e-05
2.97176820208024e-05
2.97167989064218e-05
2.97159158445263e-05
2.97150328351113e-05
2.9714149878172e-05
2.97132669737038e-05
2.97123841217019e-05
2.97115013221618e-05
2.97106185750787e-05
2.9709735880448e-05
2.9708853238265e-05
2.9707970648525e-05
2.97070881112233e-05
2.97062056263553e-05
2.97053231939163e-05
2.97044408139017e-05
2.97035584863067e-05
2.97026762111266e-05
2.97017939883569e-05
2.97009118179928e-05
2.97000297000297e-05
2.96991476344629e-05
2.96982656212877e-05
2.96973836604995e-05
2.96965017520936e-05
2.96956198960653e-05
2.969473809241e-05
2.9693856341123e-05
2.96929746421997e-05
2.96920929956353e-05
2.96912114014252e-05
2.96903298595647e-05
2.96894483700493e-05
2.96885669328741e-05
2.96876855480347e-05
2.96868042155262e-05
2.96859229353441e-05
2.96850417074836e-05
2.96841605319402e-05
2.96832794087091e-05
2.96823983377857e-05
2.96815173191654e-05
2.96806363528434e-05
2.96797554388152e-05
2.9678874577076e-05
2.96779937676213e-05
2.96771130104463e-05
2.96762323055465e-05
2.96753516529171e-05
2.96744710525535e-05
2.9673590504451e-05
2.96727100086051e-05
2.9671829565011e-05
2.96709491736641e-05
2.96700688345597e-05
2.96691885476932e-05
2.966830831306e-05
2.96674281306554e-05
2.96665480004747e-05
2.96656679225133e-05
2.96647878967665e-05
2.96639079232298e-05
2.96630280018984e-05
2.96621481327678e-05
2.96612683158332e-05
2.966038855109e-05
2.96595088385336e-05
2.96586291781594e-05
2.96577495699626e-05
2.96568700139387e-05
2.9655990510083e-05
2.96551110583909e-05
2.96542316588577e-05
2.96533523114788e-05
2.96524730162496e-05
2.96515937731653e-05
2.96507145822214e-05
2.96498354434133e-05
2.96489563567362e-05
2.96480773221857e-05
2.96471983397569e-05
2.96463194094453e-05
2.96454405312463e-05
2.96445617051552e-05
2.96436829311674e-05
2.96428042092782e-05
2.9641925539483e-05
2.96410469217773e-05
2.96401683561563e-05
2.96392898426154e-05
2.963841138115e-05
2.96375329717554e-05
2.96366546144271e-05
2.96357763091604e-05
2.96348980559507e-05
2.96340198547933e-05
2.96331417056836e-05
2.96322636086171e-05
2.9631385563589e-05
2.96305075705947e-05
2.96296296296296e-05
2.96287517406892e-05
2.96278739037687e-05
2.96269961188635e-05
2.96261183859691e-05
2.96252407050807e-05
2.96243630761939e-05
2.96234854993038e-05
2.96226079744061e-05
2.96217305014959e-05
2.96208530805687e-05
2.96199757116199e-05
2.96190983946449e-05
2.9618221129639e-05
2.96173439165976e-05
2.96164667555161e-05
2.96155896463899e-05
2.96147125892143e-05
2.96138355839848e-05
2.96129586306968e-05
2.96120817293456e-05
2.96112048799266e-05
2.96103280824352e-05
2.96094513368667e-05
2.96085746432167e-05
2.96076980014804e-05
2.96068214116532e-05
2.96059448737306e-05
2.9605068387708e-05
2.96041919535806e-05
2.9603315571344e-05
2.96024392409935e-05
2.96015629625244e-05
2.96006867359323e-05
2.95998105612124e-05
2.95989344383602e-05
2.95980583673711e-05
2.95971823482404e-05
2.95963063809637e-05
2.95954304655361e-05
2.95945546019532e-05
2.95936787902104e-05
2.9592803030303e-05
2.95919273222265e-05
2.95910516659762e-05
2.95901760615476e-05
2.9589300508936e-05
2.95884250081368e-05
2.95875495591455e-05
2.95866741619575e-05
2.9585798816568e-05
2.95849235229727e-05
2.95840482811668e-05
2.95831730911458e-05
2.9582297952905e-05
2.95814228664399e-05
2.95805478317458e-05
2.95796728488183e-05
2.95787979176526e-05
2.95779230382443e-05
2.95770482105886e-05
2.9576173434681e-05
2.9575298710517e-05
2.95744240380919e-05
2.95735494174011e-05
2.957267484844e-05
2.95718003312042e-05
2.95709258656889e-05
2.95700514518895e-05
2.95691770898016e-05
2.95683027794205e-05
2.95674285207416e-05
2.95665543137603e-05
2.9565680158472e-05
2.95648060548723e-05
2.95639320029564e-05
2.95630580027198e-05
2.95621840541579e-05
2.95613101572662e-05
2.956043631204e-05
2.95595625184747e-05
2.95586887765659e-05
2.95578150863088e-05
2.9556941447699e-05
2.95560678607318e-05
2.95551943254027e-05
2.95543208417071e-05
2.95534474096403e-05
2.95525740291979e-05
2.95517007003753e-05
2.95508274231678e-05
2.9549954197571e-05
2.95490810235802e-05
2.95482079011908e-05
2.95473348303983e-05
2.95464618111981e-05
2.95455888435857e-05
2.95447159275564e-05
2.95438430631056e-05
2.9542970250229e-05
2.95420974889217e-05
2.95412247791793e-05
2.95403521209973e-05
2.9539479514371e-05
2.95386069592958e-05
2.95377344557672e-05
2.95368620037807e-05
2.95359896033317e-05
2.95351172544155e-05
2.95342449570277e-05
2.95333727111636e-05
2.95325005168188e-05
2.95316283739885e-05
2.95307562826684e-05
2.95298842428538e-05
2.95290122545401e-05
2.95281403177228e-05
2.95272684323973e-05
2.95263965985591e-05
2.95255248162036e-05
2.95246530853262e-05
2.95237814059225e-05
2.95229097779877e-05
2.95220382015174e-05
2.95211666765071e-05
2.9520295202952e-05
2.95194237808478e-05
2.95185524101898e-05
2.95176810909735e-05
2.95168098231943e-05
2.95159386068477e-05
2.95150674419291e-05
2.9514196328434e-05
2.95133252663578e-05
2.95124542556959e-05
2.95115832964439e-05
2.95107123885971e-05
2.9509841532151e-05
2.9508970727101e-05
2.95080999734427e-05
2.95072292711714e-05
2.95063586202827e-05
2.95054880207719e-05
2.95046174726345e-05
2.95037469758659e-05
2.95028765304617e-05
2.95020061364173e-05
2.95011357937281e-05
2.95002655023895e-05
2.94993952623971e-05
2.94985250737463e-05
2.94976549364326e-05
2.94967848504513e-05
2.9495914815798e-05
2.94950448324681e-05
2.94941749004572e-05
2.94933050197605e-05
2.94924351903737e-05
2.94915654122921e-05
2.94906956855112e-05
2.94898260100265e-05
2.94889563858335e-05
2.94880868129276e-05
2.94872172913042e-05
2.94863478209589e-05
2.94854784018871e-05
2.94846090340842e-05
2.94837397175458e-05
2.94828704522672e-05
2.94820012382441e-05
2.94811320754717e-05
2.94802629639456e-05
2.94793939036613e-05
2.94785248946143e-05
2.94776559367999e-05
2.94767870302137e-05
2.94759181748511e-05
2.94750493707077e-05
2.94741806177788e-05
2.947331191606e-05
2.94724432655467e-05
2.94715746662344e-05
2.94707061181186e-05
2.94698376211947e-05
2.94689691754582e-05
2.94681007809047e-05
2.94672324375295e-05
2.94663641453281e-05
2.94654959042961e-05
2.94646277144288e-05
2.94637595757219e-05
2.94628914881706e-05
2.94620234517707e-05
2.94611554665174e-05
2.94602875324063e-05
2.94594196494329e-05
2.94585518175926e-05
2.9457684036881e-05
2.94568163072935e-05
2.94559486288256e-05
2.94550810014728e-05
2.94542134252305e-05
2.94533459000942e-05
2.94524784260596e-05
2.94516110031219e-05
2.94507436312767e-05
2.94498763105195e-05
2.94490090408458e-05
2.9448141822251e-05
2.94472746547307e-05
2.94464075382803e-05
2.94455404728954e-05
2.94446734585713e-05
2.94438064953037e-05
2.9442939583088e-05
2.94420727219196e-05
2.94412059117941e-05
2.9440339152707e-05
2.94394724446538e-05
2.94386057876299e-05
2.94377391816309e-05
2.94368726266521e-05
2.94360061226893e-05
2.94351396697377e-05
2.9434273267793e-05
2.94334069168506e-05
2.94325406169061e-05
2.94316743679548e-05
2.94308081699923e-05
2.94299420230142e-05
2.94290759270159e-05
2.94282098819929e-05
2.94273438879407e-05
2.94264779448548e-05
2.94256120527307e-05
2.94247462115639e-05
2.942388042135e-05
2.94230146820843e-05
2.94221489937625e-05
2.942128335638e-05
2.94204177699323e-05
2.9419552234415e-05
2.94186867498235e-05
2.94178213161533e-05
2.94169559334e-05
2.94160906015591e-05
2.9415225320626e-05
2.94143600905962e-05
2.94134949114654e-05
2.94126297832289e-05
2.94117647058824e-05
2.94108996794212e-05
2.9410034703841e-05
2.94091697791371e-05
2.94083049053053e-05
2.94074400823408e-05
2.94065753102394e-05
2.94057105889964e-05
2.94048459186074e-05
2.94039812990679e-05
2.94031167303734e-05
2.94022522125195e-05
2.94013877455016e-05
2.94005233293153e-05
2.9399658963956e-05
2.93987946494194e-05
2.93979303857008e-05
2.9397066172796e-05
2.93962020107002e-05
2.93953378994092e-05
2.93944738389183e-05
2.93936098292231e-05
2.93927458703192e-05
2.9391881962202e-05
2.93910181048672e-05
2.93901542983101e-05
2.93892905425263e-05
2.93884268375114e-05
2.93875631832608e-05
2.93866995797702e-05
2.9385836027035e-05
2.93849725250507e-05
2.93841090738129e-05
2.93832456733171e-05
2.93823823235588e-05
2.93815190245336e-05
2.93806557762369e-05
2.93797925786644e-05
2.93789294318115e-05
2.93780663356738e-05
2.93772032902468e-05
2.9376340295526e-05
2.9375477351507e-05
2.93746144581852e-05
2.93737516155563e-05
2.93728888236158e-05
2.93720260823592e-05
2.93711633917819e-05
2.93703007518797e-05
2.93694381626479e-05
2.93685756240822e-05
2.93677131361781e-05
2.9366850698931e-05
2.93659883123367e-05
2.93651259763904e-05
2.93642636910879e-05
2.93634014564247e-05
2.93625392723963e-05
2.93616771389982e-05
2.9360815056226e-05
2.93599530240752e-05
2.93590910425413e-05
2.935822911162e-05
2.93573672313067e-05
2.9356505401597e-05
2.93556436224864e-05
2.93547818939705e-05
2.93539202160449e-05
2.93530585887049e-05
2.93521970119463e-05
2.93513354857646e-05
2.93504740101553e-05
2.93496125851139e-05
2.9348751210636e-05
2.93478898867171e-05
2.93470286133529e-05
2.93461673905388e-05
2.93453062182704e-05
2.93444450965432e-05
2.93435840253529e-05
2.93427230046948e-05
2.93418620345647e-05
2.9341001114958e-05
2.93401402458704e-05
2.93392794272973e-05
2.93384186592343e-05
2.93375579416769e-05
2.93366972746208e-05
2.93358366580615e-05
2.93349760919945e-05
2.93341155764154e-05
2.93332551113197e-05
2.9332394696703e-05
2.93315343325609e-05
2.9330674018889e-05
2.93298137556827e-05
2.93289535429376e-05
2.93280933806493e-05
2.93272332688134e-05
2.93263732074254e-05
2.93255131964809e-05
2.93246532359755e-05
2.93237933259046e-05
2.9322933466264e-05
2.9322073657049e-05
2.93212138982554e-05
2.93203541898786e-05
2.93194945319143e-05
2.93186349243579e-05
2.93177753672051e-05
2.93169158604515e-05
2.93160564040925e-05
2.93151969981238e-05
2.9314337642541e-05
2.93134783373395e-05
2.9312619082515e-05
2.93117598780631e-05
2.93109007239792e-05
2.93100416202591e-05
2.93091825668982e-05
2.93083235638921e-05
2.93074646112365e-05
2.93066057089268e-05
2.93057468569587e-05
2.93048880553276e-05
2.93040293040293e-05
2.93031706030593e-05
2.9302311952413e-05
2.93014533520863e-05
2.93005948020745e-05
2.92997363023733e-05
2.92988778529782e-05
2.92980194538849e-05
2.92971611050889e-05
2.92963028065858e-05
2.92954445583712e-05
2.92945863604406e-05
2.92937282127896e-05
2.92928701154139e-05
2.9292012068309e-05
2.92911540714704e-05
2.92902961248938e-05
2.92894382285748e-05
2.92885803825089e-05
2.92877225866917e-05
2.92868648411188e-05
2.92860071457857e-05
2.92851495006882e-05
2.92842919058217e-05
2.92834343611819e-05
2.92825768667643e-05
2.92817194225645e-05
2.92808620285781e-05
2.92800046848007e-05
2.9279147391228e-05
2.92782901478554e-05
2.92774329546785e-05
2.92765758116931e-05
2.92757187188945e-05
2.92748616762786e-05
2.92740046838407e-05
2.92731477415767e-05
2.92722908494819e-05
2.9271434007552e-05
2.92705772157827e-05
2.92697204741695e-05
2.9268863782708e-05
2.92680071413937e-05
2.92671505502224e-05
2.92662940091896e-05
2.92654375182909e-05
2.92645810775219e-05
2.92637246868781e-05
2.92628683463553e-05
2.9262012055949e-05
2.92611558156547e-05
2.92602996254682e-05
2.92594434853849e-05
2.92585873954005e-05
2.92577313555107e-05
2.92568753657109e-05
2.92560194259969e-05
2.92551635363642e-05
2.92543076968084e-05
2.92534519073251e-05
2.92525961679099e-05
2.92517404785585e-05
2.92508848392664e-05
2.92500292500293e-05
2.92491737108427e-05
2.92483182217023e-05
2.92474627826036e-05
2.92466073935424e-05
2.92457520545141e-05
2.92448967655144e-05
2.9244041526539e-05
2.92431863375833e-05
2.92423311986432e-05
2.9241476109714e-05
2.92406210707915e-05
2.92397660818713e-05
2.9238911142949e-05
2.92380562540202e-05
2.92372014150805e-05
2.92363466261256e-05
2.9235491887151e-05
2.92346371981524e-05
2.92337825591253e-05
2.92329279700655e-05
2.92320734309685e-05
2.92312189418299e-05
2.92303645026453e-05
2.92295101134105e-05
2.92286557741209e-05
2.92278014847723e-05
2.92269472453602e-05
2.92260930558803e-05
2.92252389163281e-05
2.92243848266994e-05
2.92235307869897e-05
2.92226767971946e-05
2.92218228573098e-05
2.9220968967331e-05
2.92201151272536e-05
2.92192613370734e-05
2.9218407596786e-05
2.9217553906387e-05
2.9216700265872e-05
2.92158466752366e-05
2.92149931344766e-05
2.92141396435875e-05
2.92132862025649e-05
2.92124328114045e-05
2.92115794701019e-05
2.92107261786528e-05
2.92098729370527e-05
2.92090197452973e-05
2.92081666033823e-05
2.92073135113032e-05
2.92064604690558e-05
2.92056074766355e-05
2.92047545340381e-05
2.92039016412593e-05
2.92030487982945e-05
2.92021960051396e-05
2.920134326179e-05
2.92004905682415e-05
2.91996379244897e-05
2.91987853305302e-05
2.91979327863587e-05
2.91970802919708e-05
2.91962278473621e-05
2.91953754525283e-05
2.9194523107465e-05
2.91936708121679e-05
2.91928185666326e-05
2.91919663708547e-05
2.919111422483e-05
2.91902621285539e-05
2.91894100820222e-05
2.91885580852306e-05
2.91877061381746e-05
2.91868542408499e-05
2.91860023932522e-05
2.91851505953771e-05
2.91842988472202e-05
2.91834471487772e-05
2.91825955000438e-05
2.91817439010155e-05
2.91808923516881e-05
2.91800408520572e-05
2.91791894021184e-05
2.91783380018674e-05
2.91774866512999e-05
2.91766353504114e-05
2.91757840991977e-05
2.91749328976543e-05
2.91740817457771e-05
2.91732306435615e-05
2.91723795910032e-05
2.9171528588098e-05
2.91706776348415e-05
2.91698267312292e-05
2.91689758772569e-05
2.91681250729203e-05
2.9167274318215e-05
2.91664236131366e-05
2.91655729576808e-05
2.91647223518432e-05
2.91638717956196e-05
2.91630212890055e-05
2.91621708319967e-05
2.91613204245888e-05
2.91604700667775e-05
2.91596197585583e-05
2.91587694999271e-05
2.91579192908794e-05
2.91570691314109e-05
2.91562190215173e-05
2.91553689611942e-05
2.91545189504373e-05
2.91536689892423e-05
2.91528190776048e-05
2.91519692155205e-05
2.91511194029851e-05
2.91502696399942e-05
2.91494199265435e-05
2.91485702626286e-05
2.91477206482453e-05
2.91468710833892e-05
2.9146021568056e-05
2.91451721022413e-05
2.91443226859408e-05
2.91434733191502e-05
2.91426240018651e-05
2.91417747340813e-05
2.91409255157944e-05
2.9140076347e-05
2.91392272276939e-05
2.91383781578717e-05
2.91375291375291e-05
2.91366801666618e-05
2.91358312452654e-05
2.91349823733357e-05
2.91341335508682e-05
2.91332847778587e-05
2.91324360543029e-05
2.91315873801963e-05
2.91307387555348e-05
2.9129890180314e-05
2.91290416545296e-05
2.91281931781772e-05
2.91273447512525e-05
2.91264963737512e-05
2.9125648045669e-05
2.91247997670016e-05
2.91239515377446e-05
2.91231033578938e-05
2.91222552274448e-05
2.91214071463933e-05
2.9120559114735e-05
2.91197111324656e-05
2.91188631995807e-05
2.91180153160761e-05
2.91171674819474e-05
2.91163196971903e-05
2.91154719618005e-05
2.91146242757737e-05
2.91137766391056e-05
2.91129290517919e-05
2.91120815138282e-05
2.91112340252103e-05
2.91103865859339e-05
2.91095391959945e-05
2.9108691855388e-05
2.910784456411e-05
2.91069973221562e-05
2.91061501295224e-05
2.91053029862041e-05
2.91044558921971e-05
2.91036088474971e-05
2.91027618520998e-05
2.91019149060008e-05
2.91010680091959e-05
2.91002211616808e-05
2.90993743634512e-05
2.90985276145027e-05
2.90976809148311e-05
2.9096834264432e-05
2.90959876633012e-05
2.90951411114344e-05
2.90942946088272e-05
2.90934481554754e-05
2.90926017513746e-05
2.90917553965206e-05
2.90909090909091e-05
2.90900628345357e-05
2.90892166273962e-05
2.90883704694863e-05
2.90875243608017e-05
2.9086678301338e-05
2.9085832291091e-05
2.90849863300564e-05
2.90841404182299e-05
2.90832945556073e-05
2.90824487421841e-05
2.90816029779561e-05
2.90807572629191e-05
2.90799115970687e-05
2.90790659804007e-05
2.90782204129107e-05
2.90773748945945e-05
2.90765294254478e-05
2.90756840054662e-05
2.90748386346456e-05
2.90739933129815e-05
2.90731480404698e-05
2.90723028171061e-05
2.90714576428862e-05
2.90706125178058e-05
2.90697674418605e-05
2.90689224150461e-05
2.90680774373583e-05
2.90672325087928e-05
2.90663876293454e-05
2.90655427990118e-05
2.90646980177876e-05
2.90638532856686e-05
2.90630086026505e-05
2.90621639687291e-05
2.90613193839e-05
2.9060474848159e-05
2.90596303615018e-05
2.90587859239241e-05
2.90579415354216e-05
2.90570971959901e-05
2.90562529056253e-05
2.90554086643229e-05
2.90545644720786e-05
2.90537203288881e-05
2.90528762347472e-05
2.90520321896517e-05
2.90511881935971e-05
2.90503442465793e-05
2.9049500348594e-05
2.90486564996369e-05
2.90478126997037e-05
2.90469689487902e-05
2.90461252468921e-05
2.90452815940051e-05
2.90444379901249e-05
2.90435944352473e-05
2.9042750929368e-05
2.90419074724828e-05
2.90410640645873e-05
2.90402207056774e-05
2.90393773957486e-05
2.90385341347969e-05
2.90376909228178e-05
2.90368477598072e-05
2.90360046457607e-05
2.90351615806742e-05
2.90343185645433e-05
2.90334755973638e-05
2.90326326791313e-05
2.90317898098418e-05
2.90309469894908e-05
2.90301042180741e-05
2.90292614955876e-05
2.90284188220268e-05
2.90275761973875e-05
2.90267336216656e-05
2.90258910948566e-05
2.90250486169564e-05
2.90242061879608e-05
2.90233638078653e-05
2.90225214766659e-05
2.90216791943582e-05
2.9020836960938e-05
2.90199947764009e-05
2.90191526407429e-05
2.90183105539595e-05
2.90174685160467e-05
2.9016626527e-05
2.90157845868152e-05
2.90149426954882e-05
2.90141008530146e-05
2.90132590593901e-05
2.90124173146107e-05
2.90115756186718e-05
2.90107339715695e-05
2.90098923732993e-05
2.9009050823857e-05
2.90082093232385e-05
2.90073678714393e-05
2.90065264684554e-05
2.90056851142824e-05
2.90048438089161e-05
2.90040025523522e-05
2.90031613445866e-05
2.90023201856148e-05
2.90014790754328e-05
2.90006380140363e-05
2.8999797001421e-05
2.89989560375826e-05
2.8998115122517e-05
2.89972742562199e-05
2.8996433438687e-05
2.89955926699142e-05
2.89947519498971e-05
2.89939112786315e-05
2.89930706561132e-05
2.89922300823379e-05
2.89913895573015e-05
2.89905490809996e-05
2.8989708653428e-05
2.89888682745826e-05
2.89880279444589e-05
2.89871876630529e-05
2.89863474303603e-05
2.89855072463768e-05
2.89846671110982e-05
2.89838270245203e-05
2.89829869866388e-05
2.89821469974496e-05
2.89813070569483e-05
2.89804671651307e-05
2.89796273219926e-05
2.89787875275298e-05
2.89779477817381e-05
2.89771080846132e-05
2.89762684361508e-05
2.89754288363468e-05
2.89745892851969e-05
2.89737497826969e-05
2.89729103288425e-05
2.89720709236296e-05
2.89712315670539e-05
2.89703922591112e-05
2.89695529997972e-05
2.89687137891078e-05
2.89678746270386e-05
2.89670355135855e-05
2.89661964487443e-05
2.89653574325107e-05
2.89645184648805e-05
2.89636795458495e-05
2.89628406754134e-05
2.89620018535681e-05
2.89611630803093e-05
2.89603243556328e-05
2.89594856795343e-05
2.89586470520097e-05
2.89578084730548e-05
2.89569699426652e-05
2.89561314608368e-05
2.89552930275654e-05
2.89544546428468e-05
2.89536163066767e-05
2.89527780190509e-05
2.89519397799653e-05
2.89511015894155e-05
2.89502634473974e-05
2.89494253539067e-05
2.89485873089393e-05
2.8947749312491e-05
2.89469113645574e-05
2.89460734651345e-05
2.89452356142179e-05
2.89443978118035e-05
2.89435600578871e-05
2.89427223524645e-05
2.89418846955314e-05
2.89410470870836e-05
2.8940209527117e-05
2.89393720156273e-05
2.89385345526103e-05
2.89376971380618e-05
2.89368597719775e-05
2.89360224543534e-05
2.89351851851852e-05
2.89343479644686e-05
2.89335107921995e-05
2.89326736683737e-05
2.89318365929869e-05
2.8930999566035e-05
2.89301625875137e-05
2.89293256574189e-05
2.89284887757464e-05
2.89276519424918e-05
2.89268151576511e-05
2.89259784212201e-05
2.89251417331945e-05
2.89243050935701e-05
2.89234685023428e-05
2.89226319595083e-05
2.89217954650625e-05
2.89209590190011e-05
2.89201226213199e-05
2.89192862720148e-05
2.89184499710816e-05
2.89176137185159e-05
2.89167775143138e-05
2.89159413584709e-05
2.89151052509831e-05
2.89142691918462e-05
2.89134331810559e-05
2.89125972186081e-05
2.89117613044987e-05
2.89109254387233e-05
2.89100896212778e-05
2.89092538521581e-05
2.89084181313599e-05
2.8907582458879e-05
2.89067468347112e-05
2.89059112588524e-05
2.89050757312984e-05
2.8904240252045e-05
2.89034048210879e-05
2.89025694384231e-05
2.89017341040462e-05
2.89008988179532e-05
2.89000635801399e-05
2.8899228390602e-05
2.88983932493353e-05
2.88975581563358e-05
2.88967231115991e-05
2.88958881151212e-05
2.88950531668978e-05
2.88942182669248e-05
2.88933834151979e-05
2.8892548611713e-05
2.8891713856466e-05
2.88908791494525e-05
2.88900444906685e-05
2.88892098801098e-05
2.88883753177721e-05
2.88875408036514e-05
2.88867063377434e-05
2.88858719200439e-05
2.88850375505488e-05
2.88842032292539e-05
2.8883368956155e-05
2.8882534731248e-05
2.88817005545287e-05
2.88808664259928e-05
2.88800323456362e-05
2.88791983134548e-05
2.88783643294444e-05
2.88775303936007e-05
2.88766965059197e-05
2.88758626663972e-05
2.88750288750289e-05
2.88741951318107e-05
2.88733614367385e-05
2.8872527789808e-05
2.88716941910151e-05
2.88708606403557e-05
2.88700271378255e-05
2.88691936834204e-05
2.88683602771363e-05
2.88675269189689e-05
2.8866693608914e-05
2.88658603469676e-05
2.88650271331255e-05
2.88641939673835e-05
2.88633608497373e-05
2.8862527780183e-05
2.88616947587162e-05
2.88608617853329e-05
2.88600288600289e-05
2.88591959827999e-05
2.88583631536419e-05
2.88575303725507e-05
2.88566976395221e-05
2.8855864954552e-05
2.88550323176362e-05
2.88541997287705e-05
2.88533671879508e-05
2.8852534695173e-05
2.88517022504328e-05
2.88508698537261e-05
2.88500375050488e-05
2.88492052043966e-05
2.88483729517655e-05
2.88475407471513e-05
2.88467085905498e-05
2.88458764819569e-05
2.88450444213684e-05
2.88442124087802e-05
2.88433804441881e-05
2.88425485275879e-05
2.88417166589755e-05
2.88408848383468e-05
2.88400530656976e-05
2.88392213410238e-05
2.88383896643211e-05
2.88375580355855e-05
2.88367264548128e-05
2.88358949219989e-05
2.88350634371396e-05
2.88342320002307e-05
2.88334006112681e-05
2.88325692702477e-05
2.88317379771653e-05
2.88309067320167e-05
2.88300755347979e-05
2.88292443855047e-05
2.88284132841328e-05
2.88275822306783e-05
2.88267512251369e-05
2.88259202675045e-05
2.8825089357777e-05
2.88242584959502e-05
2.88234276820199e-05
2.88225969159821e-05
2.88217661978326e-05
2.88209355275672e-05
2.88201049051819e-05
2.88192743306724e-05
2.88184438040346e-05
2.88176133252644e-05
2.88167828943577e-05
2.88159525113103e-05
2.8815122176118e-05
2.88142918887768e-05
2.88134616492825e-05
2.8812631457631e-05
2.88118013138181e-05
2.88109712178398e-05
2.88101411696917e-05
2.88093111693699e-05
2.88084812168702e-05
2.88076513121885e-05
2.88068214553206e-05
2.88059916462624e-05
2.88051618850098e-05
2.88043321715586e-05
2.88035025059047e-05
2.8802672888044e-05
2.88018433179724e-05
2.88010137956856e-05
2.88001843211797e-05
2.87993548944504e-05
2.87985255154936e-05
2.87976961843053e-05
2.87968669008812e-05
2.87960376652173e-05
2.87952084773094e-05
2.87943793371534e-05
2.87935502447452e-05
2.87927212000806e-05
2.87918922031556e-05
2.8791063253966e-05
2.87902343525076e-05
2.87894054987765e-05
2.87885766927683e-05
2.87877479344791e-05
2.87869192239047e-05
2.87860905610409e-05
2.87852619458837e-05
2.87844333784289e-05
2.87836048586725e-05
2.87827763866103e-05
2.87819479622381e-05
2.87811195855519e-05
2.87802912565475e-05
2.87794629752209e-05
2.87786347415679e-05
2.87778065555843e-05
2.87769784172662e-05
2.87761503266093e-05
2.87753222836096e-05
2.87744942882629e-05
2.87736663405651e-05
2.87728384405122e-05
2.87720105880999e-05
2.87711827833242e-05
2.8770355026181e-05
2.87695273166662e-05
2.87686996547756e-05
2.87678720405052e-05
2.87670444738508e-05
2.87662169548083e-05
2.87653894833736e-05
2.87645620595426e-05
2.87637346833113e-05
2.87629073546754e-05
2.87620800736309e-05
2.87612528401737e-05
2.87604256542997e-05
2.87595985160047e-05
2.87587714252847e-05
2.87579443821356e-05
2.87571173865532e-05
2.87562904385334e-05
2.87554635380722e-05
2.87546366851655e-05
2.87538098798091e-05
2.87529831219989e-05
2.87521564117309e-05
2.87513297490009e-05
2.87505031338048e-05
2.87496765661386e-05
2.87488500459982e-05
2.87480235733793e-05
2.8747197148278e-05
2.87463707706902e-05
2.87455444406117e-05
2.87447181580385e-05
2.87438919229664e-05
2.87430657353913e-05
2.87422395953093e-05
2.87414135027161e-05
2.87405874576076e-05
2.87397614599799e-05
2.87389355098287e-05
2.873810960715e-05
2.87372837519398e-05
2.87364579441938e-05
2.8735632183908e-05
2.87348064710784e-05
2.87339808057008e-05
2.87331551877712e-05
2.87323296172854e-05
2.87315040942393e-05
2.8730678618629e-05
2.87298531904502e-05
2.87290278096989e-05
2.87282024763711e-05
2.87273771904625e-05
2.87265519519692e-05
2.8725726760887e-05
2.8724901617212e-05
2.87240765209399e-05
2.87232514720666e-05
2.87224264705882e-05
2.87216015165006e-05
2.87207766097995e-05
2.87199517504811e-05
2.87191269385411e-05
2.87183021739755e-05
2.87174774567802e-05
2.87166527869512e-05
2.87158281644843e-05
2.87150035893754e-05
2.87141790616206e-05
2.87133545812157e-05
2.87125301481567e-05
2.87117057624393e-05
2.87108814240597e-05
2.87100571330137e-05
2.87092328892972e-05
2.87084086929062e-05
2.87075845438365e-05
2.87067604420841e-05
2.8705936387645e-05
2.8705112380515e-05
2.870428842069e-05
2.87034645081661e-05
2.87026406429392e-05
2.8701816825005e-05
2.87009930543597e-05
2.87001693309991e-05
2.86993456549191e-05
2.86985220261157e-05
2.86976984445847e-05
2.86968749103223e-05
2.86960514233242e-05
2.86952279835863e-05
2.86944045911047e-05
2.86935812458753e-05
2.8692757947894e-05
2.86919346971566e-05
2.86911114936593e-05
2.86902883373978e-05
2.86894652283681e-05
2.86886421665663e-05
2.86878191519881e-05
2.86869961846295e-05
2.86861732644865e-05
2.8685350391555e-05
2.8684527565831e-05
2.86837047873103e-05
2.8682882055989e-05
2.86820593718629e-05
2.8681236734928e-05
2.86804141451803e-05
2.86795916026156e-05
2.86787691072299e-05
2.86779466590192e-05
2.86771242579794e-05
2.86763019041064e-05
2.86754795973963e-05
2.86746573378448e-05
2.8673835125448e-05
2.86730129602019e-05
2.86721908421022e-05
2.86713687711451e-05
2.86705467473265e-05
2.86697247706422e-05
2.86689028410883e-05
2.86680809586606e-05
2.86672591233552e-05
2.8666437335168e-05
2.86656155940949e-05
2.86647939001319e-05
2.86639722532749e-05
2.86631506535198e-05
2.86623291008627e-05
2.86615075952995e-05
2.86606861368261e-05
2.86598647254385e-05
2.86590433611326e-05
2.86582220439044e-05
2.86574007737498e-05
2.86565795506648e-05
2.86557583746454e-05
2.86549372456874e-05
2.86541161637869e-05
2.86532951289398e-05
2.86524741411421e-05
2.86516532003897e-05
2.86508323066785e-05
2.86500114600046e-05
2.86491906603638e-05
2.86483699077523e-05
2.86475492021658e-05
2.86467285436003e-05
2.86459079320519e-05
2.86450873675165e-05
2.864426684999e-05
2.86434463794684e-05
2.86426259559476e-05
2.86418055794237e-05
2.86409852498926e-05
2.86401649673502e-05
2.86393447317925e-05
2.86385245432155e-05
2.86377044016152e-05
2.86368843069874e-05
2.86360642593282e-05
2.86352442586335e-05
2.86344243048993e-05
2.86336043981216e-05
2.86327845382964e-05
2.86319647254195e-05
2.86311449594869e-05
2.86303252404947e-05
2.86295055684388e-05
2.86286859433152e-05
2.86278663651198e-05
2.86270468338486e-05
2.86262273494976e-05
2.86254079120627e-05
2.862458852154e-05
2.86237691779253e-05
2.86229498812148e-05
2.86221306314042e-05
2.86213114284897e-05
2.86204922724671e-05
2.86196731633325e-05
2.86188541010818e-05
2.8618035085711e-05
2.86172161172161e-05
2.86163971955931e-05
2.86155783208379e-05
2.86147594929465e-05
2.86139407119148e-05
2.8613121977739e-05
2.86123032904149e-05
2.86114846499385e-05
2.86106660563058e-05
2.86098475095128e-05
2.86090290095554e-05
2.86082105564297e-05
2.86073921501316e-05
2.86065737906571e-05
2.86057554780022e-05
2.86049372121628e-05
2.8604118993135e-05
2.86033008209147e-05
2.8602482695498e-05
2.86016646168807e-05
2.86008465850589e-05
2.86000286000286e-05
2.85992106617857e-05
2.85983927703263e-05
2.85975749256463e-05
2.85967571277417e-05
2.85959393766085e-05
2.85951216722427e-05
2.85943040146403e-05
2.85934864037972e-05
2.85926688397095e-05
2.85918513223731e-05
2.85910338517841e-05
2.85902164279384e-05
2.8589399050832e-05
2.85885817204608e-05
2.8587764436821e-05
2.85869471999085e-05
2.85861300097193e-05
2.85853128662493e-05
2.85844957694946e-05
2.85836787194512e-05
2.8582861716115e-05
2.85820447594821e-05
2.85812278495484e-05
2.858041098631e-05
2.85795941697628e-05
2.85787773999028e-05
2.85779606767261e-05
2.85771440002286e-05
2.85763273704064e-05
2.85755107872553e-05
2.85746942507715e-05
2.85738777609509e-05
2.85730613177896e-05
2.85722449212835e-05
2.85714285714286e-05
2.85706122682209e-05
2.85697960116565e-05
2.85689798017313e-05
2.85681636384413e-05
2.85673475217826e-05
2.85665314517511e-05
2.85657154283429e-05
2.85648994515539e-05
2.85640835213802e-05
2.85632676378178e-05
2.85624518008626e-05
2.85616360105107e-05
2.85608202667581e-05
2.85600045696007e-05
2.85591889190347e-05
2.8558373315056e-05
2.85575577576606e-05
2.85567422468445e-05
2.85559267826037e-05
2.85551113649343e-05
2.85542959938323e-05
2.85534806692936e-05
2.85526653913143e-05
2.85518501598904e-05
2.85510349750178e-05
2.85502198366927e-05
2.85494047449111e-05
2.85485896996688e-05
2.85477747009621e-05
2.85469597487868e-05
2.85461448431389e-05
2.85453299840146e-05
2.85445151714098e-05
2.85437004053205e-05
2.85428856857428e-05
2.85420710126727e-05
2.85412563861061e-05
2.85404418060392e-05
2.85396272724678e-05
2.85388127853881e-05
2.85379983447961e-05
2.85371839506877e-05
2.85363696030591e-05
2.85355553019062e-05
2.8534741047225e-05
2.85339268390116e-05
2.8533112677262e-05
2.85322985619722e-05
2.85314844931382e-05
2.85306704707561e-05
2.85298564948218e-05
2.85290425653315e-05
2.85282286822811e-05
2.85274148456667e-05
2.85266010554842e-05
2.85257873117298e-05
2.85249736143994e-05
2.85241599634891e-05
2.85233463589948e-05
2.85225328009127e-05
2.85217192892388e-05
2.8520905823969e-05
2.85200924050994e-05
2.85192790326261e-05
2.8518465706545e-05
2.85176524268522e-05
2.85168391935438e-05
2.85160260066157e-05
2.8515212866064e-05
2.85143997718848e-05
2.8513586724074e-05
2.85127737226277e-05
2.8511960767542e-05
2.85111478588128e-05
2.85103349964362e-05
2.85095221804083e-05
2.8508709410725e-05
2.85078966873824e-05
2.85070840103766e-05
2.85062713797035e-05
2.85054587953593e-05
2.85046462573399e-05
2.85038337656415e-05
2.85030213202599e-05
2.85022089211914e-05
2.85013965684319e-05
2.85005842619774e-05
2.8499772001824e-05
2.84989597879677e-05
2.84981476204047e-05
2.84973354991308e-05
2.84965234241423e-05
2.8495711395435e-05
2.84948994130051e-05
2.84940874768486e-05
2.84932755869615e-05
2.84924637433399e-05
2.84916519459798e-05
2.84908401948773e-05
2.84900284900285e-05
2.84892168314293e-05
2.84884052190758e-05
2.84875936529641e-05
2.84867821330902e-05
2.84859706594502e-05
2.84851592320401e-05
2.8484347850856e-05
2.84835365158938e-05
2.84827252271497e-05
2.84819139846198e-05
2.84811027883e-05
2.84802916381864e-05
2.84794805342751e-05
2.84786694765621e-05
2.84778584650434e-05
2.84770474997152e-05
2.84762365805735e-05
2.84754257076143e-05
2.84746148808337e-05
2.84738041002278e-05
2.84729933657925e-05
2.84721826775241e-05
2.84713720354184e-05
2.84705614394716e-05
2.84697508896797e-05
2.84689403860388e-05
2.8468129928545e-05
2.84673195171943e-05
2.84665091519827e-05
2.84656988329063e-05
2.84648885599613e-05
2.84640783331436e-05
2.84632681524493e-05
2.84624580178744e-05
2.84616479294151e-05
2.84608378870674e-05
2.84600278908273e-05
2.8459217940691e-05
2.84584080366544e-05
2.84575981787137e-05
2.84567883668649e-05
2.84559786011041e-05
2.84551688814273e-05
2.84543592078306e-05
2.84535495803101e-05
2.84527399988619e-05
2.84519304634819e-05
2.84511209741664e-05
2.84503115309113e-05
2.84495021337127e-05
2.84486927825666e-05
2.84478834774693e-05
2.84470742184166e-05
2.84462650054048e-05
2.84454558384298e-05
2.84446467174878e-05
2.84438376425747e-05
2.84430286136868e-05
2.844221963082e-05
2.84414106939704e-05
2.84406018031342e-05
2.84397929583073e-05
2.84389841594858e-05
2.84381754066659e-05
2.84373666998436e-05
2.8436558039015e-05
2.84357494241761e-05
2.8434940855323e-05
2.84341323324519e-05
2.84333238555587e-05
2.84325154246396e-05
2.84317070396907e-05
2.84308987007079e-05
2.84300904076875e-05
2.84292821606254e-05
2.84284739595179e-05
2.84276658043608e-05
2.84268576951504e-05
2.84260496318827e-05
2.84252416145537e-05
2.84244336431597e-05
2.84236257176966e-05
2.84228178381605e-05
2.84220100045475e-05
2.84212022168538e-05
2.84203944750753e-05
2.84195867792082e-05
2.84187791292486e-05
2.84179715251925e-05
2.84171639670361e-05
2.84163564547754e-05
2.84155489884065e-05
2.84147415679254e-05
2.84139341933284e-05
2.84131268646115e-05
2.84123195817707e-05
2.84115123448021e-05
2.84107051537019e-05
2.84098980084662e-05
2.84090909090909e-05
2.84082838555723e-05
2.84074768479064e-05
2.84066698860893e-05
2.8405862970117e-05
2.84050560999858e-05
2.84042492756916e-05
2.84034424972307e-05
2.8402635764599e-05
2.84018290777926e-05
2.84010224368077e-05
2.84002158416404e-05
2.83994092922867e-05
2.83986027887428e-05
2.83977963310047e-05
2.83969899190686e-05
2.83961835529305e-05
2.83953772325865e-05
2.83945709580328e-05
2.83937647292655e-05
2.83929585462805e-05
2.83921524090741e-05
2.83913463176424e-05
2.83905402719814e-05
2.83897342720872e-05
2.8388928317956e-05
2.83881224095838e-05
2.83873165469668e-05
2.83865107301011e-05
2.83857049589827e-05
2.83848992336077e-05
2.83840935539724e-05
2.83832879200727e-05
2.83824823319047e-05
2.83816767894647e-05
2.83808712927487e-05
2.83800658417528e-05
2.8379260436473e-05
2.83784550769056e-05
2.83776497630466e-05
2.83768444948922e-05
2.83760392724384e-05
2.83752340956813e-05
2.83744289646171e-05
2.83736238792419e-05
2.83728188395517e-05
2.83720138455428e-05
2.83712088972111e-05
2.83704039945529e-05
2.83695991375642e-05
2.83687943262411e-05
2.83679895605798e-05
2.83671848405764e-05
2.8366380166227e-05
2.83655755375277e-05
2.83647709544745e-05
2.83639664170638e-05
2.83631619252914e-05
2.83623574791537e-05
2.83615530786466e-05
2.83607487237663e-05
2.83599444145089e-05
2.83591401508706e-05
2.83583359328475e-05
2.83575317604356e-05
2.83567276336311e-05
2.83559235524301e-05
2.83551195168288e-05
2.83543155268232e-05
2.83535115824095e-05
2.83527076835838e-05
2.83519038303422e-05
2.83511000226809e-05
2.83502962605959e-05
2.83494925440835e-05
2.83486888731396e-05
2.83478852477605e-05
2.83470816679423e-05
2.8346278133681e-05
2.83454746449729e-05
2.83446712018141e-05
2.83438678042006e-05
2.83430644521286e-05
2.83422611455942e-05
2.83414578845936e-05
2.83406546691229e-05
2.83398514991781e-05
2.83390483747556e-05
2.83382452958513e-05
2.83374422624614e-05
2.8336639274582e-05
2.83358363322093e-05
2.83350334353395e-05
2.83342305839685e-05
2.83334277780926e-05
2.83326250177079e-05
2.83318223028105e-05
2.83310196333966e-05
2.83302170094623e-05
2.83294144310037e-05
2.8328611898017e-05
2.83278094104983e-05
2.83270069684437e-05
2.83262045718494e-05
2.83254022207115e-05
2.83245999150262e-05
2.83237976547896e-05
2.83229954399977e-05
2.83221932706469e-05
2.83213911467331e-05
2.83205890682526e-05
2.83197870352015e-05
2.83189850475759e-05
2.8318183105372e-05
2.83173812085858e-05
2.83165793572137e-05
2.83157775512516e-05
2.83149757906957e-05
2.83141740755422e-05
2.83133724057873e-05
2.8312570781427e-05
2.83117692024575e-05
2.83109676688749e-05
2.83101661806755e-05
2.83093647378553e-05
2.83085633404105e-05
2.83077619883372e-05
2.83069606816316e-05
2.83061594202899e-05
2.83053582043081e-05
2.83045570336824e-05
2.8303755908409e-05
2.83029548284841e-05
2.83021537939037e-05
2.83013528046641e-05
2.83005518607613e-05
2.82997509621915e-05
2.8298950108951e-05
2.82981493010357e-05
2.82973485384419e-05
2.82965478211658e-05
2.82957471492035e-05
2.82949465225511e-05
2.82941459412048e-05
2.82933454051607e-05
2.82925449144151e-05
2.8291744468964e-05
2.82909440688036e-05
2.82901437139301e-05
2.82893434043396e-05
2.82885431400283e-05
2.82877429209923e-05
2.82869427472279e-05
2.82861426187311e-05
2.82853425354981e-05
2.82845424975251e-05
2.82837425048082e-05
2.82829425573437e-05
2.82821426551276e-05
2.82813427981561e-05
2.82805429864253e-05
2.82797432199316e-05
2.82789434986709e-05
2.82781438226395e-05
2.82773441918335e-05
2.82765446062491e-05
2.82757450658825e-05
2.82749455707298e-05
2.82741461207872e-05
2.82733467160508e-05
2.82725473565168e-05
2.82717480421814e-05
2.82709487730408e-05
2.82701495490911e-05
2.82693503703285e-05
2.82685512367491e-05
2.82677521483492e-05
2.82669531051248e-05
2.82661541070722e-05
2.82653551541875e-05
2.82645562464669e-05
2.82637573839066e-05
2.82629585665027e-05
2.82621597942515e-05
2.8261361067149e-05
2.82605623851915e-05
2.82597637483751e-05
2.8258965156696e-05
2.82581666101503e-05
2.82573681087344e-05
2.82565696524442e-05
2.8255771241276e-05
2.8254972875226e-05
2.82541745542904e-05
2.82533762784653e-05
2.82525780477469e-05
2.82517798621313e-05
2.82509817216148e-05
2.82501836261936e-05
2.82493855758637e-05
2.82485875706215e-05
2.8247789610463e-05
2.82469916953844e-05
2.8246193825382e-05
2.82453960004519e-05
2.82445982205903e-05
2.82438004857934e-05
2.82430027960573e-05
2.82422051513782e-05
2.82414075517524e-05
2.82406099971759e-05
2.82398124876451e-05
2.8239015023156e-05
2.82382176037049e-05
2.82374202292879e-05
2.82366228999012e-05
2.8235825615541e-05
2.82350283762035e-05
2.82342311818849e-05
2.82334340325814e-05
2.82326369282891e-05
2.82318398690043e-05
2.82310428547231e-05
2.82302458854417e-05
2.82294489611563e-05
2.82286520818631e-05
2.82278552475583e-05
2.82270584582381e-05
2.82262617138986e-05
2.82254650145361e-05
2.82246683601468e-05
2.82238717507268e-05
2.82230751862723e-05
2.82222786667796e-05
2.82214821922447e-05
2.8220685762664e-05
2.82198893780336e-05
2.82190930383497e-05
2.82182967436086e-05
2.82175004938063e-05
2.82167042889391e-05
2.82159081290031e-05
2.82151120139947e-05
2.82143159439099e-05
2.82135199187451e-05
2.82127239384963e-05
2.82119280031597e-05
2.82111321127317e-05
2.82103362672083e-05
2.82095404665858e-05
2.82087447108604e-05
2.82079490000282e-05
2.82071533340855e-05
2.82063577130285e-05
2.82055621368534e-05
2.82047666055563e-05
2.82039711191336e-05
2.82031756775813e-05
2.82023802808957e-05
2.8201584929073e-05
2.82007896221094e-05
2.81999943600011e-05
2.81991991427443e-05
2.81984039703353e-05
2.81976088427701e-05
2.81968137600451e-05
2.81960187221564e-05
2.81952237291003e-05
2.81944287808729e-05
2.81936338774705e-05
2.81928390188892e-05
2.81920442051253e-05
2.8191249436175e-05
2.81904547120345e-05
2.81896600327e-05
2.81888653981677e-05
2.81880708084339e-05
2.81872762634947e-05
2.81864817633463e-05
2.8185687307985e-05
2.8184892897407e-05
2.81840985316085e-05
2.81833042105856e-05
2.81825099343348e-05
2.8181715702852e-05
2.81809215161336e-05
2.81801273741757e-05
2.81793332769747e-05
2.81785392245266e-05
2.81777452168277e-05
2.81769512538743e-05
2.81761573356626e-05
2.81753634621887e-05
2.81745696334488e-05
2.81737758494393e-05
2.81729821101564e-05
2.81721884155961e-05
2.81713947657549e-05
2.81706011606288e-05
2.81698076002141e-05
2.8169014084507e-05
2.81682206135038e-05
2.81674271872007e-05
2.81666338055939e-05
2.81658404686796e-05
2.8165047176454e-05
2.81642539289134e-05
2.8163460726054e-05
2.8162667567872e-05
2.81618744543637e-05
2.81610813855252e-05
2.81602883613528e-05
2.81594953818428e-05
2.81587024469912e-05
2.81579095567945e-05
2.81571167112488e-05
2.81563239103503e-05
2.81555311540952e-05
2.81547384424799e-05
2.81539457755004e-05
2.81531531531532e-05
2.81523605754343e-05
2.815156804234e-05
2.81507755538665e-05
2.81499831100101e-05
2.81491907107671e-05
2.81483983561335e-05
2.81476060461058e-05
2.814681378068e-05
2.81460215598525e-05
2.81452293836195e-05
2.81444372519771e-05
2.81436451649218e-05
2.81428531224496e-05
2.81420611245568e-05
2.81412691712396e-05
2.81404772624944e-05
2.81396853983172e-05
2.81388935787045e-05
2.81381018036523e-05
2.8137310073157e-05
2.81365183872148e-05
2.81357267458218e-05
2.81349351489745e-05
2.81341435966689e-05
2.81333520889014e-05
2.81325606256681e-05
2.81317692069654e-05
2.81309778327895e-05
2.81301865031365e-05
2.81293952180028e-05
2.81286039773846e-05
2.81278127812781e-05
2.81270216296796e-05
2.81262305225854e-05
2.81254394599916e-05
2.81246484418945e-05
2.81238574682903e-05
2.81230665391754e-05
2.8122275654546e-05
2.81214848143982e-05
2.81206940187284e-05
2.81199032675328e-05
2.81191125608076e-05
2.81183218985491e-05
2.81175312807536e-05
2.81167407074172e-05
2.81159501785363e-05
2.81151596941071e-05
2.81143692541258e-05
2.81135788585887e-05
2.81127885074921e-05
2.81119982008321e-05
2.81112079386051e-05
2.81104177208073e-05
2.8109627547435e-05
2.81088374184844e-05
2.81080473339517e-05
2.81072572938333e-05
2.81064672981253e-05
2.81056773468241e-05
2.81048874399258e-05
2.81040975774268e-05
2.81033077593233e-05
2.81025179856115e-05
2.81017282562878e-05
2.81009385713483e-05
2.81001489307893e-05
2.80993593346072e-05
2.80985697827981e-05
2.80977802753582e-05
2.8096990812284e-05
2.80962013935716e-05
2.80954120192173e-05
2.80946226892173e-05
2.80938334035679e-05
2.80930441622654e-05
2.80922549653061e-05
2.80914658126861e-05
2.80906767044018e-05
2.80898876404494e-05
2.80890986208253e-05
2.80883096455255e-05
2.80875207145465e-05
2.80867318278845e-05
2.80859429855357e-05
2.80851541874965e-05
2.8084365433763e-05
2.80835767243316e-05
2.80827880591985e-05
2.808199943836e-05
2.80812108618124e-05
2.80804223295518e-05
2.80796338415747e-05
2.80788453978772e-05
2.80780569984557e-05
2.80772686433064e-05
2.80764803324255e-05
2.80756920658094e-05
2.80749038434543e-05
2.80741156653565e-05
2.80733275315123e-05
2.80725394419179e-05
2.80717513965696e-05
2.80709633954637e-05
2.80701754385965e-05
2.80693875259642e-05
2.80685996575631e-05
2.80678118333895e-05
2.80670240534396e-05
2.80662363177098e-05
2.80654486261963e-05
2.80646609788954e-05
2.80638733758033e-05
2.80630858169164e-05
2.8062298302231e-05
2.80615108317432e-05
2.80607234054494e-05
2.80599360233459e-05
2.80591486854289e-05
2.80583613916947e-05
2.80575741421397e-05
2.805678693676e-05
2.8055999775552e-05
2.8055212658512e-05
2.80544255856361e-05
2.80536385569208e-05
2.80528515723623e-05
2.80520646319569e-05
2.80512777357009e-05
2.80504908835905e-05
2.8049704075622e-05
2.80489173117918e-05
2.8048130592096e-05
2.80473439165311e-05
2.80465572850933e-05
2.80457706977788e-05
2.8044984154584e-05
2.80441976555051e-05
2.80434112005384e-05
2.80426247896803e-05
2.8041838422927e-05
2.80410521002748e-05
2.804026582172e-05
2.80394795872589e-05
2.80386933968877e-05
2.80379072506028e-05
2.80371211484005e-05
2.8036335090277e-05
2.80355490762287e-05
2.80347631062518e-05
2.80339771803426e-05
2.80331912984974e-05
2.80324054607126e-05
2.80316196669844e-05
2.8030833917309e-05
2.80300482116829e-05
2.80292625501023e-05
2.80284769325635e-05
2.80276913590628e-05
2.80269058295964e-05
2.80261203441608e-05
2.80253349027521e-05
2.80245495053667e-05
2.80237641520009e-05
2.8022978842651e-05
2.80221935773132e-05
2.8021408355984e-05
2.80206231786595e-05
2.80198380453361e-05
2.80190529560101e-05
2.80182679106778e-05
2.80174829093354e-05
2.80166979519794e-05
2.80159130386059e-05
2.80151281692114e-05
2.8014343343792e-05
2.80135585623442e-05
2.80127738248641e-05
2.80119891313482e-05
2.80112044817927e-05
2.80104198761939e-05
2.80096353145482e-05
2.80088507968518e-05
2.80080663231011e-05
2.80072818932923e-05
2.80064975074217e-05
2.80057131654858e-05
2.80049288674807e-05
2.80041446134028e-05
2.80033604032484e-05
2.80025762370138e-05
2.80017921146953e-05
2.80010080362893e-05
2.8000224001792e-05
2.79994400111998e-05
2.79986560645089e-05
2.79978721617157e-05
2.79970883028165e-05
2.79963044878076e-05
2.79955207166853e-05
2.7994736989446e-05
2.79939533060859e-05
2.79931696666013e-05
2.79923860709887e-05
2.79916025192442e-05
2.79908190113643e-05
2.79900355473451e-05
2.79892521271832e-05
2.79884687508746e-05
2.79876854184159e-05
2.79869021298033e-05
2.7986118885033e-05
2.79853356841015e-05
2.79845525270051e-05
2.798376941374e-05
2.79829863443027e-05
2.79822033186893e-05
2.79814203368963e-05
2.79806373989199e-05
2.79798545047566e-05
2.79790716544025e-05
2.79782888478541e-05
2.79775060851076e-05
2.79767233661594e-05
2.79759406910057e-05
2.7975158059643e-05
2.79743754720676e-05
2.79735929282757e-05
2.79728104282637e-05
2.7972027972028e-05
2.79712455595648e-05
2.79704631908704e-05
2.79696808659413e-05
2.79688985847737e-05
2.7968116347364e-05
2.79673341537085e-05
2.79665520038035e-05
2.79657698976453e-05
2.79649878352303e-05
2.79642058165548e-05
2.79634238416152e-05
2.79626419104077e-05
2.79618600229287e-05
2.79610781791746e-05
2.79602963791416e-05
2.79595146228261e-05
2.79587329102245e-05
2.7957951241333e-05
2.79571696161481e-05
2.79563880346659e-05
2.7955606496883e-05
2.79548250027955e-05
2.79540435523999e-05
2.79532621456924e-05
2.79524807826695e-05
2.79516994633274e-05
2.79509181876625e-05
2.79501369556711e-05
2.79493557673496e-05
2.79485746226942e-05
2.79477935217015e-05
2.79470124643676e-05
2.79462314506889e-05
2.79454504806617e-05
2.79446695542825e-05
2.79438886715475e-05
2.79431078324531e-05
2.79423270369956e-05
2.79415462851714e-05
2.79407655769768e-05
2.79399849124081e-05
2.79392042914618e-05
2.79384237141341e-05
2.79376431804213e-05
2.79368626903199e-05
2.79360822438261e-05
2.79353018409364e-05
2.7934521481647e-05
2.79337411659544e-05
2.79329608938547e-05
2.79321806653445e-05
2.79314004804201e-05
2.79306203390777e-05
2.79298402413138e-05
2.79290601871247e-05
2.79282801765067e-05
2.79275002094563e-05
2.79267202859696e-05
2.79259404060432e-05
2.79251605696733e-05
2.79243807768563e-05
2.79236010275885e-05
2.79228213218664e-05
2.79220416596862e-05
2.79212620410443e-05
2.7920482465937e-05
2.79197029343608e-05
2.79189234463119e-05
2.79181440017868e-05
2.79173646007817e-05
2.7916585243293e-05
2.79158059293172e-05
2.79150266588505e-05
2.79142474318892e-05
2.79134682484299e-05
2.79126891084687e-05
2.79119100120021e-05
2.79111309590265e-05
2.79103519495381e-05
2.79095729835334e-05
2.79087940610086e-05
2.79080151819603e-05
2.79072363463846e-05
2.79064575542781e-05
2.79056788056369e-05
2.79049001004576e-05
2.79041214387365e-05
2.79033428204699e-05
2.79025642456542e-05
2.79017857142857e-05
2.79010072263609e-05
2.7900228781876e-05
2.78994503808275e-05
2.78986720232117e-05
2.7897893709025e-05
2.78971154382637e-05
2.78963372109242e-05
2.78955590270029e-05
2.78947808864961e-05
2.78940027894003e-05
2.78932247357117e-05
2.78924467254268e-05
2.78916687585418e-05
2.78908908350533e-05
2.78901129549575e-05
2.78893351182508e-05
2.78885573249296e-05
2.78877795749902e-05
2.78870018684291e-05
2.78862242052426e-05
2.78854465854271e-05
2.78846690089789e-05
2.78838914758944e-05
2.788311398617e-05
2.7882336539802e-05
2.78815591367869e-05
2.7880781777121e-05
2.78800044608007e-05
2.78792271878224e-05
2.78784499581823e-05
2.7877672771877e-05
2.78768956289028e-05
2.7876118529256e-05
2.7875341472933e-05
2.78745644599303e-05
2.78737874902442e-05
2.7873010563871e-05
2.78722336808072e-05
2.78714568410491e-05
2.78706800445931e-05
2.78699032914356e-05
2.78691265815729e-05
2.78683499150015e-05
2.78675732917178e-05
2.7866796711718e-05
2.78660201749986e-05
2.7865243681556e-05
2.78644672313865e-05
2.78636908244866e-05
2.78629144608526e-05
2.78621381404809e-05
2.78613618633679e-05
2.78605856295099e-05
2.78598094389034e-05
2.78590332915448e-05
2.78582571874304e-05
2.78574811265565e-05
2.78567051089197e-05
2.78559291345163e-05
2.78551532033426e-05
2.78543773153951e-05
2.78536014706702e-05
2.78528256691641e-05
2.78520499108734e-05
2.78512741957945e-05
2.78504985239236e-05
2.78497228952572e-05
2.78489473097917e-05
2.78481717675235e-05
2.78473962684489e-05
2.78466208125644e-05
2.78458453998663e-05
2.78450700303511e-05
2.78442947040151e-05
2.78435194208548e-05
2.78427441808665e-05
2.78419689840466e-05
2.78411938303914e-05
2.78404187198975e-05
2.78396436525612e-05
2.78388686283789e-05
2.7838093647347e-05
2.78373187094619e-05
2.783654381472e-05
2.78357689631176e-05
2.78349941546512e-05
2.78342193893172e-05
2.7833444667112e-05
2.7832669988032e-05
2.78318953520735e-05
2.7831120759233e-05
2.78303462095068e-05
2.78295717028915e-05
2.78287972393833e-05
2.78280228189787e-05
2.78272484416741e-05
2.78264741074658e-05
2.78256998163504e-05
2.78249255683241e-05
2.78241513633834e-05
2.78233772015247e-05
2.78226030827444e-05
2.78218290070389e-05
2.78210549744046e-05
2.78202809848379e-05
2.78195070383353e-05
2.7818733134893e-05
2.78179592745076e-05
2.78171854571754e-05
2.78164116828929e-05
2.78156379516564e-05
2.78148642634624e-05
2.78140906183072e-05
2.78133170161874e-05
2.78125434570992e-05
2.7811769941039e-05
2.78109964680034e-05
2.78102230379888e-05
2.78094496509914e-05
2.78086763070078e-05
2.78079030060343e-05
2.78071297480674e-05
2.78063565331035e-05
2.78055833611389e-05
2.78048102321702e-05
2.78040371461936e-05
2.78032641032057e-05
2.78024911032028e-05
2.78017181461814e-05
2.78009452321379e-05
2.78001723610686e-05
2.77993995329701e-05
2.77986267478387e-05
2.77978540056708e-05
2.77970813064628e-05
2.77963086502113e-05
2.77955360369125e-05
2.77947634665629e-05
2.7793990939159e-05
2.77932184546971e-05
2.77924460131736e-05
2.77916736145851e-05
2.77909012589278e-05
2.77901289461983e-05
2.77893566763929e-05
2.77885844495081e-05
2.77878122655403e-05
2.77870401244859e-05
2.77862680263414e-05
2.77854959711031e-05
2.77847239587675e-05
2.7783951989331e-05
2.778318006279e-05
2.7782408179141e-05
2.77816363383803e-05
2.77808645405045e-05
2.77800927855099e-05
2.7779321073393e-05
2.77785494041501e-05
2.77777777777778e-05
2.77770061942724e-05
2.77762346536304e-05
2.77754631558481e-05
2.77746917009221e-05
2.77739202888488e-05
2.77731489196245e-05
2.77723775932458e-05
2.7771606309709e-05
2.77708350690105e-05
2.77700638711469e-05
2.77692927161145e-05
2.77685216039098e-05
2.77677505345292e-05
2.77669795079691e-05
2.7766208524226e-05
2.77654375832963e-05
2.77646666851764e-05
2.77638958298628e-05
2.7763125017352e-05
2.77623542476402e-05
2.7761583520724e-05
2.77608128365999e-05
2.77600421952641e-05
2.77592715967133e-05
2.77585010409438e-05
2.7757730527952e-05
2.77569600577345e-05
2.77561896302876e-05
2.77554192456077e-05
2.77546489036914e-05
2.7753878604535e-05
2.7753108348135e-05
2.77523381344878e-05
2.77515679635899e-05
2.77507978354378e-05
2.77500277500278e-05
2.77492577073563e-05
2.77484877074199e-05
2.7747717750215e-05
2.77469478357381e-05
2.77461779639855e-05
2.77454081349537e-05
2.77446383486391e-05
2.77438686050383e-05
2.77430989041476e-05
2.77423292459635e-05
2.77415596304824e-05
2.77407900577008e-05
2.77400205276152e-05
2.77392510402219e-05
2.77384815955175e-05
2.77377121934983e-05
2.77369428341608e-05
2.77361735175015e-05
2.77354042435168e-05
2.77346350122032e-05
2.77338658235571e-05
2.7733096677575e-05
2.77323275742533e-05
2.77315585135885e-05
2.77307894955769e-05
2.77300205202152e-05
2.77292515874997e-05
2.77284826974268e-05
2.77277138499931e-05
2.77269450451949e-05
2.77261762830288e-05
2.77254075634912e-05
2.77246388865785e-05
2.77238702522872e-05
2.77231016606138e-05
2.77223331115547e-05
2.77215646051063e-05
2.77207961412652e-05
2.77200277200277e-05
2.77192593413904e-05
2.77184910053497e-05
2.7717722711902e-05
2.77169544610438e-05
2.77161862527716e-05
2.77154180870818e-05
2.7714649963971e-05
2.77138818834354e-05
2.77131138454717e-05
2.77123458500762e-05
2.77115778972455e-05
2.77108099869759e-05
2.7710042119264e-05
2.77092742941062e-05
2.7708506511499e-05
2.77077387714389e-05
2.77069710739222e-05
2.77062034189455e-05
2.77054358065052e-05
2.77046682365979e-05
2.77039007092199e-05
2.77031332243677e-05
2.77023657820378e-05
2.77015983822267e-05
2.77008310249307e-05
2.77000637101465e-05
2.76992964378705e-05
2.7698529208099e-05
2.76977620208287e-05
2.76969948760559e-05
2.76962277737772e-05
2.7695460713989e-05
2.76946936966877e-05
2.76939267218699e-05
2.7693159789532e-05
2.76923928996705e-05
2.76916260522818e-05
2.76908592473624e-05
2.76900924849089e-05
2.76893257649176e-05
2.76885590873851e-05
2.76877924523078e-05
2.76870258596822e-05
2.76862593095047e-05
2.76854928017719e-05
2.76847263364802e-05
2.7683959913626e-05
2.7683193533206e-05
2.76824271952165e-05
2.7681660899654e-05
2.7680894646515e-05
2.76801284357959e-05
2.76793622674934e-05
2.76785961416037e-05
2.76778300581234e-05
2.76770640170491e-05
2.76762980183771e-05
2.76755320621039e-05
2.7674766148226e-05
2.767400027674e-05
2.76732344476422e-05
2.76724686609292e-05
2.76717029165975e-05
2.76709372146435e-05
2.76701715550636e-05
2.76694059378545e-05
2.76686403630126e-05
2.76678748305343e-05
2.76671093404161e-05
2.76663438926546e-05
2.76655784872462e-05
2.76648131241873e-05
2.76640478034746e-05
2.76632825251044e-05
2.76625172890733e-05
2.76617520953777e-05
2.76609869440142e-05
2.76602218349791e-05
2.76594567682691e-05
2.76586917438805e-05
2.76579267618099e-05
2.76571618220538e-05
2.76563969246087e-05
2.76556320694709e-05
2.76548672566372e-05
2.76541024861038e-05
2.76533377578674e-05
2.76525730719243e-05
2.76518084282712e-05
2.76510438269045e-05
2.76502792678206e-05
2.76495147510161e-05
2.76487502764875e-05
2.76479858442312e-05
2.76472214542439e-05
2.76464571065218e-05
2.76456928010616e-05
2.76449285378597e-05
2.76441643169127e-05
2.7643400138217e-05
2.76426360017691e-05
2.76418719075656e-05
2.76411078556029e-05
2.76403438458774e-05
2.76395798783858e-05
2.76388159531246e-05
2.76380520700901e-05
2.76372882292789e-05
2.76365244306876e-05
2.76357606743126e-05
2.76349969601503e-05
2.76342332881974e-05
2.76334696584503e-05
2.76327060709055e-05
2.76319425255595e-05
2.76311790224089e-05
2.763041556145e-05
2.76296521426795e-05
2.76288887660938e-05
2.76281254316895e-05
2.76273621394629e-05
2.76265988894107e-05
2.76258356815294e-05
2.76250725158154e-05
2.76243093922652e-05
2.76235463108754e-05
2.76227832716424e-05
2.76220202745629e-05
2.76212573196332e-05
2.76204944068499e-05
2.76197315362095e-05
2.76189687077085e-05
2.76182059213434e-05
2.76174431771107e-05
2.76166804750069e-05
2.76159178150286e-05
2.76151551971722e-05
2.76143926214343e-05
2.76136300878113e-05
2.76128675962999e-05
2.76121051468964e-05
2.76113427395974e-05
2.76105803743995e-05
2.7609818051299e-05
2.76090557702927e-05
2.76082935313768e-05
2.76075313345481e-05
2.76067691798029e-05
2.76060070671378e-05
2.76052449965493e-05
2.7604482968034e-05
2.76037209815883e-05
2.76029590372088e-05
2.76021971348919e-05
2.76014352746343e-05
2.76006734564323e-05
2.75999116802826e-05
2.75991499461817e-05
2.7598388254126e-05
2.7597626604112e-05
2.75968649961364e-05
2.75961034301957e-05
2.75953419062862e-05
2.75945804244046e-05
2.75938189845475e-05
2.75930575867112e-05
2.75922962308923e-05
2.75915349170874e-05
2.7590773645293e-05
2.75900124155056e-05
2.75892512277217e-05
2.75884900819378e-05
2.75877289781505e-05
2.75869679163563e-05
2.75862068965517e-05
2.75854459187333e-05
2.75846849828975e-05
2.75839240890409e-05
2.758316323716e-05
2.75824024272514e-05
2.75816416593116e-05
2.7580880933337e-05
2.75801202493243e-05
2.75793596072699e-05
2.75785990071704e-05
2.75778384490224e-05
2.75770779328222e-05
2.75763174585666e-05
2.75755570262519e-05
2.75747966358748e-05
2.75740362874318e-05
2.75732759809193e-05
2.7572515716334e-05
2.75717554936723e-05
2.75709953129308e-05
2.7570235174106e-05
2.75694750771945e-05
2.75687150221928e-05
2.75679550090974e-05
2.75671950379049e-05
2.75664351086118e-05
2.75656752212145e-05
2.75649153757098e-05
2.7564155572094e-05
2.75633958103638e-05
2.75626360905157e-05
2.75618764125462e-05
2.75611167764518e-05
2.75603571822291e-05
2.75595976298746e-05
2.75588381193849e-05
2.75580786507565e-05
2.75573192239859e-05
2.75565598390697e-05
2.75558004960044e-05
2.75550411947866e-05
2.75542819354128e-05
2.75535227178795e-05
2.75527635421833e-05
2.75520044083207e-05
2.75512453162883e-05
2.75504862660826e-05
2.75497272577001e-05
2.75489682911375e-05
2.75482093663912e-05
2.75474504834578e-05
2.75466916423338e-05
2.75459328430157e-05
2.75451740855002e-05
2.75444153697838e-05
2.75436566958629e-05
2.75428980637343e-05
2.75421394733943e-05
2.75413809248396e-05
2.75406224180666e-05
2.75398639530721e-05
2.75391055298524e-05
2.75383471484042e-05
2.75375888087239e-05
2.75368305108082e-05
2.75360722546536e-05
2.75353140402566e-05
2.75345558676139e-05
2.75337977367218e-05
2.75330396475771e-05
2.75322816001762e-05
2.75315235945157e-05
2.75307656305922e-05
2.75300077084022e-05
2.75292498279422e-05
2.75284919892088e-05
2.75277341921986e-05
2.75269764369082e-05
2.7526218723334e-05
2.75254610514726e-05
2.75247034213206e-05
2.75239458328746e-05
2.75231882861311e-05
2.75224307810866e-05
2.75216733177377e-05
2.7520915896081e-05
2.75201585161131e-05
2.75194011778304e-05
2.75186438812295e-05
2.75178866263071e-05
2.75171294130596e-05
2.75163722414837e-05
2.75156151115758e-05
2.75148580233326e-05
2.75141009767506e-05
2.75133439718263e-05
2.75125870085564e-05
2.75118300869374e-05
2.75110732069658e-05
2.75103163686382e-05
2.75095595719513e-05
2.75088028169014e-05
2.75080461034853e-05
2.75072894316994e-05
2.75065328015404e-05
2.75057762130047e-05
2.75050196660891e-05
2.75042631607899e-05
2.75035066971039e-05
2.75027502750275e-05
2.75019938945574e-05
2.750123755569e-05
2.7500481258422e-05
2.749972500275e-05
2.74989687886704e-05
2.74982126161799e-05
2.74974564852751e-05
2.74967003959525e-05
2.74959443482086e-05
2.74951883420401e-05
2.74944323774436e-05
2.74936764544155e-05
2.74929205729525e-05
2.74921647330511e-05
2.74914089347079e-05
2.74906531779195e-05
2.74898974626825e-05
2.74891417889933e-05
2.74883861568487e-05
2.74876305662452e-05
2.74868750171793e-05
2.74861195096476e-05
2.74853640436468e-05
2.74846086191733e-05
2.74838532362237e-05
2.74830978947947e-05
2.74823425948828e-05
2.74815873364846e-05
2.74808321195966e-05
2.74800769442154e-05
2.74793218103377e-05
2.747856671796e-05
2.74778116670788e-05
2.74770566576908e-05
2.74763016897926e-05
2.74755467633806e-05
2.74747918784515e-05
2.74740370350019e-05
2.74732822330284e-05
2.74725274725275e-05
2.74717727534958e-05
2.74710180759299e-05
2.74702634398264e-05
2.74695088451818e-05
2.74687542919929e-05
2.7467999780256e-05
2.74672453099679e-05
2.7466490881125e-05
2.74657364937241e-05
2.74649821477616e-05
2.74642278432342e-05
2.74634735801384e-05
2.74627193584709e-05
2.74619651782282e-05
2.74612110394068e-05
2.74604569420035e-05
2.74597028860148e-05
2.74589488714372e-05
2.74581948982674e-05
2.74574409665019e-05
2.74566870761374e-05
2.74559332271704e-05
2.74551794195975e-05
2.74544256534153e-05
2.74536719286205e-05
2.74529182452095e-05
2.7452164603179e-05
2.74514110025255e-05
2.74506574432458e-05
2.74499039253363e-05
2.74491504487936e-05
2.74483970136144e-05
2.74476436197952e-05
2.74468902673327e-05
2.74461369562234e-05
2.74453836864639e-05
2.74446304580509e-05
2.74438772709808e-05
2.74431241252504e-05
2.74423710208562e-05
2.74416179577948e-05
2.74408649360628e-05
2.74401119556568e-05
2.74393590165734e-05
2.74386061188092e-05
2.74378532623608e-05
2.74371004472247e-05
2.74363476733977e-05
2.74355949408763e-05
2.74348422496571e-05
2.74340895997366e-05
2.74333369911116e-05
2.74325844237786e-05
2.74318318977341e-05
2.74310794129749e-05
2.74303269694975e-05
2.74295745672985e-05
2.74288222063745e-05
2.74280698867221e-05
2.74273176083379e-05
2.74265653712186e-05
2.74258131753606e-05
2.74250610207608e-05
2.74243089074155e-05
2.74235568353215e-05
2.74228048044754e-05
2.74220528148737e-05
2.74213008665131e-05
2.74205489593902e-05
2.74197970935015e-05
2.74190452688437e-05
2.74182934854135e-05
2.74175417432073e-05
2.74167900422219e-05
2.74160383824537e-05
2.74152867638996e-05
2.74145351865559e-05
2.74137836504194e-05
2.74130321554867e-05
2.74122807017544e-05
2.7411529289219e-05
2.74107779178773e-05
2.74100265877258e-05
2.74092752987611e-05
2.74085240509799e-05
2.74077728443787e-05
2.74070216789541e-05
2.74062705547029e-05
2.74055194716216e-05
2.74047684297068e-05
2.74040174289551e-05
2.74032664693631e-05
2.74025155509276e-05
2.7401764673645e-05
2.7401013837512e-05
2.74002630425252e-05
2.73995122886813e-05
2.73987615759768e-05
2.73980109044083e-05
2.73972602739726e-05
2.73965096846662e-05
2.73957591364857e-05
2.73950086294277e-05
2.73942581634889e-05
2.73935077386659e-05
2.73927573549553e-05
2.73920070123538e-05
2.73912567108579e-05
2.73905064504643e-05
2.73897562311695e-05
2.73890060529703e-05
2.73882559158633e-05
2.7387505819845e-05
2.73867557649121e-05
2.73860057510612e-05
2.7385255778289e-05
2.7384505846592e-05
2.73837559559669e-05
2.73830061064104e-05
2.7382256297919e-05
2.73815065304893e-05
2.73807568041181e-05
2.73800071188019e-05
2.73792574745373e-05
2.7378507871321e-05
2.73777583091496e-05
2.73770087880198e-05
2.73762593079282e-05
2.73755098688713e-05
2.73747604708459e-05
2.73740111138485e-05
2.73732617978758e-05
2.73725125229245e-05
2.73717632889911e-05
2.73710140960723e-05
2.73702649441647e-05
2.73695158332649e-05
2.73687667633696e-05
2.73680177344755e-05
2.73672687465791e-05
2.73665197996771e-05
2.73657708937661e-05
2.73650220288427e-05
2.73642732049037e-05
2.73635244219455e-05
2.7362775679965e-05
2.73620269789586e-05
2.73612783189231e-05
2.7360529699855e-05
2.7359781121751e-05
2.73590325846078e-05
2.7358284088422e-05
2.73575356331902e-05
2.7356787218909e-05
2.73560388455752e-05
2.73552905131852e-05
2.73545422217359e-05
2.73537939712238e-05
2.73530457616456e-05
2.73522975929978e-05
2.73515494652772e-05
2.73508013784804e-05
2.7350053332604e-05
2.73493053276447e-05
2.73485573635991e-05
2.73478094404638e-05
2.73470615582356e-05
2.7346313716911e-05
2.73455659164866e-05
2.73448181569593e-05
2.73440704383254e-05
2.73433227605819e-05
2.73425751237252e-05
2.7341827527752e-05
2.73410799726589e-05
2.73403324584427e-05
2.73395849850999e-05
2.73388375526273e-05
2.73380901610214e-05
2.73373428102788e-05
2.73365955003964e-05
2.73358482313706e-05
2.73351010031982e-05
2.73343538158758e-05
2.73336066694e-05
2.73328595637676e-05
2.7332112498975e-05
2.73313654750191e-05
2.73306184918965e-05
2.73298715496037e-05
2.73291246481375e-05
2.73283777874945e-05
2.73276309676714e-05
2.73268841886648e-05
2.73261374504714e-05
2.73253907530878e-05
2.73246440965106e-05
2.73238974807367e-05
2.73231509057625e-05
2.73224043715847e-05
2.73216578782e-05
2.73209114256052e-05
2.73201650137967e-05
2.73194186427713e-05
2.73186723125256e-05
2.73179260230563e-05
2.73171797743601e-05
2.73164335664336e-05
2.73156873992734e-05
2.73149412728763e-05
2.73141951872388e-05
2.73134491423577e-05
2.73127031382296e-05
2.73119571748511e-05
2.7311211252219e-05
2.73104653703299e-05
2.73097195291804e-05
2.73089737287673e-05
2.73082279690871e-05
2.73074822501365e-05
2.73067365719123e-05
2.7305990934411e-05
2.73052453376294e-05
2.7304499781564e-05
2.73037542662116e-05
2.73030087915688e-05
2.73022633576323e-05
2.73015179643988e-05
2.73007726118649e-05
2.73000273000273e-05
2.72992820288826e-05
2.72985367984276e-05
2.72977916086589e-05
2.72970464595731e-05
2.72963013511669e-05
2.72955562834371e-05
2.72948112563802e-05
2.72940662699929e-05
2.7293321324272e-05
2.7292576419214e-05
2.72918315548156e-05
2.72910867310736e-05
2.72903419479846e-05
2.72895972055452e-05
2.72888525037522e-05
2.72881078426022e-05
2.72873632220919e-05
2.72866186422179e-05
2.72858741029769e-05
2.72851296043656e-05
2.72843851463807e-05
2.72836407290189e-05
2.72828963522768e-05
2.7282152016151e-05
2.72814077206384e-05
2.72806634657355e-05
2.7279919251439e-05
2.72791750777457e-05
2.72784309446521e-05
2.72776868521549e-05
2.72769428002509e-05
2.72761987889368e-05
2.72754548182091e-05
2.72747108880646e-05
2.72739669984999e-05
2.72732231495118e-05
2.72724793410969e-05
2.72717355732519e-05
2.72709918459734e-05
2.72702481592583e-05
2.7269504513103e-05
2.72687609075044e-05
2.7268017342459e-05
2.72672738179637e-05
2.7266530334015e-05
2.72657868906097e-05
2.72650434877444e-05
2.72643001254158e-05
2.72635568036206e-05
2.72628135223555e-05
2.72620702816172e-05
2.72613270814023e-05
2.72605839217076e-05
2.72598408025297e-05
2.72590977238653e-05
2.72583546857112e-05
2.72576116880639e-05
2.72568687309202e-05
2.72561258142768e-05
2.72553829381303e-05
2.72546401024774e-05
2.72538973073149e-05
2.72531545526395e-05
2.72524118384477e-05
2.72516691647363e-05
2.72509265315021e-05
2.72501839387416e-05
2.72494413864516e-05
2.72486988746287e-05
2.72479564032698e-05
2.72472139723713e-05
2.72464715819301e-05
2.72457292319429e-05
2.72449869224063e-05
2.7244244653317e-05
2.72435024246717e-05
2.72427602364672e-05
2.72420180887e-05
2.7241275981367e-05
2.72405339144647e-05
2.723979188799e-05
2.72390499019394e-05
2.72383079563098e-05
2.72375660510977e-05
2.72368241862999e-05
2.72360823619131e-05
2.72353405779339e-05
2.72345988343592e-05
2.72338571311855e-05
2.72331154684096e-05
2.72323738460282e-05
2.72316322640379e-05
2.72308907224355e-05
2.72301492212177e-05
2.72294077603812e-05
2.72286663399227e-05
2.72279249598388e-05
2.72271836201263e-05
2.72264423207819e-05
2.72257010618023e-05
2.72249598431842e-05
2.72242186649243e-05
2.72234775270193e-05
2.72227364294659e-05
2.72219953722608e-05
2.72212543554007e-05
2.72205133788823e-05
2.72197724427024e-05
2.72190315468576e-05
2.72182906913446e-05
2.72175498761601e-05
2.7216809101301e-05
2.72160683667637e-05
2.72153276725452e-05
2.7214587018642e-05
2.72138464050509e-05
2.72131058317686e-05
2.72123652987918e-05
2.72116248061172e-05
2.72108843537415e-05
2.72101439416615e-05
2.72094035698737e-05
2.72086632383751e-05
2.72079229471622e-05
2.72071826962318e-05
2.72064424855806e-05
2.72057023152053e-05
2.72049621851026e-05
2.72042220952692e-05
2.72034820457019e-05
2.72027420363973e-05
2.72020020673522e-05
2.72012621385632e-05
2.72005222500272e-05
2.71997824017408e-05
2.71990425937007e-05
2.71983028259037e-05
2.71975630983464e-05
2.71968234110256e-05
2.7196083763938e-05
2.71953441570803e-05
2.71946045904493e-05
2.71938650640416e-05
2.71931255778539e-05
2.71923861318831e-05
2.71916467261257e-05
2.71909073605786e-05
2.71901680352385e-05
2.7189428750102e-05
2.71886895051659e-05
2.71879503004268e-05
2.71872111358817e-05
2.71864720115271e-05
2.71857329273597e-05
2.71849938833764e-05
2.71842548795738e-05
2.71835159159486e-05
2.71827769924976e-05
2.71820381092174e-05
2.71812992661049e-05
2.71805604631568e-05
2.71798217003696e-05
2.71790829777403e-05
2.71783442952655e-05
2.7177605652942e-05
2.71768670507664e-05
2.71761284887355e-05
2.7175389966846e-05
2.71746514850947e-05
2.71739130434783e-05
2.71731746419934e-05
2.71724362806369e-05
2.71716979594055e-05
2.71709596782958e-05
2.71702214373047e-05
2.71694832364288e-05
2.7168745075665e-05
2.71680069550098e-05
2.716726887446e-05
2.71665308340125e-05
2.71657928336639e-05
2.71650548734108e-05
2.71643169532502e-05
2.71635790731787e-05
2.7162841233193e-05
2.71621034332899e-05
2.71613656734661e-05
2.71606279537183e-05
2.71598902740433e-05
2.71591526344378e-05
2.71584150348986e-05
2.71576774754223e-05
2.71569399560058e-05
2.71562024766457e-05
2.71554650373388e-05
2.71547276380818e-05
2.71539902788715e-05
2.71532529597046e-05
2.71525156805778e-05
2.71517784414879e-05
2.71510412424316e-05
2.71503040834057e-05
2.71495669644069e-05
2.71488298854319e-05
2.71480928464775e-05
2.71473558475404e-05
2.71466188886174e-05
2.71458819697052e-05
2.71451450908005e-05
2.71444082519001e-05
2.71436714530007e-05
2.71429346940991e-05
2.7142197975192e-05
2.71414612962762e-05
2.71407246573483e-05
2.71399880584053e-05
2.71392514994436e-05
2.71385149804603e-05
2.71377785014519e-05
2.71370420624152e-05
2.7136305663347e-05
2.7135569304244e-05
2.7134832985103e-05
2.71340967059207e-05
2.71333604666938e-05
2.71326242674191e-05
2.71318881080934e-05
2.71311519887134e-05
2.71304159092759e-05
2.71296798697775e-05
2.71289438702151e-05
2.71282079105854e-05
2.71274719908852e-05
2.71267361111111e-05
2.712600027126e-05
2.71252644713286e-05
2.71245287113136e-05
2.71237929912119e-05
2.71230573110201e-05
2.7122321670735e-05
2.71215860703534e-05
2.7120850509872e-05
2.71201149892876e-05
2.71193795085968e-05
2.71186440677966e-05
2.71179086668836e-05
2.71171733058546e-05
2.71164379847063e-05
2.71157027034356e-05
2.7114967462039e-05
2.71142322605135e-05
2.71134970988558e-05
2.71127619770626e-05
2.71120268951307e-05
2.71112918530568e-05
2.71105568508377e-05
2.71098218884702e-05
2.7109086965951e-05
2.71083520832769e-05
2.71076172404446e-05
2.71068824374509e-05
2.71061476742925e-05
2.71054129509663e-05
2.7104678267469e-05
2.71039436237973e-05
2.7103209019948e-05
2.71024744559178e-05
2.71017399317036e-05
2.71010054473021e-05
2.710027100271e-05
2.70995365979242e-05
2.70988022329413e-05
2.70980679077582e-05
2.70973336223716e-05
2.70965993767782e-05
2.70958651709749e-05
2.70951310049584e-05
2.70943968787255e-05
2.70936627922729e-05
2.70929287455974e-05
2.70921947386958e-05
2.70914607715648e-05
2.70907268442012e-05
2.70899929566018e-05
2.70892591087634e-05
2.70885253006826e-05
2.70877915323564e-05
2.70870578037814e-05
2.70863241149544e-05
2.70855904658722e-05
2.70848568565315e-05
2.70841232869292e-05
2.7083389757062e-05
2.70826562669267e-05
2.708192281652e-05
2.70811894058387e-05
2.70804560348796e-05
2.70797227036395e-05
2.70789894121151e-05
2.70782561603033e-05
2.70775229482007e-05
2.70767897758042e-05
2.70760566431105e-05
2.70753235501164e-05
2.70745904968187e-05
2.70738574832142e-05
2.70731245092996e-05
2.70723915750717e-05
2.70716586805274e-05
2.70709258256632e-05
2.70701930104762e-05
2.70694602349629e-05
2.70687274991203e-05
2.7067994802945e-05
2.70672621464339e-05
2.70665295295837e-05
2.70657969523913e-05
2.70650644148533e-05
2.70643319169666e-05
2.7063599458728e-05
2.70628670401342e-05
2.70621346611821e-05
2.70614023218683e-05
2.70606700221898e-05
2.70599377621431e-05
2.70592055417253e-05
2.7058473360933e-05
2.7057741219763e-05
2.70570091182121e-05
2.70562770562771e-05
2.70555450339547e-05
2.70548130512418e-05
2.70540811081352e-05
2.70533492046315e-05
2.70526173407277e-05
2.70518855164205e-05
2.70511537317067e-05
2.7050421986583e-05
2.70496902810463e-05
2.70489586150933e-05
2.70482269887209e-05
2.70474954019258e-05
2.70467638547048e-05
2.70460323470547e-05
2.70453008789723e-05
2.70445694504543e-05
2.70438380614977e-05
2.70431067120991e-05
2.70423754022553e-05
2.70416441319632e-05
2.70409129012195e-05
2.70401817100211e-05
2.70394505583647e-05
2.7038719446247e-05
2.7037988373665e-05
2.70372573406154e-05
2.70365263470949e-05
2.70357953931005e-05
2.70350644786288e-05
2.70343336036767e-05
2.70336027682409e-05
2.70328719723183e-05
2.70321412159057e-05
2.70314104989998e-05
2.70306798215975e-05
2.70299491836955e-05
2.70292185852907e-05
2.70284880263798e-05
2.70277575069596e-05
2.7027027027027e-05
2.70262965865787e-05
2.70255661856116e-05
2.70248358241224e-05
2.70241055021079e-05
2.70233752195649e-05
2.70226449764903e-05
2.70219147728808e-05
2.70211846087332e-05
2.70204544840444e-05
2.70197243988111e-05
2.70189943530302e-05
2.70182643466984e-05
2.70175343798125e-05
2.70168044523694e-05
2.70160745643658e-05
2.70153447157986e-05
2.70146149066645e-05
2.70138851369604e-05
2.70131554066831e-05
2.70124257158293e-05
2.70116960643959e-05
2.70109664523797e-05
2.70102368797774e-05
2.7009507346586e-05
2.70087778528022e-05
2.70080483984227e-05
2.70073189834445e-05
2.70065896078643e-05
2.7005860271679e-05
2.70051309748852e-05
2.700440171748e-05
2.70036724994599e-05
2.7002943320822e-05
2.70022141815629e-05
2.70014850816795e-05
2.70007560211686e-05
2.7000027000027e-05
2.69992980182515e-05
2.6998569075839e-05
2.69978401727862e-05
2.69971113090899e-05
2.6996382484747e-05
2.69956536997543e-05
2.69949249541086e-05
2.69941962478067e-05
2.69934675808454e-05
2.69927389532216e-05
2.6992010364932e-05
2.69912818159734e-05
2.69905533063428e-05
2.69898248360368e-05
2.69890964050524e-05
2.69883680133862e-05
2.69876396610352e-05
2.69869113479962e-05
2.6986183074266e-05
2.69854548398413e-05
2.69847266447191e-05
2.69839984888961e-05
2.69832703723691e-05
2.6982542295135e-05
2.69818142571907e-05
2.69810862585328e-05
2.69803582991582e-05
2.69796303790638e-05
2.69789024982464e-05
2.69781746567027e-05
2.69774468544297e-05
2.69767190914241e-05
2.69759913676828e-05
2.69752636832025e-05
2.69745360379801e-05
2.69738084320125e-05
2.69730808652964e-05
2.69723533378287e-05
2.69716258496062e-05
2.69708984006257e-05
2.69701709908841e-05
2.69694436203781e-05
2.69687162891046e-05
2.69679889970605e-05
2.69672617442425e-05
2.69665345306475e-05
2.69658073562722e-05
2.69650802211137e-05
2.69643531251685e-05
2.69636260684337e-05
2.6962899050906e-05
2.69621720725822e-05
2.69614451334592e-05
2.69607182335337e-05
2.69599913728028e-05
2.6959264551263e-05
2.69585377689114e-05
2.69578110257447e-05
2.69570843217598e-05
2.69563576569534e-05
2.69556310313224e-05
2.69549044448637e-05
2.69541778975741e-05
2.69534513894504e-05
2.69527249204895e-05
2.69519984906881e-05
2.69512721000431e-05
2.69505457485514e-05
2.69498194362098e-05
2.69490931630151e-05
2.69483669289641e-05
2.69476407340537e-05
2.69469145782808e-05
2.69461884616421e-05
2.69454623841345e-05
2.69447363457549e-05
2.69440103465e-05
2.69432843863667e-05
2.69425584653519e-05
2.69418325834523e-05
2.69411067406649e-05
2.69403809369864e-05
2.69396551724138e-05
2.69389294469438e-05
2.69382037605732e-05
2.6937478113299e-05
2.6936752505118e-05
2.69360269360269e-05
2.69353014060227e-05
2.69345759151022e-05
2.69338504632622e-05
2.69331250504996e-05
2.69323996768112e-05
2.69316743421939e-05
2.69309490466444e-05
2.69302237901597e-05
2.69294985727366e-05
2.69287733943719e-05
2.69280482550625e-05
2.69273231548052e-05
2.69265980935969e-05
2.69258730714343e-05
2.69251480883145e-05
2.69244231442341e-05
2.69236982391901e-05
2.69229733731793e-05
2.69222485461986e-05
2.69215237582447e-05
2.69207990093146e-05
2.69200742994051e-05
2.6919349628513e-05
2.69186249966352e-05
2.69179004037685e-05
2.69171758499098e-05
2.6916451335056e-05
2.69157268592038e-05
2.69150024223502e-05
2.6914278024492e-05
2.6913553665626e-05
2.69128293457491e-05
2.69121050648582e-05
2.691138082295e-05
2.69106566200215e-05
2.69099324560695e-05
2.69092083310909e-05
2.69084842450825e-05
2.69077601980411e-05
2.69070361899637e-05
2.6906312220847e-05
2.6905588290688e-05
2.69048643994834e-05
2.69041405472302e-05
2.69034167339252e-05
2.69026929595653e-05
2.69019692241472e-05
2.69012455276679e-05
2.69005218701243e-05
2.68997982515131e-05
2.68990746718313e-05
2.68983511310757e-05
2.68976276292431e-05
2.68969041663305e-05
2.68961807423346e-05
2.68954573572524e-05
2.68947340110806e-05
2.68940107038163e-05
2.68932874354561e-05
2.6892564205997e-05
2.68918410154359e-05
2.68911178637696e-05
2.68903947509949e-05
2.68896716771088e-05
2.68889486421081e-05
2.68882256459896e-05
2.68875026887503e-05
2.68867797703869e-05
2.68860568908964e-05
2.68853340502756e-05
2.68846112485213e-05
2.68838884856306e-05
2.68831657616001e-05
2.68824430764268e-05
2.68817204301075e-05
2.68809978226392e-05
2.68802752540186e-05
2.68795527242427e-05
2.68788302333082e-05
2.68781077812122e-05
2.68773853679514e-05
2.68766629935227e-05
2.6875940657923e-05
2.68752183611492e-05
2.68744961031981e-05
2.68737738840665e-05
2.68730517037515e-05
2.68723295622497e-05
2.68716074595582e-05
2.68708853956738e-05
2.68701633705933e-05
2.68694413843136e-05
2.68687194368316e-05
2.68679975281442e-05
2.68672756582483e-05
2.68665538271406e-05
2.68658320348181e-05
2.68651102812777e-05
2.68643885665162e-05
2.68636668905306e-05
2.68629452533176e-05
2.68622236548741e-05
2.68615020951972e-05
2.68607805742835e-05
2.686005909213e-05
2.68593376487336e-05
2.68586162440911e-05
2.68578948781994e-05
2.68571735510555e-05
2.68564522626561e-05
2.68557310129982e-05
2.68550098020786e-05
2.68542886298942e-05
2.68535674964419e-05
2.68528464017186e-05
2.68521253457211e-05
2.68514043284464e-05
2.68506833498913e-05
2.68499624100526e-05
2.68492415089274e-05
2.68485206465124e-05
2.68477998228045e-05
2.68470790378007e-05
2.68463582914978e-05
2.68456375838926e-05
2.68449169149821e-05
2.68441962847632e-05
2.68434756932328e-05
2.68427551403876e-05
2.68420346262247e-05
2.68413141507408e-05
2.6840593713933e-05
2.68398733157979e-05
2.68391529563327e-05
2.68384326355341e-05
2.6837712353399e-05
2.68369921099243e-05
2.68362719051069e-05
2.68355517389438e-05
2.68348316114316e-05
2.68341115225675e-05
2.68333914723482e-05
2.68326714607706e-05
2.68319514878317e-05
2.68312315535283e-05
2.68305116578573e-05
2.68297918008156e-05
2.68290719824001e-05
2.68283522026077e-05
2.68276324614353e-05
2.68269127588797e-05
2.68261930949379e-05
2.68254734696067e-05
2.68247538828831e-05
2.68240343347639e-05
2.68233148252461e-05
2.68225953543265e-05
2.6821875922002e-05
2.68211565282695e-05
2.68204371731259e-05
2.68197178565681e-05
2.68189985785931e-05
2.68182793391976e-05
2.68175601383786e-05
2.6816840976133e-05
2.68161218524577e-05
2.68154027673496e-05
2.68146837208055e-05
2.68139647128224e-05
2.68132457433972e-05
2.68125268125268e-05
2.68118079202081e-05
2.68110890664379e-05
2.68103702512132e-05
2.68096514745308e-05
2.68089327363878e-05
2.68082140367809e-05
2.6807495375707e-05
2.68067767531632e-05
2.68060581691462e-05
2.6805339623653e-05
2.68046211166805e-05
2.68039026482256e-05
2.68031842182851e-05
2.68024658268561e-05
2.68017474739353e-05
2.68010291595197e-05
2.68003108836062e-05
2.67995926461918e-05
2.67988744472732e-05
2.67981562868475e-05
2.67974381649114e-05
2.6796720081462e-05
2.67960020364962e-05
2.67952840300107e-05
2.67945660620026e-05
2.67938481324688e-05
2.67931302414061e-05
2.67924123888115e-05
2.67916945746818e-05
2.67909767990141e-05
2.67902590618051e-05
2.67895413630519e-05
2.67888237027512e-05
2.67881060809001e-05
2.67873884974954e-05
2.6786670952534e-05
2.67859534460129e-05
2.6785235977929e-05
2.67845185482791e-05
2.67838011570602e-05
2.67830838042692e-05
2.6782366489903e-05
2.67816492139586e-05
2.67809319764328e-05
2.67802147773225e-05
2.67794976166247e-05
2.67787804943363e-05
2.67780634104542e-05
2.67773463649752e-05
2.67766293578964e-05
2.67759123892147e-05
2.67751954589268e-05
2.67744785670299e-05
2.67737617135207e-05
2.67730448983963e-05
2.67723281216535e-05
2.67716113832892e-05
2.67708946833003e-05
2.67701780216838e-05
2.67694613984367e-05
2.67687448135557e-05
2.67680282670378e-05
2.67673117588801e-05
2.67665952890792e-05
2.67658788576323e-05
2.67651624645362e-05
2.67644461097878e-05
2.6763729793384e-05
2.67630135153218e-05
2.67622972755981e-05
2.67615810742099e-05
2.67608649111539e-05
2.67601487864273e-05
2.67594327000268e-05
2.67587166519494e-05
2.6758000642192e-05
2.67572846707516e-05
2.67565687376251e-05
2.67558528428094e-05
2.67551369863014e-05
2.6754421168098e-05
2.67537053881963e-05
2.6752989646593e-05
2.67522739432852e-05
2.67515582782697e-05
2.67508426515435e-05
2.67501270631035e-05
2.67494115129467e-05
2.67486960010699e-05
2.67479805274702e-05
2.67472650921443e-05
2.67465496950893e-05
2.67458343363021e-05
2.67451190157796e-05
2.67444037335188e-05
2.67436884895165e-05
2.67429732837697e-05
2.67422581162753e-05
2.67415429870304e-05
2.67408278960317e-05
2.67401128432762e-05
2.67393978287609e-05
2.67386828524827e-05
2.67379679144385e-05
2.67372530146253e-05
2.67365381530399e-05
2.67358233296794e-05
2.67351085445407e-05
2.67343937976206e-05
2.67336790889162e-05
2.67329644184244e-05
2.6732249786142e-05
2.67315351920661e-05
2.67308206361935e-05
2.67301061185213e-05
2.67293916390463e-05
2.67286771977655e-05
2.67279627946758e-05
2.67272484297742e-05
2.67265341030575e-05
2.67258198145228e-05
2.6725105564167e-05
2.6724391351987e-05
2.67236771779797e-05
2.67229630421421e-05
2.67222489444712e-05
2.67215348849638e-05
2.67208208636169e-05
2.67201068804275e-05
2.67193929353925e-05
2.67186790285088e-05
2.67179651597734e-05
2.67172513291833e-05
2.67165375367352e-05
2.67158237824263e-05
2.67151100662535e-05
2.67143963882136e-05
2.67136827483037e-05
2.67129691465206e-05
2.67122555828614e-05
2.6711542057323e-05
2.67108285699022e-05
2.67101151205962e-05
2.67094017094017e-05
2.67086883363158e-05
2.67079750013354e-05
2.67072617044574e-05
2.67065484456789e-05
2.67058352249967e-05
2.67051220424077e-05
2.6704408897909e-05
2.67036957914975e-05
2.67029827231702e-05
2.67022696929239e-05
2.67015567007557e-05
2.67008437466624e-05
2.67001308306411e-05
2.66994179526886e-05
2.6698705112802e-05
2.66979923109782e-05
2.66972795472141e-05
2.66965668215068e-05
2.6695854133853e-05
2.66951414842499e-05
2.66944288726943e-05
2.66937162991832e-05
2.66930037637135e-05
2.66922912662823e-05
2.66915788068864e-05
2.66908663855229e-05
2.66901540021886e-05
2.66894416568805e-05
2.66887293495957e-05
2.66880170803309e-05
2.66873048490833e-05
2.66865926558497e-05
2.66858805006271e-05
2.66851683834125e-05
2.66844563042028e-05
2.6683744262995e-05
2.6683032259786e-05
2.66823202945728e-05
2.66816083673524e-05
2.66808964781217e-05
2.66801846268776e-05
2.66794728136172e-05
2.66787610383374e-05
2.66780493010351e-05
2.66773376017074e-05
2.66766259403511e-05
2.66759143169632e-05
2.66752027315408e-05
2.66744911840807e-05
2.66737796745799e-05
2.66730682030354e-05
2.66723567694441e-05
2.66716453738031e-05
2.66709340161092e-05
2.66702226963595e-05
2.66695114145509e-05
2.66688001706803e-05
2.66680889647448e-05
2.66673777967412e-05
2.66666666666667e-05
2.6665955574518e-05
2.66652445202923e-05
2.66645335039863e-05
2.66638225255973e-05
2.6663111585122e-05
2.66624006825575e-05
2.66616898179007e-05
2.66609789911486e-05
2.66602682022981e-05
2.66595574513463e-05
2.66588467382901e-05
2.66581360631265e-05
2.66574254258524e-05
2.66567148264648e-05
2.66560042649607e-05
2.6655293741337e-05
2.66545832555908e-05
2.6653872807719e-05
2.66531623977185e-05
2.66524520255864e-05
2.66517416913195e-05
2.6651031394915e-05
2.66503211363697e-05
2.66496109156806e-05
2.66489007328448e-05
2.66481905878591e-05
2.66474804807205e-05
2.66467704114261e-05
2.66460603799728e-05
2.66453503863576e-05
2.66446404305774e-05
2.66439305126292e-05
2.66432206325101e-05
2.66425107902169e-05
2.66418009857466e-05
2.66410912190963e-05
2.66403814902629e-05
2.66396717992434e-05
2.66389621460348e-05
2.6638252530634e-05
2.6637542953038e-05
2.66368334132438e-05
2.66361239112484e-05
2.66354144470488e-05
2.66347050206419e-05
2.66339956320247e-05
2.66332862811942e-05
2.66325769681474e-05
2.66318676928813e-05
2.66311584553928e-05
2.66304492556789e-05
2.66297400937367e-05
2.6629030969563e-05
2.66283218831549e-05
2.66276128345094e-05
2.66269038236234e-05
2.66261948504939e-05
2.6625485915118e-05
2.66247770174925e-05
2.66240681576145e-05
2.6623359335481e-05
2.66226505510889e-05
2.66219418044352e-05
2.6621233095517e-05
2.66205244243312e-05
2.66198157908747e-05
2.66191071951447e-05
2.6618398637138e-05
2.66176901168517e-05
2.66169816342827e-05
2.6616273189428e-05
2.66155647822847e-05
2.66148564128497e-05
2.66141480811199e-05
2.66134397870925e-05
2.66127315307643e-05
2.66120233121324e-05
2.66113151311938e-05
2.66106069879454e-05
2.66098988823842e-05
2.66091908145073e-05
2.66084827843116e-05
2.66077747917942e-05
2.66070668369519e-05
2.66063589197818e-05
2.6605651040281e-05
2.66049431984463e-05
2.66042353942748e-05
2.66035276277634e-05
2.66028198989093e-05
2.66021122077093e-05
2.66014045541605e-05
2.66006969382598e-05
2.65999893600043e-05
2.65992818193909e-05
2.65985743164166e-05
2.65978668510785e-05
2.65971594233736e-05
2.65964520332988e-05
2.65957446808511e-05
2.65950373660275e-05
2.65943300888251e-05
2.65936228492408e-05
2.65929156472716e-05
2.65922084829145e-05
2.65915013561666e-05
2.65907942670248e-05
2.65900872154861e-05
2.65893802015475e-05
2.65886732252061e-05
2.65879662864587e-05
2.65872593853026e-05
2.65865525217345e-05
2.65858456957516e-05
2.65851389073508e-05
2.65844321565291e-05
2.65837254432836e-05
2.65830187676113e-05
2.6582312129509e-05
2.65816055289739e-05
2.6580898966003e-05
2.65801924405933e-05
2.65794859527417e-05
2.65787795024452e-05
2.6578073089701e-05
2.65773667145059e-05
2.6576660376857e-05
2.65759540767514e-05
2.65752478141859e-05
2.65745415891576e-05
2.65738354016635e-05
2.65731292517007e-05
2.65724231392661e-05
2.65717170643567e-05
2.65710110269696e-05
2.65703050271017e-05
2.65695990647501e-05
2.65688931399118e-05
2.65681872525838e-05
2.6567481402763e-05
2.65667755904466e-05
2.65660698156315e-05
2.65653640783147e-05
2.65646583784933e-05
2.65639527161642e-05
2.65632470913244e-05
2.65625415039711e-05
2.65618359541011e-05
2.65611304417116e-05
2.65604249667995e-05
2.65597195293618e-05
2.65590141293955e-05
2.65583087668977e-05
2.65576034418654e-05
2.65568981542956e-05
2.65561929041853e-05
2.65554876915315e-05
2.65547825163312e-05
2.65540773785815e-05
2.65533722782793e-05
2.65526672154218e-05
2.65519621900058e-05
2.65512572020285e-05
2.65505522514868e-05
2.65498473383778e-05
2.65491424626985e-05
2.65484376244458e-05
2.65477328236169e-05
2.65470280602087e-05
2.65463233342182e-05
2.65456186456425e-05
2.65449139944787e-05
2.65442093807236e-05
2.65435048043744e-05
2.6542800265428e-05
2.65420957638815e-05
2.65413912997319e-05
2.65406868729763e-05
2.65399824836116e-05
2.65392781316348e-05
2.65385738170431e-05
2.65378695398333e-05
2.65371653000027e-05
2.6536461097548e-05
2.65357569324665e-05
2.65350528047551e-05
2.65343487144108e-05
2.65336446614307e-05
2.65329406458118e-05
2.65322366675511e-05
2.65315327266456e-05
2.65308288230924e-05
2.65301249568885e-05
2.6529421128031e-05
2.65287173365168e-05
2.6528013582343e-05
2.65273098655065e-05
2.65266061860046e-05
2.65259025438341e-05
2.6525198938992e-05
2.65244953714756e-05
2.65237918412816e-05
2.65230883484073e-05
2.65223848928496e-05
2.65216814746055e-05
2.65209780936721e-05
2.65202747500464e-05
2.65195714437255e-05
2.65188681747063e-05
2.65181649429859e-05
2.65174617485614e-05
2.65167585914298e-05
2.6516055471588e-05
2.65153523890332e-05
2.65146493437624e-05
2.65139463357726e-05
2.65132433650608e-05
2.65125404316242e-05
2.65118375354596e-05
2.65111346765642e-05
2.65104318549349e-05
2.65097290705689e-05
2.65090263234631e-05
2.65083236136147e-05
2.65076209410205e-05
2.65069183056778e-05
2.65062157075834e-05
2.65055131467345e-05
2.65048106231281e-05
2.65041081367612e-05
2.65034056876309e-05
2.65027032757341e-05
2.6502000901068e-05
2.65012985636296e-05
2.65005962634159e-05
2.6499894000424e-05
2.64991917746509e-05
2.64984895860936e-05
2.64977874347492e-05
2.64970853206147e-05
2.64963832436872e-05
2.64956812039638e-05
2.64949792014413e-05
2.6494277236117e-05
2.64935753079878e-05
2.64928734170508e-05
2.6492171563303e-05
2.64914697467415e-05
2.64907679673634e-05
2.64900662251656e-05
2.64893645201452e-05
2.64886628522992e-05
2.64879612216248e-05
2.64872596281189e-05
2.64865580717786e-05
2.64858565526009e-05
2.64851550705829e-05
2.64844536257217e-05
2.64837522180142e-05
2.64830508474576e-05
2.64823495140489e-05
2.64816482177851e-05
2.64809469586632e-05
2.64802457366804e-05
2.64795445518337e-05
2.64788434041201e-05
2.64781422935367e-05
2.64774412200805e-05
2.64767401837486e-05
2.6476039184538e-05
2.64753382224458e-05
2.6474637297469e-05
2.64739364096047e-05
2.647323555885e-05
2.64725347452019e-05
2.64718339686573e-05
2.64711332292135e-05
2.64704325268675e-05
2.64697318616162e-05
2.64690312334569e-05
2.64683306423864e-05
2.64676300884019e-05
2.64669295715004e-05
2.6466229091679e-05
2.64655286489348e-05
2.64648282432647e-05
2.64641278746659e-05
2.64634275431354e-05
2.64627272486702e-05
2.64620269912675e-05
2.64613267709243e-05
2.64606265876376e-05
2.64599264414045e-05
2.6459226332222e-05
2.64585262600873e-05
2.64578262249974e-05
2.64571262269492e-05
2.645642626594e-05
2.64557263419667e-05
2.64550264550265e-05
2.64543266051163e-05
2.64536267922332e-05
2.64529270163744e-05
2.64522272775368e-05
2.64515275757175e-05
2.64508279109136e-05
2.64501282831222e-05
2.64494286923402e-05
2.64487291385649e-05
2.64480296217932e-05
2.64473301420222e-05
2.64466306992489e-05
2.64459312934705e-05
2.6445231924684e-05
2.64445325928864e-05
2.64438332980749e-05
2.64431340402464e-05
2.64424348193982e-05
2.64417356355271e-05
2.64410364886304e-05
2.6440337378705e-05
2.6439638305748e-05
2.64389392697565e-05
2.64382402707276e-05
2.64375413086583e-05
2.64368423835457e-05
2.64361434953869e-05
2.64354446441789e-05
2.64347458299188e-05
2.64340470526038e-05
2.64333483122307e-05
2.64326496087968e-05
2.64319509422991e-05
2.64312523127346e-05
2.64305537201004e-05
2.64298551643937e-05
2.64291566456114e-05
2.64284581637507e-05
2.64277597188086e-05
2.64270613107822e-05
2.64263629396686e-05
2.64256646054648e-05
2.6424966308168e-05
2.64242680477751e-05
2.64235698242833e-05
2.64228716376896e-05
2.64221734879911e-05
2.64214753751849e-05
2.64207772992681e-05
2.64200792602378e-05
2.64193812580909e-05
2.64186832928247e-05
2.64179853644361e-05
2.64172874729223e-05
2.64165896182803e-05
2.64158918005072e-05
2.64151940196001e-05
2.6414496275556e-05
2.64137985683721e-05
2.64131008980454e-05
2.6412403264573e-05
2.6411705667952e-05
2.64110081081795e-05
2.64103105852525e-05
2.64096130991681e-05
2.64089156499234e-05
2.64082182375155e-05
2.64075208619415e-05
2.64068235231984e-05
2.64061262212833e-05
2.64054289561934e-05
2.64047317279256e-05
2.64040345364772e-05
2.64033373818451e-05
2.64026402640264e-05
2.64019431830183e-05
2.64012461388178e-05
2.64005491314219e-05
2.63998521608279e-05
2.63991552270327e-05
2.63984583300335e-05
2.63977614698274e-05
2.63970646464113e-05
2.63963678597825e-05
2.6395671109938e-05
2.63949743968748e-05
2.63942777205902e-05
2.63935810810811e-05
2.63928844783446e-05
2.63921879123779e-05
2.63914913831781e-05
2.63907948907421e-05
2.63900984350672e-05
2.63894020161503e-05
2.63887056339887e-05
2.63880092885793e-05
2.63873129799193e-05
2.63866167080057e-05
2.63859204728357e-05
2.63852242744063e-05
2.63845281127147e-05
2.63838319877579e-05
2.6383135899533e-05
2.63824398480371e-05
2.63817438332674e-05
2.63810478552208e-05
2.63803519138945e-05
2.63796560092856e-05
2.63789601413912e-05
2.63782643102084e-05
2.63775685157342e-05
2.63768727579658e-05
2.63761770369003e-05
2.63754813525347e-05
2.63747857048661e-05
2.63740900938918e-05
2.63733945196086e-05
2.63726989820138e-05
2.63720034811045e-05
2.63713080168776e-05
2.63706125893305e-05
2.636991719846e-05
2.63692218442634e-05
2.63685265267377e-05
2.636783124588e-05
2.63671360016875e-05
2.63664407941572e-05
2.63657456232862e-05
2.63650504890717e-05
2.63643553915107e-05
2.63636603306003e-05
2.63629653063377e-05
2.63622703187198e-05
2.6361575367744e-05
2.63608804534071e-05
2.63601855757065e-05
2.6359490734639e-05
2.63587959302019e-05
2.63581011623923e-05
2.63574064312072e-05
2.63567117366437e-05
2.63560170786991e-05
2.63553224573703e-05
2.63546278726544e-05
2.63539333245487e-05
2.63532388130501e-05
2.63525443381559e-05
2.6351849899863e-05
2.63511554981686e-05
2.63504611330698e-05
2.63497668045638e-05
2.63490725126476e-05
2.63483782573183e-05
2.6347684038573e-05
2.63469898564089e-05
2.63462957108231e-05
2.63456016018126e-05
2.63449075293746e-05
2.63442134935062e-05
2.63435194942044e-05
2.63428255314665e-05
2.63421316052895e-05
2.63414377156705e-05
2.63407438626067e-05
2.63400500460951e-05
2.63393562661329e-05
2.63386625227171e-05
2.63379688158449e-05
2.63372751455134e-05
2.63365815117198e-05
2.6335887914461e-05
2.63351943537343e-05
2.63345008295368e-05
2.63338073418655e-05
2.63331138907176e-05
2.63324204760902e-05
2.63317270979804e-05
2.63310337563853e-05
2.6330340451302e-05
2.63296471827278e-05
2.63289539506595e-05
2.63282607550945e-05
2.63275675960298e-05
2.63268744734625e-05
2.63261813873898e-05
2.63254883378087e-05
2.63247953247164e-05
2.63241023481099e-05
2.63234094079865e-05
2.63227165043432e-05
2.63220236371772e-05
2.63213308064856e-05
2.63206380122654e-05
2.63199452545139e-05
2.63192525332281e-05
2.63185598484051e-05
2.63178672000421e-05
2.63171745881362e-05
2.63164820126845e-05
2.63157894736842e-05
2.63150969711323e-05
2.63144045050261e-05
2.63137120753625e-05
2.63130196821387e-05
2.63123273253519e-05
2.63116350049992e-05
2.63109427210777e-05
2.63102504735845e-05
2.63095582625168e-05
2.63088660878716e-05
2.63081739496462e-05
2.63074818478375e-05
2.63067897824428e-05
2.63060977534593e-05
2.63054057608839e-05
2.63047138047138e-05
2.63040218849462e-05
2.63033300015782e-05
2.63026381546069e-05
2.63019463440295e-05
2.6301254569843e-05
2.63005628320446e-05
2.62998711306315e-05
2.62991794656007e-05
2.62984878369494e-05
2.62977962446747e-05
2.62971046887738e-05
2.62964131692437e-05
2.62957216860817e-05
2.62950302392848e-05
2.62943388288501e-05
2.62936474547749e-05
2.62929561170562e-05
2.62922648156912e-05
2.6291573550677e-05
2.62908823220107e-05
2.62901911296895e-05
2.62894999737105e-05
2.62888088540708e-05
2.62881177707676e-05
2.6287426723798e-05
2.62867357131591e-05
2.62860447388481e-05
2.62853538008622e-05
2.62846628991983e-05
2.62839720338538e-05
2.62832812048256e-05
2.6282590412111e-05
2.62818996557071e-05
2.6281208935611e-05
2.62805182518199e-05
2.62798276043309e-05
2.62791369931411e-05
2.62784464182478e-05
2.62777558796479e-05
2.62770653773387e-05
2.62763749113172e-05
2.62756844815807e-05
2.62749940881263e-05
2.62743037309511e-05
2.62736134100523e-05
2.62729231254269e-05
2.62722328770722e-05
2.62715426649853e-05
2.62708524891633e-05
2.62701623496033e-05
2.62694722463026e-05
2.62687821792582e-05
2.62680921484673e-05
2.6267402153927e-05
2.62667121956345e-05
2.62660222735869e-05
2.62653323877814e-05
2.62646425382151e-05
2.62639527248851e-05
2.62632629477886e-05
2.62625732069228e-05
2.62618835022848e-05
2.62611938338717e-05
2.62605042016807e-05
2.62598146057089e-05
2.62591250459535e-05
2.62584355224116e-05
2.62577460350803e-05
2.62570565839569e-05
2.62563671690385e-05
2.62556777903222e-05
2.62549884478051e-05
2.62542991414844e-05
2.62536098713573e-05
2.62529206374209e-05
2.62522314396724e-05
2.62515422781088e-05
2.62508531527275e-05
2.62501640635254e-05
2.62494750104998e-05
2.62487859936478e-05
2.62480970129666e-05
2.62474080684532e-05
2.6246719160105e-05
2.6246030287919e-05
2.62453414518923e-05
2.62446526520221e-05
2.62439638883057e-05
2.62432751607401e-05
2.62425864693224e-05
2.62418978140499e-05
2.62412091949197e-05
2.62405206119289e-05
2.62398320650748e-05
2.62391435543544e-05
2.62384550797649e-05
2.62377666413035e-05
2.62370782389673e-05
2.62363898727535e-05
2.62357015426593e-05
2.62350132486817e-05
2.6234324990818e-05
2.62336367690653e-05
2.62329485834208e-05
2.62322604338816e-05
2.62315723204449e-05
2.62308842431078e-05
2.62301962018676e-05
2.62295081967213e-05
2.62288202276662e-05
2.62281322946993e-05
2.62274443978179e-05
2.62267565370191e-05
2.62260687123e-05
2.62253809236579e-05
2.62246931710899e-05
2.62240054545931e-05
2.62233177741648e-05
2.6222630129802e-05
2.6221942521502e-05
2.62212549492619e-05
2.62205674130788e-05
2.621987991295e-05
2.62191924488726e-05
2.62185050208437e-05
2.62178176288606e-05
2.62171302729203e-05
2.62164429530201e-05
2.62157556691572e-05
2.62150684213286e-05
2.62143812095315e-05
2.62136940337632e-05
2.62130068940208e-05
2.62123197903014e-05
2.62116327226023e-05
2.62109456909205e-05
2.62102586952533e-05
2.62095717355978e-05
2.62088848119513e-05
2.62081979243107e-05
2.62075110726734e-05
2.62068242570365e-05
2.62061374773972e-05
2.62054507337526e-05
2.62047640260999e-05
2.62040773544364e-05
2.6203390718759e-05
2.62027041190651e-05
2.62020175553518e-05
2.62013310276162e-05
2.62006445358556e-05
2.61999580800671e-05
2.61992716602478e-05
2.61985852763951e-05
2.61978989285059e-05
2.61972126165776e-05
2.61965263406072e-05
2.6195840100592e-05
2.61951538965291e-05
2.61944677284158e-05
2.61937815962491e-05
2.61930955000262e-05
2.61924094397444e-05
2.61917234154007e-05
2.61910374269925e-05
2.61903514745168e-05
2.61896655579708e-05
2.61889796773518e-05
2.61882938326568e-05
2.61876080238831e-05
2.61869222510278e-05
2.61862365140882e-05
2.61855508130614e-05
2.61848651479445e-05
2.61841795187348e-05
2.61834939254294e-05
2.61828083680256e-05
2.61821228465204e-05
2.61814373609111e-05
2.61807519111949e-05
2.61800664973689e-05
2.61793811194303e-05
2.61786957773764e-05
2.61780104712042e-05
2.6177325200911e-05
2.61766399664939e-05
2.61759547679502e-05
2.61752696052769e-05
2.61745844784714e-05
2.61738993875308e-05
2.61732143324522e-05
2.61725293132328e-05
2.61718443298699e-05
2.61711593823606e-05
2.61704744707022e-05
2.61697895948917e-05
2.61691047549263e-05
2.61684199508034e-05
2.616773518252e-05
2.61670504500733e-05
2.61663657534605e-05
2.61656810926788e-05
2.61649964677255e-05
2.61643118785976e-05
2.61636273252924e-05
2.6162942807807e-05
2.61622583261387e-05
2.61615738802846e-05
2.6160889470242e-05
2.6160205096008e-05
2.61595207575797e-05
2.61588364549545e-05
2.61581521881294e-05
2.61574679571018e-05
2.61567837618686e-05
2.61560996024273e-05
2.61554154787749e-05
2.61547313909086e-05
2.61540473388257e-05
2.61533633225233e-05
2.61526793419986e-05
2.61519953972488e-05
2.61513114882711e-05
2.61506276150628e-05
2.61499437776209e-05
2.61492599759427e-05
2.61485762100254e-05
2.61478924798661e-05
2.61472087854622e-05
2.61465251268106e-05
2.61458415039088e-05
2.61451579167538e-05
2.61444743653429e-05
2.61437908496732e-05
2.6143107369742e-05
2.61424239255464e-05
2.61417405170836e-05
2.61410571443509e-05
2.61403738073454e-05
2.61396905060644e-05
2.6139007240505e-05
2.61383240106644e-05
2.61376408165399e-05
2.61369576581286e-05
2.61362745354277e-05
2.61355914484345e-05
2.61349083971461e-05
2.61342253815597e-05
2.61335424016725e-05
2.61328594574818e-05
2.61321765489848e-05
2.61314936761785e-05
2.61308108390603e-05
2.61301280376274e-05
2.61294452718769e-05
2.6128762541806e-05
2.6128079847412e-05
2.61273971886921e-05
2.61267145656434e-05
2.61260319782631e-05
2.61253494265486e-05
2.61246669104969e-05
2.61239844301053e-05
2.6123301985371e-05
2.61226195762911e-05
2.6121937202863e-05
2.61212548650837e-05
2.61205725629506e-05
2.61198902964608e-05
2.61192080656115e-05
2.61185258703999e-05
2.61178437108232e-05
2.61171615868787e-05
2.61164794985636e-05
2.6115797445875e-05
2.61151154288102e-05
2.61144334473664e-05
2.61137515015407e-05
2.61130695913305e-05
2.61123877167328e-05
2.6111705877745e-05
2.61110240743642e-05
2.61103423065876e-05
2.61096605744125e-05
2.61089788778361e-05
2.61082972168555e-05
2.6107615591468e-05
2.61069340016708e-05
2.61062524474612e-05
2.61055709288362e-05
2.61048894457932e-05
2.61042079983293e-05
2.61035265864418e-05
2.61028452101279e-05
2.61021638693848e-05
2.61014825642096e-05
2.61008012945997e-05
2.61001200605523e-05
2.60994388620645e-05
2.60987576991335e-05
2.60980765717567e-05
2.60973954799311e-05
2.60967144236541e-05
2.60960334029228e-05
2.60953524177344e-05
2.60946714680862e-05
2.60939905539754e-05
2.60933096753992e-05
2.60926288323549e-05
2.60919480248395e-05
2.60912672528505e-05
2.60905865163849e-05
2.608990581544e-05
2.6089225150013e-05
2.60885445201012e-05
2.60878639257018e-05
2.60871833668119e-05
2.60865028434288e-05
2.60858223555498e-05
2.6085141903172e-05
2.60844614862926e-05
2.6083781104909e-05
2.60831007590182e-05
2.60824204486176e-05
2.60817401737044e-05
2.60810599342757e-05
2.60803797303289e-05
2.6079699561861e-05
2.60790194288695e-05
2.60783393313514e-05
2.6077659269304e-05
2.60769792427245e-05
2.60762992516102e-05
2.60756192959583e-05
2.6074939375766e-05
2.60742594910305e-05
2.6073579641749e-05
2.60728998279189e-05
2.60722200495372e-05
2.60715403066013e-05
2.60708605991084e-05
2.60701809270556e-05
2.60695012904403e-05
2.60688216892596e-05
2.60681421235109e-05
2.60674625931912e-05
2.60667830982978e-05
2.60661036388281e-05
2.60654242147791e-05
2.60647448261482e-05
2.60640654729325e-05
2.60633861551293e-05
2.60627068727358e-05
2.60620276257493e-05
2.60613484141669e-05
2.6060669237986e-05
2.60599900972038e-05
2.60593109918174e-05
2.60586319218241e-05
2.60579528872212e-05
2.60572738880058e-05
2.60565949241753e-05
2.60559159957268e-05
2.60552371026576e-05
2.6054558244965e-05
2.6053879422646e-05
2.60532006356981e-05
2.60525218841184e-05
2.60518431679041e-05
2.60511644870526e-05
2.60504858415609e-05
2.60498072314265e-05
2.60491286566464e-05
2.6048450117218e-05
2.60477716131385e-05
2.60470931444051e-05
2.6046414711015e-05
2.60457363129656e-05
2.60450579502539e-05
2.60443796228774e-05
2.60437013308331e-05
2.60430230741184e-05
2.60423448527305e-05
2.60416666666667e-05
2.60409885159241e-05
2.60403104005e-05
2.60396323203916e-05
2.60389542755963e-05
2.60382762661112e-05
2.60375982919336e-05
2.60369203530606e-05
2.60362424494897e-05
2.60355645812179e-05
2.60348867482426e-05
2.6034208950561e-05
2.60335311881704e-05
2.60328534610679e-05
2.60321757692508e-05
2.60314981127164e-05
2.60308204914619e-05
2.60301429054846e-05
2.60294653547816e-05
2.60287878393503e-05
2.60281103591879e-05
2.60274329142917e-05
2.60267555046588e-05
2.60260781302865e-05
2.60254007911722e-05
2.60247234873129e-05
2.60240462187061e-05
2.60233689853488e-05
2.60226917872385e-05
2.60220146243722e-05
2.60213374967473e-05
2.60206604043611e-05
2.60199833472107e-05
2.60193063252934e-05
2.60186293386064e-05
2.60179523871471e-05
2.60172754709127e-05
2.60165985899004e-05
2.60159217441074e-05
2.6015244933531e-05
2.60145681581686e-05
2.60138914180172e-05
2.60132147130742e-05
2.60125380433369e-05
2.60118614088024e-05
2.60111848094681e-05
2.60105082453311e-05
2.60098317163888e-05
2.60091552226384e-05
2.60084787640771e-05
2.60078023407022e-05
2.6007125952511e-05
2.60064495995007e-05
2.60057732816685e-05
2.60050969990118e-05
2.60044207515278e-05
2.60037445392136e-05
2.60030683620667e-05
2.60023922200842e-05
2.60017161132635e-05
2.60010400416017e-05
2.60003640050961e-05
2.5999688003744e-05
2.59990120375426e-05
2.59983361064892e-05
2.5997660210581e-05
2.59969843498154e-05
2.59963085241896e-05
2.59956327337007e-05
2.59949569783462e-05
2.59942812581232e-05
2.5993605573029e-05
2.59929299230609e-05
2.59922543082162e-05
2.5991578728492e-05
2.59909031838856e-05
2.59902276743944e-05
2.59895522000156e-05
2.59888767607464e-05
2.59882013565841e-05
2.5987525987526e-05
2.59868506535693e-05
2.59861753547113e-05
2.59855000909493e-05
2.59848248622804e-05
2.59841496687021e-05
2.59834745102115e-05
2.59827993868059e-05
2.59821242984826e-05
2.59814492452389e-05
2.5980774227072e-05
2.59800992439791e-05
2.59794242959576e-05
2.59787493830047e-05
2.59780745051177e-05
2.59773996622938e-05
2.59767248545303e-05
2.59760500818246e-05
2.59753753441737e-05
2.59747006415751e-05
2.5974025974026e-05
2.59733513415236e-05
2.59726767440652e-05
2.59720021816482e-05
2.59713276542697e-05
2.5970653161927e-05
2.59699787046175e-05
2.59693042823383e-05
2.59686298950867e-05
2.59679555428601e-05
2.59672812256557e-05
2.59666069434707e-05
2.59659326963025e-05
2.59652584841482e-05
2.59645843070052e-05
2.59639101648708e-05
2.59632360577422e-05
2.59625619856167e-05
2.59618879484916e-05
2.59612139463641e-05
2.59605399792316e-05
2.59598660470912e-05
2.59591921499403e-05
2.59585182877761e-05
2.5957844460596e-05
2.59571706683971e-05
2.59564969111769e-05
2.59558231889324e-05
2.59551495016611e-05
2.59544758493602e-05
2.5953802232027e-05
2.59531286496587e-05
2.59524551022527e-05
2.59517815898061e-05
2.59511081123164e-05
2.59504346697807e-05
2.59497612621964e-05
2.59490878895607e-05
2.59484145518709e-05
2.59477412491243e-05
2.59470679813181e-05
2.59463947484497e-05
2.59457215505163e-05
2.59450483875152e-05
2.59443752594438e-05
2.59437021662991e-05
2.59430291080787e-05
2.59423560847796e-05
2.59416830963993e-05
2.5941010142935e-05
2.59403372243839e-05
2.59396643407434e-05
2.59389914920108e-05
2.59383186781833e-05
2.59376458992582e-05
2.59369731552328e-05
2.59363004461044e-05
2.59356277718702e-05
2.59349551325276e-05
2.59342825280739e-05
2.59336099585062e-05
2.5932937423822e-05
2.59322649240185e-05
2.59315924590929e-05
2.59309200290426e-05
2.59302476338649e-05
2.5929575273557e-05
2.59289029481163e-05
2.59282306575399e-05
2.59275584018253e-05
2.59268861809697e-05
2.59262139949703e-05
2.59255418438245e-05
2.59248697275296e-05
2.59241976460829e-05
2.59235255994815e-05
2.59228535877229e-05
2.59221816108044e-05
2.59215096687231e-05
2.59208377614765e-05
2.59201658890617e-05
2.59194940514761e-05
2.5918822248717e-05
2.59181504807817e-05
2.59174787476674e-05
2.59168070493715e-05
2.59161353858913e-05
2.59154637572239e-05
2.59147921633669e-05
2.59141206043173e-05
2.59134490800726e-05
2.59127775906299e-05
2.59121061359867e-05
2.59114347161402e-05
2.59107633310877e-05
2.59100919808265e-05
2.59094206653539e-05
2.59087493846672e-05
2.59080781387637e-05
2.59074069276406e-05
2.59067357512953e-05
2.59060646097251e-05
2.59053935029273e-05
2.59047224308992e-05
2.5904051393638e-05
2.5903380391141e-05
2.59027094234057e-05
2.59020384904292e-05
2.59013675922089e-05
2.5900696728742e-05
2.59000259000259e-05
2.58993551060579e-05
2.58986843468352e-05
2.58980136223552e-05
2.58973429326151e-05
2.58966722776123e-05
2.58960016573441e-05
2.58953310718078e-05
2.58946605210006e-05
2.58939900049199e-05
2.58933195235629e-05
2.58926490769271e-05
2.58919786650096e-05
2.58913082878078e-05
2.5890637945319e-05
2.58899676375405e-05
2.58892973644695e-05
2.58886271261035e-05
2.58879569224397e-05
2.58872867534754e-05
2.58866166192079e-05
2.58859465196345e-05
2.58852764547525e-05
2.58846064245593e-05
2.58839364290521e-05
2.58832664682283e-05
2.58825965420851e-05
2.58819266506199e-05
2.58812567938299e-05
2.58805869717125e-05
2.5879917184265e-05
2.58792474314847e-05
2.58785777133689e-05
2.58779080299149e-05
2.587723838112e-05
2.58765687669815e-05
2.58758991874968e-05
2.58752296426631e-05
2.58745601324777e-05
2.58738906569381e-05
2.58732212160414e-05
2.5872551809785e-05
2.58718824381662e-05
2.58712131011823e-05
2.58705437988307e-05
2.58698745311085e-05
2.58692052980132e-05
2.58685360995421e-05
2.58678669356925e-05
2.58671978064616e-05
2.58665287118469e-05
2.58658596518455e-05
2.58651906264549e-05
2.58645216356723e-05
2.58638526794951e-05
2.58631837579206e-05
2.5862514870946e-05
2.58618460185688e-05
2.58611772007862e-05
2.58605084175955e-05
2.58598396689941e-05
2.58591709549792e-05
2.58585022755482e-05
2.58578336306984e-05
2.58571650204272e-05
2.58564964447317e-05
2.58558279036095e-05
2.58551593970577e-05
2.58544909250737e-05
2.58538224876548e-05
2.58531540847983e-05
2.58524857165016e-05
2.5851817382762e-05
2.58511490835768e-05
2.58504808189432e-05
2.58498125888587e-05
2.58491443933206e-05
2.58484762323261e-05
2.58478081058726e-05
2.58471400139575e-05
2.58464719565779e-05
2.58458039337314e-05
2.58451359454151e-05
2.58444679916264e-05
2.58438000723626e-05
2.58431321876211e-05
2.58424643373992e-05
2.58417965216942e-05
2.58411287405034e-05
2.58404609938241e-05
2.58397932816537e-05
2.58391256039896e-05
2.58384579608289e-05
2.58377903521691e-05
2.58371227780074e-05
2.58364552383413e-05
2.5835787733168e-05
2.58351202624848e-05
2.58344528262891e-05
2.58337854245783e-05
2.58331180573495e-05
2.58324507246002e-05
2.58317834263278e-05
2.58311161625294e-05
2.58304489332025e-05
2.58297817383443e-05
2.58291145779523e-05
2.58284474520237e-05
2.58277803605558e-05
2.58271133035461e-05
2.58264462809917e-05
2.58257792928902e-05
2.58251123392387e-05
2.58244454200346e-05
2.58237785352753e-05
2.5823111684958e-05
2.58224448690802e-05
2.58217780876391e-05
2.58211113406321e-05
2.58204446280565e-05
2.58197779499096e-05
2.58191113061888e-05
2.58184446968915e-05
2.58177781220148e-05
2.58171115815563e-05
2.58164450755131e-05
2.58157786038827e-05
2.58151121666624e-05
2.58144457638495e-05
2.58137793954413e-05
2.58131130614352e-05
2.58124467618286e-05
2.58117804966187e-05
2.58111142658029e-05
2.58104480693785e-05
2.58097819073429e-05
2.58091157796934e-05
2.58084496864273e-05
2.58077836275421e-05
2.58071176030349e-05
2.58064516129032e-05
2.58057856571443e-05
2.58051197357556e-05
2.58044538487343e-05
2.58037879960778e-05
2.58031221777835e-05
2.58024563938487e-05
2.58017906442707e-05
2.58011249290469e-05
2.58004592481746e-05
2.57997936016512e-05
2.5799127989474e-05
2.57984624116403e-05
2.57977968681475e-05
2.57971313589929e-05
2.57964658841739e-05
2.57958004436878e-05
2.57951350375319e-05
2.57944696657037e-05
2.57938043282004e-05
2.57931390250193e-05
2.5792473756158e-05
2.57918085216135e-05
2.57911433213834e-05
2.5790478155465e-05
2.57898130238556e-05
2.57891479265525e-05
2.57884828635531e-05
2.57878178348548e-05
2.57871528404549e-05
2.57864878803507e-05
2.57858229545396e-05
2.57851580630189e-05
2.5784493205786e-05
2.57838283828383e-05
2.5783163594173e-05
2.57824988397876e-05
2.57818341196793e-05
2.57811694338455e-05
2.57805047822836e-05
2.5779840164991e-05
2.57791755819649e-05
2.57785110332027e-05
2.57778465187018e-05
2.57771820384596e-05
2.57765175924733e-05
2.57758531807403e-05
2.5775188803258e-05
2.57745244600237e-05
2.57738601510348e-05
2.57731958762887e-05
2.57725316357826e-05
2.57718674295139e-05
2.57712032574801e-05
2.57705391196784e-05
2.57698750161062e-05
2.57692109467608e-05
2.57685469116397e-05
2.57678829107401e-05
2.57672189440594e-05
2.5766555011595e-05
2.57658911133442e-05
2.57652272493043e-05
2.57645634194729e-05
2.57638996238471e-05
2.57632358624243e-05
2.5762572135202e-05
2.57619084421774e-05
2.57612447833479e-05
2.57605811587109e-05
2.57599175682638e-05
2.57592540120038e-05
2.57585904899284e-05
2.57579270020349e-05
2.57572635483206e-05
2.5756600128783e-05
2.57559367434194e-05
2.57552733922271e-05
2.57546100752035e-05
2.57539467923459e-05
2.57532835436518e-05
2.57526203291185e-05
2.57519571487433e-05
2.57512940025236e-05
2.57506308904568e-05
2.57499678125402e-05
2.57493047687712e-05
2.57486417591472e-05
2.57479787836655e-05
2.57473158423234e-05
2.57466529351184e-05
2.57459900620478e-05
2.5745327223109e-05
2.57446644182993e-05
2.57440016476161e-05
2.57433389110568e-05
2.57426762086186e-05
2.57420135402991e-05
2.57413509060956e-05
2.57406883060053e-05
2.57400257400257e-05
2.57393632081542e-05
2.57387007103881e-05
2.57380382467248e-05
2.57373758171617e-05
2.57367134216961e-05
2.57360510603253e-05
2.57353887330468e-05
2.57347264398579e-05
2.57340641807561e-05
2.57334019557385e-05
2.57327397648028e-05
2.57320776079461e-05
2.57314154851658e-05
2.57307533964594e-05
2.57300913418243e-05
2.57294293212577e-05
2.5728767334757e-05
2.57281053823196e-05
2.5727443463943e-05
2.57267815796244e-05
2.57261197293612e-05
2.57254579131509e-05
2.57247961309907e-05
2.5724134382878e-05
2.57234726688103e-05
2.57228109887849e-05
2.57221493427991e-05
2.57214877308504e-05
2.5720826152936e-05
2.57201646090535e-05
2.57195030992001e-05
2.57188416233733e-05
2.57181801815704e-05
2.57175187737887e-05
2.57168574000257e-05
2.57161960602788e-05
2.57155347545452e-05
2.57148734828225e-05
2.57142122451079e-05
2.57135510413988e-05
2.57128898716927e-05
2.57122287359868e-05
2.57115676342787e-05
2.57109065665655e-05
2.57102455328448e-05
2.57095845331139e-05
2.57089235673702e-05
2.57082626356111e-05
2.57076017378339e-05
2.5706940874036e-05
2.57062800442148e-05
2.57056192483677e-05
2.5704958486492e-05
2.57042977585852e-05
2.57036370646446e-05
2.57029764046677e-05
2.57023157786517e-05
2.5701655186594e-05
2.57009946284921e-05
2.57003341043434e-05
2.56996736141451e-05
2.56990131578947e-05
2.56983527355896e-05
2.56976923472272e-05
2.56970319928048e-05
2.56963716723199e-05
2.56957113857697e-05
2.56950511331518e-05
2.56943909144634e-05
2.5693730729702e-05
2.56930705788649e-05
2.56924104619495e-05
2.56917503789533e-05
2.56910903298736e-05
2.56904303147078e-05
2.56897703334532e-05
2.56891103861073e-05
2.56884504726675e-05
2.56877905931311e-05
2.56871307474955e-05
2.56864709357581e-05
2.56858111579164e-05
2.56851514139676e-05
2.56844917039092e-05
2.56838320277385e-05
2.56831723854531e-05
2.56825127770501e-05
2.56818532025271e-05
2.56811936618814e-05
2.56805341551104e-05
2.56798746822116e-05
2.56792152431822e-05
2.56785558380197e-05
2.56778964667214e-05
2.56772371292849e-05
2.56765778257074e-05
2.56759185559863e-05
2.56752593201191e-05
2.56746001181032e-05
2.56739409499358e-05
2.56732818156145e-05
2.56726227151366e-05
2.56719636484995e-05
2.56713046157006e-05
2.56706456167373e-05
2.56699866516069e-05
2.5669327720307e-05
2.56686688228348e-05
2.56680099591879e-05
2.56673511293634e-05
2.5666692333359e-05
2.56660335711719e-05
2.56653748427996e-05
2.56647161482394e-05
2.56640574874888e-05
2.56633988605451e-05
2.56627402674058e-05
2.56620817080682e-05
2.56614231825297e-05
2.56607646907878e-05
2.56601062328398e-05
2.56594478086832e-05
2.56587894183152e-05
2.56581310617335e-05
2.56574727389352e-05
2.56568144499179e-05
2.56561561946789e-05
2.56554979732157e-05
2.56548397855255e-05
2.5654181631606e-05
2.56535235114543e-05
2.5652865425068e-05
2.56522073724444e-05
2.5651549353581e-05
2.56508913684751e-05
2.56502334171241e-05
2.56495754995255e-05
2.56489176156766e-05
2.56482597655749e-05
2.56476019492177e-05
2.56469441666025e-05
2.56462864177267e-05
2.56456287025876e-05
2.56449710211827e-05
2.56443133735094e-05
2.56436557595651e-05
2.56429981793471e-05
2.5642340632853e-05
2.564168312008e-05
2.56410256410256e-05
2.56403681956873e-05
2.56397107840624e-05
2.56390534061482e-05
2.56383960619424e-05
2.56377387514421e-05
2.56370814746449e-05
2.56364242315482e-05
2.56357670221493e-05
2.56351098464457e-05
2.56344527044348e-05
2.56337955961139e-05
2.56331385214806e-05
2.56324814805321e-05
2.5631824473266e-05
2.56311674996796e-05
2.56305105597704e-05
2.56298536535356e-05
2.56291967809729e-05
2.56285399420795e-05
2.56278831368529e-05
2.56272263652905e-05
2.56265696273897e-05
2.56259129231479e-05
2.56252562525625e-05
2.5624599615631e-05
2.56239430123507e-05
2.56232864427191e-05
2.56226299067336e-05
2.56219734043916e-05
2.56213169356905e-05
2.56206605006277e-05
2.56200040992007e-05
2.56193477314068e-05
2.56186913972434e-05
2.56180350967081e-05
2.56173788297981e-05
2.5616722596511e-05
2.56160663968441e-05
2.56154102307948e-05
2.56147540983607e-05
2.56140979995389e-05
2.56134419343271e-05
2.56127859027226e-05
2.56121299047229e-05
2.56114739403253e-05
2.56108180095272e-05
2.56101621123262e-05
2.56095062487195e-05
2.56088504187047e-05
2.56081946222791e-05
2.56075388594402e-05
2.56068831301854e-05
2.56062274345121e-05
2.56055717724177e-05
2.56049161438996e-05
2.56042605489553e-05
2.56036049875822e-05
2.56029494597778e-05
2.56022939655393e-05
2.56016385048643e-05
2.56009830777502e-05
2.56003276841944e-05
2.55996723241942e-05
2.55990169977473e-05
2.55983617048509e-05
2.55977064455025e-05
2.55970512196995e-05
2.55963960274393e-05
2.55957408687194e-05
2.55950857435372e-05
2.55944306518901e-05
2.55937755937756e-05
2.5593120569191e-05
2.55924655781338e-05
2.55918106206014e-05
2.55911556965913e-05
2.55905008061008e-05
2.55898459491274e-05
2.55891911256685e-05
2.55885363357216e-05
2.55878815792841e-05
2.55872268563533e-05
2.55865721669268e-05
2.55859175110019e-05
2.55852628885762e-05
2.55846082996469e-05
2.55839537442116e-05
2.55832992222677e-05
2.55826447338126e-05
2.55819902788437e-05
2.55813358573585e-05
2.55806814693543e-05
2.55800271148287e-05
2.55793727937791e-05
2.55787185062028e-05
2.55780642520974e-05
2.55774100314602e-05
2.55767558442887e-05
2.55761016905803e-05
2.55754475703325e-05
2.55747934835426e-05
2.55741394302082e-05
2.55734854103266e-05
2.55728314238953e-05
2.55721774709116e-05
2.55715235513732e-05
2.55708696652773e-05
2.55702158126215e-05
2.55695619934031e-05
2.55689082076195e-05
2.55682544552683e-05
2.55676007363469e-05
2.55669470508527e-05
2.5566293398783e-05
2.55656397801355e-05
2.55649861949075e-05
2.55643326430964e-05
2.55636791246996e-05
2.55630256397147e-05
2.55623721881391e-05
2.55617187699701e-05
2.55610653852053e-05
2.5560412033842e-05
2.55597587158777e-05
2.55591054313099e-05
2.5558452180136e-05
2.55577989623534e-05
2.55571457779595e-05
2.55564926269519e-05
2.55558395093279e-05
2.5555186425085e-05
2.55545333742206e-05
2.55538803567322e-05
2.55532273726172e-05
2.5552574421873e-05
2.55519215044971e-05
2.5551268620487e-05
2.55506157698401e-05
2.55499629525537e-05
2.55493101686254e-05
2.55486574180527e-05
2.55480047008329e-05
2.55473520169634e-05
2.55466993664419e-05
2.55460467492655e-05
2.5545394165432e-05
2.55447416149386e-05
2.55440890977828e-05
2.5543436613962e-05
2.55427841634738e-05
2.55421317463155e-05
2.55414793624847e-05
2.55408270119786e-05
2.55401746947949e-05
2.55395224109309e-05
2.55388701603841e-05
2.55382179431519e-05
2.55375657592318e-05
2.55369136086213e-05
2.55362614913177e-05
2.55356094073185e-05
2.55349573566212e-05
2.55343053392232e-05
2.55336533551221e-05
2.55330014043151e-05
2.55323494867998e-05
2.55316976025736e-05
2.5531045751634e-05
2.55303939339784e-05
2.55297421496043e-05
2.55290903985091e-05
2.55284386806903e-05
2.55277869961453e-05
2.55271353448716e-05
2.55264837268666e-05
2.55258321421278e-05
2.55251805906527e-05
2.55245290724386e-05
2.55238775874831e-05
2.55232261357836e-05
2.55225747173375e-05
2.55219233321423e-05
2.55212719801955e-05
2.55206206614945e-05
2.55199693760367e-05
2.55193181238197e-05
2.55186669048409e-05
2.55180157190977e-05
2.55173645665876e-05
2.5516713447308e-05
2.55160623612564e-05
2.55154113084303e-05
2.55147602888271e-05
2.55141093024443e-05
2.55134583492792e-05
2.55128074293295e-05
2.55121565425925e-05
2.55115056890658e-05
2.55108548687467e-05
2.55102040816327e-05
2.55095533277212e-05
2.55089026070098e-05
2.5508251919496e-05
2.5507601265177e-05
2.55069506440505e-05
2.55063000561139e-05
2.55056495013646e-05
2.55049989798e-05
2.55043484914178e-05
2.55036980362153e-05
2.55030476141899e-05
2.55023972253392e-05
2.55017468696606e-05
2.55010965471515e-05
2.55004462578095e-05
2.5499796001632e-05
2.54991457786164e-05
2.54984955887603e-05
2.5497845432061e-05
2.54971953085161e-05
2.54965452181229e-05
2.54958951608791e-05
2.5495245136782e-05
2.54945951458291e-05
2.54939451880178e-05
2.54932952633457e-05
2.54926453718102e-05
2.54919955134088e-05
2.54913456881389e-05
2.5490695895998e-05
2.54900461369835e-05
2.5489396411093e-05
2.54887467183239e-05
2.54880970586736e-05
2.54874474321397e-05
2.54867978387195e-05
2.54861482784107e-05
2.54854987512106e-05
2.54848492571166e-05
2.54841997961264e-05
2.54835503682373e-05
2.54829009734468e-05
2.54822516117524e-05
2.54816022831516e-05
2.54809529876417e-05
2.54803037252204e-05
2.5479654495885e-05
2.54790052996331e-05
2.54783561364621e-05
2.54777070063694e-05
2.54770579093526e-05
2.54764088454092e-05
2.54757598145365e-05
2.54751108167321e-05
2.54744618519934e-05
2.54738129203179e-05
2.54731640217031e-05
2.54725151561465e-05
2.54718663236455e-05
2.54712175241977e-05
2.54705687578004e-05
2.54699200244511e-05
2.54692713241474e-05
2.54686226568867e-05
2.54679740226665e-05
2.54673254214842e-05
2.54666768533374e-05
2.54660283182235e-05
2.546537981614e-05
2.54647313470843e-05
2.5464082911054e-05
2.54634345080464e-05
2.54627861380592e-05
2.54621378010898e-05
2.54614894971356e-05
2.54608412261941e-05
2.54601929882629e-05
2.54595447833393e-05
2.54588966114209e-05
2.54582484725051e-05
2.54576003665894e-05
2.54569522936714e-05
2.54563042537484e-05
2.5455656246818e-05
2.54550082728777e-05
2.54543603319249e-05
2.5453712423957e-05
2.54530645489717e-05
2.54524167069663e-05
2.54517688979384e-05
2.54511211218854e-05
2.54504733788048e-05
2.54498256686942e-05
2.54491779915509e-05
2.54485303473724e-05
2.54478827361564e-05
2.54472351579001e-05
2.54465876126011e-05
2.5445940100257e-05
2.54452926208651e-05
2.5444645174423e-05
2.54439977609282e-05
2.54433503803781e-05
2.54427030327702e-05
2.5442055718102e-05
2.5441408436371e-05
2.54407611875747e-05
2.54401139717106e-05
2.54394667887761e-05
2.54388196387688e-05
2.5438172521686e-05
2.54375254375254e-05
2.54368783862844e-05
2.54362313679605e-05
2.54355843825512e-05
2.54349374300539e-05
2.54342905104662e-05
2.54336436237855e-05
2.54329967700094e-05
2.54323499491353e-05
2.54317031611607e-05
2.54310564060831e-05
2.54304096839e-05
2.54297629946089e-05
2.54291163382072e-05
2.54284697146926e-05
2.54278231240623e-05
2.54271765663141e-05
2.54265300414452e-05
2.54258835494533e-05
2.54252370903359e-05
2.54245906640903e-05
2.54239442707142e-05
2.54232979102049e-05
2.54226515825601e-05
2.54220052877771e-05
2.54213590258535e-05
2.54207127967868e-05
2.54200666005745e-05
2.5419420437214e-05
2.54187743067029e-05
2.54181282090387e-05
2.54174821442188e-05
2.54168361122407e-05
2.5416190113102e-05
2.54155441468002e-05
2.54148982133327e-05
2.5414252312697e-05
2.54136064448906e-05
2.54129606099111e-05
2.54123148077558e-05
2.54116690384224e-05
2.54110233019084e-05
2.54103775982111e-05
2.54097319273282e-05
2.5409086289257e-05
2.54084406839952e-05
2.54077951115402e-05
2.54071495718895e-05
2.54065040650407e-05
2.54058585909911e-05
2.54052131497383e-05
2.54045677412799e-05
2.54039223656132e-05
2.54032770227359e-05
2.54026317126454e-05
2.54019864353392e-05
2.54013411908149e-05
2.54006959790698e-05
2.54000508001016e-05
2.53994056539077e-05
2.53987605404856e-05
2.53981154598329e-05
2.5397470411947e-05
2.53968253968254e-05
2.53961804144657e-05
2.53955354648653e-05
2.53948905480217e-05
2.53942456639326e-05
2.53936008125952e-05
2.53929559940073e-05
2.53923112081662e-05
2.53916664550694e-05
2.53910217347146e-05
2.53903770470991e-05
2.53897323922206e-05
2.53890877700764e-05
2.53884431806642e-05
2.53877986239813e-05
2.53871541000254e-05
2.53865096087939e-05
2.53858651502843e-05
2.53852207244942e-05
2.5384576331421e-05
2.53839319710623e-05
2.53832876434156e-05
2.53826433484783e-05
2.5381999086248e-05
2.53813548567223e-05
2.53807106598985e-05
2.53800664957742e-05
2.5379422364347e-05
2.53787782656143e-05
2.53781341995736e-05
2.53774901662226e-05
2.53768461655585e-05
2.53762021975791e-05
2.53755582622818e-05
2.5374914359664e-05
2.53742704897234e-05
2.53736266524574e-05
2.53729828478636e-05
2.53723390759394e-05
2.53716953366824e-05
2.53710516300901e-05
2.53704079561599e-05
2.53697643148895e-05
2.53691207062763e-05
2.53684771303179e-05
2.53678335870117e-05
2.53671900763552e-05
2.53665465983461e-05
2.53659031529818e-05
2.53652597402597e-05
2.53646163601776e-05
2.53639730127327e-05
2.53633296979227e-05
2.53626864157452e-05
2.53620431661975e-05
2.53613999492772e-05
2.53607567649819e-05
2.5360113613309e-05
2.53594704942561e-05
2.53588274078207e-05
2.53581843540003e-05
2.53575413327924e-05
2.53568983441945e-05
2.53562553882043e-05
2.53556124648191e-05
2.53549695740365e-05
2.53543267158541e-05
2.53536838902693e-05
2.53530410972796e-05
2.53523983368827e-05
2.53517556090759e-05
2.53511129138569e-05
2.53504702512232e-05
2.53498276211722e-05
2.53491850237015e-05
2.53485424588086e-05
2.53478999264911e-05
2.53472574267464e-05
2.53466149595722e-05
2.53459725249658e-05
2.53453301229249e-05
2.53446877534469e-05
2.53440454165294e-05
2.53434031121699e-05
2.53427608403659e-05
2.53421186011151e-05
2.53414763944147e-05
2.53408342202625e-05
2.5340192078656e-05
2.53395499695925e-05
2.53389078930698e-05
2.53382658490853e-05
2.53376238376365e-05
2.5336981858721e-05
2.53363399123363e-05
2.53356979984799e-05
2.53350561171493e-05
2.53344142683421e-05
2.53337724520558e-05
2.5333130668288e-05
2.53324889170361e-05
2.53318471982977e-05
2.53312055120703e-05
2.53305638583515e-05
2.53299222371387e-05
2.53292806484296e-05
2.53286390922216e-05
2.53279975685122e-05
2.53273560772991e-05
2.53267146185797e-05
2.53260731923515e-05
2.53254317986122e-05
2.53247904373591e-05
2.532414910859e-05
2.53235078123022e-05
2.53228665484933e-05
2.53222253171609e-05
2.53215841183024e-05
2.53209429519155e-05
2.53203018179977e-05
2.53196607165464e-05
2.53190196475592e-05
2.53183786110338e-05
2.53177376069674e-05
2.53170966353579e-05
2.53164556962025e-05
2.5315814789499e-05
2.53151739152448e-05
2.53145330734375e-05
2.53138922640745e-05
2.53132514871535e-05
2.5312610742672e-05
2.53119700306275e-05
2.53113293510175e-05
2.53106887038396e-05
2.53100480890914e-05
2.53094075067703e-05
2.53087669568739e-05
2.53081264393997e-05
2.53074859543453e-05
2.53068455017082e-05
2.5306205081486e-05
2.53055646936761e-05
2.53049243382762e-05
2.53042840152838e-05
2.53036437246964e-05
2.53030034665115e-05
2.53023632407267e-05
2.53017230473395e-05
2.53010828863475e-05
2.53004427577483e-05
2.52998026615392e-05
2.5299162597718e-05
2.52985225662821e-05
2.52978825672291e-05
2.52972426005565e-05
2.52966026662619e-05
2.52959627643428e-05
2.52953228947968e-05
2.52946830576213e-05
2.5294043252814e-05
2.52934034803723e-05
2.52927637402939e-05
2.52921240325763e-05
2.52914843572169e-05
2.52908447142135e-05
2.52902051035634e-05
2.52895655252643e-05
2.52889259793137e-05
2.52882864657091e-05
2.52876469844481e-05
2.52870075355282e-05
2.52863681189471e-05
2.52857287347021e-05
2.5285089382791e-05
2.52844500632111e-05
2.52838107759602e-05
2.52831715210356e-05
2.5282532298435e-05
2.52818931081559e-05
2.52812539501959e-05
2.52806148245525e-05
2.52799757312233e-05
2.52793366702058e-05
2.52786976414975e-05
2.52780586450961e-05
2.5277419680999e-05
2.52767807492038e-05
2.52761418497081e-05
2.52755029825094e-05
2.52748641476052e-05
2.52742253449932e-05
2.52735865746708e-05
2.52729478366357e-05
2.52723091308853e-05
2.52716704574172e-05
2.52710318162291e-05
2.52703932073183e-05
2.52697546306825e-05
2.52691160863193e-05
2.52684775742262e-05
2.52678390944006e-05
2.52672006468403e-05
2.52665622315428e-05
2.52659238485055e-05
2.52652854977261e-05
2.52646471792021e-05
2.52640088929311e-05
2.52633706389106e-05
2.52627324171382e-05
2.52620942276115e-05
2.52614560703279e-05
2.52608179452851e-05
2.52601798524805e-05
2.52595417919119e-05
2.52589037635767e-05
2.52582657674724e-05
2.52576278035967e-05
2.52569898719471e-05
2.52563519725211e-05
2.52557141053163e-05
2.52550762703303e-05
2.52544384675607e-05
2.52538006970049e-05
2.52531629586606e-05
2.52525252525253e-05
2.52518875785965e-05
2.52512499368719e-05
2.52506123273489e-05
2.52499747500253e-05
2.52493372048984e-05
2.52486996919659e-05
2.52480622112253e-05
2.52474247626742e-05
2.52467873463102e-05
2.52461499621308e-05
2.52455126101335e-05
2.52448752903161e-05
2.52442380026759e-05
2.52436007472106e-05
2.52429635239177e-05
2.52423263327948e-05
2.52416891738395e-05
2.52410520470493e-05
2.52404149524218e-05
2.52397778899546e-05
2.52391408596451e-05
2.52385038614911e-05
2.523786689549e-05
2.52372299616394e-05
2.52365930599369e-05
2.52359561903801e-05
2.52353193529664e-05
2.52346825476935e-05
2.5234045774559e-05
2.52334090335604e-05
2.52327723246953e-05
2.52321356479612e-05
2.52314990033558e-05
2.52308623908765e-05
2.5230225810521e-05
2.52295892622868e-05
2.52289527461715e-05
2.52283162621727e-05
2.52276798102878e-05
2.52270433905146e-05
2.52264070028506e-05
2.52257706472933e-05
2.52251343238403e-05
2.52244980324892e-05
2.52238617732375e-05
2.52232255460828e-05
2.52225893510228e-05
2.52219531880549e-05
2.52213170571767e-05
2.52206809583859e-05
2.52200448916799e-05
2.52194088570564e-05
2.52187728545129e-05
2.5218136884047e-05
2.52175009456563e-05
2.52168650393383e-05
2.52162291650907e-05
2.52155933229109e-05
2.52149575127966e-05
2.52143217347453e-05
2.52136859887547e-05
2.52130502748222e-05
2.52124145929456e-05
2.52117789431222e-05
2.52111433253498e-05
2.52105077396259e-05
2.5209872185948e-05
2.52092366643138e-05
2.52086011747208e-05
2.52079657171666e-05
2.52073302916488e-05
2.5206694898165e-05
2.52060595367126e-05
2.52054242072894e-05
2.52047889098929e-05
2.52041536445206e-05
2.52035184111702e-05
2.52028832098392e-05
2.52022480405252e-05
2.52016129032258e-05
2.52009777979386e-05
2.52003427246611e-05
2.51997076833909e-05
2.51990726741256e-05
2.51984376968628e-05
2.51978027516001e-05
2.5197167838335e-05
2.51965329570651e-05
2.51958981077881e-05
2.51952632905014e-05
2.51946285052027e-05
2.51939937518895e-05
2.51933590305595e-05
2.51927243412103e-05
2.51920896838393e-05
2.51914550584442e-05
2.51908204650225e-05
2.5190185903572e-05
2.518955137409e-05
2.51889168765743e-05
2.51882824110224e-05
2.51876479774319e-05
2.51870135758003e-05
2.51863792061253e-05
2.51857448684045e-05
2.51851105626354e-05
2.51844762888156e-05
2.51838420469427e-05
2.51832078370143e-05
2.5182573659028e-05
2.51819395129813e-05
2.51813053988719e-05
2.51806713166973e-05
2.51800372664552e-05
2.5179403248143e-05
2.51787692617585e-05
2.51781353072991e-05
2.51775013847626e-05
2.51768674941464e-05
2.51762336354481e-05
2.51755998086654e-05
2.51749660137959e-05
2.5174332250837e-05
2.51736985197865e-05
2.51730648206419e-05
2.51724311534008e-05
2.51717975180608e-05
2.51711639146194e-05
2.51705303430743e-05
2.51698968034231e-05
2.51692632956633e-05
2.51686298197926e-05
2.51679963758085e-05
2.51673629637087e-05
2.51667295834906e-05
2.5166096235152e-05
2.51654629186904e-05
2.51648296341034e-05
2.51641963813886e-05
2.51635631605435e-05
2.51629299715659e-05
2.51622968144532e-05
2.51616636892031e-05
2.51610305958132e-05
2.5160397534281e-05
2.51597645046042e-05
2.51591315067804e-05
2.51584985408071e-05
2.51578656066819e-05
2.51572327044025e-05
2.51565998339664e-05
2.51559669953713e-05
2.51553341886147e-05
2.51547014136942e-05
2.51540686706075e-05
2.5153435959352e-05
2.51528032799255e-05
2.51521706323256e-05
2.51515380165497e-05
2.51509054325956e-05
2.51502728804608e-05
2.51496403601429e-05
2.51490078716395e-05
2.51483754149482e-05
2.51477429900666e-05
2.51471105969924e-05
2.51464782357231e-05
2.51458459062563e-05
2.51452136085896e-05
2.51445813427206e-05
2.5143949108647e-05
2.51433169063663e-05
2.51426847358761e-05
2.5142052597174e-05
2.51414204902577e-05
2.51407884151247e-05
2.51401563717726e-05
2.51395243601991e-05
2.51388923804017e-05
2.51382604323781e-05
2.51376285161258e-05
2.51369966316425e-05
2.51363647789257e-05
2.51357329579731e-05
2.51351011687822e-05
2.51344694113507e-05
2.51338376856762e-05
2.51332059917563e-05
2.51325743295886e-05
2.51319426991706e-05
2.51313111005001e-05
2.51306795335746e-05
2.51300479983917e-05
2.5129416494949e-05
2.51287850232441e-05
2.51281535832747e-05
2.51275221750383e-05
2.51268907985326e-05
2.51262594537551e-05
2.51256281407035e-05
2.51249968593754e-05
2.51243656097684e-05
2.512373439188e-05
2.5123103205708e-05
2.51224720512498e-05
2.51218409285032e-05
2.51212098374658e-05
2.5120578778135e-05
2.51199477505087e-05
2.51193167545843e-05
2.51186857903594e-05
2.51180548578318e-05
2.5117423956999e-05
2.51167930878585e-05
2.51161622504081e-05
2.51155314446454e-05
2.51149006705678e-05
2.51142699281732e-05
2.5113639217459e-05
2.51130085384229e-05
2.51123778910625e-05
2.51117472753754e-05
2.51111166913593e-05
2.51104861390117e-05
2.51098556183302e-05
2.51092251293125e-05
2.51085946719562e-05
2.51079642462589e-05
2.51073338522182e-05
2.51067034898318e-05
2.51060731590972e-05
2.51054428600121e-05
2.5104812592574e-05
2.51041823567806e-05
2.51035521526296e-05
2.51029219801185e-05
2.51022918392449e-05
2.51016617300065e-05
2.51010316524009e-05
2.51004016064257e-05
2.50997715920785e-05
2.5099141609357e-05
2.50985116582587e-05
2.50978817387812e-05
2.50972518509223e-05
2.50966219946795e-05
2.50959921700504e-05
2.50953623770327e-05
2.5094732615624e-05
2.50941028858218e-05
2.50934731876239e-05
2.50928435210278e-05
2.50922138860312e-05
2.50915842826316e-05
2.50909547108267e-05
2.50903251706142e-05
2.50896956619916e-05
2.50890661849566e-05
2.50884367395068e-05
2.50878073256397e-05
2.50871779433532e-05
2.50865485926446e-05
2.50859192735118e-05
2.50852899859522e-05
2.50846607299636e-05
2.50840315055436e-05
2.50834023126897e-05
2.50827731513996e-05
2.5082144021671e-05
2.50815149235014e-05
2.50808858568885e-05
2.50802568218299e-05
2.50796278183232e-05
2.50789988463661e-05
2.50783699059561e-05
2.5077740997091e-05
2.50771121197683e-05
2.50764832739857e-05
2.50758544597407e-05
2.50752256770311e-05
2.50745969258544e-05
2.50739682062083e-05
2.50733395180904e-05
2.50727108614983e-05
2.50720822364297e-05
2.50714536428822e-05
2.50708250808534e-05
2.5070196550341e-05
2.50695680513425e-05
2.50689395838556e-05
2.5068311147878e-05
2.50676827434072e-05
2.50670543704409e-05
2.50664260289768e-05
2.50657977190124e-05
2.50651694405454e-05
2.50645411935735e-05
2.50639129780941e-05
2.50632847941051e-05
2.5062656641604e-05
2.50620285205885e-05
2.50614004310561e-05
2.50607723730045e-05
2.50601443464314e-05
2.50595163513344e-05
2.50588883877111e-05
2.50582604555592e-05
2.50576325548762e-05
2.50570046856599e-05
2.50563768479078e-05
2.50557490416176e-05
2.50551212667869e-05
2.50544935234134e-05
2.50538658114947e-05
2.50532381310284e-05
2.50526104820122e-05
2.50519828644437e-05
2.50513552783206e-05
2.50507277236404e-05
2.50501002004008e-05
2.50494727085995e-05
2.50488452482341e-05
2.50482178193022e-05
2.50475904218014e-05
2.50469630557295e-05
2.5046335721084e-05
2.50457084178626e-05
2.50450811460629e-05
2.50444539056826e-05
2.50438266967193e-05
2.50431995191706e-05
2.50425723730342e-05
2.50419452583077e-05
2.50413181749887e-05
2.5040691123075e-05
2.50400641025641e-05
2.50394371134537e-05
2.50388101557414e-05
2.50381832294249e-05
2.50375563345018e-05
2.50369294709697e-05
2.50363026388263e-05
2.50356758380692e-05
2.50350490686962e-05
2.50344223307047e-05
2.50337956240925e-05
2.50331689488572e-05
2.50325423049965e-05
2.50319156925079e-05
2.50312891113892e-05
2.5030662561638e-05
2.50300360432519e-05
2.50294095562286e-05
2.50287831005657e-05
2.50281566762608e-05
2.50275302833116e-05
2.50269039217158e-05
2.5026277591471e-05
2.50256512925749e-05
2.5025025025025e-05
2.50243987888191e-05
2.50237725839548e-05
2.50231464104296e-05
2.50225202682414e-05
2.50218941573877e-05
2.50212680778662e-05
2.50206420296745e-05
2.50200160128102e-05
2.50193900272711e-05
2.50187640730548e-05
2.50181381501589e-05
2.5017512258581e-05
2.50168863983189e-05
2.50162605693701e-05
2.50156347717323e-05
2.50150090054032e-05
2.50143832703805e-05
2.50137575666617e-05
2.50131318942445e-05
2.50125062531266e-05
2.50118806433056e-05
2.50112550647792e-05
2.5010629517545e-05
2.50100040016006e-05
2.50093785169439e-05
2.50087530635723e-05
2.50081276414835e-05
2.50075022506752e-05
2.50068768911451e-05
2.50062515628907e-05
2.50056262659098e-05
2.50050010002e-05
2.5004375765759e-05
2.50037505625844e-05
2.50031253906738e-05
2.5002500250025e-05
2.50018751406355e-05
2.50012500625031e-05
2.50006250156254e-05
2.5e-05
2.49993750156246e-05
2.49987500624969e-05
2.49981251406145e-05
2.4997500249975e-05
2.49968753905762e-05
2.49962505624156e-05
2.4995625765491e-05
2.49950009998e-05
2.49943762653403e-05
2.49937515621095e-05
2.49931268901052e-05
2.49925022493252e-05
2.49918776397671e-05
2.49912530614285e-05
2.49906285143071e-05
2.49900039984006e-05
2.49893795137067e-05
2.49887550602229e-05
2.4988130637947e-05
2.49875062468766e-05
2.49868818870093e-05
2.49862575583429e-05
2.4985633260875e-05
2.49850089946032e-05
2.49843847595253e-05
2.49837605556388e-05
2.49831363829415e-05
2.4982512241431e-05
2.49818881311049e-05
2.4981264051961e-05
2.49806400039969e-05
2.49800159872102e-05
2.49793920015987e-05
2.49787680471599e-05
2.49781441238916e-05
2.49775202317914e-05
2.4976896370857e-05
2.4976272541086e-05
2.49756487424761e-05
2.4975024975025e-05
2.49744012387303e-05
2.49737775335897e-05
2.49731538596009e-05
2.49725302167616e-05
2.49719066050693e-05
2.49712830245218e-05
2.49706594751167e-05
2.49700359568518e-05
2.49694124697246e-05
2.49687890137328e-05
2.49681655888742e-05
2.49675421951463e-05
2.49669188325469e-05
2.49662955010735e-05
2.4965672200724e-05
2.49650489314959e-05
2.49644256933869e-05
2.49638024863947e-05
2.4963179310517e-05
2.49625561657514e-05
2.49619330520956e-05
2.49613099695472e-05
2.4960686918104e-05
2.49600638977636e-05
2.49594409085236e-05
2.49588179503819e-05
2.49581950233359e-05
2.49575721273834e-05
2.49569492625222e-05
2.49563264287497e-05
2.49557036260637e-05
2.4955080854462e-05
2.49544581139421e-05
2.49538354045017e-05
2.49532127261385e-05
2.49525900788502e-05
2.49519674626344e-05
2.49513448774889e-05
2.49507223234113e-05
2.49500998003992e-05
2.49494773084504e-05
2.49488548475625e-05
2.49482324177332e-05
2.49476100189602e-05
2.49469876512411e-05
2.49463653145737e-05
2.49457430089555e-05
2.49451207343844e-05
2.49444984908578e-05
2.49438762783737e-05
2.49432540969295e-05
2.4942631946523e-05
2.49420098271519e-05
2.49413877388138e-05
2.49407656815064e-05
2.49401436552275e-05
2.49395216599746e-05
2.49388996957454e-05
2.49382777625377e-05
2.49376558603491e-05
2.49370339891773e-05
2.493641214902e-05
2.49357903398748e-05
2.49351685617395e-05
2.49345468146116e-05
2.4933925098489e-05
2.49333034133692e-05
2.493268175925e-05
2.4932060136129e-05
2.4931438544004e-05
2.49308169828725e-05
2.49301954527323e-05
2.49295739535811e-05
2.49289524854166e-05
2.49283310482363e-05
2.49277096420381e-05
2.49270882668196e-05
2.49264669225784e-05
2.49258456093123e-05
2.49252243270189e-05
2.4924603075696e-05
2.49239818553412e-05
2.49233606659522e-05
2.49227395075267e-05
2.49221183800623e-05
2.49214972835568e-05
2.49208762180078e-05
2.49202551834131e-05
2.49196341797702e-05
2.4919013207077e-05
2.4918392265331e-05
2.491777135453e-05
2.49171504746717e-05
2.49165296257537e-05
2.49159088077738e-05
2.49152880207295e-05
2.49146672646187e-05
2.49140465394389e-05
2.4913425845188e-05
2.49128051818635e-05
2.49121845494631e-05
2.49115639479847e-05
2.49109433774257e-05
2.4910322837784e-05
2.49097023290572e-05
2.4909081851243e-05
2.49084614043391e-05
2.49078409883431e-05
2.49072206032529e-05
2.4906600249066e-05
2.49059799257802e-05
2.49053596333931e-05
2.49047393719025e-05
2.4904119141306e-05
2.49034989416013e-05
2.49028787727861e-05
2.49022586348582e-05
2.49016385278151e-05
2.49010184516547e-05
2.49003984063745e-05
2.48997783919723e-05
2.48991584084458e-05
2.48985384557926e-05
2.48979185340106e-05
2.48972986430972e-05
2.48966787830503e-05
2.48960589538676e-05
2.48954391555467e-05
2.48948193880853e-05
2.48941996514812e-05
2.4893579945732e-05
2.48929602708354e-05
2.48923406267891e-05
2.48917210135909e-05
2.48911014312383e-05
2.48904818797292e-05
2.48898623590612e-05
2.48892428692319e-05
2.48886234102392e-05
2.48880039820806e-05
2.4887384584754e-05
2.48867652182569e-05
2.48861458825872e-05
2.48855265777424e-05
2.48849073037203e-05
2.48842880605186e-05
2.4883668848135e-05
2.48830496665671e-05
2.48824305158128e-05
2.48818113958696e-05
2.48811923067353e-05
2.48805732484076e-05
2.48799542208842e-05
2.48793352241628e-05
2.48787162582411e-05
2.48780973231167e-05
2.48774784187875e-05
2.4876859545251e-05
2.4876240702505e-05
2.48756218905473e-05
2.48750031093754e-05
2.48743843589871e-05
2.48737656393801e-05
2.48731469505522e-05
2.48725282925009e-05
2.48719096652241e-05
2.48712910687194e-05
2.48706725029845e-05
2.48700539680171e-05
2.4869435463815e-05
2.48688169903758e-05
2.48681985476972e-05
2.4867580135777e-05
2.48669617546128e-05
2.48663434042024e-05
2.48657250845435e-05
2.48651067956337e-05
2.48644885374708e-05
2.48638703100525e-05
2.48632521133764e-05
2.48626339474404e-05
2.48620158122421e-05
2.48613977077791e-05
2.48607796340493e-05
2.48601615910503e-05
2.48595435787799e-05
2.48589255972357e-05
2.48583076464154e-05
2.48576897263168e-05
2.48570718369376e-05
2.48564539782755e-05
2.48558361503281e-05
2.48552183530932e-05
2.48546005865686e-05
2.48539828507518e-05
2.48533651456407e-05
2.48527474712329e-05
2.48521298275262e-05
2.48515122145183e-05
2.48508946322068e-05
2.48502770805894e-05
2.4849659559664e-05
2.48490420694282e-05
2.48484246098797e-05
2.48478071810163e-05
2.48471897828356e-05
2.48465724153353e-05
2.48459550785132e-05
2.4845337772367e-05
2.48447204968944e-05
2.48441032520931e-05
2.48434860379608e-05
2.48428688544953e-05
2.48422517016942e-05
2.48416345795553e-05
2.48410174880763e-05
2.48404004272549e-05
2.48397833970888e-05
2.48391663975757e-05
2.48385494287134e-05
2.48379324904995e-05
2.48373155829318e-05
2.4836698706008e-05
2.48360818597258e-05
2.48354650440829e-05
2.48348482590771e-05
2.48342315047061e-05
2.48336147809675e-05
2.48329980878591e-05
2.48323814253787e-05
2.48317647935239e-05
2.48311481922924e-05
2.4830531621682e-05
2.48299150816904e-05
2.48292985723153e-05
2.48286820935545e-05
2.48280656454056e-05
2.48274492278663e-05
2.48268328409345e-05
2.48262164846077e-05
2.48256001588838e-05
2.48249838637605e-05
2.48243675992354e-05
2.48237513653063e-05
2.4823135161971e-05
2.4822518989227e-05
2.48219028470723e-05
2.48212867355044e-05
2.48206706545211e-05
2.48200546041201e-05
2.48194385842992e-05
2.48188225950561e-05
2.48182066363885e-05
2.4817590708294e-05
2.48169748107706e-05
2.48163589438158e-05
2.48157431074274e-05
2.48151273016031e-05
2.48145115263406e-05
2.48138957816377e-05
2.48132800674921e-05
2.48126643839015e-05
2.48120487308637e-05
2.48114331083763e-05
2.48108175164372e-05
2.48102019550439e-05
2.48095864241943e-05
2.48089709238861e-05
2.48083554541169e-05
2.48077400148846e-05
2.48071246061869e-05
2.48065092280214e-05
2.4805893880386e-05
2.48052785632783e-05
2.4804663276696e-05
2.4804048020637e-05
2.48034327950988e-05
2.48028176000794e-05
2.48022024355763e-05
2.48015873015873e-05
2.48009721981102e-05
2.48003571251426e-05
2.47997420826823e-05
2.47991270707271e-05
2.47985120892746e-05
2.47978971383227e-05
2.47972822178689e-05
2.47966673279111e-05
2.4796052468447e-05
2.47954376394743e-05
2.47948228409908e-05
2.47942080729941e-05
2.47935933354821e-05
2.47929786284524e-05
2.47923639519028e-05
2.4791749305831e-05
2.47911346902348e-05
2.47905201051118e-05
2.47899055504599e-05
2.47892910262766e-05
2.47886765325599e-05
2.47880620693074e-05
2.47874476365169e-05
2.4786833234186e-05
2.47862188623126e-05
2.47856045208943e-05
2.47849902099289e-05
2.47843759294141e-05
2.47837616793477e-05
2.47831474597274e-05
2.47825332705509e-05
2.4781919111816e-05
2.47813049835204e-05
2.47806908856619e-05
2.47800768182381e-05
2.47794627812469e-05
2.47788487746859e-05
2.4778234798553e-05
2.47776208528457e-05
2.47770069375619e-05
2.47763930526994e-05
2.47757791982558e-05
2.47751653742289e-05
2.47745515806164e-05
2.47739378174161e-05
2.47733240846257e-05
2.47727103822429e-05
2.47720967102656e-05
2.47714830686913e-05
2.4770869457518e-05
2.47702558767432e-05
2.47696423263648e-05
2.47690288063805e-05
2.4768415316788e-05
2.47678018575851e-05
2.47671884287696e-05
2.47665750303391e-05
2.47659616622913e-05
2.47653483246242e-05
2.47647350173353e-05
2.47641217404225e-05
2.47635084938834e-05
2.47628952777159e-05
2.47622820919176e-05
2.47616689364863e-05
2.47610558114198e-05
2.47604427167158e-05
2.4759829652372e-05
2.47592166183862e-05
2.47586036147561e-05
2.47579906414795e-05
2.47573776985542e-05
2.47567647859778e-05
2.47561519037481e-05
2.47555390518629e-05
2.47549262303198e-05
2.47543134391168e-05
2.47537006782514e-05
2.47530879477215e-05
2.47524752475248e-05
2.4751862577659e-05
2.47512499381219e-05
2.47506373289112e-05
2.47500247500248e-05
2.47494122014602e-05
2.47487996832154e-05
2.47481871952879e-05
2.47475747376757e-05
2.47469623103764e-05
2.47463499133878e-05
2.47457375467076e-05
2.47451252103336e-05
2.47445129042635e-05
2.47439006284951e-05
2.47432883830261e-05
2.47426761678543e-05
2.47420639829775e-05
2.47414518283933e-05
2.47408397040996e-05
2.4740227610094e-05
2.47396155463744e-05
2.47390035129385e-05
2.4738391509784e-05
2.47377795369088e-05
2.47371675943105e-05
2.47365556819868e-05
2.47359437999357e-05
2.47353319481547e-05
2.47347201266418e-05
2.47341083353945e-05
2.47334965744107e-05
2.47328848436882e-05
2.47322731432246e-05
2.47316614730178e-05
2.47310498330654e-05
2.47304382233653e-05
2.47298266439152e-05
2.47292150947129e-05
2.47286035757561e-05
2.47279920870425e-05
2.472738062857e-05
2.47267692003363e-05
2.47261578023391e-05
2.47255464345762e-05
2.47249350970454e-05
2.47243237897444e-05
2.47237125126709e-05
2.47231012658228e-05
2.47224900491978e-05
2.47218788627936e-05
2.4721267706608e-05
2.47206565806388e-05
2.47200454848837e-05
2.47194344193405e-05
2.47188233840069e-05
2.47182123788808e-05
2.47176014039598e-05
2.47169904592417e-05
2.47163795447243e-05
2.47157686604053e-05
2.47151578062826e-05
2.47145469823538e-05
2.47139361886168e-05
2.47133254250692e-05
2.47127146917089e-05
2.47121039885336e-05
2.47114933155411e-05
2.47108826727291e-05
2.47102720600954e-05
2.47096614776378e-05
2.4709050925354e-05
2.47084404032417e-05
2.47078299112989e-05
2.47072194495232e-05
2.47066090179123e-05
2.47059986164641e-05
2.47053882451763e-05
2.47047779040466e-05
2.4704167593073e-05
2.4703557312253e-05
2.47029470615844e-05
2.47023368410652e-05
2.47017266506929e-05
2.47011164904654e-05
2.47005063603804e-05
2.46998962604357e-05
2.46992861906291e-05
2.46986761509583e-05
2.46980661414211e-05
2.46974561620153e-05
2.46968462127386e-05
2.46962362935889e-05
2.46956264045638e-05
2.46950165456611e-05
2.46944067168786e-05
2.46937969182141e-05
2.46931871496654e-05
2.46925774112302e-05
2.46919677029062e-05
2.46913580246914e-05
2.46907483765833e-05
2.46901387585798e-05
2.46895291706787e-05
2.46889196128777e-05
2.46883100851747e-05
2.46877005875673e-05
2.46870911200533e-05
2.46864816826306e-05
2.46858722752968e-05
2.46852628980499e-05
2.46846535508874e-05
2.46840442338073e-05
2.46834349468072e-05
2.4682825689885e-05
2.46822164630384e-05
2.46816072662652e-05
2.46809980995631e-05
2.46803889629301e-05
2.46797798563637e-05
2.46791707798618e-05
2.46785617334222e-05
2.46779527170426e-05
2.46773437307208e-05
2.46767347744546e-05
2.46761258482418e-05
2.46755169520801e-05
2.46749080859674e-05
2.46742992499013e-05
2.46736904438797e-05
2.46730816679003e-05
2.4672472921961e-05
2.46718642060594e-05
2.46712555201934e-05
2.46706468643608e-05
2.46700382385593e-05
2.46694296427867e-05
2.46688210770407e-05
2.46682125413193e-05
2.466760403562e-05
2.46669955599408e-05
2.46663871142794e-05
2.46657786986335e-05
2.4665170313001e-05
2.46645619573796e-05
2.46639536317672e-05
2.46633453361614e-05
2.46627370705601e-05
2.4662128834961e-05
2.4661520629362e-05
2.46609124537608e-05
2.46603043081552e-05
2.46596961925429e-05
2.46590881069218e-05
2.46584800512896e-05
2.46578720256442e-05
2.46572640299832e-05
2.46566560643046e-05
2.46560481286059e-05
2.46554402228852e-05
2.465483234714e-05
2.46542245013683e-05
2.46536166855678e-05
2.46530088997362e-05
2.46524011438714e-05
2.46517934179712e-05
2.46511857220332e-05
2.46505780560554e-05
2.46499704200355e-05
2.46493628139713e-05
2.46487552378605e-05
2.4648147691701e-05
2.46475401754905e-05
2.46469326892268e-05
2.46463252329078e-05
2.46457178065311e-05
2.46451104100946e-05
2.46445030435961e-05
2.46438957070334e-05
2.46432884004041e-05
2.46426811237063e-05
2.46420738769375e-05
2.46414666600956e-05
2.46408594731784e-05
2.46402523161837e-05
2.46396451891093e-05
2.46390380919529e-05
2.46384310247123e-05
2.46378239873854e-05
2.46372169799699e-05
2.46366100024637e-05
2.46360030548644e-05
2.46353961371699e-05
2.4634789249378e-05
2.46341823914864e-05
2.4633575563493e-05
2.46329687653956e-05
2.46323619971919e-05
2.46317552588797e-05
2.46311485504569e-05
2.46305418719212e-05
2.46299352232704e-05
2.46293286045022e-05
2.46287220156146e-05
2.46281154566053e-05
2.4627508927472e-05
2.46269024282126e-05
2.46262959588248e-05
2.46256895193065e-05
2.46250831096555e-05
2.46244767298695e-05
2.46238703799463e-05
2.46232640598838e-05
2.46226577696797e-05
2.46220515093318e-05
2.46214452788379e-05
2.46208390781958e-05
2.46202329074033e-05
2.46196267664582e-05
2.46190206553583e-05
2.46184145741014e-05
2.46178085226853e-05
2.46172025011078e-05
2.46165965093666e-05
2.46159905474596e-05
2.46153846153846e-05
2.46147787131394e-05
2.46141728407217e-05
2.46135669981294e-05
2.46129611853602e-05
2.4612355402412e-05
2.46117496492826e-05
2.46111439259697e-05
2.46105382324711e-05
2.46099325687848e-05
2.46093269349083e-05
2.46087213308396e-05
2.46081157565765e-05
2.46075102121167e-05
2.46069046974581e-05
2.46062992125984e-05
2.46056937575355e-05
2.46050883322671e-05
2.46044829367911e-05
2.46038775711052e-05
2.46032722352073e-05
2.46026669290951e-05
2.46020616527665e-05
2.46014564062192e-05
2.46008511894512e-05
2.460024600246e-05
2.45996408452437e-05
2.45990357177999e-05
2.45984306201264e-05
2.45978255522212e-05
2.45972205140819e-05
2.45966155057064e-05
2.45960105270925e-05
2.4595405578238e-05
2.45948006591407e-05
2.45941957697983e-05
2.45935909102088e-05
2.45929860803699e-05
2.45923812802794e-05
2.45917765099351e-05
2.45911717693348e-05
2.45905670584764e-05
2.45899623773576e-05
2.45893577259762e-05
2.45887531043301e-05
2.4588148512417e-05
2.45875439502348e-05
2.45869394177813e-05
2.45863349150542e-05
2.45857304420514e-05
2.45851259987707e-05
2.458452158521e-05
2.45839172013669e-05
2.45833128472393e-05
2.4582708522825e-05
2.45821042281219e-05
2.45814999631277e-05
2.45808957278403e-05
2.45802915222575e-05
2.4579687346377e-05
2.45790832001966e-05
2.45784790837143e-05
2.45778749969278e-05
2.45772709398348e-05
2.45766669124333e-05
2.45760629147211e-05
2.45754589466958e-05
2.45748550083554e-05
2.45742510996977e-05
2.45736472207205e-05
2.45730433714215e-05
2.45724395517987e-05
2.45718357618498e-05
2.45712320015726e-05
2.45706282709649e-05
2.45700245700246e-05
2.45694208987494e-05
2.45688172571372e-05
2.45682136451859e-05
2.45676100628931e-05
2.45670065102567e-05
2.45664029872746e-05
2.45657994939445e-05
2.45651960302643e-05
2.45645925962318e-05
2.45639891918448e-05
2.4563385817101e-05
2.45627824719984e-05
2.45621791565348e-05
2.45615758707079e-05
2.45609726145155e-05
2.45603693879556e-05
2.45597661910259e-05
2.45591630237242e-05
2.45585598860483e-05
2.45579567779961e-05
2.45573536995653e-05
2.45567506507539e-05
2.45561476315596e-05
2.45555446419802e-05
2.45549416820135e-05
2.45543387516574e-05
2.45537358509097e-05
2.45531329797682e-05
2.45525301382307e-05
2.45519273262951e-05
2.45513245439591e-05
2.45507217912207e-05
2.45501190680775e-05
2.45495163745274e-05
2.45489137105683e-05
2.4548311076198e-05
2.45477084714142e-05
2.45471058962148e-05
2.45465033505977e-05
2.45459008345606e-05
2.45452983481014e-05
2.45446958912179e-05
2.45440934639079e-05
2.45434910661693e-05
2.45428886979998e-05
2.45422863593972e-05
2.45416840503595e-05
2.45410817708845e-05
2.45404795209698e-05
2.45398773006135e-05
2.45392751098133e-05
2.45386729485669e-05
2.45380708168724e-05
2.45374687147274e-05
2.45368666421298e-05
2.45362645990774e-05
2.45356625855681e-05
2.45350606015997e-05
2.45344586471699e-05
2.45338567222767e-05
2.45332548269179e-05
2.45326529610912e-05
2.45320511247945e-05
2.45314493180257e-05
2.45308475407825e-05
2.45302457930628e-05
2.45296440748645e-05
2.45290423861852e-05
2.4528440727023e-05
2.45278390973755e-05
2.45272374972407e-05
2.45266359266163e-05
2.45260343855002e-05
2.45254328738902e-05
2.45248313917842e-05
2.45242299391799e-05
2.45236285160752e-05
2.4523027122468e-05
2.4522425758356e-05
2.45218244237371e-05
2.45212231186092e-05
2.45206218429699e-05
2.45200205968173e-05
2.45194193801491e-05
2.45188181929631e-05
2.45182170352572e-05
2.45176159070292e-05
2.45170148082769e-05
2.45164137389983e-05
2.4515812699191e-05
2.45152116888529e-05
2.4514610707982e-05
2.45140097565759e-05
2.45134088346325e-05
2.45128079421498e-05
2.45122070791254e-05
2.45116062455573e-05
2.45110054414432e-05
2.4510404666781e-05
2.45098039215686e-05
2.45092032058038e-05
2.45086025194843e-05
2.45080018626081e-05
2.4507401235173e-05
2.45068006371768e-05
2.45062000686174e-05
2.45055995294925e-05
2.45049990198e-05
2.45043985395378e-05
2.45037980887037e-05
2.45031976672956e-05
2.45025972753112e-05
2.45019969127484e-05
2.4501396579605e-05
2.4500796275879e-05
2.4500196001568e-05
2.449959575667e-05
2.44989955411828e-05
2.44983953551042e-05
2.44977951984321e-05
2.44971950711644e-05
2.44965949732987e-05
2.44959949048331e-05
2.44953948657652e-05
2.44947948560931e-05
2.44941948758144e-05
2.44935949249271e-05
2.4492995003429e-05
2.44923951113179e-05
2.44917952485917e-05
2.44911954152482e-05
2.44905956112853e-05
2.44899958367007e-05
2.44893960914924e-05
2.44887963756581e-05
2.44881966891958e-05
2.44875970321032e-05
2.44869974043783e-05
2.44863978060188e-05
2.44857982370225e-05
2.44851986973874e-05
2.44845991871113e-05
2.4483999706192e-05
2.44834002546274e-05
2.44828008324152e-05
2.44822014395534e-05
2.44816020760399e-05
2.44810027418723e-05
2.44804034370486e-05
2.44798041615667e-05
2.44792049154243e-05
2.44786056986194e-05
2.44780065111497e-05
2.44774073530132e-05
2.44768082242076e-05
2.44762091247308e-05
2.44756100545806e-05
2.4475011013755e-05
2.44744120022516e-05
2.44738130200685e-05
2.44732140672034e-05
2.44726151436543e-05
2.44720162494188e-05
2.44714173844949e-05
2.44708185488805e-05
2.44702197425733e-05
2.44696209655712e-05
2.44690222178722e-05
2.44684234994739e-05
2.44678248103744e-05
2.44672261505713e-05
2.44666275200626e-05
2.44660289188462e-05
2.44654303469198e-05
2.44648318042813e-05
2.44642332909287e-05
2.44636348068596e-05
2.4463036352072e-05
2.44624379265638e-05
2.44618395303327e-05
2.44612411633766e-05
2.44606428256935e-05
2.4460044517281e-05
2.44594462381372e-05
2.44588479882598e-05
2.44582497676466e-05
2.44576515762956e-05
2.44570534142047e-05
2.44564552813715e-05
2.44558571777941e-05
2.44552591034702e-05
2.44546610583977e-05
2.44540630425745e-05
2.44534650559984e-05
2.44528670986673e-05
2.4452269170579e-05
2.44516712717314e-05
2.44510734021224e-05
2.44504755617497e-05
2.44498777506112e-05
2.44492799687049e-05
2.44486822160286e-05
2.444808449258e-05
2.44474867983571e-05
2.44468891333578e-05
2.44462914975798e-05
2.44456938910211e-05
2.44450963136795e-05
2.44444987655528e-05
2.4443901246639e-05
2.44433037569358e-05
2.44427062964411e-05
2.44421088651529e-05
2.44415114630689e-05
2.4440914090187e-05
2.4440316746505e-05
2.44397194320209e-05
2.44391221467325e-05
2.44385248906376e-05
2.44379276637341e-05
2.44373304660199e-05
2.44367332974928e-05
2.44361361581507e-05
2.44355390479914e-05
2.44349419670128e-05
2.44343449152128e-05
2.44337478925892e-05
2.443315089914e-05
2.44325539348628e-05
2.44319569997557e-05
2.44313600938164e-05
2.44307632170429e-05
2.4430166369433e-05
2.44295695509845e-05
2.44289727616954e-05
2.44283760015634e-05
2.44277792705865e-05
2.44271825687625e-05
2.44265858960893e-05
2.44259892525647e-05
2.44253926381867e-05
2.4424796052953e-05
2.44241994968615e-05
2.44236029699101e-05
2.44230064720967e-05
2.44224100034191e-05
2.44218135638753e-05
2.44212171534629e-05
2.442062077218e-05
2.44200244200244e-05
2.4419428096994e-05
2.44188318030865e-05
2.44182355383e-05
2.44176393026322e-05
2.44170430960811e-05
2.44164469186444e-05
2.44158507703201e-05
2.4415254651106e-05
2.4414658561e-05
2.44140625e-05
2.44134664681038e-05
2.44128704653093e-05
2.44122744916144e-05
2.44116785470169e-05
2.44110826315147e-05
2.44104867451057e-05
2.44098908877877e-05
2.44092950595587e-05
2.44086992604164e-05
2.44081034903588e-05
2.44075077493837e-05
2.4406912037489e-05
2.44063163546726e-05
2.44057207009323e-05
2.4405125076266e-05
2.44045294806716e-05
2.4403933914147e-05
2.44033383766899e-05
2.44027428682984e-05
2.44021473889702e-05
2.44015519387033e-05
2.44009565174955e-05
2.44003611253447e-05
2.43997657622487e-05
2.43991704282054e-05
2.43985751232128e-05
2.43979798472686e-05
2.43973846003708e-05
2.43967893825173e-05
2.43961941937058e-05
2.43955990339343e-05
2.43950039032006e-05
2.43944088015027e-05
2.43938137288384e-05
2.43932186852055e-05
2.4392623670602e-05
2.43920286850257e-05
2.43914337284746e-05
2.43908388009464e-05
2.4390243902439e-05
2.43896490329504e-05
2.43890541924784e-05
2.43884593810209e-05
2.43878645985757e-05
2.43872698451408e-05
2.4386675120714e-05
2.43860804252932e-05
2.43854857588763e-05
2.43848911214611e-05
2.43842965130456e-05
2.43837019336276e-05
2.43831073832049e-05
2.43825128617755e-05
2.43819183693373e-05
2.43813239058881e-05
2.43807294714258e-05
2.43801350659483e-05
2.43795406894534e-05
2.43789463419391e-05
2.43783520234032e-05
2.43777577338436e-05
2.43771634732583e-05
2.43765692416449e-05
2.43759750390016e-05
2.4375380865326e-05
2.43747867206162e-05
2.437419260487e-05
2.43735985180852e-05
2.43730044602598e-05
2.43724104313917e-05
2.43718164314786e-05
2.43712224605186e-05
2.43706285185095e-05
2.43700346054491e-05
2.43694407213354e-05
2.43688468661663e-05
2.43682530399396e-05
2.43676592426532e-05
2.43670654743049e-05
2.43664717348928e-05
2.43658780244146e-05
2.43652843428683e-05
2.43646906902517e-05
2.43640970665627e-05
2.43635034717992e-05
2.43629099059592e-05
2.43623163690404e-05
2.43617228610407e-05
2.43611293819581e-05
2.43605359317905e-05
2.43599425105357e-05
2.43593491181916e-05
2.4358755754756e-05
2.4358162420227e-05
2.43575691146024e-05
2.435697583788e-05
2.43563825900577e-05
2.43557893711335e-05
2.43551961811052e-05
2.43546030199708e-05
2.4354009887728e-05
2.43534167843748e-05
2.43528237099092e-05
2.43522306643289e-05
2.43516376476318e-05
2.43510446598159e-05
2.43504517008791e-05
2.43498587708191e-05
2.4349265869634e-05
2.43486729973216e-05
2.43480801538799e-05
2.43474873393066e-05
2.43468945535997e-05
2.43463017967571e-05
2.43457090687766e-05
2.43451163696562e-05
2.43445236993938e-05
2.43439310579872e-05
2.43433384454344e-05
2.43427458617332e-05
2.43421533068815e-05
2.43415607808773e-05
2.43409682837183e-05
2.43403758154026e-05
2.4339783375928e-05
2.43391909652923e-05
2.43385985834936e-05
2.43380062305296e-05
2.43374139063983e-05
2.43368216110976e-05
2.43362293446253e-05
2.43356371069795e-05
2.43350448981578e-05
2.43344527181584e-05
2.4333860566979e-05
2.43332684446175e-05
2.43326763510719e-05
2.433208428634e-05
2.43314922504197e-05
2.4330900243309e-05
2.43303082650057e-05
2.43297163155078e-05
2.4329124394813e-05
2.43285325029194e-05
2.43279406398248e-05
2.43273488055272e-05
2.43267570000243e-05
2.43261652233142e-05
2.43255734753947e-05
2.43249817562637e-05
2.43243900659191e-05
2.43237984043588e-05
2.43232067715808e-05
2.43226151675828e-05
2.43220235923629e-05
2.43214320459189e-05
2.43208405282487e-05
2.43202490393502e-05
2.43196575792213e-05
2.43190661478599e-05
2.4318474745264e-05
2.43178833714314e-05
2.43172920263599e-05
2.43167007100477e-05
2.43161094224924e-05
2.43155181636921e-05
2.43149269336446e-05
2.43143357323478e-05
2.43137445597997e-05
2.43131534159981e-05
2.43125623009409e-05
2.43119712146261e-05
2.43113801570515e-05
2.43107891282151e-05
2.43101981281147e-05
2.43096071567483e-05
2.43090162141138e-05
2.43084253002091e-05
2.4307834415032e-05
2.43072435585805e-05
2.43066527308524e-05
2.43060619318458e-05
2.43054711615585e-05
2.43048804199883e-05
2.43042897071333e-05
2.43036990229913e-05
2.43031083675602e-05
2.43025177408379e-05
2.43019271428224e-05
2.43013365735115e-05
2.43007460329032e-05
2.43001555209953e-05
2.42995650377858e-05
2.42989745832726e-05
2.42983841574535e-05
2.42977937603266e-05
2.42972033918896e-05
2.42966130521405e-05
2.42960227410773e-05
2.42954324586978e-05
2.42948422049999e-05
2.42942519799815e-05
2.42936617836406e-05
2.42930716159751e-05
2.42924814769829e-05
2.42918913666618e-05
2.42913012850098e-05
2.42907112320249e-05
2.42901212077048e-05
2.42895312120476e-05
2.42889412450511e-05
2.42883513067133e-05
2.4287761397032e-05
2.42871715160052e-05
2.42865816636308e-05
2.42859918399067e-05
2.42854020448309e-05
2.42848122784011e-05
2.42842225406154e-05
2.42836328314716e-05
2.42830431509677e-05
2.42824534991015e-05
2.42818638758711e-05
2.42812742812743e-05
2.4280684715309e-05
2.42800951779731e-05
2.42795056692646e-05
2.42789161891813e-05
2.42783267377212e-05
2.42777373148823e-05
2.42771479206623e-05
2.42765585550592e-05
2.4275969218071e-05
2.42753799096956e-05
2.42747906299308e-05
2.42742013787746e-05
2.4273612156225e-05
2.42730229622797e-05
2.42724337969368e-05
2.42718446601942e-05
2.42712555520497e-05
2.42706664725013e-05
2.4270077421547e-05
2.42694883991845e-05
2.4268899405412e-05
2.42683104402272e-05
2.4267721503628e-05
2.42671325956125e-05
2.42665437161785e-05
2.4265954865324e-05
2.42653660430468e-05
2.42647772493449e-05
2.42641884842161e-05
2.42635997476586e-05
2.426301103967e-05
2.42624223602484e-05
2.42618337093918e-05
2.42612450870979e-05
2.42606564933647e-05
2.42600679281902e-05
2.42594793915723e-05
2.42588908835088e-05
2.42583024039978e-05
2.42577139530371e-05
2.42571255306246e-05
2.42565371367584e-05
2.42559487714362e-05
2.42553604346561e-05
2.42547721264159e-05
2.42541838467136e-05
2.4253595595547e-05
2.42530073729142e-05
2.42524191788131e-05
2.42518310132415e-05
2.42512428761974e-05
2.42506547676787e-05
2.42500666876834e-05
2.42494786362093e-05
2.42488906132544e-05
2.42483026188167e-05
2.4247714652894e-05
2.42471267154842e-05
2.42465388065854e-05
2.42459509261953e-05
2.4245363074312e-05
2.42447752509334e-05
2.42441874560574e-05
2.42435996896819e-05
2.42430119518049e-05
2.42424242424242e-05
2.42418365615379e-05
2.42412489091438e-05
2.42406612852399e-05
2.4240073689824e-05
2.42394861228942e-05
2.42388985844483e-05
2.42383110744843e-05
2.42377235930001e-05
2.42371361399937e-05
2.42365487154629e-05
2.42359613194057e-05
2.42353739518201e-05
2.42347866127039e-05
2.42341993020551e-05
2.42336120198716e-05
2.42330247661513e-05
2.42324375408922e-05
2.42318503440923e-05
2.42312631757494e-05
2.42306760358614e-05
2.42300889244264e-05
2.42295018414421e-05
2.42289147869067e-05
2.42283277608179e-05
2.42277407631738e-05
2.42271537939723e-05
2.42265668532112e-05
2.42259799408886e-05
2.42253930570024e-05
2.42248062015504e-05
2.42242193745307e-05
2.42236325759411e-05
2.42230458057796e-05
2.42224590640442e-05
2.42218723507327e-05
2.42212856658431e-05
2.42206990093734e-05
2.42201123813214e-05
2.42195257816852e-05
2.42189392104626e-05
2.42183526676515e-05
2.421776615325e-05
2.4217179667256e-05
2.42165932096673e-05
2.42160067804819e-05
2.42154203796978e-05
2.42148340073129e-05
2.42142476633251e-05
2.42136613477324e-05
2.42130750605327e-05
2.42124888017239e-05
2.42119025713041e-05
2.4211316369271e-05
2.42107301956227e-05
2.42101440503571e-05
2.42095579334721e-05
2.42089718449657e-05
2.42083857848359e-05
2.42077997530804e-05
2.42072137496974e-05
2.42066277746847e-05
2.42060418280403e-05
2.42054559097621e-05
2.4204870019848e-05
2.4204284158296e-05
2.42036983251041e-05
2.42031125202701e-05
2.42025267437921e-05
2.42019409956679e-05
2.42013552758955e-05
2.42007695844728e-05
2.42001839213978e-05
2.41995982866684e-05
2.41990126802826e-05
2.41984271022384e-05
2.41978415525335e-05
2.41972560311661e-05
2.4196670538134e-05
2.41960850734351e-05
2.41954996370675e-05
2.41949142290291e-05
2.41943288493177e-05
2.41937434979314e-05
2.41931581748681e-05
2.41925728801258e-05
2.41919876137023e-05
2.41914023755957e-05
2.41908171658039e-05
2.41902319843247e-05
2.41896468311563e-05
2.41890617062964e-05
2.41884766097431e-05
2.41878915414943e-05
2.4187306501548e-05
2.4186721489902e-05
2.41861365065544e-05
2.41855515515031e-05
2.41849666247461e-05
2.41843817262812e-05
2.41837968561064e-05
2.41832120142197e-05
2.41826272006191e-05
2.41820424153024e-05
2.41814576582676e-05
2.41808729295128e-05
2.41802882290357e-05
2.41797035568344e-05
2.41791189129068e-05
2.41785342972509e-05
2.41779497098646e-05
2.41773651507459e-05
2.41767806198927e-05
2.41761961173029e-05
2.41756116429746e-05
2.41750271969056e-05
2.41744427790939e-05
2.41738583895376e-05
2.41732740282344e-05
2.41726896951824e-05
2.41721053903795e-05
2.41715211138237e-05
2.41709368655129e-05
2.41703526454451e-05
2.41697684536182e-05
2.41691842900302e-05
2.4168600154679e-05
2.41680160475627e-05
2.4167431968679e-05
2.41668479180261e-05
2.41662638956017e-05
2.4165679901404e-05
2.41650959354309e-05
2.41645119976802e-05
2.416392808815e-05
2.41633442068382e-05
2.41627603537428e-05
2.41621765288617e-05
2.41615927321929e-05
2.41610089637343e-05
2.41604252234839e-05
2.41598415114397e-05
2.41592578275995e-05
2.41586741719614e-05
2.41580905445234e-05
2.41575069452832e-05
2.41569233742391e-05
2.41563398313887e-05
2.41557563167303e-05
2.41551728302616e-05
2.41545893719807e-05
2.41540059418855e-05
2.41534225399739e-05
2.4152839166244e-05
2.41522558206937e-05
2.41516725033209e-05
2.41510892141236e-05
2.41505059530997e-05
2.41499227202473e-05
2.41493395155642e-05
2.41487563390485e-05
2.41481731906981e-05
2.4147590070511e-05
2.4147006978485e-05
2.41464239146182e-05
2.41458408789086e-05
2.41452578713541e-05
2.41446748919526e-05
2.41440919407021e-05
2.41435090176006e-05
2.41429261226461e-05
2.41423432558364e-05
2.41417604171696e-05
2.41411776066437e-05
2.41405948242565e-05
2.4140012070006e-05
2.41394293438903e-05
2.41388466459073e-05
2.41382639760548e-05
2.4137681334331e-05
2.41370987207338e-05
2.4136516135261e-05
2.41359335779108e-05
2.4135351048681e-05
2.41347685475696e-05
2.41341860745746e-05
2.4133603629694e-05
2.41330212129256e-05
2.41324388242676e-05
2.41318564637178e-05
2.41312741312741e-05
2.41306918269347e-05
2.41301095506974e-05
2.41295273025601e-05
2.4128945082521e-05
2.41283628905779e-05
2.41277807267288e-05
2.41271985909716e-05
2.41266164833044e-05
2.41260344037251e-05
2.41254523522316e-05
2.4124870328822e-05
2.41242883334942e-05
2.41237063662461e-05
2.41231244270758e-05
2.41225425159812e-05
2.41219606329602e-05
2.4121378778011e-05
2.41207969511313e-05
2.41202151523192e-05
2.41196333815726e-05
2.41190516388896e-05
2.4118469924268e-05
2.41178882377059e-05
2.41173065792012e-05
2.4116724948752e-05
2.41161433463561e-05
2.41155617720115e-05
2.41149802257162e-05
2.41143987074682e-05
2.41138172172655e-05
2.4113235755106e-05
2.41126543209877e-05
2.41120729149085e-05
2.41114915368665e-05
2.41109101868596e-05
2.41103288648857e-05
2.41097475709429e-05
2.41091663050292e-05
2.41085850671424e-05
2.41080038572806e-05
2.41074226754418e-05
2.41068415216238e-05
2.41062603958248e-05
2.41056792980426e-05
2.41050982282753e-05
2.41045171865208e-05
2.4103936172777e-05
2.4103355187042e-05
2.41027742293138e-05
2.41021932995903e-05
2.41016123978694e-05
2.41010315241492e-05
2.41004506784277e-05
2.40998698607028e-05
2.40992890709724e-05
2.40987083092346e-05
2.40981275754874e-05
2.40975468697287e-05
2.40969661919564e-05
2.40963855421687e-05
2.40958049203634e-05
2.40952243265385e-05
2.4094643760692e-05
2.40940632228219e-05
2.40934827129262e-05
2.40929022310027e-05
2.40923217770497e-05
2.40917413510649e-05
2.40911609530463e-05
2.40905805829921e-05
2.40900002409e-05
2.40894199267682e-05
2.40888396405945e-05
2.4088259382377e-05
2.40876791521137e-05
2.40870989498025e-05
2.40865187754414e-05
2.40859386290284e-05
2.40853585105614e-05
2.40847784200385e-05
2.40841983574577e-05
2.40836183228168e-05
2.4083038316114e-05
2.40824583373471e-05
2.40818783865141e-05
2.40812984636132e-05
2.40807185686421e-05
2.40801387015989e-05
2.40795588624816e-05
2.40789790512882e-05
2.40783992680167e-05
2.40778195126649e-05
2.4077239785231e-05
2.40766600857129e-05
2.40760804141086e-05
2.4075500770416e-05
2.40749211546332e-05
2.40743415667582e-05
2.40737620067888e-05
2.40731824747232e-05
2.40726029705592e-05
2.40720234942949e-05
2.40714440459283e-05
2.40708646254573e-05
2.407028523288e-05
2.40697058681943e-05
2.40691265313982e-05
2.40685472224896e-05
2.40679679414667e-05
2.40673886883273e-05
2.40668094630695e-05
2.40662302656912e-05
2.40656510961904e-05
2.40650719545651e-05
2.40644928408134e-05
2.40639137549331e-05
2.40633346969223e-05
2.4062755666779e-05
2.40621766645011e-05
2.40615976900866e-05
2.40610187435336e-05
2.406043982484e-05
2.40598609340038e-05
2.4059282071023e-05
2.40587032358956e-05
2.40581244286195e-05
2.40575456491929e-05
2.40569668976135e-05
2.40563881738796e-05
2.40558094779889e-05
2.40552308099396e-05
2.40546521697296e-05
2.40540735573569e-05
2.40534949728196e-05
2.40529164161155e-05
2.40523378872426e-05
2.40517593861991e-05
2.40511809129828e-05
2.40506024675918e-05
2.4050024050024e-05
2.40494456602775e-05
2.40488672983502e-05
2.40482889642402e-05
2.40477106579454e-05
2.40471323794638e-05
2.40465541287933e-05
2.40459759059321e-05
2.40453977108781e-05
2.40448195436293e-05
2.40442414041837e-05
2.40436632925393e-05
2.4043085208694e-05
2.40425071526459e-05
2.40419291243929e-05
2.40413511239332e-05
2.40407731512645e-05
2.40401952063851e-05
2.40396172892928e-05
2.40390393999856e-05
2.40384615384615e-05
2.40378837047186e-05
2.40373058987549e-05
2.40367281205682e-05
2.40361503701567e-05
2.40355726475183e-05
2.40349949526511e-05
2.40344172855529e-05
2.40338396462219e-05
2.4033262034656e-05
2.40326844508532e-05
2.40321068948115e-05
2.40315293665289e-05
2.40309518660034e-05
2.4030374393233e-05
2.40297969482158e-05
2.40292195309496e-05
2.40286421414326e-05
2.40280647796626e-05
2.40274874456378e-05
2.40269101393561e-05
2.40263328608155e-05
2.40257556100139e-05
2.40251783869495e-05
2.40246011916202e-05
2.4024024024024e-05
2.40234468841589e-05
2.4022869772023e-05
2.40222926876141e-05
2.40217156309304e-05
2.40211386019697e-05
2.40205616007302e-05
2.40199846272098e-05
2.40194076814066e-05
2.40188307633184e-05
2.40182538729434e-05
2.40176770102796e-05
2.40171001753248e-05
2.40165233680772e-05
2.40159465885348e-05
2.40153698366955e-05
2.40147931125573e-05
2.40142164161183e-05
2.40136397473765e-05
2.40130631063298e-05
2.40124864929763e-05
2.4011909907314e-05
2.40113333493409e-05
2.40107568190549e-05
2.40101803164542e-05
2.40096038415366e-05
2.40090273943003e-05
2.40084509747431e-05
2.40078745828632e-05
2.40072982186585e-05
2.4006721882127e-05
2.40061455732668e-05
2.40055692920758e-05
2.4004993038552e-05
2.40044168126935e-05
2.40038406144983e-05
2.40032644439644e-05
2.40026883010897e-05
2.40021121858724e-05
2.40015360983103e-05
2.40009600384015e-05
2.40003840061441e-05
2.3999808001536e-05
2.39992320245752e-05
2.39986560752598e-05
2.39980801535877e-05
2.3997504259557e-05
2.39969283931657e-05
2.39963525544117e-05
2.39957767432932e-05
2.3995200959808e-05
2.39946252039543e-05
2.399404947573e-05
2.39934737751332e-05
2.39928981021618e-05
2.39923224568138e-05
2.39917468390874e-05
2.39911712489804e-05
2.39905956864909e-05
2.39900201516169e-05
2.39894446443565e-05
2.39888691647076e-05
2.39882937126682e-05
2.39877182882364e-05
2.39871428914102e-05
2.39865675221876e-05
2.39859921805665e-05
2.39854168665451e-05
2.39848415801214e-05
2.39842663212932e-05
2.39836910900588e-05
2.3983115886416e-05
2.39825407103629e-05
2.39819655618975e-05
2.39813904410178e-05
2.39808153477218e-05
2.39802402820076e-05
2.39796652438732e-05
2.39790902333165e-05
2.39785152503357e-05
2.39779402949287e-05
2.39773653670935e-05
2.39767904668281e-05
2.39762155941306e-05
2.3975640748999e-05
2.39750659314313e-05
2.39744911414255e-05
2.39739163789797e-05
2.39733416440918e-05
2.39727669367598e-05
2.39721922569819e-05
2.3971617604756e-05
2.39710429800801e-05
2.39704683829522e-05
2.39698938133704e-05
2.39693192713327e-05
2.39687447568371e-05
2.39681702698816e-05
2.39675958104643e-05
2.39670213785831e-05
2.39664469742361e-05
2.39658725974213e-05
2.39652982481367e-05
2.39647239263804e-05
2.39641496321503e-05
2.39635753654445e-05
2.39630011262611e-05
2.39624269145979e-05
2.39618527304531e-05
2.39612785738247e-05
2.39607044447107e-05
2.39601303431091e-05
2.39595562690179e-05
2.39589822224352e-05
2.3958408203359e-05
2.39578342117873e-05
2.39572602477181e-05
2.39566863111494e-05
2.39561124020794e-05
2.39555385205059e-05
2.39549646664271e-05
2.39543908398409e-05
2.39538170407454e-05
2.39532432691386e-05
2.39526695250186e-05
2.39520958083832e-05
2.39515221192307e-05
2.39509484575589e-05
2.3950374823366e-05
2.39498012166499e-05
2.39492276374087e-05
2.39486540856404e-05
2.3948080561343e-05
2.39475070645146e-05
2.39469335951531e-05
2.39463601532567e-05
2.39457867388233e-05
2.3945213351851e-05
2.39446399923377e-05
2.39440666602816e-05
2.39434933556806e-05
2.39429200785328e-05
2.39423468288362e-05
2.39417736065888e-05
2.39412004117886e-05
2.39406272444338e-05
2.39400541045223e-05
2.39394809920521e-05
2.39389079070213e-05
2.39383348494279e-05
2.39377618192699e-05
2.39371888165454e-05
2.39366158412524e-05
2.39360428933889e-05
2.39354699729529e-05
2.39348970799426e-05
2.39343242143558e-05
2.39337513761907e-05
2.39331785654453e-05
2.39326057821176e-05
2.39320330262056e-05
2.39314602977074e-05
2.3930887596621e-05
2.39303149229444e-05
2.39297422766757e-05
2.39291696578129e-05
2.3928597066354e-05
2.39280245022971e-05
2.39274519656402e-05
2.39268794563813e-05
2.39263069745185e-05
2.39257345200498e-05
2.39251620929732e-05
2.39245896932868e-05
2.39240173209885e-05
2.39234449760766e-05
2.39228726585488e-05
2.39223003684034e-05
2.39217281056384e-05
2.39211558702516e-05
2.39205836622414e-05
2.39200114816055e-05
2.39194393283421e-05
2.39188672024493e-05
2.3918295103925e-05
2.39177230327673e-05
2.39171509889742e-05
2.39165789725438e-05
2.3916006983474e-05
2.3915435021763e-05
2.39148630874088e-05
2.39142911804094e-05
2.39137193007628e-05
2.39131474484672e-05
2.39125756235204e-05
2.39120038259206e-05
2.39114320556658e-05
2.39108603127541e-05
2.39102885971834e-05
2.39097169089518e-05
2.39091452480574e-05
2.39085736144982e-05
2.39080020082722e-05
2.39074304293774e-05
2.3906858877812e-05
2.3906287353574e-05
2.39057158566613e-05
2.39051443870721e-05
2.39045729448043e-05
2.39040015298561e-05
2.39034301422254e-05
2.39028587819103e-05
2.39022874489089e-05
2.39017161432191e-05
2.3901144864839e-05
2.39005736137667e-05
2.39000023900002e-05
2.38994311935376e-05
2.38988600243768e-05
2.3898288882516e-05
2.38977177679532e-05
2.38971466806863e-05
2.38965756207136e-05
2.38960045880329e-05
2.38954335826424e-05
2.389486260454e-05
2.38942916537239e-05
2.38937207301921e-05
2.38931498339426e-05
2.38925789649735e-05
2.38920081232828e-05
2.38914373088685e-05
2.38908665217287e-05
2.38902957618615e-05
2.38897250292649e-05
2.38891543239369e-05
2.38885836458756e-05
2.38880129950791e-05
2.38874423715453e-05
2.38868717752723e-05
2.38863012062582e-05
2.3885730664501e-05
2.38851601499988e-05
2.38845896627496e-05
2.38840192027514e-05
2.38834487700024e-05
2.38828783645005e-05
2.38823079862438e-05
2.38817376352303e-05
2.38811673114582e-05
2.38805970149254e-05
2.388002674563e-05
2.387945650357e-05
2.38788862887435e-05
2.38783161011485e-05
2.38777459407832e-05
2.38771758076455e-05
2.38766057017334e-05
2.38760356230451e-05
2.38754655715786e-05
2.3874895547332e-05
2.38743255503032e-05
2.38737555804904e-05
2.38731856378915e-05
2.38726157225047e-05
2.3872045834328e-05
2.38714759733594e-05
2.38709061395971e-05
2.38703363330389e-05
2.38697665536831e-05
2.38691968015276e-05
2.38686270765706e-05
2.38680573788099e-05
2.38674877082438e-05
2.38669180648703e-05
2.38663484486874e-05
2.38657788596931e-05
2.38652092978855e-05
2.38646397632628e-05
2.38640702558228e-05
2.38635007755638e-05
2.38629313224837e-05
2.38623618965805e-05
2.38617924978524e-05
2.38612231262975e-05
2.38606537819136e-05
2.3860084464699e-05
2.38595151746516e-05
2.38589459117696e-05
2.3858376676051e-05
2.38578074674937e-05
2.3857238286096e-05
2.38566691318558e-05
2.38561000047712e-05
2.38555309048403e-05
2.38549618320611e-05
2.38543927864316e-05
2.385382376795e-05
2.38532547766143e-05
2.38526858124225e-05
2.38521168753727e-05
2.3851547965463e-05
2.38509790826913e-05
2.38504102270559e-05
2.38498413985547e-05
2.38492725971858e-05
2.38487038229472e-05
2.38481350758371e-05
2.38475663558534e-05
2.38469976629942e-05
2.38464289972577e-05
2.38458603586417e-05
2.38452917471445e-05
2.38447231627641e-05
2.38441546054985e-05
2.38435860753457e-05
2.3843017572304e-05
2.38424490963712e-05
2.38418806475455e-05
2.38413122258249e-05
2.38407438312075e-05
2.38401754636914e-05
2.38396071232746e-05
2.38390388099552e-05
2.38384705237312e-05
2.38379022646007e-05
2.38373340325618e-05
2.38367658276125e-05
2.38361976497509e-05
2.38356294989751e-05
2.3835061375283e-05
2.38344932786729e-05
2.38339252091427e-05
2.38333571666905e-05
2.38327891513144e-05
2.38322211630124e-05
2.38316532017826e-05
2.38310852676231e-05
2.38305173605319e-05
2.38299494805071e-05
2.38293816275468e-05
2.3828813801649e-05
2.38282460028117e-05
2.38276782310332e-05
2.38271104863113e-05
2.38265427686443e-05
2.38259750780301e-05
2.38254074144668e-05
2.38248397779525e-05
2.38242721684853e-05
2.38237045860631e-05
2.38231370306842e-05
2.38225695023465e-05
2.38220020010482e-05
2.38214345267872e-05
2.38208670795617e-05
2.38202996593697e-05
2.38197322662093e-05
2.38191649000786e-05
2.38185975609756e-05
2.38180302488984e-05
2.38174629638451e-05
2.38168957058137e-05
2.38163284748023e-05
2.3815761270809e-05
2.38151940938319e-05
2.38146269438689e-05
2.38140598209183e-05
2.3813492724978e-05
2.38129256560461e-05
2.38123586141207e-05
2.38117915991999e-05
2.38112246112818e-05
2.38106576503643e-05
2.38100907164456e-05
2.38095238095238e-05
2.38089569295969e-05
2.3808390076663e-05
2.38078232507202e-05
2.38072564517665e-05
2.38066896798e-05
2.38061229348188e-05
2.3805556216821e-05
2.38049895258046e-05
2.38044228617677e-05
2.38038562247084e-05
2.38032896146247e-05
2.38027230315148e-05
2.38021564753767e-05
2.38015899462084e-05
2.38010234440081e-05
2.38004569687738e-05
2.37998905205036e-05
2.37993240991956e-05
2.37987577048478e-05
2.37981913374584e-05
2.37976249970253e-05
2.37970586835467e-05
2.37964923970207e-05
2.37959261374453e-05
2.37953599048186e-05
2.37947936991386e-05
2.37942275204036e-05
2.37936613686114e-05
2.37930952437603e-05
2.37925291458482e-05
2.37919630748733e-05
2.37913970308337e-05
2.37908310137273e-05
2.37902650235524e-05
2.37896990603069e-05
2.3789133123989e-05
2.37885672145967e-05
2.37880013321281e-05
2.37874354765813e-05
2.37868696479543e-05
2.37863038462453e-05
2.37857380714524e-05
2.37851723235735e-05
2.37846066026068e-05
2.37840409085504e-05
2.37834752414023e-05
2.37829096011606e-05
2.37823439878234e-05
2.37817784013889e-05
2.37812128418549e-05
2.37806473092198e-05
2.37800818034814e-05
2.3779516324638e-05
2.37789508726875e-05
2.37783854476281e-05
2.37778200494579e-05
2.37772546781749e-05
2.37766893337772e-05
2.37761240162629e-05
2.37755587256301e-05
2.37749934618768e-05
2.37744282250012e-05
2.37738630150013e-05
2.37732978318752e-05
2.37727326756211e-05
2.37721675462369e-05
2.37716024437207e-05
2.37710373680707e-05
2.3770472319285e-05
2.37699072973615e-05
2.37693423022985e-05
2.37687773340939e-05
2.37682123927459e-05
2.37676474782526e-05
2.3767082590612e-05
2.37665177298222e-05
2.37659528958814e-05
2.37653880887875e-05
2.37648233085387e-05
2.37642585551331e-05
2.37636938285687e-05
2.37631291288437e-05
2.37625644559561e-05
2.3761999809904e-05
2.37614351906855e-05
2.37608705982987e-05
2.37603060327417e-05
2.37597414940125e-05
2.37591769821093e-05
2.37586124970302e-05
2.37580480387731e-05
2.37574836073363e-05
2.37569192027178e-05
2.37563548249157e-05
2.3755790473928e-05
2.37552261497529e-05
2.37546618523885e-05
2.37540975818329e-05
2.3753533338084e-05
2.37529691211401e-05
2.37524049309993e-05
2.37518407676595e-05
2.37512766311189e-05
2.37507125213756e-05
2.37501484384277e-05
2.37495843822733e-05
2.37490203529104e-05
2.37484563503372e-05
2.37478923745518e-05
2.37473284255521e-05
2.37467645033364e-05
2.37462006079027e-05
2.37456367392492e-05
2.37450728973738e-05
2.37445090822747e-05
2.374394529395e-05
2.37433815323978e-05
2.37428177976162e-05
2.37422540896033e-05
2.37416904083571e-05
2.37411267538757e-05
2.37405631261574e-05
2.37399995252e-05
2.37394359510018e-05
2.37388724035608e-05
2.37383088828752e-05
2.3737745388943e-05
2.37371819217622e-05
2.37366184813311e-05
2.37360550676478e-05
2.37354916807102e-05
2.37349283205165e-05
2.37343649870648e-05
2.37338016803532e-05
2.37332384003797e-05
2.37326751471426e-05
2.37321119206398e-05
2.37315487208695e-05
2.37309855478298e-05
2.37304224015187e-05
2.37298592819345e-05
2.3729296189075e-05
2.37287331229386e-05
2.37281700835232e-05
2.37276070708269e-05
2.37270440848479e-05
2.37264811255843e-05
2.37259181930341e-05
2.37253552871954e-05
2.37247924080664e-05
2.37242295556452e-05
2.37236667299298e-05
2.37231039309183e-05
2.37225411586089e-05
2.37219784129996e-05
2.37214156940886e-05
2.37208530018739e-05
2.37202903363537e-05
2.3719727697526e-05
2.3719165085389e-05
2.37186024999407e-05
2.37180399411793e-05
2.37174774091028e-05
2.37169149037093e-05
2.3716352424997e-05
2.3715789972964e-05
2.37152275476083e-05
2.37146651489281e-05
2.37141027769214e-05
2.37135404315864e-05
2.37129781129212e-05
2.37124158209238e-05
2.37118535555924e-05
2.37112913169251e-05
2.371072910492e-05
2.37101669195751e-05
2.37096047608886e-05
2.37090426288586e-05
2.37084805234833e-05
2.37079184447606e-05
2.37073563926887e-05
2.37067943672657e-05
2.37062323684897e-05
2.37056703963588e-05
2.37051084508712e-05
2.37045465320248e-05
2.3703984639818e-05
2.37034227742486e-05
2.37028609353149e-05
2.37022991230149e-05
2.37017373373468e-05
2.37011755783087e-05
2.37006138458986e-05
2.37000521401147e-05
2.36994904609551e-05
2.36989288084179e-05
2.36983671825011e-05
2.3697805583203e-05
2.36972440105216e-05
2.3696682464455e-05
2.36961209450013e-05
2.36955594521587e-05
2.36949979859252e-05
2.36944365462989e-05
2.3693875133278e-05
2.36933137468606e-05
2.36927523870448e-05
2.36921910538287e-05
2.36916297472103e-05
2.36910684671879e-05
2.36905072137594e-05
2.36899459869232e-05
2.36893847866771e-05
2.36888236130194e-05
2.36882624659481e-05
2.36877013454614e-05
2.36871402515574e-05
2.36865791842342e-05
2.36860181434899e-05
2.36854571293226e-05
2.36848961417304e-05
2.36843351807115e-05
2.36837742462639e-05
2.36832133383858e-05
2.36826524570752e-05
2.36820916023303e-05
2.36815307741492e-05
2.36809699725301e-05
2.36804091974709e-05
2.36798484489699e-05
2.36792877270252e-05
2.36787270316348e-05
2.36781663627969e-05
2.36776057205095e-05
2.36770451047709e-05
2.36764845155791e-05
2.36759239529323e-05
2.36753634168284e-05
2.36748029072658e-05
2.36742424242424e-05
2.36736819677564e-05
2.3673121537806e-05
2.36725611343891e-05
2.3672000757504e-05
2.36714404071488e-05
2.36708800833215e-05
2.36703197860203e-05
2.36697595152433e-05
2.36691992709887e-05
2.36686390532544e-05
2.36680788620388e-05
2.36675186973398e-05
2.36669585591556e-05
2.36663984474843e-05
2.3665838362324e-05
2.36652783036728e-05
2.3664718271529e-05
2.36641582658905e-05
2.36635982867555e-05
2.36630383341221e-05
2.36624784079885e-05
2.36619185083527e-05
2.36613586352128e-05
2.36607987885671e-05
2.36602389684136e-05
2.36596791747504e-05
2.36591194075756e-05
2.36585596668875e-05
2.3657999952684e-05
2.36574402649633e-05
2.36568806037236e-05
2.36563209689629e-05
2.36557613606794e-05
2.36552017788712e-05
2.36546422235364e-05
2.36540826946731e-05
2.36535231922795e-05
2.36529637163537e-05
2.36524042668937e-05
2.36518448438978e-05
2.36512854473641e-05
2.36507260772906e-05
2.36501667336755e-05
2.36496074165169e-05
2.36490481258129e-05
2.36484888615617e-05
2.36479296237614e-05
2.36473704124101e-05
2.3646811227506e-05
2.36462520690471e-05
2.36456929370315e-05
2.36451338314575e-05
2.36445747523231e-05
2.36440156996264e-05
2.36434566733656e-05
2.36428976735389e-05
2.36423387001442e-05
2.36417797531798e-05
2.36412208326438e-05
2.36406619385343e-05
2.36401030708494e-05
2.36395442295873e-05
2.3638985414746e-05
2.36384266263238e-05
2.36378678643186e-05
2.36373091287288e-05
2.36367504195523e-05
2.36361917367874e-05
2.36356330804321e-05
2.36350744504845e-05
2.36345158469429e-05
2.36339572698053e-05
2.36333987190698e-05
2.36328401947346e-05
2.36322816967978e-05
2.36317232252576e-05
2.3631164780112e-05
2.36306063613592e-05
2.36300479689974e-05
2.36294896030246e-05
2.3628931263439e-05
2.36283729502386e-05
2.36278146634218e-05
2.36272564029865e-05
2.36266981689309e-05
2.36261399612531e-05
2.36255817799513e-05
2.36250236250236e-05
2.36244654964681e-05
2.3623907394283e-05
2.36233493184664e-05
2.36227912690163e-05
2.36222332459311e-05
2.36216752492087e-05
2.36211172788473e-05
2.3620559334845e-05
2.36200014172001e-05
2.36194435259105e-05
2.36188856609745e-05
2.36183278223902e-05
2.36177700101556e-05
2.3617212224269e-05
2.36166544647285e-05
2.36160967315322e-05
2.36155390246782e-05
2.36149813441647e-05
2.36144236899898e-05
2.36138660621517e-05
2.36133084606484e-05
2.36127508854782e-05
2.3612193336639e-05
2.36116358141292e-05
2.36110783179468e-05
2.36105208480899e-05
2.36099634045567e-05
2.36094059873454e-05
2.3608848596454e-05
2.36082912318806e-05
2.36077338936236e-05
2.36071765816808e-05
2.36066192960506e-05
2.3606062036731e-05
2.36055048037202e-05
2.36049475970163e-05
2.36043904166175e-05
2.36038332625218e-05
2.36032761347275e-05
2.36027190332326e-05
2.36021619580354e-05
2.36016049091338e-05
2.36010478865262e-05
2.36004908902105e-05
2.3599933920185e-05
2.35993769764478e-05
2.35988200589971e-05
2.35982631678308e-05
2.35977063029474e-05
2.35971494643447e-05
2.3596592652021e-05
2.35960358659745e-05
2.35954791062033e-05
2.35949223727054e-05
2.35943656654791e-05
2.35938089845225e-05
2.35932523298337e-05
2.35926957014108e-05
2.35921390992521e-05
2.35915825233557e-05
2.35910259737196e-05
2.35904694503421e-05
2.35899129532212e-05
2.35893564823552e-05
2.35888000377421e-05
2.35882436193801e-05
2.35876872272674e-05
2.3587130861402e-05
2.35865745217822e-05
2.35860182084061e-05
2.35854619212717e-05
2.35849056603774e-05
2.35843494257211e-05
2.35837932173011e-05
2.35832370351154e-05
2.35826808791623e-05
2.35821247494399e-05
2.35815686459463e-05
2.35810125686797e-05
2.35804565176382e-05
2.35799004928199e-05
2.35793444942231e-05
2.35787885218457e-05
2.35782325756861e-05
2.35776766557423e-05
2.35771207620125e-05
2.35765648944949e-05
2.35760090531875e-05
2.35754532380885e-05
2.35748974491961e-05
2.35743416865084e-05
2.35737859500236e-05
2.35732302397398e-05
2.35726745556551e-05
2.35721188977677e-05
2.35715632660758e-05
2.35710076605775e-05
2.35704520812709e-05
2.35698965281542e-05
2.35693410012256e-05
2.35687855004832e-05
2.35682300259251e-05
2.35676745775494e-05
2.35671191553545e-05
2.35665637593383e-05
2.3566008389499e-05
2.35654530458348e-05
2.35648977283439e-05
2.35643424370243e-05
2.35637871718743e-05
2.35632319328919e-05
2.35626767200754e-05
2.35621215334229e-05
2.35615663729325e-05
2.35610112386024e-05
2.35604561304307e-05
2.35599010484156e-05
2.35593459925552e-05
2.35587909628478e-05
2.35582359592914e-05
2.35576809818841e-05
2.35571260306243e-05
2.35565711055099e-05
2.35560162065392e-05
2.35554613337102e-05
2.35549064870212e-05
2.35543516664704e-05
2.35537968720558e-05
2.35532421037756e-05
2.3552687361628e-05
2.35521326456111e-05
2.3551577955723e-05
2.3551023291962e-05
2.35504686543262e-05
2.35499140428137e-05
2.35493594574228e-05
2.35488048981514e-05
2.35482503649979e-05
2.35476958579603e-05
2.35471413770368e-05
2.35465869222256e-05
2.35460324935248e-05
2.35454780909326e-05
2.35449237144472e-05
2.35443693640666e-05
2.3543815039789e-05
2.35432607416127e-05
2.35427064695357e-05
2.35421522235563e-05
2.35415980036725e-05
2.35410438098825e-05
2.35404896421846e-05
2.35399355005767e-05
2.35393813850572e-05
2.35388272956241e-05
2.35382732322757e-05
2.353771919501e-05
2.35371651838253e-05
2.35366111987196e-05
2.35360572396912e-05
2.35355033067382e-05
2.35349493998588e-05
2.35343955190511e-05
2.35338416643133e-05
2.35332878356435e-05
2.353273403304e-05
2.35321802565008e-05
2.35316265060241e-05
2.35310727816081e-05
2.3530519083251e-05
2.35299654109508e-05
2.35294117647059e-05
2.35288581445142e-05
2.35283045503741e-05
2.35277509822836e-05
2.35271974402409e-05
2.35266439242442e-05
2.35260904342916e-05
2.35255369703813e-05
2.35249835325115e-05
2.35244301206803e-05
2.35238767348859e-05
2.35233233751264e-05
2.35227700414001e-05
2.3522216733705e-05
2.35216634520393e-05
2.35211101964013e-05
2.3520556966789e-05
2.35200037632006e-05
2.35194505856343e-05
2.35188974340883e-05
2.35183443085607e-05
2.35177912090496e-05
2.35172381355534e-05
2.351668508807e-05
2.35161320665977e-05
2.35155790711346e-05
2.3515026101679e-05
2.35144731582289e-05
2.35139202407825e-05
2.35133673493381e-05
2.35128144838937e-05
2.35122616444476e-05
2.35117088309978e-05
2.35111560435427e-05
2.35106032820802e-05
2.35100505466087e-05
2.35094978371262e-05
2.3508945153631e-05
2.35083924961211e-05
2.35078398645948e-05
2.35072872590503e-05
2.35067346794857e-05
2.35061821258991e-05
2.35056295982888e-05
2.35050770966529e-05
2.35045246209895e-05
2.3503972171297e-05
2.35034197475733e-05
2.35028673498167e-05
2.35023149780253e-05
2.35017626321974e-05
2.35012103123311e-05
2.35006580184245e-05
2.35001057504759e-05
2.34995535084833e-05
2.34990012924451e-05
2.34984491023592e-05
2.3497896938224e-05
2.34973448000376e-05
2.34967926877981e-05
2.34962406015038e-05
2.34956885411527e-05
2.34951365067431e-05
2.34945844982731e-05
2.3494032515741e-05
2.34934805591448e-05
2.34929286284828e-05
2.34923767237531e-05
2.3491824844954e-05
2.34912729920834e-05
2.34907211651398e-05
2.34901693641211e-05
2.34896175890257e-05
2.34890658398516e-05
2.3488514116597e-05
2.34879624192601e-05
2.34874107478392e-05
2.34868591023322e-05
2.34863074827376e-05
2.34857558890533e-05
2.34852043212776e-05
2.34846527794087e-05
2.34841012634446e-05
2.34835497733837e-05
2.34829983092241e-05
2.3482446870964e-05
2.34818954586014e-05
2.34813440721347e-05
2.34807927115619e-05
2.34802413768814e-05
2.34796900680911e-05
2.34791387851894e-05
2.34785875281743e-05
2.34780362970441e-05
2.3477485091797e-05
2.3476933912431e-05
2.34763827589445e-05
2.34758316313355e-05
2.34752805296023e-05
2.3474729453743e-05
2.34741784037559e-05
2.3473627379639e-05
2.34730763813905e-05
2.34725254090088e-05
2.34719744624918e-05
2.34714235418378e-05
2.3470872647045e-05
2.34703217781116e-05
2.34697709350357e-05
2.34692201178155e-05
2.34686693264492e-05
2.3468118560935e-05
2.3467567821271e-05
2.34670171074555e-05
2.34664664194866e-05
2.34659157573624e-05
2.34653651210813e-05
2.34648145106413e-05
2.34642639260406e-05
2.34637133672775e-05
2.34631628343501e-05
2.34626123272565e-05
2.3462061845995e-05
2.34615113905638e-05
2.3460960960961e-05
2.34604105571848e-05
2.34598601792333e-05
2.34593098271049e-05
2.34587595007976e-05
2.34582092003096e-05
2.34576589256392e-05
2.34571086767845e-05
2.34565584537437e-05
2.34560082565149e-05
2.34554580850964e-05
2.34549079394863e-05
2.34543578196829e-05
2.34538077256843e-05
2.34532576574886e-05
2.34527076150942e-05
2.34521575984991e-05
2.34516076077015e-05
2.34510576426997e-05
2.34505077034918e-05
2.3449957790076e-05
2.34494079024505e-05
2.34488580406134e-05
2.3448308204563e-05
2.34477583942975e-05
2.3447208609815e-05
2.34466588511137e-05
2.34461091181918e-05
2.34455594110475e-05
2.3445009729679e-05
2.34444600740845e-05
2.34439104442621e-05
2.34433608402101e-05
2.34428112619265e-05
2.34422617094097e-05
2.34417121826578e-05
2.3441162681669e-05
2.34406132064415e-05
2.34400637569734e-05
2.3439514333263e-05
2.34389649353085e-05
2.34384155631079e-05
2.34378662166596e-05
2.34373168959618e-05
2.34367676010125e-05
2.343621833181e-05
2.34356690883525e-05
2.34351198706381e-05
2.34345706786652e-05
2.34340215124317e-05
2.34334723719361e-05
2.34329232571763e-05
2.34323741681507e-05
2.34318251048574e-05
2.34312760672946e-05
2.34307270554605e-05
2.34301780693533e-05
2.34296291089712e-05
2.34290801743124e-05
2.3428531265375e-05
2.34279823821572e-05
2.34274335246574e-05
2.34268846928735e-05
2.34263358868039e-05
2.34257871064468e-05
2.34252383518002e-05
2.34246896228625e-05
2.34241409196318e-05
2.34235922421063e-05
2.34230435902841e-05
2.34224949641636e-05
2.34219463637428e-05
2.342139778902e-05
2.34208492399934e-05
2.34203007166612e-05
2.34197522190215e-05
2.34192037470726e-05
2.34186553008126e-05
2.34181068802398e-05
2.34175584853523e-05
2.34170101161484e-05
2.34164617726262e-05
2.34159134547839e-05
2.34153651626197e-05
2.34148168961319e-05
2.34142686553186e-05
2.34137204401779e-05
2.34131722507082e-05
2.34126240869077e-05
2.34120759487744e-05
2.34115278363066e-05
2.34109797495025e-05
2.34104316883603e-05
2.34098836528782e-05
2.34093356430544e-05
2.34087876588871e-05
2.34082397003745e-05
2.34076917675148e-05
2.34071438603062e-05
2.34065959787468e-05
2.34060481228349e-05
2.34055002925688e-05
2.34049524879465e-05
2.34044047089662e-05
2.34038569556263e-05
2.34033092279248e-05
2.34027615258601e-05
2.34022138494302e-05
2.34016661986333e-05
2.34011185734678e-05
2.34005709739318e-05
2.34000234000234e-05
2.33994758517409e-05
2.33989283290825e-05
2.33983808320464e-05
2.33978333606308e-05
2.33972859148339e-05
2.33967384946538e-05
2.33961911000889e-05
2.33956437311373e-05
2.33950963877971e-05
2.33945490700667e-05
2.33940017779441e-05
2.33934545114277e-05
2.33929072705156e-05
2.3392360055206e-05
2.33918128654971e-05
2.33912657013871e-05
2.33907185628743e-05
2.33901714499567e-05
2.33896243626327e-05
2.33890773009005e-05
2.33885302647582e-05
2.3387983254204e-05
2.33874362692362e-05
2.33868893098529e-05
2.33863423760524e-05
2.33857954678328e-05
2.33852485851925e-05
2.33847017281295e-05
2.3384154896642e-05
2.33836080907284e-05
2.33830613103868e-05
2.33825145556153e-05
2.33819678264123e-05
2.33814211227758e-05
2.33808744447042e-05
2.33803277921956e-05
2.33797811652483e-05
2.33792345638604e-05
2.33786879880301e-05
2.33781414377557e-05
2.33775949130353e-05
2.33770484138673e-05
2.33765019402497e-05
2.33759554921807e-05
2.33754090696587e-05
2.33748626726818e-05
2.33743163012482e-05
2.33737699553561e-05
2.33732236350037e-05
2.33726773401893e-05
2.3372131070911e-05
2.33715848271671e-05
2.33710386089558e-05
2.33704924162752e-05
2.33699462491236e-05
2.33694001074992e-05
2.33688539914003e-05
2.33683079008249e-05
2.33677618357714e-05
2.33672157962379e-05
2.33666697822226e-05
2.33661237937239e-05
2.33655778307398e-05
2.33650318932685e-05
2.33644859813084e-05
2.33639400948576e-05
2.33633942339143e-05
2.33628483984767e-05
2.33623025885431e-05
2.33617568041117e-05
2.33612110451806e-05
2.33606653117481e-05
2.33601196038124e-05
2.33595739213717e-05
2.33590282644242e-05
2.33584826329682e-05
2.33579370270018e-05
2.33573914465233e-05
2.33568458915308e-05
2.33563003620227e-05
2.3355754857997e-05
2.33552093794521e-05
2.33546639263861e-05
2.33541184987973e-05
2.33535730966838e-05
2.33530277200439e-05
2.33524823688758e-05
2.33519370431777e-05
2.33513917429479e-05
2.33508464681845e-05
2.33503012188857e-05
2.33497559950499e-05
2.33492107966751e-05
2.33486656237596e-05
2.33481204763017e-05
2.33475753542995e-05
2.33470302577512e-05
2.33464851866551e-05
2.33459401410095e-05
2.33453951208124e-05
2.33448501260622e-05
2.3344305156757e-05
2.33437602128951e-05
2.33432152944747e-05
2.33426704014939e-05
2.33421255339511e-05
2.33415806918445e-05
2.33410358751721e-05
2.33404910839324e-05
2.33399463181235e-05
2.33394015777435e-05
2.33388568627909e-05
2.33383121732636e-05
2.33377675091601e-05
2.33372228704784e-05
2.33366782572169e-05
2.33361336693737e-05
2.3335589106947e-05
2.33350445699351e-05
2.33345000583363e-05
2.33339555721486e-05
2.33334111113704e-05
2.33328666759998e-05
2.33323222660351e-05
2.33317778814746e-05
2.33312335223163e-05
2.33306891885586e-05
2.33301448801997e-05
2.33296005972378e-05
2.33290563396711e-05
2.33285121074978e-05
2.33279679007162e-05
2.33274237193244e-05
2.33268795633208e-05
2.33263354327035e-05
2.33257913274708e-05
2.33252472476208e-05
2.33247031931519e-05
2.33241591640621e-05
2.33236151603499e-05
2.33230711820132e-05
2.33225272290505e-05
2.332198330146e-05
2.33214393992397e-05
2.33208955223881e-05
2.33203516709032e-05
2.33198078447834e-05
2.33192640440268e-05
2.33187202686317e-05
2.33181765185962e-05
2.33176327939188e-05
2.33170890945974e-05
2.33165454206305e-05
2.33160017720161e-05
2.33154581487526e-05
2.33149145508382e-05
2.3314370978271e-05
2.33138274310494e-05
2.33132839091714e-05
2.33127404126355e-05
2.33121969414398e-05
2.33116534955824e-05
2.33111100750618e-05
2.3310566679876e-05
2.33100233100233e-05
2.3309479965502e-05
2.33089366463102e-05
2.33083933524462e-05
2.33078500839083e-05
2.33073068406946e-05
2.33067636228033e-05
2.33062204302328e-05
2.33056772629813e-05
2.33051341210469e-05
2.33045910044279e-05
2.33040479131225e-05
2.3303504847129e-05
2.33029618064456e-05
2.33024187910705e-05
2.3301875801002e-05
2.33013328362382e-05
2.33007898967775e-05
2.3300246982618e-05
2.3299704093758e-05
2.32991612301957e-05
2.32986183919294e-05
2.32980755789572e-05
2.32975327912774e-05
2.32969900288883e-05
2.3296447291788e-05
2.32959045799748e-05
2.3295361893447e-05
2.32948192322028e-05
2.32942765962403e-05
2.32937339855579e-05
2.32931914001537e-05
2.32926488400261e-05
2.32921063051732e-05
2.32915637955932e-05
2.32910213112845e-05
2.32904788522452e-05
2.32899364184736e-05
2.32893940099679e-05
2.32888516267263e-05
2.32883092687471e-05
2.32877669360285e-05
2.32872246285688e-05
2.32866823463661e-05
2.32861400894188e-05
2.3285597857725e-05
2.3285055651283e-05
2.3284513470091e-05
2.32839713141473e-05
2.32834291834501e-05
2.32828870779977e-05
2.32823449977882e-05
2.32818029428199e-05
2.32812609130911e-05
2.32807189085999e-05
2.32801769293447e-05
2.32796349753236e-05
2.32790930465349e-05
2.32785511429769e-05
2.32780092646477e-05
2.32774674115456e-05
2.32769255836689e-05
2.32763837810158e-05
2.32758420035845e-05
2.32753002513732e-05
2.32747585243803e-05
2.32742168226039e-05
2.32736751460423e-05
2.32731334946937e-05
2.32725918685564e-05
2.32720502676286e-05
2.32715086919085e-05
2.32709671413944e-05
2.32704256160845e-05
2.32698841159771e-05
2.32693426410704e-05
2.32688011913626e-05
2.3268259766852e-05
2.32677183675369e-05
2.32671769934154e-05
2.32666356444858e-05
2.32660943207464e-05
2.32655530221953e-05
2.32650117488309e-05
2.32644705006514e-05
2.3263929277655e-05
2.32633880798399e-05
2.32628469072045e-05
2.32623057597469e-05
2.32617646374654e-05
2.32612235403582e-05
2.32606824684236e-05
2.32601414216598e-05
2.32596004000651e-05
2.32590594036377e-05
2.32585184323759e-05
2.32579774862778e-05
2.32574365653418e-05
2.3256895669566e-05
2.32563547989488e-05
2.32558139534884e-05
2.32552731331829e-05
2.32547323380308e-05
2.32541915680301e-05
2.32536508231792e-05
2.32531101034763e-05
2.32525694089197e-05
2.32520287395075e-05
2.32514880952381e-05
2.32509474761097e-05
2.32504068821204e-05
2.32498663132687e-05
2.32493257695527e-05
2.32487852509706e-05
2.32482447575208e-05
2.32477042892014e-05
2.32471638460108e-05
2.32466234279471e-05
2.32460830350086e-05
2.32455426671936e-05
2.32450023245002e-05
2.32444620069268e-05
2.32439217144717e-05
2.32433814471329e-05
2.32428412049089e-05
2.32423009877978e-05
2.32417607957979e-05
2.32412206289074e-05
2.32406804871247e-05
2.32401403704478e-05
2.32396002788752e-05
2.3239060212405e-05
2.32385201710355e-05
2.32379801547649e-05
2.32374401635916e-05
2.32369001975137e-05
2.32363602565294e-05
2.32358203406371e-05
2.3235280449835e-05
2.32347405841214e-05
2.32342007434944e-05
2.32336609279524e-05
2.32331211374936e-05
2.32325813721163e-05
2.32320416318186e-05
2.32315019165989e-05
2.32309622264554e-05
2.32304225613864e-05
2.32298829213901e-05
2.32293433064647e-05
2.32288037166086e-05
2.32282641518199e-05
2.3227724612097e-05
2.3227185097438e-05
2.32266456078413e-05
2.32261061433051e-05
2.32255667038276e-05
2.32250272894071e-05
2.32244879000418e-05
2.322394853573e-05
2.322340919647e-05
2.32228698822601e-05
2.32223305930983e-05
2.32217913289831e-05
2.32212520899127e-05
2.32207128758853e-05
2.32201736868992e-05
2.32196345229526e-05
2.32190953840438e-05
2.32185562701711e-05
2.32180171813327e-05
2.32174781175269e-05
2.32169390787519e-05
2.32164000650059e-05
2.32158610762873e-05
2.32153221125943e-05
2.32147831739252e-05
2.32142442602781e-05
2.32137053716514e-05
2.32131665080434e-05
2.32126276694522e-05
2.32120888558761e-05
2.32115500673135e-05
2.32110113037625e-05
2.32104725652214e-05
2.32099338516885e-05
2.3209395163162e-05
2.32088564996403e-05
2.32083178611214e-05
2.32077792476038e-05
2.32072406590856e-05
2.32067020955652e-05
2.32061635570407e-05
2.32056250435105e-05
2.32050865549729e-05
2.32045480914259e-05
2.3204009652868e-05
2.32034712392974e-05
2.32029328507123e-05
2.32023944871111e-05
2.32018561484919e-05
2.3201317834853e-05
2.32007795461928e-05
2.32002412825093e-05
2.3199703043801e-05
2.31991648300661e-05
2.31986266413028e-05
2.31980884775095e-05
2.31975503386842e-05
2.31970122248254e-05
2.31964741359313e-05
2.31959360720002e-05
2.31953980330302e-05
2.31948600190198e-05
2.31943220299671e-05
2.31937840658703e-05
2.31932461267279e-05
2.3192708212538e-05
2.31921703232989e-05
2.31916324590088e-05
2.3191094619666e-05
2.31905568052689e-05
2.31900190158156e-05
2.31894812513044e-05
2.31889435117336e-05
2.31884057971014e-05
2.31878681074062e-05
2.31873304426461e-05
2.31867928028195e-05
2.31862551879246e-05
2.31857175979597e-05
2.3185180032923e-05
2.31846424928128e-05
2.31841049776273e-05
2.3183567487365e-05
2.31830300220239e-05
2.31824925816024e-05
2.31819551660987e-05
2.31814177755111e-05
2.3180880409838e-05
2.31803430690774e-05
2.31798057532278e-05
2.31792684622873e-05
2.31787311962543e-05
2.3178193955127e-05
2.31776567389037e-05
2.31771195475826e-05
2.31765823811621e-05
2.31760452396403e-05
2.31755081230156e-05
2.31749710312862e-05
2.31744339644504e-05
2.31738969225065e-05
2.31733599054527e-05
2.31728229132873e-05
2.31722859460086e-05
2.31717490036148e-05
2.31712120861042e-05
2.31706751934751e-05
2.31701383257258e-05
2.31696014828545e-05
2.31690646648595e-05
2.3168527871739e-05
2.31679911034914e-05
2.31674543601149e-05
2.31669176416078e-05
2.31663809479683e-05
2.31658442791948e-05
2.31653076352854e-05
2.31647710162385e-05
2.31642344220524e-05
2.31636978527252e-05
2.31631613082553e-05
2.31626247886411e-05
2.31620882938806e-05
2.31615518239722e-05
2.31610153789142e-05
2.31604789587049e-05
2.31599425633424e-05
2.31594061928252e-05
2.31588698471515e-05
2.31583335263194e-05
2.31577972303275e-05
2.31572609591737e-05
2.31567247128566e-05
2.31561884913743e-05
2.31556522947251e-05
2.31551161229074e-05
2.31545799759192e-05
2.31540438537591e-05
2.31535077564251e-05
2.31529716839156e-05
2.31524356362289e-05
2.31518996133633e-05
2.31513636153169e-05
2.31508276420882e-05
2.31502916936753e-05
2.31497557700766e-05
2.31492198712903e-05
2.31486839973148e-05
2.31481481481481e-05
2.31476123237888e-05
2.3147076524235e-05
2.3146540749485e-05
2.31460049995371e-05
2.31454692743895e-05
2.31449335740406e-05
2.31443978984887e-05
2.31438622477319e-05
2.31433266217686e-05
2.31427910205971e-05
2.31422554442156e-05
2.31417198926224e-05
2.31411843658158e-05
2.31406488637941e-05
2.31401133865556e-05
2.31395779340985e-05
2.31390425064211e-05
2.31385071035217e-05
2.31379717253986e-05
2.313743637205e-05
2.31369010434742e-05
2.31363657396696e-05
2.31358304606344e-05
2.31352952063668e-05
2.31347599768652e-05
2.31342247721279e-05
2.31336895921531e-05
2.3133154436939e-05
2.31326193064841e-05
2.31320842007865e-05
2.31315491198446e-05
2.31310140636565e-05
2.31304790322208e-05
2.31299440255355e-05
2.31294090435989e-05
2.31288740864095e-05
2.31283391539654e-05
2.31278042462649e-05
2.31272693633063e-05
2.31267345050879e-05
2.3126199671608e-05
2.31256648628648e-05
2.31251300788567e-05
2.31245953195819e-05
2.31240605850387e-05
2.31235258752255e-05
2.31229911901404e-05
2.31224565297817e-05
2.31219218941478e-05
2.3121387283237e-05
2.31208526970475e-05
2.31203181355775e-05
2.31197835988255e-05
2.31192490867897e-05
2.31187145994683e-05
2.31181801368596e-05
2.3117645698962e-05
2.31171112857737e-05
2.3116576897293e-05
2.31160425335183e-05
2.31155081944477e-05
2.31149738800795e-05
2.31144395904121e-05
2.31139053254438e-05
2.31133710851728e-05
2.31128368695974e-05
2.31123026787159e-05
2.31117685125266e-05
2.31112343710278e-05
2.31107002542177e-05
2.31101661620947e-05
2.31096320946571e-05
2.3109098051903e-05
2.31085640338309e-05
2.31080300404391e-05
2.31074960717257e-05
2.31069621276891e-05
2.31064282083276e-05
2.31058943136394e-05
2.31053604436229e-05
2.31048265982764e-05
2.31042927775981e-05
2.31037589815863e-05
2.31032252102393e-05
2.31026914635555e-05
2.31021577415331e-05
2.31016240441703e-05
2.31010903714655e-05
2.3100556723417e-05
2.31000231000231e-05
2.3099489501282e-05
2.30989559271921e-05
2.30984223777516e-05
2.30978888529588e-05
2.30973553528121e-05
2.30968218773097e-05
2.30962884264499e-05
2.3095755000231e-05
2.30952215986512e-05
2.3094688221709e-05
2.30941548694026e-05
2.30936215417302e-05
2.30930882386902e-05
2.30925549602808e-05
2.30920217065004e-05
2.30914884773472e-05
2.30909552728196e-05
2.30904220929159e-05
2.30898889376342e-05
2.3089355806973e-05
2.30888227009305e-05
2.3088289619505e-05
2.30877565626948e-05
2.30872235304982e-05
2.30866905229135e-05
2.30861575399391e-05
2.30856245815731e-05
2.30850916478138e-05
2.30845587386597e-05
2.3084025854109e-05
2.30834929941599e-05
2.30829601588108e-05
2.30824273480599e-05
2.30818945619056e-05
2.30813618003462e-05
2.308082906338e-05
2.30802963510051e-05
2.30797636632201e-05
2.30792310000231e-05
2.30786983614124e-05
2.30781657473864e-05
2.30776331579433e-05
2.30771005930815e-05
2.30765680527992e-05
2.30760355370947e-05
2.30755030459664e-05
2.30749705794125e-05
2.30744381374314e-05
2.30739057200212e-05
2.30733733271804e-05
2.30728409589073e-05
2.30723086152e-05
2.3071776296057e-05
2.30712440014766e-05
2.30707117314569e-05
2.30701794859964e-05
2.30696472650933e-05
2.3069115068746e-05
2.30685828969526e-05
2.30680507497117e-05
2.30675186270213e-05
2.30669865288799e-05
2.30664544552857e-05
2.3065922406237e-05
2.30653903817322e-05
2.30648583817695e-05
2.30643264063473e-05
2.30637944554638e-05
2.30632625291174e-05
2.30627306273063e-05
2.30621987500288e-05
2.30616668972833e-05
2.30611350690681e-05
2.30606032653814e-05
2.30600714862216e-05
2.3059539731587e-05
2.30590080014758e-05
2.30584762958864e-05
2.3057944614817e-05
2.30574129582661e-05
2.30568813262318e-05
2.30563497187125e-05
2.30558181357065e-05
2.30552865772122e-05
2.30547550432277e-05
2.30542235337514e-05
2.30536920487816e-05
2.30531605883167e-05
2.30526291523548e-05
2.30520977408944e-05
2.30515663539337e-05
2.30510349914711e-05
2.30505036535048e-05
2.30499723400332e-05
2.30494410510545e-05
2.30489097865671e-05
2.30483785465693e-05
2.30478473310593e-05
2.30473161400355e-05
2.30467849734962e-05
2.30462538314397e-05
2.30457227138643e-05
2.30451916207683e-05
2.30446605521501e-05
2.30441295080078e-05
2.30435984883399e-05
2.30430674931447e-05
2.30425365224204e-05
2.30420055761654e-05
2.30414746543779e-05
2.30409437570563e-05
2.30404128841989e-05
2.3039882035804e-05
2.30393512118699e-05
2.30388204123949e-05
2.30382896373773e-05
2.30377588868155e-05
2.30372281607077e-05
2.30366974590523e-05
2.30361667818475e-05
2.30356361290917e-05
2.30351055007832e-05
2.30345748969203e-05
2.30340443175013e-05
2.30335137625245e-05
2.30329832319882e-05
2.30324527258908e-05
2.30319222442305e-05
2.30313917870057e-05
2.30308613542146e-05
2.30303309458557e-05
2.30298005619271e-05
2.30292702024273e-05
2.30287398673545e-05
2.3028209556707e-05
2.30276792704831e-05
2.30271490086812e-05
2.30266187712996e-05
2.30260885583366e-05
2.30255583697905e-05
2.30250282056596e-05
2.30244980659422e-05
2.30239679506366e-05
2.30234378597412e-05
2.30229077932543e-05
2.30223777511741e-05
2.30218477334991e-05
2.30213177402275e-05
2.30207877713575e-05
2.30202578268877e-05
2.30197279068161e-05
2.30191980111413e-05
2.30186681398614e-05
2.30181382929749e-05
2.30176084704799e-05
2.30170786723749e-05
2.30165488986581e-05
2.30160191493279e-05
2.30154894243826e-05
2.30149597238205e-05
2.30144300476399e-05
2.30139003958391e-05
2.30133707684164e-05
2.30128411653703e-05
2.30123115866989e-05
2.30117820324006e-05
2.30112525024737e-05
2.30107229969166e-05
2.30101935157275e-05
2.30096640589047e-05
2.30091346264467e-05
2.30086052183517e-05
2.3008075834618e-05
2.30075464752439e-05
2.30070171402278e-05
2.30064878295679e-05
2.30059585432627e-05
2.30054292813104e-05
2.30049000437093e-05
2.30043708304578e-05
2.30038416415541e-05
2.30033124769967e-05
2.30027833367838e-05
2.30022542209136e-05
2.30017251293847e-05
2.30011960621952e-05
2.30006670193436e-05
2.3000138000828e-05
2.29996090066469e-05
2.29990800367985e-05
2.29985510912813e-05
2.29980221700934e-05
2.29974932732332e-05
2.29969644006991e-05
2.29964355524894e-05
2.29959067286023e-05
2.29953779290363e-05
2.29948491537896e-05
2.29943204028605e-05
2.29937916762474e-05
2.29932629739486e-05
2.29927342959625e-05
2.29922056422873e-05
2.29916770129213e-05
2.2991148407863e-05
2.29906198271105e-05
2.29900912706623e-05
2.29895627385167e-05
2.2989034230672e-05
2.29885057471264e-05
2.29879772878784e-05
2.29874488529263e-05
2.29869204422683e-05
2.29863920559029e-05
2.29858636938283e-05
2.29853353560428e-05
2.29848070425449e-05
2.29842787533327e-05
2.29837504884047e-05
2.29832222477591e-05
2.29826940313944e-05
2.29821658393087e-05
2.29816376715005e-05
2.2981109527968e-05
2.29805814087096e-05
2.29800533137237e-05
2.29795252430085e-05
2.29789971965623e-05
2.29784691743836e-05
2.29779411764706e-05
2.29774132028216e-05
2.2976885253435e-05
2.29763573283092e-05
2.29758294274423e-05
2.29753015508329e-05
2.29747736984791e-05
2.29742458703793e-05
2.29737180665319e-05
2.29731902869351e-05
2.29726625315874e-05
2.2972134800487e-05
2.29716070936323e-05
2.29710794110215e-05
2.29705517526531e-05
2.29700241185253e-05
2.29694965086365e-05
2.2968968922985e-05
2.29684413615692e-05
2.29679138243873e-05
2.29673863114378e-05
2.29668588227188e-05
2.29663313582288e-05
2.29658039179661e-05
2.29652765019291e-05
2.2964749110116e-05
2.29642217425251e-05
2.29636943991549e-05
2.29631670800037e-05
2.29626397850697e-05
2.29621125143513e-05
2.29615852678469e-05
2.29610580455547e-05
2.29605308474732e-05
2.29600036736006e-05
2.29594765239353e-05
2.29589493984755e-05
2.29584222972197e-05
2.29578952201662e-05
2.29573681673133e-05
2.29568411386593e-05
2.29563141342026e-05
2.29557871539415e-05
2.29552601978743e-05
2.29547332659994e-05
2.29542063583152e-05
2.29536794748198e-05
2.29531526155117e-05
2.29526257803893e-05
2.29520989694508e-05
2.29515721826945e-05
2.29510454201189e-05
2.29505186817222e-05
2.29499919675028e-05
2.2949465277459e-05
2.29489386115892e-05
2.29484119698917e-05
2.29478853523648e-05
2.29473587590068e-05
2.29468321898162e-05
2.29463056447912e-05
2.29457791239302e-05
2.29452526272314e-05
2.29447261546933e-05
2.29441997063142e-05
2.29436732820925e-05
2.29431468820263e-05
2.29426205061142e-05
2.29420941543544e-05
2.29415678267453e-05
2.29410415232852e-05
2.29405152439724e-05
2.29399889888053e-05
2.29394627577822e-05
2.29389365509015e-05
2.29384103681615e-05
2.29378842095605e-05
2.29373580750969e-05
2.2936831964769e-05
2.29363058785752e-05
2.29357798165138e-05
2.29352537785831e-05
2.29347277647814e-05
2.29342017751072e-05
2.29336758095588e-05
2.29331498681344e-05
2.29326239508325e-05
2.29320980576513e-05
2.29315721885892e-05
2.29310463436447e-05
2.29305205228159e-05
2.29299947261012e-05
2.2929468953499e-05
2.29289432050077e-05
2.29284174806255e-05
2.29278917803508e-05
2.2927366104182e-05
2.29268404521173e-05
2.29263148241552e-05
2.29257892202939e-05
2.29252636405319e-05
2.29247380848674e-05
2.29242125532988e-05
2.29236870458245e-05
2.29231615624427e-05
2.29226361031519e-05
2.29221106679503e-05
2.29215852568364e-05
2.29210598698084e-05
2.29205345068647e-05
2.29200091680037e-05
2.29194838532236e-05
2.29189585625229e-05
2.29184332958999e-05
2.29179080533529e-05
2.29173828348803e-05
2.29168576404803e-05
2.29163324701515e-05
2.2915807323892e-05
2.29152822017003e-05
2.29147571035747e-05
2.29142320295135e-05
2.29137069795151e-05
2.29131819535779e-05
2.29126569517001e-05
2.29121319738802e-05
2.29116070201164e-05
2.29110820904071e-05
2.29105571847507e-05
2.29100323031455e-05
2.29095074455899e-05
2.29089826120822e-05
2.29084578026207e-05
2.29079330172039e-05
2.29074082558299e-05
2.29068835184973e-05
2.29063588052043e-05
2.29058341159493e-05
2.29053094507307e-05
2.29047848095467e-05
2.29042601923958e-05
2.29037355992762e-05
2.29032110301864e-05
2.29026864851247e-05
2.29021619640894e-05
2.29016374670789e-05
2.29011129940915e-05
2.29005885451256e-05
2.29000641201795e-05
2.28995397192516e-05
2.28990153423403e-05
2.28984909894438e-05
2.28979666605605e-05
2.28974423556889e-05
2.28969180748271e-05
2.28963938179737e-05
2.28958695851268e-05
2.2895345376285e-05
2.28948211914465e-05
2.28942970306097e-05
2.28937728937729e-05
2.28932487809345e-05
2.28927246920929e-05
2.28922006272463e-05
2.28916765863932e-05
2.28911525695319e-05
2.28906285766607e-05
2.28901046077781e-05
2.28895806628823e-05
2.28890567419717e-05
2.28885328450446e-05
2.28880089720995e-05
2.28874851231347e-05
2.28869612981484e-05
2.28864374971392e-05
2.28859137201053e-05
2.2885389967045e-05
2.28848662379568e-05
2.2884342532839e-05
2.288381885169e-05
2.2883295194508e-05
2.28827715612915e-05
2.28822479520388e-05
2.28817243667483e-05
2.28812008054183e-05
2.28806772680471e-05
2.28801537546332e-05
2.28796302651749e-05
2.28791067996705e-05
2.28785833581185e-05
2.2878059940517e-05
2.28775365468646e-05
2.28770131771596e-05
2.28764898314003e-05
2.2875966509585e-05
2.28754432117122e-05
2.28749199377802e-05
2.28743966877874e-05
2.2873873461732e-05
2.28733502596125e-05
2.28728270814273e-05
2.28723039271746e-05
2.28717807968528e-05
2.28712576904604e-05
2.28707346079956e-05
2.28702115494568e-05
2.28696885148424e-05
2.28691655041508e-05
2.28686425173802e-05
2.2868119554529e-05
2.28675966155957e-05
2.28670737005785e-05
2.28665508094759e-05
2.28660279422861e-05
2.28655050990076e-05
2.28649822796387e-05
2.28644594841778e-05
2.28639367126232e-05
2.28634139649732e-05
2.28628912412264e-05
2.28623685413809e-05
2.28618458654352e-05
2.28613232133876e-05
2.28608005852365e-05
2.28602779809802e-05
2.28597554006172e-05
2.28592328441458e-05
2.28587103115642e-05
2.2858187802871e-05
2.28576653180644e-05
2.28571428571429e-05
2.28566204201047e-05
2.28560980069483e-05
2.28555756176719e-05
2.28550532522741e-05
2.28545309107531e-05
2.28540085931072e-05
2.2853486299335e-05
2.28529640294346e-05
2.28524417834046e-05
2.28519195612431e-05
2.28513973629487e-05
2.28508751885197e-05
2.28503530379544e-05
2.28498309112513e-05
2.28493088084085e-05
2.28487867294247e-05
2.2848264674298e-05
2.28477426430269e-05
2.28472206356097e-05
2.28466986520448e-05
2.28461766923305e-05
2.28456547564653e-05
2.28451328444475e-05
2.28446109562754e-05
2.28440890919475e-05
2.2843567251462e-05
2.28430454348174e-05
2.2842523642012e-05
2.28420018730442e-05
2.28414801279123e-05
2.28409584066147e-05
2.28404367091499e-05
2.28399150355161e-05
2.28393933857117e-05
2.28388717597351e-05
2.28383501575846e-05
2.28378285792587e-05
2.28373070247556e-05
2.28367854940739e-05
2.28362639872117e-05
2.28357425041675e-05
2.28352210449397e-05
2.28346996095266e-05
2.28341781979267e-05
2.28336568101381e-05
2.28331354461595e-05
2.2832614105989e-05
2.28320927896251e-05
2.28315714970661e-05
2.28310502283105e-05
2.28305289833565e-05
2.28300077622026e-05
2.28294865648472e-05
2.28289653912885e-05
2.28284442415249e-05
2.28279231155549e-05
2.28274020133769e-05
2.2826880934989e-05
2.28263598803899e-05
2.28258388495777e-05
2.2825317842551e-05
2.2824796859308e-05
2.28242758998471e-05
2.28237549641667e-05
2.28232340522652e-05
2.2822713164141e-05
2.28221922997923e-05
2.28216714592177e-05
2.28211506424154e-05
2.28206298493838e-05
2.28201090801214e-05
2.28195883346264e-05
2.28190676128973e-05
2.28185469149325e-05
2.28180262407302e-05
2.28175055902889e-05
2.28169849636069e-05
2.28164643606827e-05
2.28159437815145e-05
2.28154232261008e-05
2.281490269444e-05
2.28143821865304e-05
2.28138617023704e-05
2.28133412419583e-05
2.28128208052926e-05
2.28123003923716e-05
2.28117800031936e-05
2.28112596377572e-05
2.28107392960606e-05
2.28102189781022e-05
2.28096986838804e-05
2.28091784133936e-05
2.28086581666401e-05
2.28081379436183e-05
2.28076177443266e-05
2.28070975687634e-05
2.2806577416927e-05
2.28060572888159e-05
2.28055371844284e-05
2.28050171037628e-05
2.28044970468176e-05
2.28039770135912e-05
2.28034570040818e-05
2.2802937018288e-05
2.2802417056208e-05
2.28018971178402e-05
2.28013772031831e-05
2.28008573122349e-05
2.28003374449942e-05
2.27998176014592e-05
2.27992977816283e-05
2.27987779855e-05
2.27982582130725e-05
2.27977384643443e-05
2.27972187393138e-05
2.27966990379793e-05
2.27961793603392e-05
2.27956597063919e-05
2.27951400761358e-05
2.27946204695692e-05
2.27941008866905e-05
2.27935813274982e-05
2.27930617919905e-05
2.27925422801659e-05
2.27920227920228e-05
2.27915033275595e-05
2.27909838867744e-05
2.27904644696659e-05
2.27899450762324e-05
2.27894257064722e-05
2.27889063603838e-05
2.27883870379655e-05
2.27878677392156e-05
2.27873484641327e-05
2.27868292127151e-05
2.2786309984961e-05
2.2785790780869e-05
2.27852716004375e-05
2.27847524436647e-05
2.27842333105491e-05
2.27837142010891e-05
2.2783195115283e-05
2.27826760531292e-05
2.27821570146261e-05
2.27816379997722e-05
2.27811190085657e-05
2.27806000410051e-05
2.27800810970887e-05
2.2779562176815e-05
2.27790432801822e-05
2.27785244071889e-05
2.27780055578334e-05
2.2777486732114e-05
2.27769679300292e-05
2.27764491515773e-05
2.27759303967567e-05
2.27754116655659e-05
2.27748929580031e-05
2.27743742740668e-05
2.27738556137554e-05
2.27733369770672e-05
2.27728183640007e-05
2.27722997745542e-05
2.27717812087261e-05
2.27712626665149e-05
2.27707441479188e-05
2.27702256529362e-05
2.27697071815656e-05
2.27691887338054e-05
2.27686703096539e-05
2.27681519091095e-05
2.27676335321707e-05
2.27671151788357e-05
2.2766596849103e-05
2.2766078542971e-05
2.2765560260438e-05
2.27650420015025e-05
2.27645237661628e-05
2.27640055544174e-05
2.27634873662645e-05
2.27629692017027e-05
2.27624510607302e-05
2.27619329433455e-05
2.2761414849547e-05
2.27608967793331e-05
2.27603787327021e-05
2.27598607096525e-05
2.27593427101825e-05
2.27588247342907e-05
2.27583067819754e-05
2.2757788853235e-05
2.27572709480679e-05
2.27567530664725e-05
2.27562352084471e-05
2.27557173739902e-05
2.27551995631002e-05
2.27546817757754e-05
2.27541640120142e-05
2.27536462718151e-05
2.27531285551763e-05
2.27526108620964e-05
2.27520931925737e-05
2.27515755466066e-05
2.27510579241935e-05
2.27505403253327e-05
2.27500227500227e-05
2.27495051982619e-05
2.27489876700487e-05
2.27484701653814e-05
2.27479526842584e-05
2.27474352266782e-05
2.27469177926391e-05
2.27464003821395e-05
2.27458829951779e-05
2.27453656317525e-05
2.27448482918619e-05
2.27443309755044e-05
2.27438136826783e-05
2.27432964133822e-05
2.27427791676143e-05
2.27422619453731e-05
2.2741744746657e-05
2.27412275714643e-05
2.27407104197935e-05
2.2740193291643e-05
2.27396761870111e-05
2.27391591058963e-05
2.27386420482969e-05
2.27381250142113e-05
2.2737608003638e-05
2.27370910165753e-05
2.27365740530217e-05
2.27360571129755e-05
2.27355401964351e-05
2.27350233033989e-05
2.27345064338653e-05
2.27339895878328e-05
2.27334727652996e-05
2.27329559662643e-05
2.27324391907252e-05
2.27319224386806e-05
2.27314057101291e-05
2.2730889005069e-05
2.27303723234987e-05
2.27298556654165e-05
2.2729339030821e-05
2.27288224197104e-05
2.27283058320833e-05
2.27277892679379e-05
2.27272727272727e-05
2.27267562100861e-05
2.27262397163765e-05
2.27257232461423e-05
2.27252067993819e-05
2.27246903760936e-05
2.2724173976276e-05
2.27236575999273e-05
2.2723141247046e-05
2.27226249176305e-05
2.27221086116792e-05
2.27215923291904e-05
2.27210760701627e-05
2.27205598345943e-05
2.27200436224838e-05
2.27195274338294e-05
2.27190112686296e-05
2.27184951268828e-05
2.27179790085874e-05
2.27174629137418e-05
2.27169468423444e-05
2.27164307943936e-05
2.27159147698878e-05
2.27153987688254e-05
2.27148827912048e-05
2.27143668370244e-05
2.27138509062827e-05
2.27133349989779e-05
2.27128191151086e-05
2.27123032546731e-05
2.27117874176698e-05
2.27112716040971e-05
2.27107558139535e-05
2.27102400472373e-05
2.2709724303947e-05
2.27092085840808e-05
2.27086928876374e-05
2.2708177214615e-05
2.2707661565012e-05
2.27071459388269e-05
2.27066303360581e-05
2.2706114756704e-05
2.27055992007629e-05
2.27050836682333e-05
2.27045681591136e-05
2.27040526734022e-05
2.27035372110975e-05
2.27030217721979e-05
2.27025063567018e-05
2.27019909646076e-05
2.27014755959137e-05
2.27009602506186e-05
2.27004449287206e-05
2.26999296302181e-05
2.26994143551096e-05
2.26988991033935e-05
2.26983838750681e-05
2.26978686701319e-05
2.26973534885832e-05
2.26968383304206e-05
2.26963231956423e-05
2.26958080842468e-05
2.26952929962326e-05
2.26947779315979e-05
2.26942628903413e-05
2.26937478724611e-05
2.26932328779558e-05
2.26927179068237e-05
2.26922029590633e-05
2.26916880346729e-05
2.2691173133651e-05
2.2690658255996e-05
2.26901434017063e-05
2.26896285707803e-05
2.26891137632164e-05
2.2688598979013e-05
2.26880842181686e-05
2.26875694806815e-05
2.26870547665502e-05
2.2686540075773e-05
2.26860254083485e-05
2.26855107642749e-05
2.26849961435507e-05
2.26844815461743e-05
2.26839669721441e-05
2.26834524214585e-05
2.2682937894116e-05
2.2682423390115e-05
2.26819089094538e-05
2.26813944521309e-05
2.26808800181447e-05
2.26803656074936e-05
2.2679851220176e-05
2.26793368561903e-05
2.2678822515535e-05
2.26783081982084e-05
2.2677793904209e-05
2.26772796335352e-05
2.26767653861853e-05
2.26762511621579e-05
2.26757369614512e-05
2.26752227840639e-05
2.26747086299941e-05
2.26741944992404e-05
2.26736803918012e-05
2.26731663076749e-05
2.26726522468598e-05
2.26721382093545e-05
2.26716241951573e-05
2.26711102042667e-05
2.2670596236681e-05
2.26700822923987e-05
2.26695683714182e-05
2.26690544737379e-05
2.26685405993562e-05
2.26680267482716e-05
2.26675129204824e-05
2.2666999115987e-05
2.2666485334784e-05
2.26659715768716e-05
2.26654578422484e-05
2.26649441309127e-05
2.2664430442863e-05
2.26639167780976e-05
2.2663403136615e-05
2.26628895184136e-05
2.26623759234918e-05
2.26618623518481e-05
2.26613488034808e-05
2.26608352783884e-05
2.26603217765692e-05
2.26598082980218e-05
2.26592948427445e-05
2.26587814107357e-05
2.26582680019939e-05
2.26577546165175e-05
2.26572412543049e-05
2.26567279153545e-05
2.26562145996647e-05
2.2655701307234e-05
2.26551880380607e-05
2.26546747921434e-05
2.26541615694803e-05
2.265364837007e-05
2.26531351939108e-05
2.26526220410012e-05
2.26521089113396e-05
2.26515958049245e-05
2.26510827217541e-05
2.2650569661827e-05
2.26500566251416e-05
2.26495436116962e-05
2.26490306214894e-05
2.26485176545195e-05
2.2648004710785e-05
2.26474917902842e-05
2.26469788930157e-05
2.26464660189777e-05
2.26459531681688e-05
2.26454403405874e-05
2.26449275362319e-05
2.26444147551007e-05
2.26439019971922e-05
2.26433892625048e-05
2.2642876551037e-05
2.26423638627873e-05
2.26418511977539e-05
2.26413385559354e-05
2.26408259373302e-05
2.26403133419367e-05
2.26398007697532e-05
2.26392882207783e-05
2.26387756950104e-05
2.26382631924479e-05
2.26377507130891e-05
2.26372382569327e-05
2.26367258239768e-05
2.26362134142201e-05
2.26357010276608e-05
2.26351886642975e-05
2.26346763241286e-05
2.26341640071524e-05
2.26336517133674e-05
2.26331394427721e-05
2.26326271953648e-05
2.26321149711441e-05
2.26316027701082e-05
2.26310905922556e-05
2.26305784375849e-05
2.26300663060943e-05
2.26295541977823e-05
2.26290421126474e-05
2.26285300506879e-05
2.26280180119023e-05
2.26275059962891e-05
2.26269940038466e-05
2.26264820345733e-05
2.26259700884675e-05
2.26254581655279e-05
2.26249462657526e-05
2.26244343891403e-05
2.26239225356892e-05
2.26234107053979e-05
2.26228988982648e-05
2.26223871142883e-05
2.26218753534668e-05
2.26213636157988e-05
2.26208519012826e-05
2.26203402099168e-05
2.26198285416997e-05
2.26193168966297e-05
2.26188052747054e-05
2.26182936759251e-05
2.26177821002872e-05
2.26172705477903e-05
2.26167590184327e-05
2.26162475122128e-05
2.26157360291291e-05
2.261522456918e-05
2.26147131323639e-05
2.26142017186793e-05
2.26136903281246e-05
2.26131789606983e-05
2.26126676163987e-05
2.26121562952243e-05
2.26116449971735e-05
2.26111337222448e-05
2.26106224704366e-05
2.26101112417473e-05
2.26096000361754e-05
2.26090888537192e-05
2.26085776943772e-05
2.26080665581479e-05
2.26075554450297e-05
2.2607044355021e-05
2.26065332881203e-05
2.26060222443259e-05
2.26055112236363e-05
2.260500022605e-05
2.26044892515654e-05
2.26039783001808e-05
2.26034673718948e-05
2.26029564667058e-05
2.26024455846123e-05
2.26019347256125e-05
2.26014238897051e-05
2.26009130768883e-05
2.26004022871607e-05
2.25998915205207e-05
2.25993807769667e-05
2.25988700564972e-05
2.25983593591105e-05
2.25978486848052e-05
2.25973380335796e-05
2.25968274054323e-05
2.25963168003615e-05
2.25958062183659e-05
2.25952956594437e-05
2.25947851235935e-05
2.25942746108136e-05
2.25937641211026e-05
2.25932536544588e-05
2.25927432108807e-05
2.25922327903667e-05
2.25917223929152e-05
2.25912120185248e-05
2.25907016671938e-05
2.25901913389206e-05
2.25896810337038e-05
2.25891707515417e-05
2.25886604924328e-05
2.25881502563755e-05
2.25876400433683e-05
2.25871298534095e-05
2.25866196864977e-05
2.25861095426313e-05
2.25855994218087e-05
2.25850893240283e-05
2.25845792492886e-05
2.2584069197588e-05
2.2583559168925e-05
2.2583049163298e-05
2.25825391807055e-05
2.25820292211458e-05
2.25815192846175e-05
2.25810093711189e-05
2.25804994806485e-05
2.25799896132048e-05
2.25794797687861e-05
2.2578969947391e-05
2.25784601490178e-05
2.25779503736651e-05
2.25774406213312e-05
2.25769308920145e-05
2.25764211857136e-05
2.25759115024269e-05
2.25754018421528e-05
2.25748922048897e-05
2.25743825906361e-05
2.25738729993905e-05
2.25733634311512e-05
2.25728538859168e-05
2.25723443636856e-05
2.25718348644561e-05
2.25713253882268e-05
2.25708159349961e-05
2.25703065047623e-05
2.25697970975241e-05
2.25692877132798e-05
2.25687783520278e-05
2.25682690137666e-05
2.25677596984947e-05
2.25672504062105e-05
2.25667411369124e-05
2.25662318905989e-05
2.25657226672684e-05
2.25652134669194e-05
2.25647042895503e-05
2.25641951351595e-05
2.25636860037456e-05
2.25631768953069e-05
2.25626678098418e-05
2.25621587473489e-05
2.25616497078266e-05
2.25611406912734e-05
2.25606316976875e-05
2.25601227270676e-05
2.25596137794121e-05
2.25591048547194e-05
2.25585959529879e-05
2.25580870742161e-05
2.25575782184025e-05
2.25570693855454e-05
2.25565605756434e-05
2.25560517886949e-05
2.25555430246983e-05
2.25550342836521e-05
2.25545255655547e-05
2.25540168704046e-05
2.25535081982002e-05
2.255299954894e-05
2.25524909226224e-05
2.25519823192459e-05
2.25514737388088e-05
2.25509651813098e-05
2.25504566467471e-05
2.25499481351193e-05
2.25494396464248e-05
2.2548931180662e-05
2.25484227378295e-05
2.25479143179256e-05
2.25474059209488e-05
2.25468975468975e-05
2.25463891957703e-05
2.25458808675655e-05
2.25453725622816e-05
2.2544864279917e-05
2.25443560204703e-05
2.25438477839398e-05
2.25433395703239e-05
2.25428313796213e-05
2.25423232118302e-05
2.25418150669492e-05
2.25413069449767e-05
2.25407988459111e-05
2.25402907697509e-05
2.25397827164946e-05
2.25392746861406e-05
2.25387666786873e-05
2.25382586941333e-05
2.25377507324769e-05
2.25372427937166e-05
2.25367348778509e-05
2.25362269848782e-05
2.2535719114797e-05
2.25352112676056e-05
2.25347034433027e-05
2.25341956418866e-05
2.25336878633557e-05
2.25331801077086e-05
2.25326723749437e-05
2.25321646650594e-05
2.25316569780542e-05
2.25311493139265e-05
2.25306416726748e-05
2.25301340542976e-05
2.25296264587933e-05
2.25291188861604e-05
2.25286113363972e-05
2.25281038095024e-05
2.25275963054742e-05
2.25270888243112e-05
2.25265813660119e-05
2.25260739305746e-05
2.25255665179979e-05
2.25250591282802e-05
2.25245517614199e-05
2.25240444174156e-05
2.25235370962656e-05
2.25230297979684e-05
2.25225225225225e-05
2.25220152699264e-05
2.25215080401784e-05
2.2521000833277e-05
2.25204936492208e-05
2.25199864880081e-05
2.25194793496374e-05
2.25189722341072e-05
2.2518465141416e-05
2.25179580715621e-05
2.2517451024544e-05
2.25169440003603e-05
2.25164369990093e-05
2.25159300204895e-05
2.25154230647994e-05
2.25149161319374e-05
2.2514409221902e-05
2.25139023346917e-05
2.25133954703048e-05
2.251288862874e-05
2.25123818099955e-05
2.25118750140699e-05
2.25113682409617e-05
2.25108614906692e-05
2.25103547631911e-05
2.25098480585256e-05
2.25093413766713e-05
2.25088347176267e-05
2.25083280813901e-05
2.25078214679601e-05
2.25073148773351e-05
2.25068083095136e-05
2.25063017644941e-05
2.25057952422749e-05
2.25052887428546e-05
2.25047822662316e-05
2.25042758124044e-05
2.25037693813714e-05
2.25032629731311e-05
2.2502756587682e-05
2.25022502250225e-05
2.25017438851511e-05
2.25012375680662e-05
2.25007312737664e-05
2.250022500225e-05
2.24997187535156e-05
2.24992125275615e-05
2.24987063243863e-05
2.24982001439885e-05
2.24976939863664e-05
2.24971878515186e-05
2.24966817394434e-05
2.24961756501395e-05
2.24956695836052e-05
2.24951635398389e-05
2.24946575188393e-05
2.24941515206046e-05
2.24936455451335e-05
2.24931395924243e-05
2.24926336624755e-05
2.24921277552857e-05
2.24916218708531e-05
2.24911160091764e-05
2.24906101702539e-05
2.24901043540842e-05
2.24895985606657e-05
2.24890927899969e-05
2.24885870420761e-05
2.2488081316902e-05
2.2487575614473e-05
2.24870699347875e-05
2.2486564277844e-05
2.24860586436409e-05
2.24855530321768e-05
2.24850474434501e-05
2.24845418774592e-05
2.24840363342027e-05
2.2483530813679e-05
2.24830253158865e-05
2.24825198408238e-05
2.24820143884892e-05
2.24815089588813e-05
2.24810035519986e-05
2.24804981678394e-05
2.24799928064023e-05
2.24794874676857e-05
2.24789821516882e-05
2.24784768584081e-05
2.24779715878439e-05
2.24774663399942e-05
2.24769611148573e-05
2.24764559124317e-05
2.2475950732716e-05
2.24754455757085e-05
2.24749404414078e-05
2.24744353298123e-05
2.24739302409205e-05
2.24734251747309e-05
2.24729201312419e-05
2.24724151104519e-05
2.24719101123596e-05
2.24714051369632e-05
2.24709001842614e-05
2.24703952542525e-05
2.24698903469351e-05
2.24693854623076e-05
2.24688806003685e-05
2.24683757611162e-05
2.24678709445493e-05
2.24673661506662e-05
2.24668613794653e-05
2.24663566309452e-05
2.24658519051042e-05
2.2465347201941e-05
2.24648425214539e-05
2.24643378636415e-05
2.24638332285021e-05
2.24633286160343e-05
2.24628240262366e-05
2.24623194591073e-05
2.24618149146451e-05
2.24613103928483e-05
2.24608058937155e-05
2.2460301417245e-05
2.24597969634355e-05
2.24592925322852e-05
2.24587881237928e-05
2.24582837379567e-05
2.24577793747754e-05
2.24572750342473e-05
2.2456770716371e-05
2.24562664211448e-05
2.24557621485673e-05
2.2455257898637e-05
2.24547536713522e-05
2.24542494667116e-05
2.24537452847135e-05
2.24532411253564e-05
2.24527369886389e-05
2.24522328745594e-05
2.24517287831163e-05
2.24512247143082e-05
2.24507206681334e-05
2.24502166445906e-05
2.24497126436782e-05
2.24492086653945e-05
2.24487047097382e-05
2.24482007767077e-05
2.24476968663015e-05
2.2447192978518e-05
2.24466891133558e-05
2.24461852708132e-05
2.24456814508889e-05
2.24451776535811e-05
2.24446738788885e-05
2.24441701268096e-05
2.24436663973427e-05
2.24431626904863e-05
2.24426590062391e-05
2.24421553445993e-05
2.24416517055655e-05
2.24411480891362e-05
2.24406444953099e-05
2.2440140924085e-05
2.243963737546e-05
2.24391338494334e-05
2.24386303460037e-05
2.24381268651693e-05
2.24376234069287e-05
2.24371199712805e-05
2.2436616558223e-05
2.24361131677548e-05
2.24356097998744e-05
2.24351064545801e-05
2.24346031318706e-05
2.24340998317442e-05
2.24335965541996e-05
2.2433093299235e-05
2.24325900668491e-05
2.24320868570403e-05
2.24315836698071e-05
2.24310805051479e-05
2.24305773630613e-05
2.24300742435457e-05
2.24295711465997e-05
2.24290680722216e-05
2.242856502041e-05
2.24280619911633e-05
2.24275589844801e-05
2.24270560003588e-05
2.24265530387979e-05
2.24260500997959e-05
2.24255471833513e-05
2.24250442894625e-05
2.2424541418128e-05
2.24240385693463e-05
2.2423535743116e-05
2.24230329394354e-05
2.24225301583031e-05
2.24220273997175e-05
2.24215246636771e-05
2.24210219501805e-05
2.2420519259226e-05
2.24200165908123e-05
2.24195139449377e-05
2.24190113216007e-05
2.24185087207999e-05
2.24180061425337e-05
2.24175035868006e-05
2.24170010535991e-05
2.24164985429276e-05
2.24159960547847e-05
2.24154935891688e-05
2.24149911460785e-05
2.24144887255122e-05
2.24139863274683e-05
2.24134839519455e-05
2.24129815989421e-05
2.24124792684567e-05
2.24119769604877e-05
2.24114746750336e-05
2.2410972412093e-05
2.24104701716642e-05
2.24099679537458e-05
2.24094657583363e-05
2.24089635854342e-05
2.24084614350379e-05
2.24079593071459e-05
2.24074572017567e-05
2.24069551188689e-05
2.24064530584808e-05
2.24059510205911e-05
2.24054490051981e-05
2.24049470123003e-05
2.24044450418963e-05
2.24039430939845e-05
2.24034411685635e-05
2.24029392656317e-05
2.24024373851875e-05
2.24019355272296e-05
2.24014336917563e-05
2.24009318787662e-05
2.24004300882577e-05
2.23999283202294e-05
2.23994265746797e-05
2.23989248516071e-05
2.23984231510102e-05
2.23979214728873e-05
2.23974198172371e-05
2.23969181840579e-05
2.23964165733483e-05
2.23959149851067e-05
2.23954134193317e-05
2.23949118760218e-05
2.23944103551753e-05
2.2393908856791e-05
2.23934073808671e-05
2.23929059274022e-05
2.23924044963948e-05
2.23919030878434e-05
2.23914017017465e-05
2.23909003381026e-05
2.23903989969101e-05
2.23898976781676e-05
2.23893963818735e-05
2.23888951080264e-05
2.23883938566247e-05
2.2387892627667e-05
2.23873914211516e-05
2.23868902370772e-05
2.23863890754421e-05
2.2385887936245e-05
2.23853868194842e-05
2.23848857251584e-05
2.23843846532659e-05
2.23838836038053e-05
2.2383382576775e-05
2.23828815721736e-05
2.23823805899996e-05
2.23818796302513e-05
2.23813786929275e-05
2.23808777780265e-05
2.23803768855468e-05
2.23798760154869e-05
2.23793751678453e-05
2.23788743426206e-05
2.23783735398111e-05
2.23778727594155e-05
2.23773720014322e-05
2.23768712658596e-05
2.23763705526964e-05
2.23758698619409e-05
2.23753691935917e-05
2.23748685476473e-05
2.23743679241061e-05
2.23738673229668e-05
2.23733667442277e-05
2.23728661878873e-05
2.23723656539442e-05
2.23718651423969e-05
2.23713646532438e-05
2.23708641864835e-05
2.23703637421144e-05
2.23698633201351e-05
2.2369362920544e-05
2.23688625433397e-05
2.23683621885206e-05
2.23678618560852e-05
2.2367361546032e-05
2.23668612583596e-05
2.23663609930664e-05
2.2365860750151e-05
2.23653605296117e-05
2.23648603314472e-05
2.23643601556559e-05
2.23638600022364e-05
2.2363359871187e-05
2.23628597625064e-05
2.2362359676193e-05
2.23618596122454e-05
2.23613595706619e-05
2.23608595514412e-05
2.23603595545816e-05
2.23598595800818e-05
2.23593596279403e-05
2.23588596981554e-05
2.23583597907258e-05
2.23578599056498e-05
2.23573600429261e-05
2.23568602025532e-05
2.23563603845294e-05
2.23558605888534e-05
2.23553608155236e-05
2.23548610645385e-05
2.23543613358966e-05
2.23538616295965e-05
2.23533619456366e-05
2.23528622840155e-05
2.23523626447315e-05
2.23518630277834e-05
2.23513634331694e-05
2.23508638608882e-05
2.23503643109383e-05
2.23498647833181e-05
2.23493652780261e-05
2.23488657950609e-05
2.2348366334421e-05
2.23478668961048e-05
2.23473674801108e-05
2.23468680864377e-05
2.23463687150838e-05
2.23458693660477e-05
2.23453700393279e-05
2.23448707349228e-05
2.2344371452831e-05
2.23438721930511e-05
2.23433729555814e-05
2.23428737404205e-05
2.23423745475669e-05
2.23418753770191e-05
2.23413762287757e-05
2.23408771028351e-05
2.23403779991957e-05
2.23398789178563e-05
2.23393798588151e-05
2.23388808220708e-05
2.23383818076219e-05
2.23378828154667e-05
2.2337383845604e-05
2.23368848980321e-05
2.23363859727496e-05
2.2335887069755e-05
2.23353881890467e-05
2.23348893306234e-05
2.23343904944834e-05
2.23338916806253e-05
2.23333928890477e-05
2.2332894119749e-05
2.23323953727277e-05
2.23318966479823e-05
2.23313979455114e-05
2.23308992653134e-05
2.23304006073869e-05
2.23299019717303e-05
2.23294033583423e-05
2.23289047672212e-05
2.23284061983656e-05
2.2327907651774e-05
2.23274091274449e-05
2.23269106253768e-05
2.23264121455682e-05
2.23259136880177e-05
2.23254152527237e-05
2.23249168396848e-05
2.23244184488994e-05
2.23239200803661e-05
2.23234217340834e-05
2.23229234100498e-05
2.23224251082638e-05
2.23219268287239e-05
2.23214285714286e-05
2.23209303363764e-05
2.23204321235659e-05
2.23199339329956e-05
2.23194357646639e-05
2.23189376185694e-05
2.23184394947105e-05
2.23179413930859e-05
2.2317443313694e-05
2.23169452565333e-05
2.23164472216023e-05
2.23159492088996e-05
2.23154512184236e-05
2.23149532501729e-05
2.2314455304146e-05
2.23139573803414e-05
2.23134594787576e-05
2.23129615993931e-05
2.23124637422464e-05
2.23119659073161e-05
2.23114680946006e-05
2.23109703040985e-05
2.23104725358083e-05
2.23099747897285e-05
2.23094770658576e-05
2.23089793641941e-05
2.23084816847365e-05
2.23079840274834e-05
2.23074863924333e-05
2.23069887795846e-05
2.2306491188936e-05
2.23059936204858e-05
2.23054960742327e-05
2.23049985501751e-05
2.23045010483115e-05
2.23040035686406e-05
2.23035061111607e-05
2.23030086758704e-05
2.23025112627682e-05
2.23020138718526e-05
2.23015165031222e-05
2.23010191565755e-05
2.23005218322109e-05
2.2300024530027e-05
2.22995272500223e-05
2.22990299921953e-05
2.22985327565446e-05
2.22980355430687e-05
2.2297538351766e-05
2.22970411826351e-05
2.22965440356745e-05
2.22960469108827e-05
2.22955498082583e-05
2.22950527277997e-05
2.22945556695055e-05
2.22940586333742e-05
2.22935616194043e-05
2.22930646275944e-05
2.22925676579428e-05
2.22920707104483e-05
2.22915737851092e-05
2.22910768819242e-05
2.22905800008916e-05
2.22900831420101e-05
2.22895863052782e-05
2.22890894906943e-05
2.2288592698257e-05
2.22880959279649e-05
2.22875991798164e-05
2.228710245381e-05
2.22866057499443e-05
2.22861090682178e-05
2.2285612408629e-05
2.22851157711764e-05
2.22846191558586e-05
2.22841225626741e-05
2.22836259916214e-05
2.22831294426989e-05
2.22826329159053e-05
2.22821364112391e-05
2.22816399286988e-05
2.22811434682828e-05
2.22806470299898e-05
2.22801506138182e-05
2.22796542197665e-05
2.22791578478334e-05
2.22786614980172e-05
2.22781651703166e-05
2.227766886473e-05
2.2277172581256e-05
2.22766763198931e-05
2.22761800806398e-05
2.22756838634946e-05
2.22751876684561e-05
2.22746914955228e-05
2.22741953446932e-05
2.22736992159658e-05
2.22732031093392e-05
2.22727070248118e-05
2.22722109623822e-05
2.2271714922049e-05
2.22712189038106e-05
2.22707229076656e-05
2.22702269336125e-05
2.22697309816497e-05
2.2269235051776e-05
2.22687391439897e-05
2.22682432582894e-05
2.22677473946736e-05
2.22672515531408e-05
2.22667557336896e-05
2.22662599363185e-05
2.2265764161026e-05
2.22652684078107e-05
2.2264772676671e-05
2.22642769676055e-05
2.22637812806127e-05
2.22632856156912e-05
2.22627899728394e-05
2.22622943520559e-05
2.22617987533393e-05
2.2261303176688e-05
2.22608076221005e-05
2.22603120895755e-05
2.22598165791114e-05
2.22593210907067e-05
2.22588256243601e-05
2.22583301800699e-05
2.22578347578348e-05
2.22573393576532e-05
2.22568439795237e-05
2.22563486234448e-05
2.22558532894151e-05
2.22553579774331e-05
2.22548626874972e-05
2.22543674196061e-05
2.22538721737582e-05
2.22533769499522e-05
2.22528817481864e-05
2.22523865684595e-05
2.22518914107699e-05
2.22513962751163e-05
2.2250901161497e-05
2.22504060699108e-05
2.2249911000356e-05
2.22494159528312e-05
2.2248920927335e-05
2.22484259238659e-05
2.22479309424224e-05
2.2247435983003e-05
2.22469410456062e-05
2.22464461302307e-05
2.22459512368749e-05
2.22454563655373e-05
2.22449615162166e-05
2.22444666889111e-05
2.22439718836195e-05
2.22434771003403e-05
2.2242982339072e-05
2.22424875998132e-05
2.22419928825623e-05
2.22414981873179e-05
2.22410035140786e-05
2.22405088628428e-05
2.22400142336091e-05
2.22395196263761e-05
2.22390250411422e-05
2.2238530477906e-05
2.22380359366661e-05
2.22375414174209e-05
2.2237046920169e-05
2.22365524449089e-05
2.22360579916392e-05
2.22355635603584e-05
2.22350691510651e-05
2.22345747637576e-05
2.22340803984347e-05
2.22335860550948e-05
2.22330917337365e-05
2.22325974343583e-05
2.22321031569586e-05
2.22316089015362e-05
2.22311146680895e-05
2.22306204566169e-05
2.22301262671172e-05
2.22296320995888e-05
2.22291379540301e-05
2.22286438304399e-05
2.22281497288166e-05
2.22276556491587e-05
2.22271615914648e-05
2.22266675557334e-05
2.2226173541963e-05
2.22256795501522e-05
2.22251855802996e-05
2.22246916324036e-05
2.22241977064628e-05
2.22237038024757e-05
2.22232099204409e-05
2.22227160603569e-05
2.22222222222222e-05
2.22217284060354e-05
2.2221234611795e-05
2.22207408394996e-05
2.22202470891476e-05
2.22197533607377e-05
2.22192596542683e-05
2.2218765969738e-05
2.22182723071454e-05
2.22177786664889e-05
2.22172850477672e-05
2.22167914509786e-05
2.22162978761219e-05
2.22158043231955e-05
2.2215310792198e-05
2.22148172831278e-05
2.22143237959837e-05
2.22138303307639e-05
2.22133368874672e-05
2.22128434660921e-05
2.22123500666371e-05
2.22118566891006e-05
2.22113633334814e-05
2.22108699997779e-05
2.22103766879886e-05
2.22098833981122e-05
2.2209390130147e-05
2.22088968840918e-05
2.22084036599449e-05
2.2207910457705e-05
2.22074172773706e-05
2.22069241189403e-05
2.22064309824125e-05
2.22059378677858e-05
2.22054447750588e-05
2.220495170423e-05
2.2204458655298e-05
2.22039656282612e-05
2.22034726231183e-05
2.22029796398677e-05
2.2202486678508e-05
2.22019937390378e-05
2.22015008214555e-05
2.22010079257598e-05
2.22005150519492e-05
2.22000222000222e-05
2.21995293699774e-05
2.21990365618132e-05
2.21985437755283e-05
2.21980510111212e-05
2.21975582685905e-05
2.21970655479346e-05
2.21965728491521e-05
2.21960801722416e-05
2.21955875172016e-05
2.21950948840306e-05
2.21946022727273e-05
2.21941096832901e-05
2.21936171157175e-05
2.21931245700082e-05
2.21926320461607e-05
2.21921395441735e-05
2.21916470640451e-05
2.21911546057741e-05
2.21906621693591e-05
2.21901697547986e-05
2.21896773620912e-05
2.21891849912353e-05
2.21886926422295e-05
2.21882003150724e-05
2.21877080097626e-05
2.21872157262985e-05
2.21867234646787e-05
2.21862312249018e-05
2.21857390069663e-05
2.21852468108708e-05
2.21847546366137e-05
2.21842624841937e-05
2.21837703536093e-05
2.2183278244859e-05
2.21827861579414e-05
2.21822940928551e-05
2.21818020495985e-05
2.21813100281703e-05
2.21808180285689e-05
2.21803260507929e-05
2.2179834094841e-05
2.21793421607115e-05
2.21788502484031e-05
2.21783583579143e-05
2.21778664892437e-05
2.21773746423898e-05
2.21768828173512e-05
2.21763910141264e-05
2.21758992327139e-05
2.21754074731123e-05
2.21749157353202e-05
2.21744240193361e-05
2.21739323251585e-05
2.21734406527861e-05
2.21729490022173e-05
2.21724573734507e-05
2.21719657664849e-05
2.21714741813183e-05
2.21709826179496e-05
2.21704910763773e-05
2.21699995566e-05
2.21695080586162e-05
2.21690165824244e-05
2.21685251280232e-05
2.21680336954112e-05
2.21675422845869e-05
2.21670508955489e-05
2.21665595282956e-05
2.21660681828257e-05
2.21655768591378e-05
2.21650855572303e-05
2.21645942771018e-05
2.21641030187508e-05
2.2163611782176e-05
2.21631205673759e-05
2.2162629374349e-05
2.21621382030938e-05
2.2161647053609e-05
2.21611559258931e-05
2.21606648199446e-05
2.21601737357621e-05
2.21596826733441e-05
2.21591916326892e-05
2.2158700613796e-05
2.2158209616663e-05
2.21577186412887e-05
2.21572276876717e-05
2.21567367558106e-05
2.21562458457039e-05
2.21557549573502e-05
2.2155264090748e-05
2.21547732458958e-05
2.21542824227923e-05
2.2153791621436e-05
2.21533008418254e-05
2.21528100839591e-05
2.21523193478357e-05
2.21518286334537e-05
2.21513379408116e-05
2.21508472699081e-05
2.21503566207416e-05
2.21498659933107e-05
2.21493753876141e-05
2.21488848036501e-05
2.21483942414175e-05
2.21479037009147e-05
2.21474131821403e-05
2.21469226850929e-05
2.2146432209771e-05
2.21459417561732e-05
2.2145451324298e-05
2.2144960914144e-05
2.21444705257097e-05
2.21439801589938e-05
2.21434898139947e-05
2.2142999490711e-05
2.21425091891413e-05
2.21420189092841e-05
2.21415286511381e-05
2.21410384147016e-05
2.21405481999734e-05
2.2140058006952e-05
2.21395678356358e-05
2.21390776860236e-05
2.21385875581138e-05
2.2138097451905e-05
2.21376073673957e-05
2.21371173045846e-05
2.21366272634701e-05
2.21361372440509e-05
2.21356472463255e-05
2.21351572702924e-05
2.21346673159502e-05
2.21341773832975e-05
2.21336874723329e-05
2.21331975830548e-05
2.21327077154619e-05
2.21322178695527e-05
2.21317280453258e-05
2.21312382427797e-05
2.2130748461913e-05
2.21302587027242e-05
2.2129768965212e-05
2.21292792493748e-05
2.21287895552113e-05
2.212829988272e-05
2.21278102318994e-05
2.21273206027482e-05
2.21268309952649e-05
2.21263414094479e-05
2.2125851845296e-05
2.21253623028077e-05
2.21248727819815e-05
2.2124383282816e-05
2.21238938053097e-05
2.21234043494613e-05
2.21229149152692e-05
2.21224255027321e-05
2.21219361118485e-05
2.2121446742617e-05
2.21209573950361e-05
2.21204680691043e-05
2.21199787648204e-05
2.21194894821828e-05
2.211900022119e-05
2.21185109818407e-05
2.21180217641334e-05
2.21175325680667e-05
2.21170433936391e-05
2.21165542408493e-05
2.21160651096957e-05
2.21155760001769e-05
2.21150869122916e-05
2.21145978460382e-05
2.21141088014153e-05
2.21136197784215e-05
2.21131307770554e-05
2.21126417973155e-05
2.21121528392004e-05
2.21116639027087e-05
2.21111749878389e-05
2.21106860945895e-05
2.21101972229592e-05
2.21097083729466e-05
2.21092195445501e-05
2.21087307377683e-05
2.21082419525999e-05
2.21077531890434e-05
2.21072644470973e-05
2.21067757267603e-05
2.21062870280308e-05
2.21057983509074e-05
2.21053096953888e-05
2.21048210614735e-05
2.210433244916e-05
2.2103843858447e-05
2.21033552893329e-05
2.21028667418164e-05
2.2102378215896e-05
2.21018897115703e-05
2.21014012288379e-05
2.21009127676973e-05
2.21004243281471e-05
2.20999359101859e-05
2.20994475138122e-05
2.20989591390246e-05
2.20984707858216e-05
2.20979824542019e-05
2.20974941441641e-05
2.20970058557066e-05
2.2096517588828e-05
2.2096029343527e-05
2.2095541119802e-05
2.20950529176517e-05
2.20945647370747e-05
2.20940765780694e-05
2.20935884406345e-05
2.20931003247686e-05
2.20926122304701e-05
2.20921241577378e-05
2.20916361065701e-05
2.20911480769656e-05
2.20906600689229e-05
2.20901720824405e-05
2.20896841175171e-05
2.20891961741512e-05
2.20887082523414e-05
2.20882203520862e-05
2.20877324733843e-05
2.20872446162341e-05
2.20867567806343e-05
2.20862689665835e-05
2.20857811740801e-05
2.20852934031229e-05
2.20848056537102e-05
2.20843179258409e-05
2.20838302195133e-05
2.20833425347261e-05
2.20828548714778e-05
2.2082367229767e-05
2.20818796095924e-05
2.20813920109524e-05
2.20809044338456e-05
2.20804168782707e-05
2.20799293442261e-05
2.20794418317105e-05
2.20789543407224e-05
2.20784668712605e-05
2.20779794233232e-05
2.20774919969092e-05
2.2077004592017e-05
2.20765172086452e-05
2.20760298467924e-05
2.20755425064571e-05
2.2075055187638e-05
2.20745678903335e-05
2.20740806145424e-05
2.20735933602631e-05
2.20731061274943e-05
2.20726189162344e-05
2.20721317264821e-05
2.2071644558236e-05
2.20711574114947e-05
2.20706702862566e-05
2.20701831825204e-05
2.20696961002847e-05
2.2069209039548e-05
2.2068722000309e-05
2.20682349825661e-05
2.2067747986318e-05
2.20672610115632e-05
2.20667740583004e-05
2.20662871265281e-05
2.20658002162448e-05
2.20653133274492e-05
2.20648264601399e-05
2.20643396143153e-05
2.20638527899742e-05
2.2063365987115e-05
2.20628792057363e-05
2.20623924458368e-05
2.2061905707415e-05
2.20614189904695e-05
2.20609322949988e-05
2.20604456210015e-05
2.20599589684763e-05
2.20594723374217e-05
2.20589857278362e-05
2.20584991397185e-05
2.20580125730672e-05
2.20575260278807e-05
2.20570395041578e-05
2.20565530018969e-05
2.20560665210966e-05
2.20555800617556e-05
2.20550936238724e-05
2.20546072074456e-05
2.20541208124738e-05
2.20536344389555e-05
2.20531480868894e-05
2.2052661756274e-05
2.20521754471079e-05
2.20516891593896e-05
2.20512028931178e-05
2.20507166482911e-05
2.20502304249079e-05
2.2049744222967e-05
2.20492580424669e-05
2.20487718834061e-05
2.20482857457833e-05
2.2047799629597e-05
2.20473135348458e-05
2.20468274615283e-05
2.20463414096431e-05
2.20458553791887e-05
2.20453693701638e-05
2.20448833825669e-05
2.20443974163966e-05
2.20439114716515e-05
2.20434255483302e-05
2.20429396464312e-05
2.20424537659532e-05
2.20419679068947e-05
2.20414820692543e-05
2.20409962530306e-05
2.20405104582222e-05
2.20400246848276e-05
2.20395389328455e-05
2.20390532022744e-05
2.20385674931129e-05
2.20380818053597e-05
2.20375961390132e-05
2.2037110494072e-05
2.20366248705348e-05
2.20361392684002e-05
2.20356536876666e-05
2.20351681283328e-05
2.20346825903973e-05
2.20341970738586e-05
2.20337115787154e-05
2.20332261049663e-05
2.20327406526098e-05
2.20322552216445e-05
2.2031769812069e-05
2.20312844238819e-05
2.20307990570818e-05
2.20303137116673e-05
2.20298283876369e-05
2.20293430849892e-05
2.20288578037229e-05
2.20283725438365e-05
2.20278873053285e-05
2.20274020881977e-05
2.20269168924426e-05
2.20264317180617e-05
2.20259465650536e-05
2.2025461433417e-05
2.20249763231505e-05
2.20244912342525e-05
2.20240061667217e-05
2.20235211205568e-05
2.20230360957562e-05
2.20225510923185e-05
2.20220661102425e-05
2.20215811495265e-05
2.20210962101693e-05
2.20206112921695e-05
2.20201263955255e-05
2.2019641520236e-05
2.20191566662997e-05
2.2018671833715e-05
2.20181870224806e-05
2.2017702232595e-05
2.20172174640569e-05
2.20167327168648e-05
2.20162479910174e-05
2.20157632865131e-05
2.20152786033507e-05
2.20147939415287e-05
2.20143093010457e-05
2.20138246819002e-05
2.2013340084091e-05
2.20128555076164e-05
2.20123709524753e-05
2.20118864186661e-05
2.20114019061874e-05
2.20109174150379e-05
2.2010432945216e-05
2.20099484967205e-05
2.20094640695499e-05
2.20089796637028e-05
2.20084952791778e-05
2.20080109159734e-05
2.20075265740883e-05
2.20070422535211e-05
2.20065579542704e-05
2.20060736763347e-05
2.20055894197126e-05
2.20051051844028e-05
2.20046209704038e-05
2.20041367777142e-05
2.20036526063327e-05
2.20031684562577e-05
2.2002684327488e-05
2.2002200220022e-05
2.20017161338584e-05
2.20012320689959e-05
2.20007480254329e-05
2.2000264003168e-05
2.19997800022e-05
2.19992960225273e-05
2.19988120641485e-05
2.19983281270623e-05
2.19978442112673e-05
2.1997360316762e-05
2.1996876443545e-05
2.1996392591615e-05
2.19959087609705e-05
2.19954249516101e-05
2.19949411635324e-05
2.1994457396736e-05
2.19939736512196e-05
2.19934899269816e-05
2.19930062240208e-05
2.19925225423356e-05
2.19920388819247e-05
2.19915552427868e-05
2.19910716249203e-05
2.19905880283239e-05
2.19901044529962e-05
2.19896208989357e-05
2.19891373661411e-05
2.1988653854611e-05
2.1988170364344e-05
2.19876868953386e-05
2.19872034475935e-05
2.19867200211073e-05
2.19862366158785e-05
2.19857532319057e-05
2.19852698691876e-05
2.19847865277228e-05
2.19843032075098e-05
2.19838199085473e-05
2.19833366308338e-05
2.1982853374368e-05
2.19823701391484e-05
2.19818869251737e-05
2.19814037324424e-05
2.19809205609531e-05
2.19804374107045e-05
2.19799542816951e-05
2.19794711739236e-05
2.19789880873885e-05
2.19785050220884e-05
2.1978021978022e-05
2.19775389551878e-05
2.19770559535845e-05
2.19765729732106e-05
2.19760900140647e-05
2.19756070761455e-05
2.19751241594515e-05
2.19746412639814e-05
2.19741583897337e-05
2.1973675536707e-05
2.19731927049e-05
2.19727098943113e-05
2.19722271049394e-05
2.19717443367829e-05
2.19712615898405e-05
2.19707788641107e-05
2.19702961595922e-05
2.19698134762836e-05
2.19693308141834e-05
2.19688481732903e-05
2.19683655536028e-05
2.19678829551196e-05
2.19674003778393e-05
2.19669178217604e-05
2.19664352868816e-05
2.19659527732015e-05
2.19654702807187e-05
2.19649878094318e-05
2.19645053593393e-05
2.19640229304399e-05
2.19635405227323e-05
2.19630581362149e-05
2.19625757708864e-05
2.19620934267454e-05
2.19616111037906e-05
2.19611288020204e-05
2.19606465214336e-05
2.19601642620287e-05
2.19596820238043e-05
2.1959199806759e-05
2.19587176108915e-05
2.19582354362003e-05
2.19577532826841e-05
2.19572711503414e-05
2.19567890391709e-05
2.19563069491711e-05
2.19558248803408e-05
2.19553428326783e-05
2.19548608061825e-05
2.19543788008518e-05
2.1953896816685e-05
2.19534148536805e-05
2.1952932911837e-05
2.19524509911532e-05
2.19519690916275e-05
2.19514872132587e-05
2.19510053560453e-05
2.1950523519986e-05
2.19500417050792e-05
2.19495599113238e-05
2.19490781387182e-05
2.1948596387261e-05
2.1948114656951e-05
2.19476329477866e-05
2.19471512597665e-05
2.19466695928893e-05
2.19461879471536e-05
2.1945706322558e-05
2.19452247191011e-05
2.19447431367816e-05
2.1944261575598e-05
2.19437800355489e-05
2.1943298516633e-05
2.19428170188489e-05
2.19423355421951e-05
2.19418540866703e-05
2.19413726522731e-05
2.19408912390021e-05
2.19404098468559e-05
2.19399284758332e-05
2.19394471259324e-05
2.19389657971523e-05
2.19384844894915e-05
2.19380032029485e-05
2.19375219375219e-05
2.19370406932105e-05
2.19365594700127e-05
2.19360782679273e-05
2.19355970869527e-05
2.19351159270877e-05
2.19346347883308e-05
2.19341536706806e-05
2.19336725741358e-05
2.1933191498695e-05
2.19327104443567e-05
2.19322294111196e-05
2.19317483989824e-05
2.19312674079435e-05
2.19307864380017e-05
2.19303054891555e-05
2.19298245614035e-05
2.19293436547444e-05
2.19288627691768e-05
2.19283819046993e-05
2.19279010613104e-05
2.19274202390089e-05
2.19269394377933e-05
2.19264586576622e-05
2.19259778986143e-05
2.19254971606481e-05
2.19250164437623e-05
2.19245357479555e-05
2.19240550732263e-05
2.19235744195734e-05
2.19230937869952e-05
2.19226131754905e-05
2.19221325850579e-05
2.19216520156959e-05
2.19211714674032e-05
2.19206909401784e-05
2.19202104340202e-05
2.1919729948927e-05
2.19192494848976e-05
2.19187690419306e-05
2.19182886200246e-05
2.19178082191781e-05
2.19173278393898e-05
2.19168474806584e-05
2.19163671429824e-05
2.19158868263604e-05
2.19154065307911e-05
2.19149262562731e-05
2.1914446002805e-05
2.19139657703855e-05
2.1913485559013e-05
2.19130053686863e-05
2.1912525199404e-05
2.19120450511646e-05
2.19115649239669e-05
2.19110848178093e-05
2.19106047326906e-05
2.19101246686094e-05
2.19096446255642e-05
2.19091646035537e-05
2.19086846025765e-05
2.19082046226312e-05
2.19077246637164e-05
2.19072447258308e-05
2.1906764808973e-05
2.19062849131416e-05
2.19058050383352e-05
2.19053251845524e-05
2.19048453517918e-05
2.19043655400521e-05
2.19038857493319e-05
2.19034059796298e-05
2.19029262309445e-05
2.19024465032744e-05
2.19019667966183e-05
2.19014871109748e-05
2.19010074463425e-05
2.190052780272e-05
2.1900048180106e-05
2.1899568578499e-05
2.18990889978977e-05
2.18986094383007e-05
2.18981298997066e-05
2.1897650382114e-05
2.18971708855216e-05
2.1896691409928e-05
2.18962119553317e-05
2.18957325217315e-05
2.18952531091259e-05
2.18947737175136e-05
2.18942943468932e-05
2.18938149972633e-05
2.18933356686225e-05
2.18928563609694e-05
2.18923770743027e-05
2.1891897808621e-05
2.18914185639229e-05
2.18909393402071e-05
2.18904601374721e-05
2.18899809557166e-05
2.18895017949391e-05
2.18890226551384e-05
2.18885435363131e-05
2.18880644384617e-05
2.18875853615829e-05
2.18871063056753e-05
2.18866272707376e-05
2.18861482567683e-05
2.18856692637661e-05
2.18851902917296e-05
2.18847113406574e-05
2.18842324105482e-05
2.18837535014006e-05
2.18832746132131e-05
2.18827957459845e-05
2.18823168997133e-05
2.18818380743982e-05
2.18813592700379e-05
2.18808804866308e-05
2.18804017241757e-05
2.18799229826711e-05
2.18794442621157e-05
2.18789655625082e-05
2.18784868838471e-05
2.18780082261311e-05
2.18775295893588e-05
2.18770509735288e-05
2.18765723786397e-05
2.18760938046902e-05
2.1875615251679e-05
2.18751367196045e-05
2.18746582084655e-05
2.18741797182606e-05
2.18737012489883e-05
2.18732228006474e-05
2.18727443732365e-05
2.18722659667542e-05
2.1871787581199e-05
2.18713092165697e-05
2.18708308728649e-05
2.18703525500831e-05
2.18698742482231e-05
2.18693959672834e-05
2.18689177072627e-05
2.18684394681596e-05
2.18679612499727e-05
2.18674830527006e-05
2.18670048763421e-05
2.18665267208957e-05
2.186604858636e-05
2.18655704727336e-05
2.18650923800153e-05
2.18646143082036e-05
2.18641362572972e-05
2.18636582272946e-05
2.18631802181945e-05
2.18627022299956e-05
2.18622242626965e-05
2.18617463162957e-05
2.1861268390792e-05
2.1860790486184e-05
2.18603126024702e-05
2.18598347396494e-05
2.18593568977201e-05
2.18588790766809e-05
2.18584012765306e-05
2.18579234972678e-05
2.1857445738891e-05
2.18569680013988e-05
2.18564902847901e-05
2.18560125890633e-05
2.1855534914217e-05
2.185505726025e-05
2.18545796271609e-05
2.18541020149482e-05
2.18536244236107e-05
2.18531468531469e-05
2.18526693035554e-05
2.1852191774835e-05
2.18517142669842e-05
2.18512367800017e-05
2.18507593138862e-05
2.18502818686361e-05
2.18498044442502e-05
2.18493270407271e-05
2.18488496580655e-05
2.18483722962639e-05
2.18478949553211e-05
2.18474176352355e-05
2.18469403360059e-05
2.1846463057631e-05
2.18459858001092e-05
2.18455085634394e-05
2.184503134762e-05
2.18445541526497e-05
2.18440769785273e-05
2.18435998252512e-05
2.18431226928202e-05
2.18426455812328e-05
2.18421684904877e-05
2.18416914205836e-05
2.18412143715191e-05
2.18407373432927e-05
2.18402603359032e-05
2.18397833493492e-05
2.18393063836293e-05
2.18388294387421e-05
2.18383525146863e-05
2.18378756114605e-05
2.18373987290634e-05
2.18369218674936e-05
2.18364450267496e-05
2.18359682068303e-05
2.18354914077341e-05
2.18350146294598e-05
2.18345378720059e-05
2.18340611353712e-05
2.18335844195542e-05
2.18331077245535e-05
2.18326310503679e-05
2.18321543969959e-05
2.18316777644362e-05
2.18312011526874e-05
2.18307245617482e-05
2.18302479916172e-05
2.1829771442293e-05
2.18292949137743e-05
2.18288184060597e-05
2.18283419191478e-05
2.18278654530373e-05
2.18273890077269e-05
2.18269125832151e-05
2.18264361795006e-05
2.18259597965821e-05
2.18254834344581e-05
2.18250070931273e-05
2.18245307725884e-05
2.182405447284e-05
2.18235781938807e-05
2.18231019357091e-05
2.1822625698324e-05
2.1822149481724e-05
2.18216732859076e-05
2.18211971108735e-05
2.18207209566204e-05
2.18202448231469e-05
2.18197687104517e-05
2.18192926185333e-05
2.18188165473905e-05
2.18183404970218e-05
2.18178644674259e-05
2.18173884586015e-05
2.18169124705472e-05
2.18164365032616e-05
2.18159605567433e-05
2.18154846309911e-05
2.18150087260035e-05
2.18145328417792e-05
2.18140569783168e-05
2.1813581135615e-05
2.18131053136725e-05
2.18126295124877e-05
2.18121537320595e-05
2.18116779723864e-05
2.18112022334671e-05
2.18107265153002e-05
2.18102508178844e-05
2.18097751412183e-05
2.18092994853005e-05
2.18088238501298e-05
2.18083482357046e-05
2.18078726420238e-05
2.18073970690858e-05
2.18069215168895e-05
2.18064459854333e-05
2.1805970474716e-05
2.18054949847362e-05
2.18050195154925e-05
2.18045440669836e-05
2.18040686392081e-05
2.18035932321647e-05
2.1803117845852e-05
2.18026424802686e-05
2.18021671354133e-05
2.18016918112846e-05
2.18012165078811e-05
2.18007412252017e-05
2.18002659632448e-05
2.17997907220091e-05
2.17993155014933e-05
2.17988403016959e-05
2.17983651226158e-05
2.17978899642515e-05
2.17974148266016e-05
2.17969397096648e-05
2.17964646134397e-05
2.1795989537925e-05
2.17955144831194e-05
2.17950394490214e-05
2.17945644356298e-05
2.17940894429431e-05
2.179361447096e-05
2.17931395196792e-05
2.17926645890993e-05
2.1792189679219e-05
2.17917147900368e-05
2.17912399215515e-05
2.17907650737617e-05
2.17902902466661e-05
2.17898154402632e-05
2.17893406545518e-05
2.17888658895304e-05
2.17883911451978e-05
2.17879164215526e-05
2.17874417185934e-05
2.17869670363189e-05
2.17864923747277e-05
2.17860177338184e-05
2.17855431135898e-05
2.17850685140405e-05
2.1784593935169e-05
2.17841193769742e-05
2.17836448394545e-05
2.17831703226088e-05
2.17826958264355e-05
2.17822213509334e-05
2.17817468961011e-05
2.17812724619372e-05
2.17807980484405e-05
2.17803236556095e-05
2.1779849283443e-05
2.17793749319395e-05
2.17789006010977e-05
2.17784262909162e-05
2.17779520013938e-05
2.1777477732529e-05
2.17770034843206e-05
2.17765292567671e-05
2.17760550498672e-05
2.17755808636195e-05
2.17751066980228e-05
2.17746325530757e-05
2.17741584287767e-05
2.17736843251247e-05
2.17732102421181e-05
2.17727361797557e-05
2.17722621380361e-05
2.1771788116958e-05
2.17713141165201e-05
2.17708401367209e-05
2.17703661775591e-05
2.17698922390334e-05
2.17694183211425e-05
2.17689444238849e-05
2.17684705472593e-05
2.17679966912645e-05
2.1767522855899e-05
2.17670490411615e-05
2.17665752470506e-05
2.17661014735651e-05
2.17656277207035e-05
2.17651539884645e-05
2.17646802768467e-05
2.17642065858489e-05
2.17637329154697e-05
2.17632592657076e-05
2.17627856365615e-05
2.17623120280299e-05
2.17618384401114e-05
2.17613648728048e-05
2.17608913261087e-05
2.17604178000218e-05
2.17599442945426e-05
2.17594708096699e-05
2.17589973454023e-05
2.17585239017385e-05
2.17580504786771e-05
2.17575770762168e-05
2.17571036943562e-05
2.1756630333094e-05
2.17561569924289e-05
2.17556836723594e-05
2.17552103728843e-05
2.17547370940022e-05
2.17542638357118e-05
2.17537905980117e-05
2.17533173809006e-05
2.17528441843771e-05
2.17523710084399e-05
2.17518978530877e-05
2.1751424718319e-05
2.17509516041327e-05
2.17504785105272e-05
2.17500054375014e-05
2.17495323850537e-05
2.1749059353183e-05
2.17485863418878e-05
2.17481133511668e-05
2.17476403810187e-05
2.17471674314421e-05
2.17466945024356e-05
2.1746221593998e-05
2.1745748706128e-05
2.1745275838824e-05
2.17448029920849e-05
2.17443301659092e-05
2.17438573602957e-05
2.1743384575243e-05
2.17429118107497e-05
2.17424390668145e-05
2.17419663434361e-05
2.17414936406131e-05
2.17410209583442e-05
2.1740548296628e-05
2.17400756554633e-05
2.17396030348486e-05
2.17391304347826e-05
2.1738657855264e-05
2.17381852962915e-05
2.17377127578636e-05
2.17372402399791e-05
2.17367677426367e-05
2.17362952658349e-05
2.17358228095725e-05
2.1735350373848e-05
2.17348779586603e-05
2.17344055640078e-05
2.17339331898894e-05
2.17334608363036e-05
2.17329885032491e-05
2.17325161907246e-05
2.17320438987287e-05
2.17315716272601e-05
2.17310993763174e-05
2.17306271458994e-05
2.17301549360047e-05
2.17296827466319e-05
2.17292105777797e-05
2.17287384294468e-05
2.17282663016318e-05
2.17277941943334e-05
2.17273221075502e-05
2.1726850041281e-05
2.17263779955244e-05
2.1725905970279e-05
2.17254339655435e-05
2.17249619813165e-05
2.17244900175968e-05
2.1724018074383e-05
2.17235461516738e-05
2.17230742494678e-05
2.17226023677637e-05
2.17221305065601e-05
2.17216586658557e-05
2.17211868456492e-05
2.17207150459393e-05
2.17202432667246e-05
2.17197715080037e-05
2.17192997697754e-05
2.17188280520383e-05
2.17183563547911e-05
2.17178846780324e-05
2.17174130217608e-05
2.17169413859752e-05
2.17164697706741e-05
2.17159981758562e-05
2.17155266015201e-05
2.17150550476645e-05
2.17145835142882e-05
2.17141120013897e-05
2.17136405089677e-05
2.1713169037021e-05
2.1712697585548e-05
2.17122261545476e-05
2.17117547440184e-05
2.17112833539591e-05
2.17108119843682e-05
2.17103406352446e-05
2.17098693065868e-05
2.17093979983935e-05
2.17089267106634e-05
2.17084554433952e-05
2.17079841965875e-05
2.1707512970239e-05
2.17070417643484e-05
2.17065705789142e-05
2.17060994139353e-05
2.17056282694103e-05
2.17051571453377e-05
2.17046860417164e-05
2.17042149585449e-05
2.1703743895822e-05
2.17032728535463e-05
2.17028018317165e-05
2.17023308303312e-05
2.17018598493891e-05
2.17013888888889e-05
2.17009179488292e-05
2.17004470292088e-05
2.16999761300263e-05
2.16995052512803e-05
2.16990343929695e-05
2.16985635550927e-05
2.16980927376484e-05
2.16976219406353e-05
2.16971511640522e-05
2.16966804078976e-05
2.16962096721703e-05
2.16957389568689e-05
2.16952682619921e-05
2.16947975875385e-05
2.16943269335069e-05
2.16938562998959e-05
2.16933856867041e-05
2.16929150939303e-05
2.16924445215731e-05
2.16919739696312e-05
2.16915034381033e-05
2.1691032926988e-05
2.1690562436284e-05
2.16900919659899e-05
2.16896215161045e-05
2.16891510866265e-05
2.16886806775544e-05
2.1688210288887e-05
2.16877399206229e-05
2.16872695727608e-05
2.16867992452994e-05
2.16863289382373e-05
2.16858586515733e-05
2.1685388385306e-05
2.1684918139434e-05
2.16844479139561e-05
2.16839777088709e-05
2.16835075241771e-05
2.16830373598734e-05
2.16825672159584e-05
2.16820970924308e-05
2.16816269892893e-05
2.16811569065325e-05
2.16806868441592e-05
2.1680216802168e-05
2.16797467805576e-05
2.16792767793266e-05
2.16788067984738e-05
2.16783368379978e-05
2.16778668978972e-05
2.16773969781709e-05
2.16769270788173e-05
2.16764571998353e-05
2.16759873412234e-05
2.16755175029804e-05
2.16750476851049e-05
2.16745778875956e-05
2.16741081104513e-05
2.16736383536704e-05
2.16731686172518e-05
2.16726989011942e-05
2.16722292054961e-05
2.16717595301563e-05
2.16712898751734e-05
2.16708202405461e-05
2.16703506262731e-05
2.16698810323531e-05
2.16694114587848e-05
2.16689419055667e-05
2.16684723726977e-05
2.16680028601764e-05
2.16675333680014e-05
2.16670638961714e-05
2.16665944446852e-05
2.16661250135413e-05
2.16656556027385e-05
2.16651862122755e-05
2.16647168421509e-05
2.16642474923634e-05
2.16637781629116e-05
2.16633088537943e-05
2.16628395650102e-05
2.16623702965578e-05
2.1661901048436e-05
2.16614318206433e-05
2.16609626131785e-05
2.16604934260402e-05
2.16600242592272e-05
2.1659555112738e-05
2.16590859865714e-05
2.1658616880726e-05
2.16581477952006e-05
2.16576787299937e-05
2.16572096851042e-05
2.16567406605306e-05
2.16562716562717e-05
2.1655802672326e-05
2.16553337086924e-05
2.16548647653695e-05
2.1654395842356e-05
2.16539269396505e-05
2.16534580572517e-05
2.16529891951584e-05
2.16525203533691e-05
2.16520515318826e-05
2.16515827306976e-05
2.16511139498127e-05
2.16506451892266e-05
2.16501764489381e-05
2.16497077289457e-05
2.16492390292481e-05
2.16487703498441e-05
2.16483016907324e-05
2.16478330519115e-05
2.16473644333802e-05
2.16468958351372e-05
2.16464272571812e-05
2.16459586995108e-05
2.16454901621247e-05
2.16450216450216e-05
2.16445531482003e-05
2.16440846716592e-05
2.16436162153973e-05
2.1643147779413e-05
2.16426793637052e-05
2.16422109682725e-05
2.16417425931136e-05
2.16412742382271e-05
2.16408059036118e-05
2.16403375892664e-05
2.16398692951895e-05
2.16394010213797e-05
2.16389327678359e-05
2.16384645345566e-05
2.16379963215406e-05
2.16375281287866e-05
2.16370599562931e-05
2.1636591804059e-05
2.16361236720829e-05
2.16356555603635e-05
2.16351874688994e-05
2.16347193976894e-05
2.16342513467321e-05
2.16337833160263e-05
2.16333153055706e-05
2.16328473153636e-05
2.16323793454042e-05
2.16319113956909e-05
2.16314434662225e-05
2.16309755569976e-05
2.1630507668015e-05
2.16300397992732e-05
2.16295719507711e-05
2.16291041225072e-05
2.16286363144804e-05
2.16281685266892e-05
2.16277007591323e-05
2.16272330118085e-05
2.16267652847164e-05
2.16262975778547e-05
2.16258298912221e-05
2.16253622248173e-05
2.16248945786389e-05
2.16244269526858e-05
2.16239593469564e-05
2.16234917614496e-05
2.16230241961641e-05
2.16225566510984e-05
2.16220891262514e-05
2.16216216216216e-05
2.16211541372078e-05
2.16206866730087e-05
2.1620219229023e-05
2.16197518052493e-05
2.16192844016863e-05
2.16188170183328e-05
2.16183496551873e-05
2.16178823122487e-05
2.16174149895156e-05
2.16169476869866e-05
2.16164804046605e-05
2.1616013142536e-05
2.16155459006117e-05
2.16150786788864e-05
2.16146114773587e-05
2.16141442960273e-05
2.1613677134891e-05
2.16132099939483e-05
2.1612742873198e-05
2.16122757726389e-05
2.16118086922695e-05
2.16113416320885e-05
2.16108745920947e-05
2.16104075722868e-05
2.16099405726634e-05
2.16094735932233e-05
2.1609006633965e-05
2.16085396948874e-05
2.16080727759891e-05
2.16076058772688e-05
2.16071389987252e-05
2.16066721403569e-05
2.16062053021628e-05
2.16057384841414e-05
2.16052716862915e-05
2.16048049086117e-05
2.16043381511007e-05
2.16038714137573e-05
2.16034046965802e-05
2.16029379995679e-05
2.16024713227193e-05
2.1602004666033e-05
2.16015380295077e-05
2.16010714131421e-05
2.16006048169349e-05
2.16001382408847e-05
2.15996716849904e-05
2.15992051492505e-05
2.15987386336638e-05
2.15982721382289e-05
2.15978056629446e-05
2.15973392078096e-05
2.15968727728225e-05
2.1596406357982e-05
2.15959399632869e-05
2.15954735887358e-05
2.15950072343274e-05
2.15945409000605e-05
2.15940745859336e-05
2.15936082919456e-05
2.15931420180951e-05
2.15926757643807e-05
2.15922095308013e-05
2.15917433173554e-05
2.15912771240419e-05
2.15908109508593e-05
2.15903447978064e-05
2.15898786648819e-05
2.15894125520845e-05
2.15889464594128e-05
2.15884803868656e-05
2.15880143344415e-05
2.15875483021393e-05
2.15870822899577e-05
2.15866162978953e-05
2.15861503259509e-05
2.15856843741231e-05
2.15852184424106e-05
2.15847525308122e-05
2.15842866393266e-05
2.15838207679523e-05
2.15833549166882e-05
2.1582889085533e-05
2.15824232744853e-05
2.15819574835438e-05
2.15814917127072e-05
2.15810259619742e-05
2.15805602313436e-05
2.1580094520814e-05
2.15796288303841e-05
2.15791631600527e-05
2.15786975098183e-05
2.15782318796798e-05
2.15777662696358e-05
2.1577300679685e-05
2.15768351098261e-05
2.15763695600578e-05
2.15759040303789e-05
2.15754385207879e-05
2.15749730312837e-05
2.15745075618649e-05
2.15740421125302e-05
2.15735766832783e-05
2.1573111274108e-05
2.15726458850178e-05
2.15721805160066e-05
2.15717151670729e-05
2.15712498382156e-05
2.15707845294333e-05
2.15703192407248e-05
2.15698539720886e-05
2.15693887235236e-05
2.15689234950284e-05
2.15684582866017e-05
2.15679930982422e-05
2.15675279299487e-05
2.15670627817198e-05
2.15665976535542e-05
2.15661325454506e-05
2.15656674574078e-05
2.15652023894244e-05
2.15647373414992e-05
2.15642723136308e-05
2.15638073058179e-05
2.15633423180593e-05
2.15628773503536e-05
2.15624124026996e-05
2.1561947475096e-05
2.15614825675413e-05
2.15610176800345e-05
2.15605528125741e-05
2.15600879651589e-05
2.15596231377875e-05
2.15591583304588e-05
2.15586935431713e-05
2.15582287759238e-05
2.15577640287149e-05
2.15572993015435e-05
2.15568345944082e-05
2.15563699073076e-05
2.15559052402406e-05
2.15554405932057e-05
2.15549759662018e-05
2.15545113592275e-05
2.15540467722815e-05
2.15535822053625e-05
2.15531176584693e-05
2.15526531316005e-05
2.15521886247548e-05
2.1551724137931e-05
2.15512596711278e-05
2.15507952243438e-05
2.15503307975777e-05
2.15498663908284e-05
2.15494020040944e-05
2.15489376373745e-05
2.15484732906674e-05
2.15480089639717e-05
2.15475446572863e-05
2.15470803706098e-05
2.15466161039409e-05
2.15461518572783e-05
2.15456876306207e-05
2.15452234239669e-05
2.15447592373155e-05
2.15442950706653e-05
2.15438309240149e-05
2.15433667973631e-05
2.15429026907085e-05
2.154243860405e-05
2.15419745373861e-05
2.15415104907156e-05
2.15410464640372e-05
2.15405824573496e-05
2.15401184706516e-05
2.15396545039418e-05
2.15391905572189e-05
2.15387266304816e-05
2.15382627237287e-05
2.15377988369589e-05
2.15373349701708e-05
2.15368711233632e-05
2.15364072965348e-05
2.15359434896843e-05
2.15354797028104e-05
2.15350159359118e-05
2.15345521889872e-05
2.15340884620354e-05
2.1533624755055e-05
2.15331610680448e-05
2.15326974010034e-05
2.15322337539296e-05
2.15317701268221e-05
2.15313065196796e-05
2.15308429325008e-05
2.15303793652844e-05
2.15299158180292e-05
2.15294522907337e-05
2.15289887833968e-05
2.15285252960172e-05
2.15280618285936e-05
2.15275983811246e-05
2.1527134953609e-05
2.15266715460456e-05
2.15262081584329e-05
2.15257447907698e-05
2.15252814430549e-05
2.15248181152869e-05
2.15243548074646e-05
2.15238915195867e-05
2.15234282516519e-05
2.15229650036589e-05
2.15225017756064e-05
2.15220385674931e-05
2.15215753793178e-05
2.15211122110791e-05
2.15206490627757e-05
2.15201859344065e-05
2.151972282597e-05
2.1519259737465e-05
2.15187966688903e-05
2.15183336202444e-05
2.15178705915263e-05
2.15174075827344e-05
2.15169445938677e-05
2.15164816249247e-05
2.15160186759042e-05
2.15155557468049e-05
2.15150928376256e-05
2.15146299483649e-05
2.15141670790215e-05
2.15137042295943e-05
2.15132414000818e-05
2.15127785904827e-05
2.1512315800796e-05
2.15118530310201e-05
2.15113902811539e-05
2.1510927551196e-05
2.15104648411452e-05
2.15100021510002e-05
2.15095394807597e-05
2.15090768304224e-05
2.15086141999871e-05
2.15081515894524e-05
2.15076889988171e-05
2.15072264280798e-05
2.15067638772394e-05
2.15063013462945e-05
2.15058388352438e-05
2.1505376344086e-05
2.15049138728199e-05
2.15044514214442e-05
2.15039889899576e-05
2.15035265783588e-05
2.15030641866466e-05
2.15026018148196e-05
2.15021394628766e-05
2.15016771308162e-05
2.15012148186373e-05
2.15007525263384e-05
2.15002902539184e-05
2.1499828001376e-05
2.14993657687098e-05
2.14989035559186e-05
2.14984413630012e-05
2.14979791899561e-05
2.14975170367823e-05
2.14970549034782e-05
2.14965927900428e-05
2.14961306964746e-05
2.14956686227725e-05
2.14952065689351e-05
2.14947445349612e-05
2.14942825208495e-05
2.14938205265986e-05
2.14933585522074e-05
2.14928965976745e-05
2.14924346629986e-05
2.14919727481786e-05
2.1491510853213e-05
2.14910489781006e-05
2.14905871228402e-05
2.14901252874304e-05
2.148966347187e-05
2.14892016761577e-05
2.14887399002922e-05
2.14882781442723e-05
2.14878164080966e-05
2.14873546917639e-05
2.14868929952729e-05
2.14864313186223e-05
2.14859696618108e-05
2.14855080248372e-05
2.14850464077002e-05
2.14845848103985e-05
2.14841232329309e-05
2.14836616752959e-05
2.14832001374925e-05
2.14827386195192e-05
2.14822771213749e-05
2.14818156430581e-05
2.14813541845678e-05
2.14808927459025e-05
2.1480431327061e-05
2.14799699280421e-05
2.14795085488444e-05
2.14790471894667e-05
2.14785858499076e-05
2.1478124530166e-05
2.14776632302406e-05
2.14772019501299e-05
2.14767406898329e-05
2.14762794493482e-05
2.14758182286745e-05
2.14753570278106e-05
2.14748958467551e-05
2.14744346855069e-05
2.14739735440646e-05
2.14735124224269e-05
2.14730513205927e-05
2.14725902385605e-05
2.14721291763291e-05
2.14716681338973e-05
2.14712071112638e-05
2.14707461084273e-05
2.14702851253865e-05
2.14698241621401e-05
2.14693632186869e-05
2.14689022950257e-05
2.1468441391155e-05
2.14679805070737e-05
2.14675196427805e-05
2.1467058798274e-05
2.14665979735532e-05
2.14661371686165e-05
2.14656763834628e-05
2.14652156180909e-05
2.14647548724994e-05
2.1464294146687e-05
2.14638334406525e-05
2.14633727543946e-05
2.14629120879121e-05
2.14624514412036e-05
2.14619908142679e-05
2.14615302071038e-05
2.14610696197098e-05
2.14606090520849e-05
2.14601485042277e-05
2.14596879761368e-05
2.14592274678112e-05
2.14587669792494e-05
2.14583065104502e-05
2.14578460614124e-05
2.14573856321346e-05
2.14569252226156e-05
2.14564648328541e-05
2.14560044628489e-05
2.14555441125987e-05
2.14550837821022e-05
2.14546234713581e-05
2.14541631803652e-05
2.14537029091221e-05
2.14532426576277e-05
2.14527824258806e-05
2.14523222138797e-05
2.14518620216235e-05
2.14514018491108e-05
2.14509416963405e-05
2.14504815633111e-05
2.14500214500214e-05
2.14495613564703e-05
2.14491012826563e-05
2.14486412285782e-05
2.14481811942347e-05
2.14477211796247e-05
2.14472611847467e-05
2.14468012095996e-05
2.1446341254182e-05
2.14458813184928e-05
2.14454214025306e-05
2.14449615062941e-05
2.14445016297821e-05
2.14440417729934e-05
2.14435819359266e-05
2.14431221185805e-05
2.14426623209538e-05
2.14422025430452e-05
2.14417427848536e-05
2.14412830463775e-05
2.14408233276158e-05
2.14403636285671e-05
2.14399039492303e-05
2.1439444289604e-05
2.1438984649687e-05
2.1438525029478e-05
2.14380654289757e-05
2.14376058481789e-05
2.14371462870863e-05
2.14366867456966e-05
2.14362272240086e-05
2.1435767722021e-05
2.14353082397325e-05
2.14348487771419e-05
2.14343893342479e-05
2.14339299110492e-05
2.14334705075446e-05
2.14330111237328e-05
2.14325517596125e-05
2.14320924151825e-05
2.14316330904415e-05
2.14311737853882e-05
2.14307145000214e-05
2.14302552343398e-05
2.14297959883422e-05
2.14293367620272e-05
2.14288775553937e-05
2.14284183684402e-05
2.14279592011657e-05
2.14275000535687e-05
2.14270409256482e-05
2.14265818174027e-05
2.1426122728831e-05
2.14256636599319e-05
2.1425204610704e-05
2.14247455811462e-05
2.14242865712572e-05
2.14238275810356e-05
2.14233686104803e-05
2.142290965959e-05
2.14224507283633e-05
2.14219918167991e-05
2.14215329248961e-05
2.1421074052653e-05
2.14206152000685e-05
2.14201563671415e-05
2.14196975538705e-05
2.14192387602545e-05
2.1418779986292e-05
2.14183212319818e-05
2.14178624973228e-05
2.14174037823135e-05
2.14169450869528e-05
2.14164864112394e-05
2.1416027755172e-05
2.14155691187493e-05
2.14151105019702e-05
2.14146519048333e-05
2.14141933273374e-05
2.14137347694811e-05
2.14132762312634e-05
2.14128177126828e-05
2.14123592137382e-05
2.14119007344282e-05
2.14114422747516e-05
2.14109838347072e-05
2.14105254142937e-05
2.14100670135098e-05
2.14096086323542e-05
2.14091502708258e-05
2.14086919289231e-05
2.14082336066451e-05
2.14077753039904e-05
2.14073170209578e-05
2.14068587575459e-05
2.14064005137536e-05
2.14059422895796e-05
2.14054840850226e-05
2.14050259000813e-05
2.14045677347546e-05
2.14041095890411e-05
2.14036514629396e-05
2.14031933564488e-05
2.14027352695674e-05
2.14022772022943e-05
2.14018191546281e-05
2.14013611265676e-05
2.14009031181116e-05
2.14004451292587e-05
2.13999871600077e-05
2.13995292103574e-05
2.13990712803064e-05
2.13986133698536e-05
2.13981554789977e-05
2.13976976077374e-05
2.13972397560715e-05
2.13967819239986e-05
2.13963241115176e-05
2.13958663186272e-05
2.13954085453262e-05
2.13949507916132e-05
2.1394493057487e-05
2.13940353429464e-05
2.13935776479901e-05
2.13931199726168e-05
2.13926623168253e-05
2.13922046806144e-05
2.13917470639827e-05
2.13912894669291e-05
2.13908318894522e-05
2.13903743315508e-05
2.13899167932237e-05
2.13894592744695e-05
2.13890017752871e-05
2.13885442956752e-05
2.13880868356326e-05
2.13876293951578e-05
2.13871719742498e-05
2.13867145729073e-05
2.1386257191129e-05
2.13857998289136e-05
2.13853424862599e-05
2.13848851631667e-05
2.13844278596326e-05
2.13839705756565e-05
2.1383513311237e-05
2.1383056066373e-05
2.13825988410631e-05
2.13821416353062e-05
2.13816844491009e-05
2.1381227282446e-05
2.13807701353403e-05
2.13803130077824e-05
2.13798558997712e-05
2.13793988113054e-05
2.13789417423838e-05
2.1378484693005e-05
2.13780276631678e-05
2.1377570652871e-05
2.13771136621133e-05
2.13766566908935e-05
2.13761997392104e-05
2.13757428070625e-05
2.13752858944488e-05
2.1374829001368e-05
2.13743721278187e-05
2.13739152737999e-05
2.13734584393101e-05
2.13730016243481e-05
2.13725448289128e-05
2.13720880530028e-05
2.13716312966169e-05
2.13711745597538e-05
2.13707178424123e-05
2.13702611445912e-05
2.13698044662891e-05
2.13693478075049e-05
2.13688911682373e-05
2.1368434548485e-05
2.13679779482468e-05
2.13675213675214e-05
2.13670648063076e-05
2.13666082646041e-05
2.13661517424097e-05
2.13656952397231e-05
2.13652387565431e-05
2.13647822928684e-05
2.13643258486978e-05
2.13638694240301e-05
2.13634130188639e-05
2.1362956633198e-05
2.13625002670313e-05
2.13620439203623e-05
2.13615875931899e-05
2.13611312855129e-05
2.13606749973299e-05
2.13602187286398e-05
2.13597624794412e-05
2.1359306249733e-05
2.13588500395139e-05
2.13583938487826e-05
2.13579376775379e-05
2.13574815257785e-05
2.13570253935032e-05
2.13565692807107e-05
2.13561131873999e-05
2.13556571135694e-05
2.1355201059218e-05
2.13547450243444e-05
2.13542890089474e-05
2.13538330130258e-05
2.13533770365783e-05
2.13529210796037e-05
2.13524651421007e-05
2.1352009224068e-05
2.13515533255044e-05
2.13510974464087e-05
2.13506415867797e-05
2.1350185746616e-05
2.13497299259164e-05
2.13492741246798e-05
2.13488183429047e-05
2.13483625805901e-05
2.13479068377346e-05
2.13474511143369e-05
2.1346995410396e-05
2.13465397259104e-05
2.1346084060879e-05
2.13456284153005e-05
2.13451727891737e-05
2.13447171824973e-05
2.13442615952701e-05
2.13438060274908e-05
2.13433504791582e-05
2.13428949502711e-05
2.13424394408281e-05
2.13419839508281e-05
2.13415284802698e-05
2.13410730291519e-05
2.13406175974733e-05
2.13401621852326e-05
2.13397067924287e-05
2.13392514190602e-05
2.1338796065126e-05
2.13383407306248e-05
2.13378854155553e-05
2.13374301199164e-05
2.13369748437067e-05
2.1336519586925e-05
2.13360643495701e-05
2.13356091316407e-05
2.13351539331356e-05
2.13346987540536e-05
2.13342435943934e-05
2.13337884541537e-05
2.13333333333333e-05
2.13328782319311e-05
2.13324231499456e-05
2.13319680873757e-05
2.13315130442202e-05
2.13310580204778e-05
2.13306030161473e-05
2.13301480312273e-05
2.13296930657168e-05
2.13292381196144e-05
2.13287831929188e-05
2.1328328285629e-05
2.13278733977435e-05
2.13274185292612e-05
2.13269636801809e-05
2.13265088505012e-05
2.13260540402209e-05
2.13255992493389e-05
2.13251444778538e-05
2.13246897257645e-05
2.13242349930696e-05
2.1323780279768e-05
2.13233255858584e-05
2.13228709113395e-05
2.13224162562102e-05
2.13219616204691e-05
2.13215070041151e-05
2.13210524071468e-05
2.13205978295631e-05
2.13201432713628e-05
2.13196887325445e-05
2.13192342131071e-05
2.13187797130492e-05
2.13183252323697e-05
2.13178707710674e-05
2.13174163291409e-05
2.13169619065891e-05
2.13165075034106e-05
2.13160531196044e-05
2.1315598755169e-05
2.13151444101034e-05
2.13146900844062e-05
2.13142357780762e-05
2.13137814911122e-05
2.13133272235129e-05
2.13128729752771e-05
2.13124187464035e-05
2.1311964536891e-05
2.13115103467383e-05
2.13110561759441e-05
2.13106020245072e-05
2.13101478924264e-05
2.13096937797004e-05
2.1309239686328e-05
2.1308785612308e-05
2.1308331557639e-05
2.130787752232e-05
2.13074235063496e-05
2.13069695097266e-05
2.13065155324498e-05
2.1306061574518e-05
2.13056076359298e-05
2.13051537166841e-05
2.13046998167796e-05
2.13042459362151e-05
2.13037920749893e-05
2.13033382331011e-05
2.13028844105492e-05
2.13024306073323e-05
2.13019768234492e-05
2.13015230588987e-05
2.13010693136795e-05
2.13006155877905e-05
2.13001618812303e-05
2.12997081939977e-05
2.12992545260916e-05
2.12988008775106e-05
2.12983472482535e-05
2.12978936383192e-05
2.12974400477063e-05
2.12969864764136e-05
2.12965329244399e-05
2.1296079391784e-05
2.12956258784446e-05
2.12951723844205e-05
2.12947189097104e-05
2.12942654543132e-05
2.12938120182275e-05
2.12933586014522e-05
2.1292905203986e-05
2.12924518258277e-05
2.12919984669761e-05
2.12915451274299e-05
2.12910918071879e-05
2.12906385062488e-05
2.12901852246115e-05
2.12897319622746e-05
2.1289278719237e-05
2.12888254954974e-05
2.12883722910546e-05
2.12879191059074e-05
2.12874659400545e-05
2.12870127934947e-05
2.12865596662267e-05
2.12861065582494e-05
2.12856534695615e-05
2.12852004001618e-05
2.1284747350049e-05
2.12842943192218e-05
2.12838413076792e-05
2.12833883154198e-05
2.12829353424424e-05
2.12824823887458e-05
2.12820294543288e-05
2.128157653919e-05
2.12811236433284e-05
2.12806707667426e-05
2.12802179094314e-05
2.12797650713936e-05
2.1279312252628e-05
2.12788594531333e-05
2.12784066729083e-05
2.12779539119518e-05
2.12775011702626e-05
2.12770484478393e-05
2.12765957446809e-05
2.12761430607859e-05
2.12756903961534e-05
2.12752377507819e-05
2.12747851246702e-05
2.12743325178173e-05
2.12738799302217e-05
2.12734273618823e-05
2.12729748127978e-05
2.12725222829671e-05
2.12720697723889e-05
2.12716172810619e-05
2.12711648089849e-05
2.12707123561568e-05
2.12702599225763e-05
2.1269807508242e-05
2.1269355113153e-05
2.12689027373078e-05
2.12684503807053e-05
2.12679980433442e-05
2.12675457252233e-05
2.12670934263414e-05
2.12666411466973e-05
2.12661888862897e-05
2.12657366451174e-05
2.12652844231792e-05
2.12648322204738e-05
2.1264380037e-05
2.12639278727567e-05
2.12634757277425e-05
2.12630236019562e-05
2.12625714953967e-05
2.12621194080626e-05
2.12616673399528e-05
2.1261215291066e-05
2.12607632614011e-05
2.12603112509567e-05
2.12598592597317e-05
2.12594072877248e-05
2.12589553349348e-05
2.12585034013605e-05
2.12580514870007e-05
2.12575995918541e-05
2.12571477159195e-05
2.12566958591956e-05
2.12562440216814e-05
2.12557922033754e-05
2.12553404042766e-05
2.12548886243836e-05
2.12544368636953e-05
2.12539851222104e-05
2.12535333999277e-05
2.1253081696846e-05
2.12526300129641e-05
2.12521783482807e-05
2.12517267027946e-05
2.12512750765046e-05
2.12508234694094e-05
2.12503718815079e-05
2.12499203127988e-05
2.12494687632809e-05
2.1249017232953e-05
2.12485657218138e-05
2.12481142298621e-05
2.12476627570967e-05
2.12472113035164e-05
2.124675986912e-05
2.12463084539061e-05
2.12458570578737e-05
2.12454056810215e-05
2.12449543233482e-05
2.12445029848527e-05
2.12440516655336e-05
2.12436003653899e-05
2.12431490844203e-05
2.12426978226235e-05
2.12422465799983e-05
2.12417953565435e-05
2.1241344152258e-05
2.12408929671403e-05
2.12404418011895e-05
2.12399906544041e-05
2.12395395267831e-05
2.12390884183251e-05
2.1238637329029e-05
2.12381862588935e-05
2.12377352079174e-05
2.12372841760996e-05
2.12368331634387e-05
2.12363821699335e-05
2.12359311955829e-05
2.12354802403856e-05
2.12350293043404e-05
2.12345783874461e-05
2.12341274897014e-05
2.12336766111052e-05
2.12332257516562e-05
2.12327749113532e-05
2.12323240901949e-05
2.12318732881802e-05
2.12314225053079e-05
2.12309717415766e-05
2.12305209969853e-05
2.12300702715326e-05
2.12296195652174e-05
2.12291688780384e-05
2.12287182099945e-05
2.12282675610843e-05
2.12278169313068e-05
2.12273663206606e-05
2.12269157291446e-05
2.12264651567574e-05
2.1226014603498e-05
2.12255640693651e-05
2.12251135543575e-05
2.12246630584739e-05
2.12242125817132e-05
2.12237621240741e-05
2.12233116855554e-05
2.12228612661559e-05
2.12224108658744e-05
2.12219604847096e-05
2.12215101226603e-05
2.12210597797254e-05
2.12206094559036e-05
2.12201591511936e-05
2.12197088655944e-05
2.12192585991045e-05
2.1218808351723e-05
2.12183581234484e-05
2.12179079142797e-05
2.12174577242155e-05
2.12170075532547e-05
2.12165574013961e-05
2.12161072686384e-05
2.12156571549804e-05
2.12152070604209e-05
2.12147569849587e-05
2.12143069285926e-05
2.12138568913214e-05
2.12134068731438e-05
2.12129568740587e-05
2.12125068940647e-05
2.12120569331608e-05
2.12116069913457e-05
2.12111570686181e-05
2.12107071649769e-05
2.12102572804208e-05
2.12098074149487e-05
2.12093575685592e-05
2.12089077412513e-05
2.12084579330237e-05
2.12080081438751e-05
2.12075583738044e-05
2.12071086228104e-05
2.12066588908917e-05
2.12062091780473e-05
2.12057594842759e-05
2.12053098095763e-05
2.12048601539473e-05
2.12044105173876e-05
2.12039608998961e-05
2.12035113014715e-05
2.12030617221127e-05
2.12026121618183e-05
2.12021626205873e-05
2.12017130984184e-05
2.12012635953103e-05
2.12008141112619e-05
2.12003646462719e-05
2.11999152003392e-05
2.11994657734625e-05
2.11990163656406e-05
2.11985669768724e-05
2.11981176071565e-05
2.11976682564918e-05
2.11972189248771e-05
2.11967696123111e-05
2.11963203187927e-05
2.11958710443206e-05
2.11954217888936e-05
2.11949725525105e-05
2.11945233351702e-05
2.11940741368713e-05
2.11936249576128e-05
2.11931757973932e-05
2.11927266562116e-05
2.11922775340666e-05
2.1191828430957e-05
2.11913793468817e-05
2.11909302818394e-05
2.11904812358289e-05
2.1190032208849e-05
2.11895832008984e-05
2.11891342119761e-05
2.11886852420807e-05
2.11882362912111e-05
2.11877873593661e-05
2.11873384465443e-05
2.11868895527448e-05
2.11864406779661e-05
2.11859918222072e-05
2.11855429854667e-05
2.11850941677436e-05
2.11846453690365e-05
2.11841965893443e-05
2.11837478286658e-05
2.11832990869998e-05
2.1182850364345e-05
2.11824016607003e-05
2.11819529760644e-05
2.11815043104361e-05
2.11810556638143e-05
2.11806070361977e-05
2.1180158427585e-05
2.11797098379752e-05
2.1179261267367e-05
2.11788127157592e-05
2.11783641831505e-05
2.11779156695398e-05
2.11774671749259e-05
2.11770186993075e-05
2.11765702426835e-05
2.11761218050526e-05
2.11756733864137e-05
2.11752249867655e-05
2.11747766061068e-05
2.11743282444364e-05
2.11738799017532e-05
2.11734315780559e-05
2.11729832733432e-05
2.11725349876141e-05
2.11720867208672e-05
2.11716384731014e-05
2.11711902443155e-05
2.11707420345083e-05
2.11702938436786e-05
2.11698456718251e-05
2.11693975189466e-05
2.1168949385042e-05
2.11685012701101e-05
2.11680531741496e-05
2.11676050971593e-05
2.11671570391381e-05
2.11667090000847e-05
2.11662609799979e-05
2.11658129788765e-05
2.11653649967194e-05
2.11649170335252e-05
2.11644690892929e-05
2.11640211640212e-05
2.11635732577088e-05
2.11631253703547e-05
2.11626775019575e-05
2.11622296525162e-05
2.11617818220294e-05
2.1161334010496e-05
2.11608862179148e-05
2.11604384442846e-05
2.11599906896041e-05
2.11595429538722e-05
2.11590952370877e-05
2.11586475392493e-05
2.11581998603559e-05
2.11577522004062e-05
2.11573045593991e-05
2.11568569373334e-05
2.11564093342078e-05
2.11559617500212e-05
2.11555141847723e-05
2.11550666384599e-05
2.11546191110829e-05
2.115417160264e-05
2.11537241131301e-05
2.11532766425519e-05
2.11528291909043e-05
2.1152381758186e-05
2.11519343443958e-05
2.11514869495326e-05
2.1151039573595e-05
2.11505922165821e-05
2.11501448784924e-05
2.11496975593249e-05
2.11492502590783e-05
2.11488029777515e-05
2.11483557153431e-05
2.11479084718521e-05
2.11474612472773e-05
2.11470140416173e-05
2.11465668548711e-05
2.11461196870374e-05
2.11456725381151e-05
2.11452254081028e-05
2.11447782969996e-05
2.1144331204804e-05
2.1143884131515e-05
2.11434370771313e-05
2.11429900416517e-05
2.11425430250751e-05
2.11420960274002e-05
2.11416490486258e-05
2.11412020887508e-05
2.11407551477739e-05
2.11403082256939e-05
2.11398613225097e-05
2.11394144382201e-05
2.11389675728237e-05
2.11385207263196e-05
2.11380738987064e-05
2.11376270899829e-05
2.1137180300148e-05
2.11367335292004e-05
2.1136286777139e-05
2.11358400439625e-05
2.11353933296699e-05
2.11349466342597e-05
2.1134499957731e-05
2.11340533000824e-05
2.11336066613128e-05
2.1133160041421e-05
2.11327134404057e-05
2.11322668582659e-05
2.11318202950002e-05
2.11313737506075e-05
2.11309272250866e-05
2.11304807184363e-05
2.11300342306555e-05
2.11295877617428e-05
2.11291413116971e-05
2.11286948805172e-05
2.1128248468202e-05
2.11278020747502e-05
2.11273557001606e-05
2.1126909344432e-05
2.11264630075633e-05
2.11260166895532e-05
2.11255703904005e-05
2.11251241101041e-05
2.11246778486628e-05
2.11242316060753e-05
2.11237853823405e-05
2.11233391774572e-05
2.11228929914241e-05
2.11224468242401e-05
2.1122000675904e-05
2.11215545464146e-05
2.11211084357707e-05
2.11206623439711e-05
2.11202162710146e-05
2.11197702169e-05
2.11193241816262e-05
2.11188781651919e-05
2.11184321675959e-05
2.1117986188837e-05
2.11175402289141e-05
2.1117094287826e-05
2.11166483655714e-05
2.11162024621492e-05
2.11157565775582e-05
2.11153107117971e-05
2.11148648648649e-05
2.11144190367602e-05
2.11139732274819e-05
2.11135274370289e-05
2.11130816653999e-05
2.11126359125937e-05
2.11121901786091e-05
2.1111744463445e-05
2.11112987671002e-05
2.11108530895734e-05
2.11104074308634e-05
2.11099617909692e-05
2.11095161698894e-05
2.11090705676229e-05
2.11086249841685e-05
2.11081794195251e-05
2.11077338736913e-05
2.11072883466661e-05
2.11068428384482e-05
2.11063973490365e-05
2.11059518784297e-05
2.11055064266267e-05
2.11050609936263e-05
2.11046155794272e-05
2.11041701840284e-05
2.11037248074285e-05
2.11032794496265e-05
2.11028341106211e-05
2.11023887904111e-05
2.11019434889953e-05
2.11014982063727e-05
2.11010529425418e-05
2.11006076975017e-05
2.1100162471251e-05
2.10997172637887e-05
2.10992720751134e-05
2.10988269052241e-05
2.10983817541195e-05
2.10979366217984e-05
2.10974915082597e-05
2.10970464135021e-05
2.10966013375245e-05
2.10961562803257e-05
2.10957112419045e-05
2.10952662222597e-05
2.10948212213901e-05
2.10943762392946e-05
2.10939312759719e-05
2.10934863314209e-05
2.10930414056403e-05
2.1092596498629e-05
2.10921516103858e-05
2.10917067409095e-05
2.10912618901989e-05
2.10908170582528e-05
2.10903722450701e-05
2.10899274506496e-05
2.108948267499e-05
2.10890379180902e-05
2.1088593179949e-05
2.10881484605652e-05
2.10877037599376e-05
2.1087259078065e-05
2.10868144149463e-05
2.10863697705803e-05
2.10859251449657e-05
2.10854805381015e-05
2.10850359499863e-05
2.1084591380619e-05
2.10841468299985e-05
2.10837022981236e-05
2.10832577849929e-05
2.10828132906055e-05
2.10823688149601e-05
2.10819243580554e-05
2.10814799198904e-05
2.10810355004638e-05
2.10805910997744e-05
2.10801467178212e-05
2.10797023546028e-05
2.1079258010118e-05
2.10788136843658e-05
2.1078369377345e-05
2.10779250890542e-05
2.10774808194925e-05
2.10770365686584e-05
2.1076592336551e-05
2.1076148123169e-05
2.10757039285112e-05
2.10752597525765e-05
2.10748155953635e-05
2.10743714568713e-05
2.10739273370985e-05
2.10734832360441e-05
2.10730391537067e-05
2.10725950900853e-05
2.10721510451787e-05
2.10717070189856e-05
2.10712630115049e-05
2.10708190227354e-05
2.10703750526759e-05
2.10699311013253e-05
2.10694871686823e-05
2.10690432547458e-05
2.10685993595146e-05
2.10681554829875e-05
2.10677116251633e-05
2.10672677860408e-05
2.10668239656189e-05
2.10663801638964e-05
2.10659363808721e-05
2.10654926165448e-05
2.10650488709134e-05
2.10646051439766e-05
2.10641614357332e-05
2.10637177461822e-05
2.10632740753223e-05
2.10628304231523e-05
2.1062386789671e-05
2.10619431748773e-05
2.106149957877e-05
2.10610560013479e-05
2.10606124426098e-05
2.10601689025546e-05
2.1059725381181e-05
2.10592818784879e-05
2.10588383944742e-05
2.10583949291385e-05
2.10579514824798e-05
2.10575080544968e-05
2.10570646451885e-05
2.10566212545535e-05
2.10561778825908e-05
2.10557345292991e-05
2.10552911946772e-05
2.10548478787241e-05
2.10544045814384e-05
2.10539613028191e-05
2.1053518042865e-05
2.10530748015748e-05
2.10526315789474e-05
2.10521883749816e-05
2.10517451896762e-05
2.10513020230301e-05
2.10508588750421e-05
2.1050415745711e-05
2.10499726350356e-05
2.10495295430147e-05
2.10490864696472e-05
2.10486434149319e-05
2.10482003788676e-05
2.10477573614531e-05
2.10473143626873e-05
2.1046871382569e-05
2.10464284210969e-05
2.104598547827e-05
2.1045542554087e-05
2.10450996485468e-05
2.10446567616482e-05
2.104421389339e-05
2.1043771043771e-05
2.10433282127901e-05
2.10428854004461e-05
2.10424426067378e-05
2.1041999831664e-05
2.10415570752236e-05
2.10411143374153e-05
2.10406716182381e-05
2.10402289176906e-05
2.10397862357718e-05
2.10393435724805e-05
2.10389009278155e-05
2.10384583017756e-05
2.10380156943597e-05
2.10375731055665e-05
2.1037130535395e-05
2.10366879838438e-05
2.10362454509119e-05
2.10358029365981e-05
2.10353604409012e-05
2.10349179638199e-05
2.10344755053533e-05
2.10340330655e-05
2.10335906442589e-05
2.10331482416288e-05
2.10327058576086e-05
2.1032263492197e-05
2.1031821145393e-05
2.10313788171953e-05
2.10309365076027e-05
2.10304942166141e-05
2.10300519442283e-05
2.10296096904441e-05
2.10291674552604e-05
2.1028725238676e-05
2.10282830406897e-05
2.10278408613004e-05
2.10273987005068e-05
2.10269565583078e-05
2.10265144347022e-05
2.10260723296888e-05
2.10256302432665e-05
2.10251881754342e-05
2.10247461261905e-05
2.10243040955344e-05
2.10238620834647e-05
2.10234200899802e-05
2.10229781150798e-05
2.10225361587622e-05
2.10220942210263e-05
2.10216523018709e-05
2.10212104012949e-05
2.10207685192971e-05
2.10203266558762e-05
2.10198848110312e-05
2.10194429847609e-05
2.10190011770641e-05
2.10185593879396e-05
2.10181176173862e-05
2.10176758654028e-05
2.10172341319882e-05
2.10167924171413e-05
2.10163507208608e-05
2.10159090431457e-05
2.10154673839946e-05
2.10150257434065e-05
2.10145841213802e-05
2.10141425179146e-05
2.10137009330083e-05
2.10132593666604e-05
2.10128178188695e-05
2.10123762896346e-05
2.10119347789544e-05
2.10114932868279e-05
2.10110518132538e-05
2.10106103582309e-05
2.10101689217581e-05
2.10097275038343e-05
2.10092861044582e-05
2.10088447236286e-05
2.10084033613445e-05
2.10079620176047e-05
2.10075206924079e-05
2.1007079385753e-05
2.10066380976389e-05
2.10061968280643e-05
2.10057555770281e-05
2.10053143445292e-05
2.10048731305663e-05
2.10044319351383e-05
2.10039907582441e-05
2.10035495998824e-05
2.10031084600521e-05
2.1002667338752e-05
2.1002226235981e-05
2.10017851517379e-05
2.10013440860215e-05
2.10009030388307e-05
2.10004620101642e-05
2.1000021000021e-05
2.09995800083998e-05
2.09991390352996e-05
2.0998698080719e-05
2.0998257144657e-05
2.09978162271124e-05
2.0997375328084e-05
2.09969344475707e-05
2.09964935855712e-05
2.09960527420845e-05
2.09956119171093e-05
2.09951711106446e-05
2.0994730322689e-05
2.09942895532415e-05
2.09938488023009e-05
2.09934080698661e-05
2.09929673559358e-05
2.09925266605089e-05
2.09920859835842e-05
2.09916453251606e-05
2.09912046852369e-05
2.09907640638119e-05
2.09903234608845e-05
2.09898828764536e-05
2.09894423105178e-05
2.09890017630761e-05
2.09885612341274e-05
2.09881207236704e-05
2.0987680231704e-05
2.0987239758227e-05
2.09867993032383e-05
2.09863588667366e-05
2.09859184487209e-05
2.098547804919e-05
2.09850376681426e-05
2.09845973055777e-05
2.09841569614941e-05
2.09837166358905e-05
2.0983276328766e-05
2.09828360401192e-05
2.0982395769949e-05
2.09819555182543e-05
2.09815152850339e-05
2.09810750702866e-05
2.09806348740113e-05
2.09801946962068e-05
2.09797545368719e-05
2.09793143960055e-05
2.09788742736065e-05
2.09784341696736e-05
2.09779940842057e-05
2.09775540172016e-05
2.09771139686602e-05
2.09766739385803e-05
2.09762339269608e-05
2.09757939338004e-05
2.09753539590981e-05
2.09749140028526e-05
2.09744740650628e-05
2.09740341457276e-05
2.09735942448457e-05
2.09731543624161e-05
2.09727144984375e-05
2.09722746529089e-05
2.09718348258289e-05
2.09713950171965e-05
2.09709552270106e-05
2.09705154552699e-05
2.09700757019733e-05
2.09696359671196e-05
2.09691962507077e-05
2.09687565527364e-05
2.09683168732046e-05
2.0967877212111e-05
2.09674375694546e-05
2.09669979452342e-05
2.09665583394486e-05
2.09661187520966e-05
2.09656791831771e-05
2.0965239632689e-05
2.0964800100631e-05
2.09643605870021e-05
2.0963921091801e-05
2.09634816150266e-05
2.09630421566778e-05
2.09626027167533e-05
2.09621632952521e-05
2.09617238921729e-05
2.09612845075146e-05
2.09608451412761e-05
2.09604057934562e-05
2.09599664640537e-05
2.09595271530674e-05
2.09590878604963e-05
2.09586485863392e-05
2.09582093305948e-05
2.09577700932621e-05
2.09573308743398e-05
2.09568916738269e-05
2.09564524917222e-05
2.09560133280245e-05
2.09555741827326e-05
2.09551350558454e-05
2.09546959473618e-05
2.09542568572806e-05
2.09538177856005e-05
2.09533787323206e-05
2.09529396974396e-05
2.09525006809563e-05
2.09520616828696e-05
2.09516227031784e-05
2.09511837418814e-05
2.09507447989776e-05
2.09503058744658e-05
2.09498669683447e-05
2.09494280806134e-05
2.09489892112706e-05
2.09485503603151e-05
2.09481115277458e-05
2.09476727135615e-05
2.09472339177612e-05
2.09467951403435e-05
2.09463563813075e-05
2.09459176406518e-05
2.09454789183755e-05
2.09450402144772e-05
2.09446015289559e-05
2.09441628618104e-05
2.09437242130396e-05
2.09432855826422e-05
2.09428469706172e-05
2.09424083769633e-05
2.09419698016795e-05
2.09415312447646e-05
2.09410927062174e-05
2.09406541860368e-05
2.09402156842215e-05
2.09397772007706e-05
2.09393387356827e-05
2.09389002889568e-05
2.09384618605917e-05
2.09380234505863e-05
2.09375850589393e-05
2.09371466856497e-05
2.09367083307162e-05
2.09362699941378e-05
2.09358316759133e-05
2.09353933760415e-05
2.09349550945213e-05
2.09345168313515e-05
2.0934078586531e-05
2.09336403600586e-05
2.09332021519332e-05
2.09327639621536e-05
2.09323257907186e-05
2.09318876376272e-05
2.09314495028781e-05
2.09310113864702e-05
2.09305732884024e-05
2.09301352086734e-05
2.09296971472823e-05
2.09292591042277e-05
2.09288210795086e-05
2.09283830731238e-05
2.09279450850721e-05
2.09275071153524e-05
2.09270691639636e-05
2.09266312309044e-05
2.09261933161739e-05
2.09257554197707e-05
2.09253175416937e-05
2.09248796819418e-05
2.09244418405139e-05
2.09240040174088e-05
2.09235662126253e-05
2.09231284261623e-05
2.09226906580186e-05
2.09222529081932e-05
2.09218151766847e-05
2.09213774634922e-05
2.09209397686144e-05
2.09205020920502e-05
2.09200644337985e-05
2.0919626793858e-05
2.09191891722277e-05
2.09187515689064e-05
2.09183139838929e-05
2.09178764171861e-05
2.09174388687849e-05
2.09170013386881e-05
2.09165638268945e-05
2.09161263334031e-05
2.09156888582125e-05
2.09152514013218e-05
2.09148139627298e-05
2.09143765424353e-05
2.09139391404371e-05
2.09135017567341e-05
2.09130643913253e-05
2.09126270442093e-05
2.09121897153851e-05
2.09117524048515e-05
2.09113151126074e-05
2.09108778386517e-05
2.09104405829831e-05
2.09100033456005e-05
2.09095661265029e-05
2.0909128925689e-05
2.09086917431576e-05
2.09082545789078e-05
2.09078174329382e-05
2.09073803052478e-05
2.09069431958353e-05
2.09065061046998e-05
2.09060690318399e-05
2.09056319772547e-05
2.09051949409428e-05
2.09047579229033e-05
2.09043209231348e-05
2.09038839416364e-05
2.09034469784067e-05
2.09030100334448e-05
2.09025731067494e-05
2.09021361983195e-05
2.09016993081538e-05
2.09012624362511e-05
2.09008255826105e-05
2.09003887472307e-05
2.08999519301106e-05
2.0899515131249e-05
2.08990783506447e-05
2.08986415882968e-05
2.08982048442039e-05
2.0897768118365e-05
2.08973314107788e-05
2.08968947214444e-05
2.08964580503605e-05
2.08960213975259e-05
2.08955847629396e-05
2.08951481466004e-05
2.08947115485071e-05
2.08942749686586e-05
2.08938384070538e-05
2.08934018636914e-05
2.08929653385705e-05
2.08925288316898e-05
2.08920923430482e-05
2.08916558726445e-05
2.08912194204776e-05
2.08907829865463e-05
2.08903465708496e-05
2.08899101733863e-05
2.08894737941551e-05
2.08890374331551e-05
2.0888601090385e-05
2.08881647658437e-05
2.088772845953e-05
2.08872921714429e-05
2.08868559015811e-05
2.08864196499436e-05
2.08859834165292e-05
2.08855472013367e-05
2.0885111004365e-05
2.0884674825613e-05
2.08842386650795e-05
2.08838025227633e-05
2.08833663986635e-05
2.08829302927787e-05
2.08824942051079e-05
2.08820581356498e-05
2.08816220844035e-05
2.08811860513677e-05
2.08807500365413e-05
2.08803140399232e-05
2.08798780615121e-05
2.08794421013071e-05
2.08790061593068e-05
2.08785702355103e-05
2.08781343299163e-05
2.08776984425237e-05
2.08772625733314e-05
2.08768267223382e-05
2.0876390889543e-05
2.08759550749447e-05
2.08755192785421e-05
2.0875083500334e-05
2.08746477403194e-05
2.08742119984971e-05
2.08737762748659e-05
2.08733405694247e-05
2.08729048821725e-05
2.08724692131079e-05
2.087203356223e-05
2.08715979295375e-05
2.08711623150293e-05
2.08707267187043e-05
2.08702911405614e-05
2.08698555805994e-05
2.08694200388171e-05
2.08689845152135e-05
2.08685490097873e-05
2.08681135225376e-05
2.0867678053463e-05
2.08672426025625e-05
2.08668071698349e-05
2.08663717552792e-05
2.08659363588941e-05
2.08655009806785e-05
2.08650656206314e-05
2.08646302787515e-05
2.08641949550377e-05
2.08637596494888e-05
2.08633243621039e-05
2.08628890928816e-05
2.08624538418209e-05
2.08620186089206e-05
2.08615833941796e-05
2.08611481975968e-05
2.0860713019171e-05
2.08602778589011e-05
2.08598427167859e-05
2.08594075928244e-05
2.08589724870153e-05
2.08585373993576e-05
2.085810232985e-05
2.08576672784916e-05
2.08572322452811e-05
2.08567972302173e-05
2.08563622332993e-05
2.08559272545257e-05
2.08554922938956e-05
2.08550573514077e-05
2.0854622427061e-05
2.08541875208542e-05
2.08537526327863e-05
2.08533177628561e-05
2.08528829110625e-05
2.08524480774043e-05
2.08520132618804e-05
2.08515784644898e-05
2.08511436852311e-05
2.08507089241034e-05
2.08502741811055e-05
2.08498394562362e-05
2.08494047494944e-05
2.0848970060879e-05
2.08485353903888e-05
2.08481007380228e-05
2.08476661037797e-05
2.08472314876584e-05
2.08467968896579e-05
2.08463623097769e-05
2.08459277480144e-05
2.08454932043692e-05
2.08450586788402e-05
2.08446241714262e-05
2.08441896821261e-05
2.08437552109388e-05
2.08433207578631e-05
2.0842886322898e-05
2.08424519060422e-05
2.08420175072947e-05
2.08415831266543e-05
2.08411487641199e-05
2.08407144196903e-05
2.08402800933645e-05
2.08398457851412e-05
2.08394114950194e-05
2.08389772229979e-05
2.08385429690756e-05
2.08381087332514e-05
2.08376745155241e-05
2.08372403158926e-05
2.08368061343557e-05
2.08363719709124e-05
2.08359378255615e-05
2.08355036983019e-05
2.08350695891324e-05
2.0834635498052e-05
2.08342014250594e-05
2.08337673701535e-05
2.08333333333333e-05
2.08328993145976e-05
2.08324653139453e-05
2.08320313313751e-05
2.08315973668861e-05
2.0831163420477e-05
2.08307294921468e-05
2.08302955818943e-05
2.08298616897184e-05
2.08294278156179e-05
2.08289939595918e-05
2.08285601216388e-05
2.08281263017579e-05
2.08276924999479e-05
2.08272587162078e-05
2.08268249505363e-05
2.08263912029324e-05
2.08259574733948e-05
2.08255237619226e-05
2.08250900685145e-05
2.08246563931695e-05
2.08242227358864e-05
2.0823789096664e-05
2.08233554755013e-05
2.08229218723971e-05
2.08224882873503e-05
2.08220547203598e-05
2.08216211714244e-05
2.0821187640543e-05
2.08207541277145e-05
2.08203206329377e-05
2.08198871562116e-05
2.0819453697535e-05
2.08190202569067e-05
2.08185868343257e-05
2.08181534297908e-05
2.08177200433009e-05
2.08172866748548e-05
2.08168533244515e-05
2.08164199920898e-05
2.08159866777685e-05
2.08155533814866e-05
2.0815120103243e-05
2.08146868430364e-05
2.08142536008659e-05
2.08138203767301e-05
2.08133871706281e-05
2.08129539825587e-05
2.08125208125208e-05
2.08120876605132e-05
2.08116545265349e-05
2.08112214105846e-05
2.08107883126613e-05
2.08103552327638e-05
2.08099221708911e-05
2.08094891270419e-05
2.08090561012152e-05
2.08086230934099e-05
2.08081901036248e-05
2.08077571318588e-05
2.08073241781107e-05
2.08068912423795e-05
2.0806458324664e-05
2.08060254249631e-05
2.08055925432756e-05
2.08051596796005e-05
2.08047268339367e-05
2.08042940062829e-05
2.08038611966381e-05
2.08034284050011e-05
2.08029956313709e-05
2.08025628757463e-05
2.08021301381261e-05
2.08016974185093e-05
2.08012647168948e-05
2.08008320332813e-05
2.08003993676679e-05
2.07999667200532e-05
2.07995340904364e-05
2.07991014788161e-05
2.07986688851913e-05
2.07982363095609e-05
2.07978037519238e-05
2.07973712122788e-05
2.07969386906247e-05
2.07965061869606e-05
2.07960737012852e-05
2.07956412335974e-05
2.07952087838962e-05
2.07947763521803e-05
2.07943439384487e-05
2.07939115427003e-05
2.07934791649339e-05
2.07930468051484e-05
2.07926144633426e-05
2.07921821395155e-05
2.0791749833666e-05
2.07913175457929e-05
2.0790885275895e-05
2.07904530239714e-05
2.07900207900208e-05
2.07895885740421e-05
2.07891563760343e-05
2.07887241959961e-05
2.07882920339265e-05
2.07878598898243e-05
2.07874277636885e-05
2.07869956555179e-05
2.07865635653114e-05
2.07861314930678e-05
2.07856994387861e-05
2.07852674024651e-05
2.07848353841038e-05
2.07844033837009e-05
2.07839714012554e-05
2.07835394367661e-05
2.07831074902319e-05
2.07826755616518e-05
2.07822436510246e-05
2.07818117583491e-05
2.07813798836243e-05
2.0780948026849e-05
2.07805161880221e-05
2.07800843671425e-05
2.07796525642091e-05
2.07792207792208e-05
2.07787890121764e-05
2.07783572630748e-05
2.07779255319149e-05
2.07774938186956e-05
2.07770621234158e-05
2.07766304460743e-05
2.077619878667e-05
2.07757671452018e-05
2.07753355216687e-05
2.07749039160694e-05
2.07744723284029e-05
2.0774040758668e-05
2.07736092068636e-05
2.07731776729886e-05
2.0772746157042e-05
2.07723146590225e-05
2.0771883178929e-05
2.07714517167605e-05
2.07710202725158e-05
2.07705888461938e-05
2.07701574377934e-05
2.07697260473134e-05
2.07692946747528e-05
2.07688633201105e-05
2.07684319833853e-05
2.0768000664576e-05
2.07675693636817e-05
2.07671380807011e-05
2.07667068156332e-05
2.07662755684768e-05
2.07658443392308e-05
2.07654131278942e-05
2.07649819344657e-05
2.07645507589443e-05
2.07641196013289e-05
2.07636884616183e-05
2.07632573398115e-05
2.07628262359072e-05
2.07623951499045e-05
2.07619640818021e-05
2.07615330315991e-05
2.07611019992941e-05
2.07606709848862e-05
2.07602399883743e-05
2.07598090097571e-05
2.07593780490336e-05
2.07589471062028e-05
2.07585161812634e-05
2.07580852742143e-05
2.07576543850545e-05
2.07572235137828e-05
2.07567926603981e-05
2.07563618248993e-05
2.07559310072853e-05
2.0755500207555e-05
2.07550694257072e-05
2.07546386617409e-05
2.07542079156549e-05
2.07537771874481e-05
2.07533464771194e-05
2.07529157846677e-05
2.07524851100919e-05
2.07520544533909e-05
2.07516238145635e-05
2.07511931936086e-05
2.07507625905252e-05
2.07503320053121e-05
2.07499014379682e-05
2.07494708884923e-05
2.07490403568835e-05
2.07486098431405e-05
2.07481793472623e-05
2.07477488692477e-05
2.07473184090956e-05
2.0746887966805e-05
2.07464575423746e-05
2.07460271358035e-05
2.07455967470904e-05
2.07451663762343e-05
2.07447360232341e-05
2.07443056880886e-05
2.07438753707968e-05
2.07434450713575e-05
2.07430147897695e-05
2.07425845260319e-05
2.07421542801435e-05
2.07417240521032e-05
2.07412938419099e-05
2.07408636495624e-05
2.07404334750596e-05
2.07400033184005e-05
2.0739573179584e-05
2.07391430586088e-05
2.0738712955474e-05
2.07382828701783e-05
2.07378528027208e-05
2.07374227531002e-05
2.07369927213156e-05
2.07365627073656e-05
2.07361327112494e-05
2.07357027329656e-05
2.07352727725133e-05
2.07348428298914e-05
2.07344129050986e-05
2.07339829981339e-05
2.07335531089963e-05
2.07331232376845e-05
2.07326933841975e-05
2.07322635485342e-05
2.07318337306935e-05
2.07314039306742e-05
2.07309741484752e-05
2.07305443840955e-05
2.07301146375339e-05
2.07296849087894e-05
2.07292551978607e-05
2.07288255047469e-05
2.07283958294468e-05
2.07279661719592e-05
2.07275365322831e-05
2.07271069104174e-05
2.0726677306361e-05
2.07262477201128e-05
2.07258181516715e-05
2.07253886010363e-05
2.07249590682058e-05
2.07245295531791e-05
2.07241000559551e-05
2.07236705765325e-05
2.07232411149104e-05
2.07228116710875e-05
2.07223822450629e-05
2.07219528368353e-05
2.07215234464038e-05
2.07210940737671e-05
2.07206647189242e-05
2.07202353818739e-05
2.07198060626153e-05
2.0719376761147e-05
2.07189474774681e-05
2.07185182115775e-05
2.0718088963474e-05
2.07176597331565e-05
2.0717230520624e-05
2.07168013258753e-05
2.07163721489093e-05
2.07159429897249e-05
2.0715513848321e-05
2.07150847246965e-05
2.07146556188503e-05
2.07142265307813e-05
2.07137974604884e-05
2.07133684079705e-05
2.07129393732265e-05
2.07125103562552e-05
2.07120813570556e-05
2.07116523756265e-05
2.07112234119669e-05
2.07107944660757e-05
2.07103655379517e-05
2.07099366275939e-05
2.07095077350011e-05
2.07090788601723e-05
2.07086500031063e-05
2.0708221163802e-05
2.07077923422584e-05
2.07073635384743e-05
2.07069347524486e-05
2.07065059841802e-05
2.07060772336681e-05
2.0705648500911e-05
2.0705219785908e-05
2.07047910886579e-05
2.07043624091596e-05
2.0703933747412e-05
2.0703505103414e-05
2.07030764771645e-05
2.07026478686624e-05
2.07022192779066e-05
2.0701790704896e-05
2.07013621496294e-05
2.07009336121059e-05
2.07005050923243e-05
2.07000765902834e-05
2.06996481059822e-05
2.06992196394196e-05
2.06987911905945e-05
2.06983627595057e-05
2.06979343461523e-05
2.0697505950533e-05
2.06970775726467e-05
2.06966492124925e-05
2.06962208700691e-05
2.06957925453755e-05
2.06953642384106e-05
2.06949359491732e-05
2.06945076776623e-05
2.06940794238768e-05
2.06936511878156e-05
2.06932229694775e-05
2.06927947688615e-05
2.06923665859664e-05
2.06919384207913e-05
2.06915102733348e-05
2.06910821435961e-05
2.06906540315739e-05
2.06902259372672e-05
2.06897978606749e-05
2.06893698017958e-05
2.06889417606289e-05
2.06885137371731e-05
2.06880857314273e-05
2.06876577433903e-05
2.06872297730611e-05
2.06868018204386e-05
2.06863738855216e-05
2.06859459683091e-05
2.06855180688e-05
2.06850901869932e-05
2.06846623228876e-05
2.0684234476482e-05
2.06838066477755e-05
2.06833788367668e-05
2.06829510434549e-05
2.06825232678387e-05
2.06820955099171e-05
2.06816677696889e-05
2.06812400471532e-05
2.06808123423088e-05
2.06803846551546e-05
2.06799569856895e-05
2.06795293339124e-05
2.06791016998222e-05
2.06786740834178e-05
2.06782464846981e-05
2.0677818903662e-05
2.06773913403085e-05
2.06769637946364e-05
2.06765362666446e-05
2.06761087563321e-05
2.06756812636976e-05
2.06752537887403e-05
2.06748263314588e-05
2.06743988918522e-05
2.06739714699194e-05
2.06735440656592e-05
2.06731166790705e-05
2.06726893101524e-05
2.06722619589035e-05
2.0671834625323e-05
2.06714073094096e-05
2.06709800111623e-05
2.067055273058e-05
2.06701254676616e-05
2.0669698222406e-05
2.0669270994812e-05
2.06688437848787e-05
2.06684165926048e-05
2.06679894179894e-05
2.06675622610313e-05
2.06671351217294e-05
2.06667080000827e-05
2.06662808960899e-05
2.06658538097502e-05
2.06654267410622e-05
2.0664999690025e-05
2.06645726566375e-05
2.06641456408985e-05
2.0663718642807e-05
2.06632916623618e-05
2.06628646995619e-05
2.06624377544063e-05
2.06620108268937e-05
2.06615839170231e-05
2.06611570247934e-05
2.06607301502035e-05
2.06603032932523e-05
2.06598764539388e-05
2.06594496322618e-05
2.06590228282202e-05
2.0658596041813e-05
2.0658169273039e-05
2.06577425218972e-05
2.06573157883865e-05
2.06568890725057e-05
2.06564623742538e-05
2.06560356936297e-05
2.06556090306323e-05
2.06551823852605e-05
2.06547557575132e-05
2.06543291473893e-05
2.06539025548877e-05
2.06534759800074e-05
2.06530494227473e-05
2.06526228831062e-05
2.0652196361083e-05
2.06517698566767e-05
2.06513433698862e-05
2.06509169007104e-05
2.06504904491482e-05
2.06500640151984e-05
2.06496375988601e-05
2.06492112001322e-05
2.06487848190134e-05
2.06483584555028e-05
2.06479321095992e-05
2.06475057813016e-05
2.06470794706089e-05
2.06466531775199e-05
2.06462269020337e-05
2.0645800644149e-05
2.06453744038648e-05
2.06449481811801e-05
2.06445219760936e-05
2.06440957886045e-05
2.06436696187114e-05
2.06432434664134e-05
2.06428173317094e-05
2.06423912145983e-05
2.0641965115079e-05
2.06415390331503e-05
2.06411129688113e-05
2.06406869220608e-05
2.06402608928977e-05
2.0639834881321e-05
2.06394088873295e-05
2.06389829109221e-05
2.06385569520979e-05
2.06381310108557e-05
2.06377050871943e-05
2.06372791811128e-05
2.06368532926099e-05
2.06364274216848e-05
2.06360015683361e-05
2.06355757325629e-05
2.06351499143641e-05
2.06347241137386e-05
2.06342983306853e-05
2.0633872565203e-05
2.06334468172908e-05
2.06330210869476e-05
2.06325953741721e-05
2.06321696789634e-05
2.06317440013204e-05
2.0631318341242e-05
2.06308926987271e-05
2.06304670737746e-05
2.06300414663833e-05
2.06296158765524e-05
2.06291903042806e-05
2.06287647495668e-05
2.062833921241e-05
2.06279136928091e-05
2.0627488190763e-05
2.06270627062706e-05
2.06266372393309e-05
2.06262117899427e-05
2.06257863581049e-05
2.06253609438165e-05
2.06249355470764e-05
2.06245101678835e-05
2.06240848062367e-05
2.0623659462135e-05
2.06232341355771e-05
2.06228088265622e-05
2.0622383535089e-05
2.06219582611565e-05
2.06215330047636e-05
2.06211077659092e-05
2.06206825445922e-05
2.06202573408116e-05
2.06198321545663e-05
2.06194069858551e-05
2.0618981834677e-05
2.06185567010309e-05
2.06181315849158e-05
2.06177064863305e-05
2.06172814052739e-05
2.0616856341745e-05
2.06164312957427e-05
2.06160062672659e-05
2.06155812563135e-05
2.06151562628845e-05
2.06147312869777e-05
2.0614306328592e-05
2.06138813877265e-05
2.06134564643799e-05
2.06130315585513e-05
2.06126066702395e-05
2.06121817994435e-05
2.06117569461621e-05
2.06113321103943e-05
2.0610907292139e-05
2.06104824913951e-05
2.06100577081616e-05
2.06096329424373e-05
2.06092081942212e-05
2.06087834635121e-05
2.06083587503091e-05
2.0607934054611e-05
2.06075093764168e-05
2.06070847157253e-05
2.06066600725354e-05
2.06062354468462e-05
2.06058108386565e-05
2.06053862479652e-05
2.06049616747713e-05
2.06045371190736e-05
2.06041125808711e-05
2.06036880601628e-05
2.06032635569474e-05
2.0602839071224e-05
2.06024146029915e-05
2.06019901522487e-05
2.06015657189946e-05
2.06011413032282e-05
2.06007169049483e-05
2.06002925241538e-05
2.05998681608438e-05
2.0599443815017e-05
2.05990194866724e-05
2.0598595175809e-05
2.05981708824256e-05
2.05977466065212e-05
2.05973223480947e-05
2.05968981071451e-05
2.05964738836711e-05
2.05960496776718e-05
2.05956254891461e-05
2.05952013180929e-05
2.05947771645111e-05
2.05943530283996e-05
2.05939289097574e-05
2.05935048085834e-05
2.05930807248764e-05
2.05926566586355e-05
2.05922326098596e-05
2.05918085785475e-05
2.05913845646981e-05
2.05909605683105e-05
2.05905365893835e-05
2.05901126279161e-05
2.05896886839071e-05
2.05892647573555e-05
2.05888408482602e-05
2.05884169566202e-05
2.05879930824343e-05
2.05875692257015e-05
2.05871453864207e-05
2.05867215645908e-05
2.05862977602108e-05
2.05858739732795e-05
2.0585450203796e-05
2.0585026451759e-05
2.05846027171676e-05
2.05841790000206e-05
2.0583755300317e-05
2.05833316180557e-05
2.05829079532356e-05
2.05824843058557e-05
2.05820606759149e-05
2.0581637063412e-05
2.05812134683461e-05
2.0580789890716e-05
2.05803663305207e-05
2.0579942787759e-05
2.057951926243e-05
2.05790957545325e-05
2.05786722640655e-05
2.05782487910279e-05
2.05778253354186e-05
2.05774018972365e-05
2.05769784764805e-05
2.05765550731497e-05
2.05761316872428e-05
2.05757083187589e-05
2.05752849676968e-05
2.05748616340555e-05
2.05744383178339e-05
2.0574015019031e-05
2.05735917376456e-05
2.05731684736766e-05
2.05727452271231e-05
2.05723219979839e-05
2.0571898786258e-05
2.05714755919442e-05
2.05710524150416e-05
2.05706292555489e-05
2.05702061134653e-05
2.05697829887895e-05
2.05693598815205e-05
2.05689367916572e-05
2.05685137191987e-05
2.05680906641436e-05
2.05676676264912e-05
2.05672446062401e-05
2.05668216033894e-05
2.0566398617938e-05
2.05659756498848e-05
2.05655526992288e-05
2.05651297659688e-05
2.05647068501039e-05
2.05642839516328e-05
2.05638610705546e-05
2.05634382068682e-05
2.05630153605725e-05
2.05625925316664e-05
2.05621697201489e-05
2.05617469260188e-05
2.05613241492752e-05
2.05609013899169e-05
2.05604786479429e-05
2.05600559233521e-05
2.05596332161434e-05
2.05592105263158e-05
2.05587878538681e-05
2.05583651987994e-05
2.05579425611085e-05
2.05575199407943e-05
2.05570973378559e-05
2.05566747522921e-05
2.05562521841018e-05
2.0555829633284e-05
2.05554070998376e-05
2.05549845837616e-05
2.05545620850548e-05
2.05541396037162e-05
2.05537171397447e-05
2.05532946931393e-05
2.05528722638989e-05
2.05524498520224e-05
2.05520274575087e-05
2.05516050803568e-05
2.05511827205656e-05
2.0550760378134e-05
2.0550338053061e-05
2.05499157453454e-05
2.05494934549863e-05
2.05490711819826e-05
2.05486489263331e-05
2.05482266880368e-05
2.05478044670927e-05
2.05473822634996e-05
2.05469600772566e-05
2.05465379083624e-05
2.05461157568162e-05
2.05456936226167e-05
2.05452715057629e-05
2.05448494062539e-05
2.05444273240883e-05
2.05440052592653e-05
2.05435832117838e-05
2.05431611816426e-05
2.05427391688408e-05
2.05423171733772e-05
2.05418951952507e-05
2.05414732344604e-05
2.05410512910051e-05
2.05406293648837e-05
2.05402074560953e-05
2.05397855646387e-05
2.05393636905129e-05
2.05389418337167e-05
2.05385199942492e-05
2.05380981721093e-05
2.05376763672958e-05
2.05372545798078e-05
2.05368328096441e-05
2.05364110568037e-05
2.05359893212856e-05
2.05355676030885e-05
2.05351459022116e-05
2.05347242186537e-05
2.05343025524138e-05
2.05338809034908e-05
2.05334592718835e-05
2.05330376575911e-05
2.05326160606123e-05
2.05321944809461e-05
2.05317729185915e-05
2.05313513735474e-05
2.05309298458127e-05
2.05305083353864e-05
2.05300868422673e-05
2.05296653664545e-05
2.05292439079469e-05
2.05288224667433e-05
2.05284010428428e-05
2.05279796362442e-05
2.05275582469465e-05
2.05271368749487e-05
2.05267155202496e-05
2.05262941828482e-05
2.05258728627435e-05
2.05254515599343e-05
2.05250302744197e-05
2.05246090061984e-05
2.05241877552696e-05
2.0523766521632e-05
2.05233453052848e-05
2.05229241062267e-05
2.05225029244567e-05
2.05220817599737e-05
2.05216606127768e-05
2.05212394828648e-05
2.05208183702366e-05
2.05203972748912e-05
2.05199761968276e-05
2.05195551360447e-05
2.05191340925413e-05
2.05187130663165e-05
2.05182920573691e-05
2.05178710656982e-05
2.05174500913027e-05
2.05170291341814e-05
2.05166081943333e-05
2.05161872717574e-05
2.05157663664526e-05
2.05153454784179e-05
2.05149246076521e-05
2.05145037541542e-05
2.05140829179232e-05
2.05136620989579e-05
2.05132412972574e-05
2.05128205128205e-05
2.05123997456462e-05
2.05119789957335e-05
2.05115582630812e-05
2.05111375476884e-05
2.05107168495539e-05
2.05102961686767e-05
2.05098755050557e-05
2.05094548586899e-05
2.05090342295781e-05
2.05086136177194e-05
2.05081930231127e-05
2.05077724457569e-05
2.0507351885651e-05
2.05069313427939e-05
2.05065108171845e-05
2.05060903088217e-05
2.05056698177046e-05
2.0505249343832e-05
2.05048288872029e-05
2.05044084478163e-05
2.0503988025671e-05
2.0503567620766e-05
2.05031472331003e-05
2.05027268626727e-05
2.05023065094823e-05
2.0501886173528e-05
2.05014658548086e-05
2.05010455533232e-05
2.05006252690707e-05
2.050020500205e-05
2.04997847522601e-05
2.04993645196999e-05
2.04989443043683e-05
2.04985241062643e-05
2.04981039253869e-05
2.04976837617349e-05
2.04972636153074e-05
2.04968434861031e-05
2.04964233741212e-05
2.04960032793605e-05
2.049558320182e-05
2.04951631414986e-05
2.04947430983953e-05
2.04943230725089e-05
2.04939030638385e-05
2.0493483072383e-05
2.04930630981413e-05
2.04926431411123e-05
2.04922232012951e-05
2.04918032786885e-05
2.04913833732915e-05
2.04909634851031e-05
2.04905436141221e-05
2.04901237603475e-05
2.04897039237783e-05
2.04892841044134e-05
2.04888643022517e-05
2.04884445172922e-05
2.04880247495339e-05
2.04876049989756e-05
2.04871852656164e-05
2.04867655494551e-05
2.04863458504906e-05
2.04859261687221e-05
2.04855065041483e-05
2.04850868567683e-05
2.04846672265809e-05
2.04842476135852e-05
2.048382801778e-05
2.04834084391643e-05
2.0482988877737e-05
2.04825693334972e-05
2.04821498064437e-05
2.04817302965755e-05
2.04813108038914e-05
2.04808913283906e-05
2.04804718700719e-05
2.04800524289342e-05
2.04796330049766e-05
2.04792135981978e-05
2.0478794208597e-05
2.0478374836173e-05
2.04779554809248e-05
2.04775361428513e-05
2.04771168219515e-05
2.04766975182243e-05
2.04762782316686e-05
2.04758589622835e-05
2.04754397100678e-05
2.04750204750205e-05
2.04746012571405e-05
2.04741820564268e-05
2.04737628728784e-05
2.04733437064941e-05
2.0472924557273e-05
2.04725054252139e-05
2.04720863103159e-05
2.04716672125778e-05
2.04712481319986e-05
2.04708290685773e-05
2.04704100223127e-05
2.0469990993204e-05
2.04695719812499e-05
2.04691529864494e-05
2.04687340088016e-05
2.04683150483052e-05
2.04678961049594e-05
2.04674771787629e-05
2.04670582697149e-05
2.04666393778142e-05
2.04662205030597e-05
2.04658016454505e-05
2.04653828049854e-05
2.04649639816634e-05
2.04645451754835e-05
2.04641263864446e-05
2.04637076145456e-05
2.04632888597855e-05
2.04628701221633e-05
2.04624514016779e-05
2.04620326983283e-05
2.04616140121133e-05
2.04611953430319e-05
2.04607766910832e-05
2.0460358056266e-05
2.04599394385793e-05
2.0459520838022e-05
2.04591022545931e-05
2.04586836882915e-05
2.04582651391162e-05
2.04578466070661e-05
2.04574280921403e-05
2.04570095943375e-05
2.04565911136568e-05
2.04561726500972e-05
2.04557542036575e-05
2.04553357743367e-05
2.04549173621339e-05
2.04544989670478e-05
2.04540805890775e-05
2.0453662228222e-05
2.04532438844801e-05
2.04528255578508e-05
2.04524072483331e-05
2.0451988955926e-05
2.04515706806283e-05
2.0451152422439e-05
2.04507341813571e-05
2.04503159573815e-05
2.04498977505112e-05
2.04494795607452e-05
2.04490613880823e-05
2.04486432325215e-05
2.04482250940618e-05
2.04478069727022e-05
2.04473888684415e-05
2.04469707812788e-05
2.04465527112129e-05
2.04461346582429e-05
2.04457166223676e-05
2.04452986035861e-05
2.04448806018973e-05
2.04444626173001e-05
2.04440446497935e-05
2.04436266993765e-05
2.04432087660479e-05
2.04427908498068e-05
2.04423729506521e-05
2.04419550685828e-05
2.04415372035977e-05
2.04411193556959e-05
2.04407015248763e-05
2.04402837111379e-05
2.04398659144796e-05
2.04394481349004e-05
2.04390303723991e-05
2.04386126269749e-05
2.04381948986266e-05
2.04377771873531e-05
2.04373594931535e-05
2.04369418160266e-05
2.04365241559716e-05
2.04361065129871e-05
2.04356888870724e-05
2.04352712782262e-05
2.04348536864476e-05
2.04344361117355e-05
2.04340185540888e-05
2.04336010135066e-05
2.04331834899877e-05
2.04327659835312e-05
2.04323484941359e-05
2.04319310218009e-05
2.0431513566525e-05
2.04310961283073e-05
2.04306787071467e-05
2.04302613030421e-05
2.04298439159925e-05
2.04294265459969e-05
2.04290091930541e-05
2.04285918571633e-05
2.04281745383233e-05
2.0427757236533e-05
2.04273399517915e-05
2.04269226840976e-05
2.04265054334504e-05
2.04260881998488e-05
2.04256709832918e-05
2.04252537837783e-05
2.04248366013072e-05
2.04244194358775e-05
2.04240022874883e-05
2.04235851561383e-05
2.04231680418266e-05
2.04227509445522e-05
2.0422333864314e-05
2.0421916801111e-05
2.0421499754942e-05
2.04210827258061e-05
2.04206657137023e-05
2.04202487186294e-05
2.04198317405865e-05
2.04194147795724e-05
2.04189978355862e-05
2.04185809086269e-05
2.04181639986932e-05
2.04177471057843e-05
2.04173302298991e-05
2.04169133710366e-05
2.04164965291956e-05
2.04160797043752e-05
2.04156628965743e-05
2.04152461057918e-05
2.04148293320268e-05
2.04144125752781e-05
2.04139958355449e-05
2.04135791128259e-05
2.04131624071201e-05
2.04127457184266e-05
2.04123290467442e-05
2.0411912392072e-05
2.04114957544089e-05
2.04110791337538e-05
2.04106625301057e-05
2.04102459434636e-05
2.04098293738264e-05
2.04094128211931e-05
2.04089962855627e-05
2.0408579766934e-05
2.04081632653061e-05
2.04077467806779e-05
2.04073303130484e-05
2.04069138624166e-05
2.04064974287813e-05
2.04060810121416e-05
2.04056646124964e-05
2.04052482298447e-05
2.04048318641854e-05
2.04044155155176e-05
2.040399918384e-05
2.04035828691518e-05
2.04031665714519e-05
2.04027502907392e-05
2.04023340270127e-05
2.04019177802713e-05
2.04015015505141e-05
2.040108533774e-05
2.04006691419479e-05
2.04002529631367e-05
2.03998368013056e-05
2.03994206564534e-05
2.0399004528579e-05
2.03985884176815e-05
2.03981723237598e-05
2.03977562468129e-05
2.03973401868396e-05
2.03969241438391e-05
2.03965081178102e-05
2.0396092108752e-05
2.03956761166633e-05
2.03952601415431e-05
2.03948441833904e-05
2.03944282422042e-05
2.03940123179834e-05
2.0393596410727e-05
2.0393180520434e-05
2.03927646471032e-05
2.03923487907337e-05
2.03919329513245e-05
2.03915171288744e-05
2.03911013233825e-05
2.03906855348477e-05
2.0390269763269e-05
2.03898540086453e-05
2.03894382709756e-05
2.03890225502589e-05
2.03886068464942e-05
2.03881911596803e-05
2.03877754898163e-05
2.03873598369011e-05
2.03869442009337e-05
2.03865285819131e-05
2.03861129798381e-05
2.03856973947079e-05
2.03852818265213e-05
2.03848662752772e-05
2.03844507409748e-05
2.03840352236129e-05
2.03836197231904e-05
2.03832042397065e-05
2.03827887731599e-05
2.03823733235498e-05
2.0381957890875e-05
2.03815424751345e-05
2.03811270763273e-05
2.03807116944524e-05
2.03802963295086e-05
2.03798809814951e-05
2.03794656504106e-05
2.03790503362543e-05
2.03786350390251e-05
2.03782197587219e-05
2.03778044953437e-05
2.03773892488894e-05
2.03769740193581e-05
2.03765588067487e-05
2.03761436110602e-05
2.03757284322915e-05
2.03753132704415e-05
2.03748981255094e-05
2.03744829974939e-05
2.03740678863942e-05
2.03736527922091e-05
2.03732377149377e-05
2.03728226545788e-05
2.03724076111315e-05
2.03719925845947e-05
2.03715775749674e-05
2.03711625822486e-05
2.03707476064372e-05
2.03703326475321e-05
2.03699177055325e-05
2.03695027804371e-05
2.03690878722451e-05
2.03686729809553e-05
2.03682581065667e-05
2.03678432490784e-05
2.03674284084891e-05
2.03670135847981e-05
2.03665987780041e-05
2.03661839881061e-05
2.03657692151033e-05
2.03653544589944e-05
2.03649397197784e-05
2.03645249974544e-05
2.03641102920213e-05
2.03636956034781e-05
2.03632809318237e-05
2.03628662770572e-05
2.03624516391774e-05
2.03620370181833e-05
2.0361622414074e-05
2.03612078268483e-05
2.03607932565053e-05
2.03603787030439e-05
2.03599641664631e-05
2.03595496467618e-05
2.03591351439391e-05
2.03587206579939e-05
2.03583061889251e-05
2.03578917367317e-05
2.03574773014128e-05
2.03570628829672e-05
2.0356648481394e-05
2.03562340966921e-05
2.03558197288605e-05
2.03554053778981e-05
2.03549910438039e-05
2.0354576726577e-05
2.03541624262162e-05
2.03537481427205e-05
2.03533338760889e-05
2.03529196263204e-05
2.03525053934139e-05
2.03520911773685e-05
2.0351676978183e-05
2.03512627958565e-05
2.03508486303879e-05
2.03504344817762e-05
2.03500203500204e-05
2.03496062351194e-05
2.03491921370722e-05
2.03487780558777e-05
2.03483639915351e-05
2.03479499440431e-05
2.03475359134009e-05
2.03471218996073e-05
2.03467079026614e-05
2.0346293922562e-05
2.03458799593082e-05
2.0345466012899e-05
2.03450520833333e-05
2.03446381706101e-05
2.03442242747284e-05
2.03438103956871e-05
2.03433965334852e-05
2.03429826881217e-05
2.03425688595956e-05
2.03421550479058e-05
2.03417412530513e-05
2.0341327475031e-05
2.0340913713844e-05
2.03404999694892e-05
2.03400862419657e-05
2.03396725312722e-05
2.0339258837408e-05
2.03388451603718e-05
2.03384315001627e-05
2.03380178567797e-05
2.03376042302217e-05
2.03371906204877e-05
2.03367770275767e-05
2.03363634514876e-05
2.03359498922195e-05
2.03355363497712e-05
2.03351228241419e-05
2.03347093153303e-05
2.03342958233356e-05
2.03338823481567e-05
2.03334688897926e-05
2.03330554482422e-05
2.03326420235045e-05
2.03322286155786e-05
2.03318152244632e-05
2.03314018501576e-05
2.03309884926605e-05
2.0330575151971e-05
2.03301618280882e-05
2.03297485210108e-05
2.0329335230738e-05
2.03289219572686e-05
2.03285087006017e-05
2.03280954607363e-05
2.03276822376713e-05
2.03272690314056e-05
2.03268558419384e-05
2.03264426692685e-05
2.03260295133949e-05
2.03256163743166e-05
2.03252032520325e-05
2.03247901465417e-05
2.03243770578432e-05
2.03239639859358e-05
2.03235509308186e-05
2.03231378924906e-05
2.03227248709507e-05
2.03223118661979e-05
2.03218988782312e-05
2.03214859070495e-05
2.03210729526519e-05
2.03206600150373e-05
2.03202470942047e-05
2.0319834190153e-05
2.03194213028813e-05
2.03190084323885e-05
2.03185955786736e-05
2.03181827417356e-05
2.03177699215734e-05
2.03173571181861e-05
2.03169443315725e-05
2.03165315617318e-05
2.03161188086628e-05
2.03157060723645e-05
2.0315293352836e-05
2.03148806500762e-05
2.0314467964084e-05
2.03140552948585e-05
2.03136426423986e-05
2.03132300067034e-05
2.03128173877717e-05
2.03124047856026e-05
2.0311992200195e-05
2.03115796315479e-05
2.03111670796604e-05
2.03107545445313e-05
2.03103420261597e-05
2.03099295245445e-05
2.03095170396848e-05
2.03091045715794e-05
2.03086921202275e-05
2.03082796856278e-05
2.03078672677795e-05
2.03074548666816e-05
2.03070424823329e-05
2.03066301147325e-05
2.03062177638793e-05
2.03058054297724e-05
2.03053931124107e-05
2.03049808117931e-05
2.03045685279188e-05
2.03041562607866e-05
2.03037440103955e-05
2.03033317767446e-05
2.03029195598327e-05
2.03025073596589e-05
2.03020951762222e-05
2.03016830095215e-05
2.03012708595558e-05
2.03008587263241e-05
2.03004466098254e-05
2.03000345100587e-05
2.02996224270229e-05
2.0299210360717e-05
2.029879831114e-05
2.02983862782909e-05
2.02979742621686e-05
2.02975622627722e-05
2.02971502801007e-05
2.02967383141529e-05
2.02963263649279e-05
2.02959144324248e-05
2.02955025166423e-05
2.02950906175796e-05
2.02946787352356e-05
2.02942668696093e-05
2.02938550206997e-05
2.02934431885058e-05
2.02930313730265e-05
2.02926195742608e-05
2.02922077922078e-05
2.02917960268663e-05
2.02913842782355e-05
2.02909725463141e-05
2.02905608311014e-05
2.02901491325961e-05
2.02897374507974e-05
2.02893257857041e-05
2.02889141373154e-05
2.02885025056301e-05
2.02880908906472e-05
2.02876792923657e-05
2.02872677107847e-05
2.02868561459031e-05
2.02864445977198e-05
2.02860330662339e-05
2.02856215514443e-05
2.02852100533501e-05
2.02847985719502e-05
2.02843871072436e-05
2.02839756592292e-05
2.02835642279061e-05
2.02831528132733e-05
2.02827414153297e-05
2.02823300340743e-05
2.02819186695061e-05
2.02815073216241e-05
2.02810959904273e-05
2.02806846759147e-05
2.02802733780851e-05
2.02798620969377e-05
2.02794508324715e-05
2.02790395846853e-05
2.02786283535782e-05
2.02782171391491e-05
2.02778059413971e-05
2.02773947603212e-05
2.02769835959203e-05
2.02765724481934e-05
2.02761613171394e-05
2.02757502027575e-05
2.02753391050465e-05
2.02749280240055e-05
2.02745169596334e-05
2.02741059119293e-05
2.0273694880892e-05
2.02732838665207e-05
2.02728728688142e-05
2.02724618877717e-05
2.02720509233919e-05
2.0271639975674e-05
2.0271229044617e-05
2.02708181302197e-05
2.02704072324813e-05
2.02699963514007e-05
2.02695854869768e-05
2.02691746392087e-05
2.02687638080953e-05
2.02683529936357e-05
2.02679421958289e-05
2.02675314146737e-05
2.02671206501692e-05
2.02667099023145e-05
2.02662991711084e-05
2.02658884565499e-05
2.02654777586382e-05
2.0265067077372e-05
2.02646564127505e-05
2.02642457647726e-05
2.02638351334374e-05
2.02634245187437e-05
2.02630139206906e-05
2.0262603339277e-05
2.02621927745021e-05
2.02617822263646e-05
2.02613716948637e-05
2.02609611799984e-05
2.02605506817675e-05
2.02601402001702e-05
2.02597297352053e-05
2.0259319286872e-05
2.02589088551691e-05
2.02584984400956e-05
2.02580880416506e-05
2.02576776598331e-05
2.0257267294642e-05
2.02568569460762e-05
2.02564466141349e-05
2.0256036298817e-05
2.02556260001215e-05
2.02552157180474e-05
2.02548054525936e-05
2.02543952037592e-05
2.02539849715432e-05
2.02535747559444e-05
2.0253164556962e-05
2.02527543745949e-05
2.02523442088422e-05
2.02519340597027e-05
2.02515239271755e-05
2.02511138112596e-05
2.0250703711954e-05
2.02502936292576e-05
2.02498835631695e-05
2.02494735136886e-05
2.0249063480814e-05
2.02486534645446e-05
2.02482434648794e-05
2.02478334818174e-05
2.02474235153577e-05
2.02470135654991e-05
2.02466036322407e-05
2.02461937155815e-05
2.02457838155204e-05
2.02453739320565e-05
2.02449640651888e-05
2.02445542149162e-05
2.02441443812377e-05
2.02437345641524e-05
2.02433247636592e-05
2.02429149797571e-05
2.02425052124451e-05
2.02420954617222e-05
2.02416857275874e-05
2.02412760100397e-05
2.0240866309078e-05
2.02404566247015e-05
2.02400469569089e-05
2.02396373056995e-05
2.02392276710721e-05
2.02388180530257e-05
2.02384084515594e-05
2.02379988666721e-05
2.02375892983628e-05
2.02371797466305e-05
2.02367702114742e-05
2.0236360692893e-05
2.02359511908857e-05
2.02355417054515e-05
2.02351322365892e-05
2.02347227842979e-05
2.02343133485765e-05
2.02339039294241e-05
2.02334945268397e-05
2.02330851408223e-05
2.02326757713708e-05
2.02322664184842e-05
2.02318570821616e-05
2.02314477624019e-05
2.02310384592041e-05
2.02306291725673e-05
2.02302199024903e-05
2.02298106489723e-05
2.02294014120122e-05
2.0228992191609e-05
2.02285829877617e-05
2.02281738004693e-05
2.02277646297308e-05
2.02273554755451e-05
2.02269463379114e-05
2.02265372168285e-05
2.02261281122955e-05
2.02257190243113e-05
2.0225309952875e-05
2.02249008979856e-05
2.0224491859642e-05
2.02240828378433e-05
2.02236738325884e-05
2.02232648438764e-05
2.02228558717062e-05
2.02224469160768e-05
2.02220379769873e-05
2.02216290544366e-05
2.02212201484238e-05
2.02208112589477e-05
2.02204023860075e-05
2.02199935296021e-05
2.02195846897305e-05
2.02191758663917e-05
2.02187670595847e-05
2.02183582693085e-05
2.02179494955622e-05
2.02175407383446e-05
2.02171319976548e-05
2.02167232734918e-05
2.02163145658546e-05
2.02159058747422e-05
2.02154972001536e-05
2.02150885420878e-05
2.02146799005438e-05
2.02142712755205e-05
2.0213862667017e-05
2.02134540750323e-05
2.02130454995654e-05
2.02126369406153e-05
2.02122283981809e-05
2.02118198722613e-05
2.02114113628555e-05
2.02110028699624e-05
2.02105943935811e-05
2.02101859337106e-05
2.02097774903498e-05
2.02093690634978e-05
2.02089606531536e-05
2.02085522593161e-05
2.02081438819844e-05
2.02077355211575e-05
2.02073271768343e-05
2.02069188490139e-05
2.02065105376952e-05
2.02061022428773e-05
2.02056939645592e-05
2.02052857027398e-05
2.02048774574182e-05
2.02044692285934e-05
2.02040610162643e-05
2.02036528204299e-05
2.02032446410894e-05
2.02028364782415e-05
2.02024283318855e-05
2.02020202020202e-05
2.02016120886447e-05
2.02012039917579e-05
2.02007959113589e-05
2.02003878474467e-05
2.01999798000202e-05
2.01995717690785e-05
2.01991637546206e-05
2.01987557566454e-05
2.0198347775152e-05
2.01979398101394e-05
2.01975318616065e-05
2.01971239295524e-05
2.01967160139761e-05
2.01963081148766e-05
2.01959002322529e-05
2.01954923661039e-05
2.01950845164287e-05
2.01946766832263e-05
2.01942688664957e-05
2.01938610662359e-05
2.01934532824458e-05
2.01930455151246e-05
2.01926377642711e-05
2.01922300298845e-05
2.01918223119637e-05
2.01914146105076e-05
2.01910069255154e-05
2.01905992569859e-05
2.01901916049183e-05
2.01897839693115e-05
2.01893763501645e-05
2.01889687474764e-05
2.0188561161246e-05
2.01881535914725e-05
2.01877460381548e-05
2.0187338501292e-05
2.0186930980883e-05
2.01865234769268e-05
2.01861159894225e-05
2.0185708518369e-05
2.01853010637654e-05
2.01848936256106e-05
2.01844862039037e-05
2.01840787986436e-05
2.01836714098294e-05
2.01832640374601e-05
2.01828566815347e-05
2.01824493420522e-05
2.01820420190115e-05
2.01816347124117e-05
2.01812274222518e-05
2.01808201485308e-05
2.01804128912478e-05
2.01800056504016e-05
2.01795984259913e-05
2.0179191218016e-05
2.01787840264746e-05
2.01783768513661e-05
2.01779696926895e-05
2.01775625504439e-05
2.01771554246282e-05
2.01767483152415e-05
2.01763412222828e-05
2.01759341457509e-05
2.01755270856451e-05
2.01751200419642e-05
2.01747130147074e-05
2.01743060038735e-05
2.01738990094616e-05
2.01734920314706e-05
2.01730850698997e-05
2.01726781247478e-05
2.0172271196014e-05
2.01718642836971e-05
2.01714573877963e-05
2.01710505083105e-05
2.01706436452387e-05
2.017023679858e-05
2.01698299683334e-05
2.01694231544978e-05
2.01690163570723e-05
2.01686095760558e-05
2.01682028114475e-05
2.01677960632462e-05
2.0167389331451e-05
2.0166982616061e-05
2.0166575917075e-05
2.01661692344922e-05
2.01657625683115e-05
2.0165355918532e-05
2.01649492851525e-05
2.01645426681723e-05
2.01641360675902e-05
2.01637294834053e-05
2.01633229156165e-05
2.01629163642229e-05
2.01625098292235e-05
2.01621033106174e-05
2.01616968084034e-05
2.01612903225806e-05
2.01608838531481e-05
2.01604774001048e-05
2.01600709634498e-05
2.0159664543182e-05
2.01592581393005e-05
2.01588517518042e-05
2.01584453806922e-05
2.01580390259636e-05
2.01576326876172e-05
2.01572263656521e-05
2.01568200600673e-05
2.01564137708619e-05
2.01560074980348e-05
2.0155601241585e-05
2.01551950015116e-05
2.01547887778136e-05
2.015438257049e-05
2.01539763795397e-05
2.01535702049618e-05
2.01531640467553e-05
2.01527579049193e-05
2.01523517794527e-05
2.01519456703545e-05
2.01515395776237e-05
2.01511335012594e-05
2.01507274412606e-05
2.01503213976263e-05
2.01499153703554e-05
2.01495093594471e-05
2.01491033649003e-05
2.0148697386714e-05
2.01482914248872e-05
2.01478854794189e-05
2.01474795503083e-05
2.01470736375541e-05
2.01466677411556e-05
2.01462618611117e-05
2.01458559974213e-05
2.01454501500836e-05
2.01450443190975e-05
2.0144638504462e-05
2.01442327061762e-05
2.01438269242391e-05
2.01434211586496e-05
2.01430154094068e-05
2.01426096765097e-05
2.01422039599573e-05
2.01417982597486e-05
2.01413925758827e-05
2.01409869083585e-05
2.01405812571751e-05
2.01401756223314e-05
2.01397700038266e-05
2.01393644016595e-05
2.01389588158292e-05
2.01385532463348e-05
2.01381476931752e-05
2.01377421563494e-05
2.01373366358565e-05
2.01369311316955e-05
2.01365256438654e-05
2.01361201723652e-05
2.01357147171939e-05
2.01353092783505e-05
2.01349038558341e-05
2.01344984496436e-05
2.01340930597781e-05
2.01336876862366e-05
2.01332823290181e-05
2.01328769881216e-05
2.01324716635461e-05
2.01320663552907e-05
2.01316610633543e-05
2.0131255787736e-05
2.01308505284348e-05
2.01304452854497e-05
2.01300400587797e-05
2.01296348484239e-05
2.01292296543811e-05
2.01288244766506e-05
2.01284193152312e-05
2.0128014170122e-05
2.0127609041322e-05
2.01272039288302e-05
2.01267988326457e-05
2.01263937527674e-05
2.01259886891944e-05
2.01255836419256e-05
2.01251786109602e-05
2.0124773596297e-05
2.01243685979352e-05
2.01239636158738e-05
2.01235586501117e-05
2.0123153700648e-05
2.01227487674816e-05
2.01223438506117e-05
2.01219389500372e-05
2.01215340657572e-05
2.01211291977706e-05
2.01207243460765e-05
2.01203195106738e-05
2.01199146915617e-05
2.01195098887391e-05
2.01191051022051e-05
2.01187003319586e-05
2.01182955779986e-05
2.01178908403243e-05
2.01174861189346e-05
2.01170814138285e-05
2.0116676725005e-05
2.01162720524632e-05
2.01158673962021e-05
2.01154627562207e-05
2.0115058132518e-05
2.0114653525093e-05
2.01142489339448e-05
2.01138443590724e-05
2.01134398004747e-05
2.01130352581508e-05
2.01126307320998e-05
2.01122262223205e-05
2.01118217288122e-05
2.01114172515737e-05
2.01110127906041e-05
2.01106083459025e-05
2.01102039174677e-05
2.01097995052989e-05
2.01093951093951e-05
2.01089907297553e-05
2.01085863663784e-05
2.01081820192636e-05
2.01077776884099e-05
2.01073733738162e-05
2.01069690754816e-05
2.0106564793405e-05
2.01061605275857e-05
2.01057562780224e-05
2.01053520447143e-05
2.01049478276604e-05
2.01045436268597e-05
2.01041394423112e-05
2.01037352740139e-05
2.01033311219669e-05
2.01029269861692e-05
2.01025228666198e-05
2.01021187633177e-05
2.01017146762619e-05
2.01013106054515e-05
2.01009065508854e-05
2.01005025125628e-05
2.01000984904826e-05
2.00996944846438e-05
2.00992904950455e-05
2.00988865216867e-05
2.00984825645664e-05
2.00980786236836e-05
2.00976746990373e-05
2.00972707906266e-05
2.00968668984505e-05
2.0096463022508e-05
2.00960591627982e-05
2.009565531932e-05
2.00952514920724e-05
2.00948476810546e-05
2.00944438862654e-05
2.00940401077041e-05
2.00936363453694e-05
2.00932325992606e-05
2.00928288693765e-05
2.00924251557163e-05
2.00920214582789e-05
2.00916177770634e-05
2.00912141120688e-05
2.00908104632941e-05
2.00904068307383e-05
2.00900032144005e-05
2.00895996142797e-05
2.00891960303749e-05
2.00887924626851e-05
2.00883889112093e-05
2.00879853759466e-05
2.00875818568961e-05
2.00871783540566e-05
2.00867748674273e-05
2.00863713970071e-05
2.00859679427952e-05
2.00855645047904e-05
2.00851610829919e-05
2.00847576773986e-05
2.00843542880096e-05
2.0083950914824e-05
2.00835475578406e-05
2.00831442170586e-05
2.0082740892477e-05
2.00823375840948e-05
2.0081934291911e-05
2.00815310159247e-05
2.00811277561348e-05
2.00807245125404e-05
2.00803212851406e-05
2.00799180739343e-05
2.00795148789205e-05
2.00791117000984e-05
2.00787085374669e-05
2.0078305391025e-05
2.00779022607718e-05
2.00774991467063e-05
2.00770960488275e-05
2.00766929671345e-05
2.00762899016262e-05
2.00758868523017e-05
2.007548381916e-05
2.00750808022002e-05
2.00746778014213e-05
2.00742748168222e-05
2.00738718484021e-05
2.00734688961599e-05
2.00730659600947e-05
2.00726630402055e-05
2.00722601364914e-05
2.00718572489512e-05
2.00714543775842e-05
2.00710515223893e-05
2.00706486833654e-05
2.00702458605118e-05
2.00698430538273e-05
2.00694402633111e-05
2.0069037488962e-05
2.00686347307793e-05
2.00682319887618e-05
2.00678292629086e-05
2.00674265532188e-05
2.00670238596914e-05
2.00666211823253e-05
2.00662185211197e-05
2.00658158760735e-05
2.00654132471858e-05
2.00650106344556e-05
2.0064608037882e-05
2.00642054574639e-05
2.00638028932004e-05
2.00634003450905e-05
2.00629978131332e-05
2.00625952973277e-05
2.00621927976728e-05
2.00617903141676e-05
2.00613878468112e-05
2.00609853956026e-05
2.00605829605408e-05
2.00601805416249e-05
2.00597781388538e-05
2.00593757522266e-05
2.00589733817423e-05
2.00585710274e-05
2.00581686891987e-05
2.00577663671374e-05
2.00573640612151e-05
2.00569617714309e-05
2.00565594977838e-05
2.00561572402728e-05
2.00557549988969e-05
2.00553527736553e-05
2.00549505645469e-05
2.00545483715707e-05
2.00541461947258e-05
2.00537440340111e-05
2.00533418894259e-05
2.0052939760969e-05
2.00525376486394e-05
2.00521355524363e-05
2.00517334723587e-05
2.00513314084055e-05
2.00509293605759e-05
2.00505273288687e-05
2.00501253132832e-05
2.00497233138183e-05
2.0049321330473e-05
2.00489193632463e-05
2.00485174121374e-05
2.00481154771451e-05
2.00477135582687e-05
2.0047311655507e-05
2.00469097688591e-05
2.00465078983241e-05
2.0046106043901e-05
2.00457042055887e-05
2.00453023833865e-05
2.00449005772931e-05
2.00444987873078e-05
2.00440970134295e-05
2.00436952556573e-05
2.00432935139902e-05
2.00428917884272e-05
2.00424900789674e-05
2.00420883856098e-05
2.00416867083534e-05
2.00412850471972e-05
2.00408834021404e-05
2.00404817731818e-05
2.00400801603206e-05
2.00396785635558e-05
2.00392769828865e-05
2.00388754183115e-05
2.00384738698301e-05
2.00380723374411e-05
2.00376708211437e-05
2.00372693209369e-05
2.00368678368197e-05
2.00364663687912e-05
2.00360649168503e-05
2.00356634809962e-05
2.00352620612278e-05
2.00348606575441e-05
2.00344592699443e-05
2.00340578984273e-05
2.00336565429922e-05
2.0033255203638e-05
2.00328538803638e-05
2.00324525731685e-05
2.00320512820513e-05
2.00316500070111e-05
2.0031248748047e-05
2.00308475051579e-05
2.00304462783431e-05
2.00300450676014e-05
2.00296438729319e-05
2.00292426943337e-05
2.00288415318058e-05
2.00284403853472e-05
2.00280392549569e-05
2.00276381406341e-05
2.00272370423776e-05
2.00268359601867e-05
2.00264348940602e-05
2.00260338439972e-05
2.00256328099968e-05
2.0025231792058e-05
2.00248307901798e-05
2.00244298043613e-05
2.00240288346015e-05
2.00236278808995e-05
2.00232269432542e-05
2.00228260216647e-05
2.00224251161301e-05
2.00220242266493e-05
2.00216233532215e-05
2.00212224958456e-05
2.00208216545207e-05
2.00204208292458e-05
2.002002002002e-05
2.00196192268423e-05
2.00192184497117e-05
2.00188176886273e-05
2.00184169435881e-05
2.00180162145931e-05
2.00176155016414e-05
2.00172148047321e-05
2.0016814123864e-05
2.00164134590364e-05
2.00160128102482e-05
2.00156121774984e-05
2.00152115607862e-05
2.00148109601105e-05
2.00144103754703e-05
2.00140098068648e-05
2.00136092542929e-05
2.00132087177537e-05
2.00128081972462e-05
2.00124076927695e-05
2.00120072043226e-05
2.00116067319045e-05
2.00112062755143e-05
2.0010805835151e-05
2.00104054108136e-05
2.00100050025013e-05
2.00096046102129e-05
2.00092042339476e-05
2.00088038737044e-05
2.00084035294824e-05
2.00080032012805e-05
2.00076028890979e-05
2.00072025929335e-05
2.00068023127863e-05
2.00064020486556e-05
2.00060018005402e-05
2.00056015684392e-05
2.00052013523516e-05
2.00048011522765e-05
2.0004400968213e-05
2.000400080016e-05
2.00036006481167e-05
2.00032005120819e-05
2.00028003920549e-05
2.00024002880346e-05
2.000200020002e-05
2.00016001280102e-05
2.00012000720043e-05
2.00008000320013e-05
2.00004000080002e-05
2e-05
1.99996000079998e-05
1.99992000319987e-05
1.99988000719957e-05
1.99984001279898e-05
1.999800019998e-05
1.99976002879654e-05
1.99972003919451e-05
1.99968005119181e-05
1.99964006478834e-05
1.999600079984e-05
1.99956009677871e-05
1.99952011517236e-05
1.99948013516486e-05
1.99944015675611e-05
1.99940017994602e-05
1.99936020473448e-05
1.99932023112142e-05
1.99928025910672e-05
1.9992402886903e-05
1.99920031987205e-05
1.99916035265189e-05
1.99912038702971e-05
1.99908042300542e-05
1.99904046057892e-05
1.99900049975012e-05
1.99896054051893e-05
1.99892058288524e-05
1.99888062684896e-05
1.99884067241e-05
1.99880071956826e-05
1.99876076832364e-05
1.99872081867605e-05
1.99868087062539e-05
1.99864092417156e-05
1.99860097931448e-05
1.99856103605404e-05
1.99852109439015e-05
1.99848115432271e-05
1.99844121585164e-05
1.99840127897682e-05
1.99836134369817e-05
1.99832141001559e-05
1.99828147792898e-05
1.99824154743825e-05
1.99820161854331e-05
1.99816169124406e-05
1.99812176554039e-05
1.99808184143223e-05
1.99804191891946e-05
1.998001998002e-05
1.99796207867975e-05
1.99792216095261e-05
1.99788224482049e-05
1.99784233028329e-05
1.99780241734093e-05
1.99776250599329e-05
1.99772259624029e-05
1.99768268808183e-05
1.99764278151781e-05
1.99760287654814e-05
1.99756297317273e-05
1.99752307139147e-05
1.99748317120428e-05
1.99744327261106e-05
1.9974033756117e-05
1.99736348020613e-05
1.99732358639423e-05
1.99728369417592e-05
1.9972438035511e-05
1.99720391451967e-05
1.99716402708154e-05
1.99712414123662e-05
1.9970842569848e-05
1.997044374326e-05
1.99700449326011e-05
1.99696461378704e-05
1.9969247359067e-05
1.99688485961899e-05
1.99684498492382e-05
1.99680511182109e-05
1.9967652403107e-05
1.99672537039256e-05
1.99668550206657e-05
1.99664563533264e-05
1.99660577019068e-05
1.99656590664058e-05
1.99652604468225e-05
1.9964861843156e-05
1.99644632554054e-05
1.99640646835696e-05
1.99636661276477e-05
1.99632675876387e-05
1.99628690635418e-05
1.99624705553559e-05
1.99620720630801e-05
1.99616735867135e-05
1.99612751262551e-05
1.99608766817039e-05
1.99604782530589e-05
1.99600798403194e-05
1.99596814434842e-05
1.99592830625524e-05
1.99588846975231e-05
1.99584863483953e-05
1.99580880151681e-05
1.99576896978406e-05
1.99572913964117e-05
1.99568931108805e-05
1.99564948412461e-05
1.99560965875075e-05
1.99556983496637e-05
1.99553001277139e-05
1.99549019216571e-05
1.99545037314922e-05
1.99541055572184e-05
1.99537073988347e-05
1.99533092563402e-05
1.99529111297338e-05
1.99525130190147e-05
1.9952114924182e-05
1.99517168452345e-05
1.99513187821715e-05
1.99509207349919e-05
1.99505227036948e-05
1.99501246882793e-05
1.99497266887444e-05
1.99493287050891e-05
1.99489307373125e-05
1.99485327854136e-05
1.99481348493916e-05
1.99477369292454e-05
1.99473390249741e-05
1.99469411365767e-05
1.99465432640523e-05
1.99461454074e-05
1.99457475666188e-05
1.99453497417077e-05
1.99449519326658e-05
1.99445541394922e-05
1.99441563621859e-05
1.99437586007459e-05
1.99433608551713e-05
1.99429631254612e-05
1.99425654116146e-05
1.99421677136305e-05
1.9941770031508e-05
1.99413723652462e-05
1.99409747148441e-05
1.99405770803007e-05
1.99401794616152e-05
1.99397818587865e-05
1.99393842718137e-05
1.99389867006959e-05
1.99385891454321e-05
1.99381916060213e-05
1.99377940824627e-05
1.99373965747553e-05
1.9936999082898e-05
1.99366016068901e-05
1.99362041467305e-05
1.99358067024182e-05
1.99354092739524e-05
1.99350118613321e-05
1.99346144645563e-05
1.9934217083624e-05
1.99338197185345e-05
1.99334223692866e-05
1.99330250358794e-05
1.99326277183121e-05
1.99322304165836e-05
1.9931833130693e-05
1.99314358606394e-05
1.99310386064218e-05
1.99306413680392e-05
1.99302441454908e-05
1.99298469387755e-05
1.99294497478925e-05
1.99290525728407e-05
1.99286554136192e-05
1.99282582702272e-05
1.99278611426636e-05
1.99274640309274e-05
1.99270669350178e-05
1.99266698549338e-05
1.99262727906745e-05
1.99258757422389e-05
1.9925478709626e-05
1.99250816928349e-05
1.99246846918647e-05
1.99242877067145e-05
1.99238907373832e-05
1.99234937838699e-05
1.99230968461738e-05
1.99226999242937e-05
1.99223030182289e-05
1.99219061279783e-05
1.9921509253541e-05
1.99211123949161e-05
1.99207155521026e-05
1.99203187250996e-05
1.99199219139061e-05
1.99195251185212e-05
1.99191283389439e-05
1.99187315751733e-05
1.99183348272084e-05
1.99179380950484e-05
1.99175413786922e-05
1.99171446781389e-05
1.99167479933876e-05
1.99163513244374e-05
1.99159546712872e-05
1.99155580339361e-05
1.99151614123832e-05
1.99147648066276e-05
1.99143682166683e-05
1.99139716425044e-05
1.99135750841349e-05
1.99131785415588e-05
1.99127820147753e-05
1.99123855037834e-05
1.99119890085821e-05
1.99115925291705e-05
1.99111960655477e-05
1.99107996177126e-05
1.99104031856645e-05
1.99100067694023e-05
1.99096103689251e-05
1.99092139842319e-05
1.99088176153218e-05
1.99084212621939e-05
1.99080249248472e-05
1.99076286032808e-05
1.99072322974937e-05
1.9906836007485e-05
1.99064397332537e-05
1.99060434747989e-05
1.99056472321198e-05
1.99052510052152e-05
1.99048547940843e-05
1.99044585987261e-05
1.99040624191397e-05
1.99036662553242e-05
1.99032701072786e-05
1.9902873975002e-05
1.99024778584934e-05
1.99020817577519e-05
1.99016856727765e-05
1.99012896035663e-05
1.99008935501204e-05
1.99004975124378e-05
1.99001014905176e-05
1.98997054843588e-05
1.98993094939606e-05
1.98989135193218e-05
1.98985175604417e-05
1.98981216173193e-05
1.98977256899536e-05
1.98973297783437e-05
1.98969338824887e-05
1.98965380023876e-05
1.98961421380394e-05
1.98957462894433e-05
1.98953504565983e-05
1.98949546395034e-05
1.98945588381578e-05
1.98941630525604e-05
1.98937672827103e-05
1.98933715286067e-05
1.98929757902485e-05
1.98925800676348e-05
1.98921843607647e-05
1.98917886696372e-05
1.98913929942514e-05
1.98909973346064e-05
1.98906016907011e-05
1.98902060625348e-05
1.98898104501064e-05
1.9889414853415e-05
1.98890192724597e-05
1.98886237072395e-05
1.98882281577534e-05
1.98878326240006e-05
1.98874371059802e-05
1.9887041603691e-05
1.98866461171323e-05
1.98862506463031e-05
1.98858551912025e-05
1.98854597518295e-05
1.98850643281831e-05
1.98846689202625e-05
1.98842735280667e-05
1.98838781515947e-05
1.98834827908456e-05
1.98830874458186e-05
1.98826921165126e-05
1.98822968029267e-05
1.98819015050599e-05
1.98815062229114e-05
1.98811109564802e-05
1.98807157057654e-05
1.9880320470766e-05
1.98799252514811e-05
1.98795300479097e-05
1.98791348600509e-05
1.98787396879038e-05
1.98783445314674e-05
1.98779493907409e-05
1.98775542657231e-05
1.98771591564134e-05
1.98767640628106e-05
1.98763689849138e-05
1.98759739227222e-05
1.98755788762348e-05
1.98751838454506e-05
1.98747888303687e-05
1.98743938309882e-05
1.98739988473081e-05
1.98736038793275e-05
1.98732089270455e-05
1.9872813990461e-05
1.98724190695733e-05
1.98720241643814e-05
1.98716292748842e-05
1.9871234401081e-05
1.98708395429707e-05
1.98704447005524e-05
1.98700498738252e-05
1.98696550627881e-05
1.98692602674402e-05
1.98688654877806e-05
1.98684707238084e-05
1.98680759755225e-05
1.98676812429221e-05
1.98672865260063e-05
1.9866891824774e-05
1.98664971392244e-05
1.98661024693565e-05
1.98657078151695e-05
1.98653131766622e-05
1.98649185538339e-05
1.98645239466836e-05
1.98641293552104e-05
1.98637347794132e-05
1.98633402192913e-05
1.98629456748436e-05
1.98625511460692e-05
1.98621566329672e-05
1.98617621355367e-05
1.98613676537766e-05
1.98609731876862e-05
1.98605787372644e-05
1.98601843025103e-05
1.9859789883423e-05
1.98593954800016e-05
1.98590010922451e-05
1.98586067201525e-05
1.9858212363723e-05
1.98578180229556e-05
1.98574236978494e-05
1.98570293884035e-05
1.98566350946169e-05
1.98562408164886e-05
1.98558465540178e-05
1.98554523072036e-05
1.98550580760449e-05
1.98546638605408e-05
1.98542696606905e-05
1.9853875476493e-05
1.98534813079473e-05
1.98530871550526e-05
1.98526930178079e-05
1.98522988962122e-05
1.98519047902646e-05
1.98515106999643e-05
1.98511166253102e-05
1.98507225663014e-05
1.98503285229371e-05
1.98499344952162e-05
1.98495404831378e-05
1.98491464867011e-05
1.9848752505905e-05
1.98483585407487e-05
1.98479645912312e-05
1.98475706573515e-05
1.98471767391089e-05
1.98467828365022e-05
1.98463889495306e-05
1.98459950781932e-05
1.9845601222489e-05
1.98452073824171e-05
1.98448135579766e-05
1.98444197491665e-05
1.9844025955986e-05
1.98436321784339e-05
1.98432384165096e-05
1.98428446702119e-05
1.98424509395401e-05
1.9842057224493e-05
1.98416635250699e-05
1.98412698412698e-05
1.98408761730918e-05
1.98404825205349e-05
1.98400888835982e-05
1.98396952622808e-05
1.98393016565817e-05
1.98389080665e-05
1.98385144920348e-05
1.98381209331852e-05
1.98377273899502e-05
1.98373338623289e-05
1.98369403503204e-05
1.98365468539237e-05
1.98361533731379e-05
1.98357599079621e-05
1.98353664583953e-05
1.98349730244367e-05
1.98345796060852e-05
1.98341862033401e-05
1.98337928162002e-05
1.98333994446648e-05
1.98330060887329e-05
1.98326127484035e-05
1.98322194236757e-05
1.98318261145486e-05
1.98314328210213e-05
1.98310395430929e-05
1.98306462807623e-05
1.98302530340287e-05
1.98298598028912e-05
1.98294665873488e-05
1.98290733874006e-05
1.98286802030457e-05
1.98282870342831e-05
1.98278938811119e-05
1.98275007435313e-05
1.98271076215402e-05
1.98267145151377e-05
1.98263214243229e-05
1.98259283490949e-05
1.98255352894528e-05
1.98251422453956e-05
1.98247492169224e-05
1.98243562040323e-05
1.98239632067243e-05
1.98235702249975e-05
1.98231772588511e-05
1.98227843082839e-05
1.98223913732953e-05
1.98219984538841e-05
1.98216055500496e-05
1.98212126617906e-05
1.98208197891065e-05
1.98204269319961e-05
1.98200340904586e-05
1.98196412644931e-05
1.98192484540986e-05
1.98188556592742e-05
1.9818462880019e-05
1.98180701163321e-05
1.98176773682124e-05
1.98172846356592e-05
1.98168919186715e-05
1.98164992172483e-05
1.98161065313887e-05
1.98157138610918e-05
1.98153212063568e-05
1.98149285671825e-05
1.98145359435682e-05
1.98141433355129e-05
1.98137507430157e-05
1.98133581660756e-05
1.98129656046917e-05
1.98125730588632e-05
1.9812180528589e-05
1.98117880138683e-05
1.98113955147001e-05
1.98110030310835e-05
1.98106105630176e-05
1.98102181105014e-05
1.98098256735341e-05
1.98094332521147e-05
1.98090408462422e-05
1.98086484559159e-05
1.98082560811346e-05
1.98078637218976e-05
1.98074713782039e-05
1.98070790500525e-05
1.98066867374426e-05
1.98062944403732e-05
1.98059021588433e-05
1.98055098928522e-05
1.98051176423988e-05
1.98047254074822e-05
1.98043331881016e-05
1.98039409842559e-05
1.98035487959442e-05
1.98031566231657e-05
1.98027644659194e-05
1.98023723242044e-05
1.98019801980198e-05
1.98015880873646e-05
1.98011959922379e-05
1.98008039126389e-05
1.98004118485665e-05
1.98000198000198e-05
1.9799627766998e-05
1.97992357495001e-05
1.97988437475251e-05
1.97984517610723e-05
1.97980597901406e-05
1.97976678347291e-05
1.97972758948369e-05
1.9796883970463e-05
1.97964920616067e-05
1.97961001682669e-05
1.97957082904426e-05
1.97953164281331e-05
1.97949245813373e-05
1.97945327500544e-05
1.97941409342835e-05
1.97937491340235e-05
1.97933573492736e-05
1.97929655800329e-05
1.97925738263004e-05
1.97921820880752e-05
1.97917903653564e-05
1.97913986581432e-05
1.97910069664345e-05
1.97906152902294e-05
1.9790223629527e-05
1.97898319843265e-05
1.97894403546268e-05
1.9789048740427e-05
1.97886571417264e-05
1.97882655585238e-05
1.97878739908184e-05
1.97874824386093e-05
1.97870909018956e-05
1.97866993806763e-05
1.97863078749505e-05
1.97859163847174e-05
1.97855249099759e-05
1.97851334507251e-05
1.97847420069642e-05
1.97843505786923e-05
1.97839591659083e-05
1.97835677686114e-05
1.97831763868007e-05
1.97827850204752e-05
1.9782393669634e-05
1.97820023342763e-05
1.9781611014401e-05
1.97812197100073e-05
1.97808284210943e-05
1.9780437147661e-05
1.97800458897065e-05
1.97796546472299e-05
1.97792634202302e-05
1.97788722087067e-05
1.97784810126582e-05
1.9778089832084e-05
1.97776986669831e-05
1.97773075173546e-05
1.97769163831975e-05
1.9776525264511e-05
1.97761341612941e-05
1.9775743073546e-05
1.97753520012656e-05
1.97749609444521e-05
1.97745699031046e-05
1.97741788772221e-05
1.97737878668038e-05
1.97733968718486e-05
1.97730058923558e-05
1.97726149283243e-05
1.97722239797532e-05
1.97718330466418e-05
1.97714421289889e-05
1.97710512267937e-05
1.97706603400554e-05
1.97702694687729e-05
1.97698786129453e-05
1.97694877725718e-05
1.97690969476514e-05
1.97687061381833e-05
1.97683153441664e-05
1.97679245655999e-05
1.97675338024828e-05
1.97671430548143e-05
1.97667523225934e-05
1.97663616058192e-05
1.97659709044908e-05
1.97655802186073e-05
1.97651895481678e-05
1.97647988931713e-05
1.97644082536169e-05
1.97640176295037e-05
1.97636270208309e-05
1.97632364275974e-05
1.97628458498024e-05
1.97624552874449e-05
1.97620647405241e-05
1.9761674209039e-05
1.97612836929887e-05
1.97608931923723e-05
1.97605027071889e-05
1.97601122374375e-05
1.97597217831173e-05
1.97593313442273e-05
1.97589409207666e-05
1.97585505127344e-05
1.97581601201296e-05
1.97577697429514e-05
1.97573793811989e-05
1.97569890348711e-05
1.97565987039671e-05
1.97562083884861e-05
1.9755818088427e-05
1.97554278037891e-05
1.97550375345713e-05
1.97546472807728e-05
1.97542570423926e-05
1.97538668194299e-05
1.97534766118837e-05
1.97530864197531e-05
1.97526962430372e-05
1.9752306081735e-05
1.97519159358458e-05
1.97515258053685e-05
1.97511356903022e-05
1.9750745590646e-05
1.97503555063991e-05
1.97499654375605e-05
1.97495753841292e-05
1.97491853461045e-05
1.97487953234853e-05
1.97484053162707e-05
1.97480153244599e-05
1.97476253480519e-05
1.97472353870458e-05
1.97468454414407e-05
1.97464555112357e-05
1.97460655964299e-05
1.97456756970224e-05
1.97452858130121e-05
1.97448959443984e-05
1.97445060911801e-05
1.97441162533565e-05
1.97437264309266e-05
1.97433366238894e-05
1.97429468322442e-05
1.97425570559899e-05
1.97421672951257e-05
1.97417775496506e-05
1.97413878195637e-05
1.97409981048642e-05
1.97406084055511e-05
1.97402187216234e-05
1.97398290530804e-05
1.9739439399921e-05
1.97390497621444e-05
1.97386601397497e-05
1.97382705327359e-05
1.97378809411022e-05
1.97374913648475e-05
1.97371018039711e-05
1.9736712258472e-05
1.97363227283493e-05
1.9735933213602e-05
1.97355437142293e-05
1.97351542302303e-05
1.9734764761604e-05
1.97343753083496e-05
1.97339858704661e-05
1.97335964479526e-05
1.97332070408083e-05
1.97328176490321e-05
1.97324282726232e-05
1.97320389115807e-05
1.97316495659037e-05
1.97312602355912e-05
1.97308709206424e-05
1.97304816210564e-05
1.97300923368321e-05
1.97297030679688e-05
1.97293138144655e-05
1.97289245763213e-05
1.97285353535354e-05
1.97281461461067e-05
1.97277569540343e-05
1.97273677773175e-05
1.97269786159552e-05
1.97265894699465e-05
1.97262003392906e-05
1.97258112239866e-05
1.97254221240335e-05
1.97250330394303e-05
1.97246439701763e-05
1.97242549162705e-05
1.9723865877712e-05
1.97234768544999e-05
1.97230878466333e-05
1.97226988541112e-05
1.97223098769328e-05
1.97219209150971e-05
1.97215319686033e-05
1.97211430374505e-05
1.97207541216376e-05
1.97203652211639e-05
1.97199763360284e-05
1.97195874662302e-05
1.97191986117684e-05
1.97188097726421e-05
1.97184209488504e-05
1.97180321403924e-05
1.97176433472671e-05
1.97172545694737e-05
1.97168658070113e-05
1.97164770598789e-05
1.97160883280757e-05
1.97156996116007e-05
1.97153109104531e-05
1.97149222246318e-05
1.97145335541361e-05
1.9714144898965e-05
1.97137562591176e-05
1.9713367634593e-05
1.97129790253903e-05
1.97125904315086e-05
1.9712201852947e-05
1.97118132897045e-05
1.97114247417803e-05
1.97110362091735e-05
1.97106476918832e-05
1.97102591899083e-05
1.97098707032482e-05
1.97094822319018e-05
1.97090937758682e-05
1.97087053351465e-05
1.97083169097359e-05
1.97079284996354e-05
1.97075401048441e-05
1.97071517253611e-05
1.97067633611856e-05
1.97063750123165e-05
1.9705986678753e-05
1.97055983604942e-05
1.97052100575392e-05
1.97048217698871e-05
1.97044334975369e-05
1.97040452404879e-05
1.9703656998739e-05
1.97032687722893e-05
1.9702880561138e-05
1.97024923652842e-05
1.97021041847269e-05
1.97017160194653e-05
1.97013278694984e-05
1.97009397348254e-05
1.97005516154452e-05
1.97001635113571e-05
1.96997754225602e-05
1.96993873490534e-05
1.9698999290836e-05
1.9698611247907e-05
1.96982232202655e-05
1.96978352079106e-05
1.96974472108415e-05
1.96970592290571e-05
1.96966712625566e-05
1.96962833113392e-05
1.96958953754038e-05
1.96955074547496e-05
1.96951195493757e-05
1.96947316592811e-05
1.96943437844651e-05
1.96939559249266e-05
1.96935680806649e-05
1.96931802516788e-05
1.96927924379677e-05
1.96924046395305e-05
1.96920168563664e-05
1.96916290884745e-05
1.96912413358538e-05
1.96908535985035e-05
1.96904658764226e-05
1.96900781696103e-05
1.96896904780657e-05
1.96893028017878e-05
1.96889151407757e-05
1.96885274950286e-05
1.96881398645456e-05
1.96877522493257e-05
1.9687364649368e-05
1.96869770646717e-05
1.96865894952358e-05
1.96862019410595e-05
1.96858144021418e-05
1.96854268784819e-05
1.96850393700787e-05
1.96846518769316e-05
1.96842643990394e-05
1.96838769364014e-05
1.96834894890166e-05
1.96831020568842e-05
1.96827146400031e-05
1.96823272383727e-05
1.96819398519918e-05
1.96815524808597e-05
1.96811651249754e-05
1.9680777784338e-05
1.96803904589467e-05
1.96800031488005e-05
1.96796158538985e-05
1.96792285742399e-05
1.96788413098237e-05
1.9678454060649e-05
1.96780668267149e-05
1.96776796080206e-05
1.96772924045651e-05
1.96769052163476e-05
1.9676518043367e-05
1.96761308856227e-05
1.96757437431135e-05
1.96753566158387e-05
1.96749695037973e-05
1.96745824069884e-05
1.96741953254112e-05
1.96738082590647e-05
1.96734212079481e-05
1.96730341720604e-05
1.96726471514007e-05
1.96722601459682e-05
1.96718731557619e-05
1.9671486180781e-05
1.96710992210245e-05
1.96707122764915e-05
1.96703253471812e-05
1.96699384330927e-05
1.9669551534225e-05
1.96691646505773e-05
1.96687777821486e-05
1.96683909289381e-05
1.96680040909448e-05
1.9667617268168e-05
1.96672304606065e-05
1.96668436682597e-05
1.96664568911265e-05
1.96660701292061e-05
1.96656833824975e-05
1.9665296651e-05
1.96649099347125e-05
1.96645232336342e-05
1.96641365477642e-05
1.96637498771016e-05
1.96633632216454e-05
1.96629765813949e-05
1.96625899563491e-05
1.9662203346507e-05
1.96618167518679e-05
1.96614301724307e-05
1.96610436081947e-05
1.96606570591589e-05
1.96602705253224e-05
1.96598840066844e-05
1.96594975032438e-05
1.96591110149999e-05
1.96587245419517e-05
1.96583380840984e-05
1.9657951641439e-05
1.96575652139726e-05
1.96571788016984e-05
1.96567924046154e-05
1.96564060227228e-05
1.96560196560197e-05
1.96556333045051e-05
1.96552469681782e-05
1.9654860647038e-05
1.96544743410837e-05
1.96540880503145e-05
1.96537017747293e-05
1.96533155143273e-05
1.96529292691076e-05
1.96525430390693e-05
1.96521568242115e-05
1.96517706245333e-05
1.96513844400338e-05
1.96509982707122e-05
1.96506121165674e-05
1.96502259775987e-05
1.96498398538052e-05
1.96494537451859e-05
1.96490676517399e-05
1.96486815734664e-05
1.96482955103645e-05
1.96479094624332e-05
1.96475234296717e-05
1.96471374120791e-05
1.96467514096544e-05
1.96463654223969e-05
1.96459794503055e-05
1.96455934933794e-05
1.96452075516178e-05
1.96448216250196e-05
1.96444357135841e-05
1.96440498173103e-05
1.96436639361974e-05
1.96432780702444e-05
1.96428922194504e-05
1.96425063838146e-05
1.9642120563336e-05
1.96417347580138e-05
1.96413489678471e-05
1.9640963192835e-05
1.96405774329765e-05
1.96401916882709e-05
1.96398059587171e-05
1.96394202443144e-05
1.96390345450618e-05
1.96386488609584e-05
1.96382631920033e-05
1.96378775381957e-05
1.96374918995346e-05
1.96371062760192e-05
1.96367206676485e-05
1.96363350744217e-05
1.96359494963379e-05
1.96355639333962e-05
1.96351783855956e-05
1.96347928529354e-05
1.96344073354146e-05
1.96340218330323e-05
1.96336363457876e-05
1.96332508736797e-05
1.96328654167076e-05
1.96324799748704e-05
1.96320945481673e-05
1.96317091365974e-05
1.96313237401598e-05
1.96309383588536e-05
1.96305529926778e-05
1.96301676416317e-05
1.96297823057142e-05
1.96293969849246e-05
1.96290116792619e-05
1.96286263887253e-05
1.96282411133138e-05
1.96278558530266e-05
1.96274706078628e-05
1.96270853778214e-05
1.96267001629016e-05
1.96263149631025e-05
1.96259297784233e-05
1.96255446088629e-05
1.96251594544206e-05
1.96247743150954e-05
1.96243891908864e-05
1.96240040817929e-05
1.96236189878137e-05
1.96232339089482e-05
1.96228488451953e-05
1.96224637965543e-05
1.96220787630242e-05
1.9621693744604e-05
1.9621308741293e-05
1.96209237530903e-05
1.96205387799949e-05
1.9620153822006e-05
1.96197688791226e-05
1.96193839513439e-05
1.9618999038669e-05
1.96186141410971e-05
1.96182292586271e-05
1.96178443912583e-05
1.96174595389897e-05
1.96170747018205e-05
1.96166898797497e-05
1.96163050727765e-05
1.96159202809e-05
1.96155355041193e-05
1.96151507424335e-05
1.96147659958417e-05
1.9614381264343e-05
1.96139965479366e-05
1.96136118466216e-05
1.9613227160397e-05
1.9612842489262e-05
1.96124578332157e-05
1.96120731922572e-05
1.96116885663856e-05
1.96113039556e-05
1.96109193598996e-05
1.96105347792834e-05
1.96101502137506e-05
1.96097656633003e-05
1.96093811279316e-05
1.96089966076436e-05
1.96086121024354e-05
1.96082276123061e-05
1.96078431372549e-05
1.96074586772808e-05
1.9607074232383e-05
1.96066898025606e-05
1.96063053878127e-05
1.96059209881384e-05
1.96055366035368e-05
1.96051522340071e-05
1.96047678795483e-05
1.96043835401596e-05
1.960399921584e-05
1.96036149065888e-05
1.96032306124049e-05
1.96028463332876e-05
1.96024620692359e-05
1.96020778202489e-05
1.96016935863259e-05
1.96013093674657e-05
1.96009251636677e-05
1.96005409749309e-05
1.96001568012544e-05
1.95997726426373e-05
1.95993884990788e-05
1.9599004370578e-05
1.95986202571339e-05
1.95982361587457e-05
1.95978520754125e-05
1.95974680071335e-05
1.95970839539077e-05
1.95966999157342e-05
1.95963158926122e-05
1.95959318845408e-05
1.9595547891519e-05
1.95951639135461e-05
1.95947799506212e-05
1.95943960027432e-05
1.95940120699114e-05
1.95936281521249e-05
1.95932442493828e-05
1.95928603616842e-05
1.95924764890282e-05
1.9592092631414e-05
1.95917087888406e-05
1.95913249613071e-05
1.95909411488128e-05
1.95905573513566e-05
1.95901735689378e-05
1.95897898015554e-05
1.95894060492086e-05
1.95890223118964e-05
1.9588638589618e-05
1.95882548823725e-05
1.95878711901591e-05
1.95874875129767e-05
1.95871038508246e-05
1.95867202037019e-05
1.95863365716076e-05
1.9585952954541e-05
1.95855693525011e-05
1.9585185765487e-05
1.95848021934978e-05
1.95844186365328e-05
1.95840350945909e-05
1.95836515676713e-05
1.95832680557731e-05
1.95828845588955e-05
1.95825010770376e-05
1.95821176101984e-05
1.95817341583771e-05
1.95813507215728e-05
1.95809672997846e-05
1.95805838930117e-05
1.95802005012531e-05
1.95798171245081e-05
1.95794337627756e-05
1.95790504160548e-05
1.95786670843449e-05
1.95782837676449e-05
1.9577900465954e-05
1.95775171792713e-05
1.95771339075959e-05
1.9576750650927e-05
1.95763674092635e-05
1.95759841826048e-05
1.95756009709498e-05
1.95752177742977e-05
1.95748345926477e-05
1.95744514259988e-05
1.95740682743501e-05
1.95736851377009e-05
1.95733020160501e-05
1.9572918909397e-05
1.95725358177405e-05
1.957215274108e-05
1.95717696794144e-05
1.95713866327429e-05
1.95710036010647e-05
1.95706205843787e-05
1.95702375826843e-05
1.95698545959804e-05
1.95694716242661e-05
1.95690886675408e-05
1.95687057258033e-05
1.95683227990529e-05
1.95679398872887e-05
1.95675569905097e-05
1.95671741087152e-05
1.95667912419042e-05
1.95664083900759e-05
1.95660255532294e-05
1.95656427313637e-05
1.95652599244781e-05
1.95648771325716e-05
1.95644943556434e-05
1.95641115936925e-05
1.95637288467182e-05
1.95633461147195e-05
1.95629633976955e-05
1.95625806956454e-05
1.95621980085682e-05
1.95618153364632e-05
1.95614326793294e-05
1.9561050037166e-05
1.9560667409972e-05
1.95602847977467e-05
1.9559902200489e-05
1.95595196181982e-05
1.95591370508733e-05
1.95587544985135e-05
1.9558371961118e-05
1.95579894386857e-05
1.95576069312159e-05
1.95572244387077e-05
1.95568419611601e-05
1.95564594985724e-05
1.95560770509436e-05
1.95556946182728e-05
1.95553122005593e-05
1.9554929797802e-05
1.95545474100002e-05
1.95541650371529e-05
1.95537826792593e-05
1.95534003363185e-05
1.95530180083296e-05
1.95526356952917e-05
1.9552253397204e-05
1.95518711140656e-05
1.95514888458756e-05
1.95511065926331e-05
1.95507243543373e-05
1.95503421309873e-05
1.95499599225822e-05
1.95495777291211e-05
1.95491955506031e-05
1.95488133870274e-05
1.95484312383931e-05
1.95480491046994e-05
1.95476669859452e-05
1.95472848821299e-05
1.95469027932524e-05
1.9546520719312e-05
1.95461386603077e-05
1.95457566162386e-05
1.9545374587104e-05
1.95449925729028e-05
1.95446105736343e-05
1.95442285892976e-05
1.95438466198917e-05
1.95434646654159e-05
1.95430827258692e-05
1.95427008012507e-05
1.95423188915597e-05
1.95419369967951e-05
1.95415551169562e-05
1.95411732520421e-05
1.95407914020518e-05
1.95404095669845e-05
1.95400277468394e-05
1.95396459416155e-05
1.95392641513121e-05
1.95388823759281e-05
1.95385006154628e-05
1.95381188699152e-05
1.95377371392845e-05
1.95373554235699e-05
1.95369737227703e-05
1.95365920368851e-05
1.95362103659132e-05
1.95358287098539e-05
1.95354470687062e-05
1.95350654424692e-05
1.95346838311422e-05
1.95343022347242e-05
1.95339206532143e-05
1.95335390866117e-05
1.95331575349155e-05
1.95327759981249e-05
1.95323944762388e-05
1.95320129692566e-05
1.95316314771773e-05
1.953125e-05
1.95308685377239e-05
1.9530487090348e-05
1.95301056578716e-05
1.95297242402937e-05
1.95293428376135e-05
1.95289614498301e-05
1.95285800769426e-05
1.95281987189502e-05
1.95278173758519e-05
1.95274360476469e-05
1.95270547343344e-05
1.95266734359135e-05
1.95262921523832e-05
1.95259108837427e-05
1.95255296299912e-05
1.95251483911278e-05
1.95247671671515e-05
1.95243859580616e-05
1.95240047638572e-05
1.95236235845373e-05
1.95232424201011e-05
1.95228612705478e-05
1.95224801358765e-05
1.95220990160862e-05
1.95217179111762e-05
1.95213368211455e-05
1.95209557459933e-05
1.95205746857187e-05
1.95201936403209e-05
1.95198126097989e-05
1.9519431594152e-05
1.95190505933791e-05
1.95186696074796e-05
1.95182886364524e-05
1.95179076802967e-05
1.95175267390116e-05
1.95171458125964e-05
1.951676490105e-05
1.95163840043717e-05
1.95160031225605e-05
1.95156222556156e-05
1.95152414035362e-05
1.95148605663213e-05
1.951447974397e-05
1.95140989364816e-05
1.95137181438551e-05
1.95133373660897e-05
1.95129566031845e-05
1.95125758551386e-05
1.95121951219512e-05
1.95118144036214e-05
1.95114337001483e-05
1.9511053011531e-05
1.95106723377688e-05
1.95102916788606e-05
1.95099110348057e-05
1.95095304056031e-05
1.95091497912521e-05
1.95087691917517e-05
1.95083886071011e-05
1.95080080372993e-05
1.95076274823456e-05
1.9507246942239e-05
1.95068664169788e-05
1.95064859065639e-05
1.95061054109936e-05
1.9505724930267e-05
1.95053444643832e-05
1.95049640133414e-05
1.95045835771406e-05
1.95042031557801e-05
1.95038227492589e-05
1.95034423575761e-05
1.9503061980731e-05
1.95026816187226e-05
1.950230127155e-05
1.95019209392125e-05
1.95015406217091e-05
1.9501160319039e-05
1.95007800312012e-05
1.9500399758195e-05
1.95000195000195e-05
1.94996392566738e-05
1.94992590281569e-05
1.94988788144682e-05
1.94984986156066e-05
1.94981184315714e-05
1.94977382623616e-05
1.94973581079764e-05
1.94969779684149e-05
1.94965978436763e-05
1.94962177337596e-05
1.94958376386641e-05
1.94954575583889e-05
1.9495077492933e-05
1.94946974422957e-05
1.9494317406476e-05
1.94939373854731e-05
1.94935573792861e-05
1.94931773879142e-05
1.94927974113565e-05
1.94924174496121e-05
1.94920375026802e-05
1.94916575705598e-05
1.94912776532502e-05
1.94908977507504e-05
1.94905178630596e-05
1.9490137990177e-05
1.94897581321016e-05
1.94893782888326e-05
1.94889984603691e-05
1.94886186467103e-05
1.94882388478553e-05
1.94878590638032e-05
1.94874792945532e-05
1.94870995401045e-05
1.9486719800456e-05
1.9486340075607e-05
1.94859603655566e-05
1.9485580670304e-05
1.94852009898482e-05
1.94848213241885e-05
1.94844416733239e-05
1.94840620372535e-05
1.94836824159766e-05
1.94833028094923e-05
1.94829232177996e-05
1.94825436408978e-05
1.94821640787859e-05
1.94817845314631e-05
1.94814049989285e-05
1.94810254811813e-05
1.94806459782206e-05
1.94802664900456e-05
1.94798870166553e-05
1.94795075580489e-05
1.94791281142256e-05
1.94787486851845e-05
1.94783692709246e-05
1.94779898714453e-05
1.94776104867455e-05
1.94772311168244e-05
1.94768517616812e-05
1.94764724213151e-05
1.9476093095725e-05
1.94757137849102e-05
1.94753344888698e-05
1.9474955207603e-05
1.94745759411089e-05
1.94741966893866e-05
1.94738174524352e-05
1.94734382302539e-05
1.94730590228419e-05
1.94726798301982e-05
1.94723006523221e-05
1.94719214892126e-05
1.94715423408688e-05
1.947116320729e-05
1.94707840884752e-05
1.94704049844237e-05
1.94700258951344e-05
1.94696468206067e-05
1.94692677608395e-05
1.94688887158321e-05
1.94685096855836e-05
1.94681306700931e-05
1.94677516693597e-05
1.94673726833827e-05
1.9466993712161e-05
1.9466614755694e-05
1.94662358139807e-05
1.94658568870202e-05
1.94654779748117e-05
1.94650990773543e-05
1.94647201946472e-05
1.94643413266895e-05
1.94639624734803e-05
1.94635836350189e-05
1.94632048113042e-05
1.94628260023355e-05
1.94624472081119e-05
1.94620684286326e-05
1.94616896638966e-05
1.94613109139032e-05
1.94609321786514e-05
1.94605534581404e-05
1.94601747523693e-05
1.94597960613373e-05
1.94594173850435e-05
1.94590387234871e-05
1.94586600766671e-05
1.94582814445828e-05
1.94579028272333e-05
1.94575242246177e-05
1.94571456367351e-05
1.94567670635847e-05
1.94563885051657e-05
1.94560099614771e-05
1.94556314325181e-05
1.94552529182879e-05
1.94548744187856e-05
1.94544959340104e-05
1.94541174639612e-05
1.94537390086375e-05
1.94533605680381e-05
1.94529821421624e-05
1.94526037310094e-05
1.94522253345783e-05
1.94518469528682e-05
1.94514685858782e-05
1.94510902336076e-05
1.94507118960554e-05
1.94503335732208e-05
1.94499552651029e-05
1.94495769717009e-05
1.94491986930138e-05
1.9448820429041e-05
1.94484421797814e-05
1.94480639452343e-05
1.94476857253987e-05
1.94473075202738e-05
1.94469293298588e-05
1.94465511541528e-05
1.94461729931549e-05
1.94457948468644e-05
1.94454167152802e-05
1.94450385984016e-05
1.94446604962277e-05
1.94442824087577e-05
1.94439043359907e-05
1.94435262779258e-05
1.94431482345621e-05
1.94427702058989e-05
1.94423921919353e-05
1.94420141926704e-05
1.94416362081033e-05
1.94412582382332e-05
1.94408802830592e-05
1.94405023425805e-05
1.94401244167963e-05
1.94397465057056e-05
1.94393686093076e-05
1.94389907276014e-05
1.94386128605863e-05
1.94382350082612e-05
1.94378571706255e-05
1.94374793476782e-05
1.94371015394184e-05
1.94367237458454e-05
1.94363459669582e-05
1.9435968202756e-05
1.9435590453238e-05
1.94352127184032e-05
1.94348349982509e-05
1.94344572927801e-05
1.943407960199e-05
1.94337019258799e-05
1.94333242644487e-05
1.94329466176956e-05
1.94325689856199e-05
1.94321913682206e-05
1.94318137654969e-05
1.94314361774479e-05
1.94310586040728e-05
1.94306810453706e-05
1.94303035013407e-05
1.9429925971982e-05
1.94295484572939e-05
1.94291709572753e-05
1.94287934719254e-05
1.94284160012434e-05
1.94280385452285e-05
1.94276611038797e-05
1.94272836771963e-05
1.94269062651773e-05
1.94265288678219e-05
1.94261514851293e-05
1.94257741170986e-05
1.94253967637289e-05
1.94250194250194e-05
1.94246421009693e-05
1.94242647915776e-05
1.94238874968436e-05
1.94235102167664e-05
1.94231329513451e-05
1.94227557005788e-05
1.94223784644668e-05
1.94220012430081e-05
1.94216240362019e-05
1.94212468440474e-05
1.94208696665437e-05
1.94204925036899e-05
1.94201153554852e-05
1.94197382219288e-05
1.94193611030197e-05
1.94189839987572e-05
1.94186069091403e-05
1.94182298341683e-05
1.94178527738403e-05
1.94174757281553e-05
1.94170986971127e-05
1.94167216807114e-05
1.94163446789507e-05
1.94159676918298e-05
1.94155907193476e-05
1.94152137615035e-05
1.94148368182965e-05
1.94144598897259e-05
1.94140829757906e-05
1.941370607649e-05
1.94133291918231e-05
1.94129523217891e-05
1.94125754663871e-05
1.94121986256163e-05
1.94118217994759e-05
1.94114449879649e-05
1.94110681910826e-05
1.9410691408828e-05
1.94103146412003e-05
1.94099378881988e-05
1.94095611498224e-05
1.94091844260704e-05
1.94088077169419e-05
1.94084310224361e-05
1.94080543425522e-05
1.94076776772891e-05
1.94073010266462e-05
1.94069243906226e-05
1.94065477692173e-05
1.94061711624297e-05
1.94057945702587e-05
1.94054179927036e-05
1.94050414297635e-05
1.94046648814375e-05
1.94042883477248e-05
1.94039118286247e-05
1.94035353241361e-05
1.94031588342582e-05
1.94027823589903e-05
1.94024058983314e-05
1.94020294522807e-05
1.94016530208374e-05
1.94012766040005e-05
1.94009002017694e-05
1.9400523814143e-05
1.94001474411206e-05
1.93997710827012e-05
1.93993947388841e-05
1.93990184096685e-05
1.93986420950533e-05
1.93982657950379e-05
1.93978895096214e-05
1.93975132388028e-05
1.93971369825814e-05
1.93967607409563e-05
1.93963845139266e-05
1.93960083014916e-05
1.93956321036503e-05
1.93952559204019e-05
1.93948797517455e-05
1.93945035976804e-05
1.93941274582057e-05
1.93937513333204e-05
1.93933752230238e-05
1.9392999127315e-05
1.93926230461932e-05
1.93922469796575e-05
1.93918709277071e-05
1.93914948903411e-05
1.93911188675587e-05
1.93907428593589e-05
1.93903668657411e-05
1.93899908867043e-05
1.93896149222476e-05
1.93892389723703e-05
1.93888630370715e-05
1.93884871163503e-05
1.93881112102059e-05
1.93877353186374e-05
1.9387359441644e-05
1.93869835792249e-05
1.93866077313792e-05
1.9386231898106e-05
1.93858560794045e-05
1.93854802752738e-05
1.93851044857132e-05
1.93847287107217e-05
1.93843529502985e-05
1.93839772044428e-05
1.93836014731537e-05
1.93832257564304e-05
1.9382850054272e-05
1.93824743666777e-05
1.93820986936465e-05
1.93817230351778e-05
1.93813473912706e-05
1.93809717619241e-05
1.93805961471375e-05
1.93802205469098e-05
1.93798449612403e-05
1.93794693901281e-05
1.93790938335723e-05
1.93787182915722e-05
1.93783427641268e-05
1.93779672512353e-05
1.93775917528969e-05
1.93772162691108e-05
1.9376840799876e-05
1.93764653451917e-05
1.93760899050572e-05
1.93757144794714e-05
1.93753390684337e-05
1.93749636719431e-05
1.93745882899988e-05
1.93742129226e-05
1.93738375697458e-05
1.93734622314354e-05
1.93730869076679e-05
1.93727115984424e-05
1.93723363037582e-05
1.93719610236144e-05
1.93715857580102e-05
1.93712105069446e-05
1.93708352704169e-05
1.93704600484262e-05
1.93700848409716e-05
1.93697096480524e-05
1.93693344696676e-05
1.93689593058165e-05
1.93685841564982e-05
1.93682090217118e-05
1.93678339014565e-05
1.93674587957314e-05
1.93670837045358e-05
1.93667086278687e-05
1.93663335657293e-05
1.93659585181169e-05
1.93655834850304e-05
1.93652084664691e-05
1.93648334624322e-05
1.93644584729188e-05
1.9364083497928e-05
1.93637085374591e-05
1.93633335915111e-05
1.93629586600833e-05
1.93625837431747e-05
1.93622088407846e-05
1.9361833952912e-05
1.93614590795562e-05
1.93610842207164e-05
1.93607093763916e-05
1.9360334546581e-05
1.93599597312838e-05
1.93595849304991e-05
1.93592101442261e-05
1.9358835372464e-05
1.93584606152119e-05
1.93580858724689e-05
1.93577111442343e-05
1.93573364305072e-05
1.93569617312867e-05
1.93565870465719e-05
1.93562123763622e-05
1.93558377206565e-05
1.93554630794542e-05
1.93550884527542e-05
1.93547138405559e-05
1.93543392428582e-05
1.93539646596605e-05
1.93535900909619e-05
1.93532155367614e-05
1.93528409970584e-05
1.93524664718518e-05
1.9352091961141e-05
1.9351717464925e-05
1.9351342983203e-05
1.93509685159742e-05
1.93505940632377e-05
1.93502196249927e-05
1.93498452012384e-05
1.93494707919738e-05
1.93490963971983e-05
1.93487220169108e-05
1.93483476511106e-05
1.93479732997968e-05
1.93475989629687e-05
1.93472246406253e-05
1.93468503327658e-05
1.93464760393894e-05
1.93461017604953e-05
1.93457274960825e-05
1.93453532461503e-05
1.93449790106978e-05
1.93446047897241e-05
1.93442305832286e-05
1.93438563912102e-05
1.93434822136681e-05
1.93431080506016e-05
1.93427339020097e-05
1.93423597678917e-05
1.93419856482466e-05
1.93416115430738e-05
1.93412374523722e-05
1.93408633761411e-05
1.93404893143797e-05
1.9340115267087e-05
1.93397412342623e-05
1.93393672159047e-05
1.93389932120134e-05
1.93386192225875e-05
1.93382452476262e-05
1.93378712871287e-05
1.93374973410941e-05
1.93371234095216e-05
1.93367494924103e-05
1.93363755897595e-05
1.93360017015681e-05
1.93356278278356e-05
1.93352539685609e-05
1.93348801237432e-05
1.93345062933818e-05
1.93341324774757e-05
1.93337586760242e-05
1.93333848890264e-05
1.93330111164814e-05
1.93326373583884e-05
1.93322636147467e-05
1.93318898855552e-05
1.93315161708133e-05
1.933114247052e-05
1.93307687846746e-05
1.93303951132761e-05
1.93300214563238e-05
1.93296478138168e-05
1.93292741857543e-05
1.93289005721355e-05
1.93285269729594e-05
1.93281533882253e-05
1.93277798179323e-05
1.93274062620796e-05
1.93270327206664e-05
1.93266591936918e-05
1.93262856811549e-05
1.9325912183055e-05
1.93255386993912e-05
1.93251652301627e-05
1.93247917753686e-05
1.93244183350081e-05
1.93240449090804e-05
1.93236714975845e-05
1.93232981005198e-05
1.93229247178853e-05
1.93225513496802e-05
1.93221779959037e-05
1.93218046565549e-05
1.9321431331633e-05
1.93210580211372e-05
1.93206847250667e-05
1.93203114434205e-05
1.93199381761978e-05
1.93195649233979e-05
1.93191916850199e-05
1.93188184610629e-05
1.93184452515262e-05
1.93180720564088e-05
1.93176988757099e-05
1.93173257094288e-05
1.93169525575645e-05
1.93165794201163e-05
1.93162062970833e-05
1.93158331884646e-05
1.93154600942594e-05
1.9315087014467e-05
1.93147139490864e-05
1.93143408981169e-05
1.93139678615575e-05
1.93135948394075e-05
1.9313221831666e-05
1.93128488383321e-05
1.93124758594052e-05
1.93121028948842e-05
1.93117299447685e-05
1.9311357009057e-05
1.93109840877491e-05
1.93106111808439e-05
1.93102382883405e-05
1.93098654102381e-05
1.93094925465359e-05
1.9309119697233e-05
1.93087468623286e-05
1.93083740418219e-05
1.93080012357121e-05
1.93076284439982e-05
1.93072556666795e-05
1.93068829037552e-05
1.93065101552243e-05
1.93061374210862e-05
1.93057647013398e-05
1.93053919959845e-05
1.93050193050193e-05
1.93046466284435e-05
1.93042739662561e-05
1.93039013184565e-05
1.93035286850436e-05
1.93031560660168e-05
1.93027834613751e-05
1.93024108711178e-05
1.9302038295244e-05
1.93016657337528e-05
1.93012931866435e-05
1.93009206539152e-05
1.93005481355671e-05
1.93001756315982e-05
1.9299803142008e-05
1.92994306667953e-05
1.92990582059595e-05
1.92986857594998e-05
1.92983133274152e-05
1.92979409097049e-05
1.92975685063682e-05
1.92971961174041e-05
1.92968237428119e-05
1.92964513825907e-05
1.92960790367397e-05
1.92957067052581e-05
1.92953343881449e-05
1.92949620853995e-05
1.92945897970209e-05
1.92942175230084e-05
1.9293845263361e-05
1.9293473018078e-05
1.92931007871585e-05
1.92927285706017e-05
1.92923563684068e-05
1.9291984180573e-05
1.92916120070993e-05
1.9291239847985e-05
1.92908677032293e-05
1.92904955728313e-05
1.92901234567901e-05
1.9289751355105e-05
1.92893792677752e-05
1.92890071947997e-05
1.92886351361778e-05
1.92882630919086e-05
1.92878910619913e-05
1.92875190464251e-05
1.92871470452091e-05
1.92867750583425e-05
1.92864030858245e-05
1.92860311276542e-05
1.92856591838309e-05
1.92852872543537e-05
1.92849153392217e-05
1.92845434384341e-05
1.92841715519901e-05
1.92837996798889e-05
1.92834278221297e-05
1.92830559787115e-05
1.92826841496336e-05
1.92823123348952e-05
1.92819405344954e-05
1.92815687484334e-05
1.92811969767083e-05
1.92808252193194e-05
1.92804534762658e-05
1.92800817475466e-05
1.92797100331611e-05
1.92793383331084e-05
1.92789666473877e-05
1.92785949759982e-05
1.92782233189389e-05
1.92778516762092e-05
1.92774800478082e-05
1.92771084337349e-05
1.92767368339887e-05
1.92763652485687e-05
1.92759936774741e-05
1.92756221207039e-05
1.92752505782575e-05
1.9274879050134e-05
1.92745075363324e-05
1.92741360368521e-05
1.92737645516922e-05
1.92733930808519e-05
1.92730216243303e-05
1.92726501821265e-05
1.92722787542399e-05
1.92719073406695e-05
1.92715359414145e-05
1.92711645564741e-05
1.92707931858475e-05
1.92704218295338e-05
1.92700504875323e-05
1.9269679159842e-05
1.92693078464622e-05
1.92689365473919e-05
1.92685652626305e-05
1.92681939921771e-05
1.92678227360308e-05
1.92674514941909e-05
1.92670802666564e-05
1.92667090534266e-05
1.92663378545006e-05
1.92659666698777e-05
1.92655954995569e-05
1.92652243435375e-05
1.92648532018186e-05
1.92644820743994e-05
1.92641109612791e-05
1.92637398624569e-05
1.92633687779319e-05
1.92629977077033e-05
1.92626266517702e-05
1.92622556101319e-05
1.92618845827876e-05
1.92615135697363e-05
1.92611425709773e-05
1.92607715865098e-05
1.92604006163328e-05
1.92600296604457e-05
1.92596587188475e-05
1.92592877915375e-05
1.92589168785148e-05
1.92585459797785e-05
1.9258175095328e-05
1.92578042251622e-05
1.92574333692805e-05
1.9257062527682e-05
1.92566917003659e-05
1.92563208873313e-05
1.92559500885774e-05
1.92555793041034e-05
1.92552085339084e-05
1.92548377779917e-05
1.92544670363524e-05
1.92540963089897e-05
1.92537255959028e-05
1.92533548970908e-05
1.92529842125529e-05
1.92526135422884e-05
1.92522428862963e-05
1.92518722445758e-05
1.92515016171261e-05
1.92511310039465e-05
1.9250760405036e-05
1.92503898203939e-05
1.92500192500192e-05
1.92496486939113e-05
1.92492781520693e-05
1.92489076244923e-05
1.92485371111796e-05
1.92481666121302e-05
1.92477961273434e-05
1.92474256568184e-05
1.92470552005543e-05
1.92466847585503e-05
1.92463143308057e-05
1.92459439173194e-05
1.92455735180908e-05
1.92452031331191e-05
1.92448327624033e-05
1.92444624059427e-05
1.92440920637364e-05
1.92437217357837e-05
1.92433514220837e-05
1.92429811226355e-05
1.92426108374384e-05
1.92422405664916e-05
1.92418703097941e-05
1.92415000673453e-05
1.92411298391442e-05
1.924075962519e-05
1.9240389425482e-05
1.92400192400192e-05
1.9239649068801e-05
1.92392789118264e-05
1.92389087690946e-05
1.92385386406049e-05
1.92381685263563e-05
1.92377984263481e-05
1.92374283405794e-05
1.92370582690495e-05
1.92366882117575e-05
1.92363181687025e-05
1.92359481398838e-05
1.92355781253006e-05
1.92352081249519e-05
1.92348381388371e-05
1.92344681669552e-05
1.92340982093055e-05
1.92337282658871e-05
1.92333583366992e-05
1.9232988421741e-05
1.92326185210116e-05
1.92322486345103e-05
1.92318787622363e-05
1.92315089041886e-05
1.92311390603665e-05
1.92307692307692e-05
1.92303994153959e-05
1.92300296142456e-05
1.92296598273177e-05
1.92292900546112e-05
1.92289202961254e-05
1.92285505518594e-05
1.92281808218124e-05
1.92278111059837e-05
1.92274414043723e-05
1.92270717169775e-05
1.92267020437984e-05
1.92263323848343e-05
1.92259627400842e-05
1.92255931095474e-05
1.92252234932231e-05
1.92248538911104e-05
1.92244843032086e-05
1.92241147295167e-05
1.9223745170034e-05
1.92233756247597e-05
1.92230060936929e-05
1.92226365768329e-05
1.92222670741787e-05
1.92218975857297e-05
1.92215281114849e-05
1.92211586514435e-05
1.92207892056048e-05
1.92204197739679e-05
1.92200503565319e-05
1.92196809532962e-05
1.92193115642598e-05
1.92189421894219e-05
1.92185728287817e-05
1.92182034823385e-05
1.92178341500913e-05
1.92174648320394e-05
1.92170955281819e-05
1.9216726238518e-05
1.92163569630469e-05
1.92159877017679e-05
1.921561845468e-05
1.92152492217824e-05
1.92148800030744e-05
1.92145107985551e-05
1.92141416082237e-05
1.92137724320793e-05
1.92134032701212e-05
1.92130341223486e-05
1.92126649887606e-05
1.92122958693564e-05
1.92119267641352e-05
1.92115576730961e-05
1.92111885962384e-05
1.92108195335613e-05
1.92104504850639e-05
1.92100814507453e-05
1.92097124306049e-05
1.92093434246417e-05
1.9208974432855e-05
1.9208605455244e-05
1.92082364918077e-05
1.92078675425454e-05
1.92074986074564e-05
1.92071296865396e-05
1.92067607797945e-05
1.92063918872201e-05
1.92060230088156e-05
1.92056541445802e-05
1.92052852945131e-05
1.92049164586134e-05
1.92045476368804e-05
1.92041788293133e-05
1.92038100359111e-05
1.92034412566732e-05
1.92030724915987e-05
1.92027037406867e-05
1.92023350039365e-05
1.92019662813472e-05
1.92015975729181e-05
1.92012288786482e-05
1.92008601985369e-05
1.92004915325832e-05
1.92001228807864e-05
1.91997542431457e-05
1.91993856196602e-05
1.91990170103291e-05
1.91986484151516e-05
1.91982798341269e-05
1.91979112672541e-05
1.91975427145325e-05
1.91971741759613e-05
1.91968056515396e-05
1.91964371412666e-05
1.91960686451415e-05
1.91957001631635e-05
1.91953316953317e-05
1.91949632416454e-05
1.91945948021037e-05
1.91942263767059e-05
1.91938579654511e-05
1.91934895683384e-05
1.91931211853672e-05
1.91927528165365e-05
1.91923844618455e-05
1.91920161212935e-05
1.91916477948797e-05
1.91912794826031e-05
1.9190911184463e-05
1.91905429004587e-05
1.91901746305891e-05
1.91898063748537e-05
1.91894381332515e-05
1.91890699057817e-05
1.91887016924435e-05
1.91883334932361e-05
1.91879653081587e-05
1.91875971372105e-05
1.91872289803907e-05
1.91868608376983e-05
1.91864927091328e-05
1.91861245946931e-05
1.91857564943786e-05
1.91853884081883e-05
1.91850203361216e-05
1.91846522781775e-05
1.91842842343552e-05
1.9183916204654e-05
1.9183548189073e-05
1.91831801876115e-05
1.91828122002686e-05
1.91824442270434e-05
1.91820762679352e-05
1.91817083229432e-05
1.91813403920666e-05
1.91809724753045e-05
1.91806045726561e-05
1.91802366841207e-05
1.91798688096973e-05
1.91795009493853e-05
1.91791331031837e-05
1.91787652710918e-05
1.91783974531088e-05
1.91780296492338e-05
1.91776618594661e-05
1.91772940838048e-05
1.91769263222491e-05
1.91765585747982e-05
1.91761908414513e-05
1.91758231222075e-05
1.91754554170662e-05
1.91750877260263e-05
1.91747200490873e-05
1.91743523862482e-05
1.91739847375081e-05
1.91736171028665e-05
1.91732494823223e-05
1.91728818758748e-05
1.91725142835231e-05
1.91721467052666e-05
1.91717791411043e-05
1.91714115910354e-05
1.91710440550592e-05
1.91706765331749e-05
1.91703090253815e-05
1.91699415316783e-05
1.91695740520646e-05
1.91692065865394e-05
1.9168839135102e-05
1.91684716977515e-05
1.91681042744873e-05
1.91677368653083e-05
1.91673694702139e-05
1.91670020892032e-05
1.91666347222755e-05
1.91662673694298e-05
1.91659000306654e-05
1.91655327059816e-05
1.91651653953774e-05
1.9164798098852e-05
1.91644308164048e-05
1.91640635480347e-05
1.91636962937411e-05
1.91633290535232e-05
1.916296182738e-05
1.91625946153109e-05
1.9162227417315e-05
1.91618602333915e-05
1.91614930635395e-05
1.91611259077583e-05
1.91607587660471e-05
1.91603916384051e-05
1.91600245248314e-05
1.91596574253252e-05
1.91592903398858e-05
1.91589232685123e-05
1.91585562112039e-05
1.91581891679598e-05
1.91578221387793e-05
1.91574551236614e-05
1.91570881226054e-05
1.91567211356104e-05
1.91563541626758e-05
1.91559872038005e-05
1.9155620258984e-05
1.91552533282253e-05
1.91548864115236e-05
1.91545195088781e-05
1.91541526202881e-05
1.91537857457526e-05
1.9153418885271e-05
1.91530520388424e-05
1.91526852064659e-05
1.91523183881409e-05
1.91519515838664e-05
1.91515847936417e-05
1.91512180174659e-05
1.91508512553383e-05
1.9150484507258e-05
1.91501177732243e-05
1.91497510532363e-05
1.91493843472932e-05
1.91490176553943e-05
1.91486509775386e-05
1.91482843137255e-05
1.9147917663954e-05
1.91475510282235e-05
1.9147184406533e-05
1.91468177988818e-05
1.91464512052691e-05
1.9146084625694e-05
1.91457180601558e-05
1.91453515086537e-05
1.91449849711868e-05
1.91446184477543e-05
1.91442519383555e-05
1.91438854429895e-05
1.91435189616555e-05
1.91431524943528e-05
1.91427860410804e-05
1.91424196018377e-05
1.91420531766237e-05
1.91416867654378e-05
1.9141320368279e-05
1.91409539851466e-05
1.91405876160398e-05
1.91402212609578e-05
1.91398549198997e-05
1.91394885928648e-05
1.91391222798522e-05
1.91387559808612e-05
1.9138389695891e-05
1.91380234249407e-05
1.91376571680095e-05
1.91372909250966e-05
1.91369246962013e-05
1.91365584813227e-05
1.913619228046e-05
1.91358260936125e-05
1.91354599207792e-05
1.91350937619594e-05
1.91347276171524e-05
1.91343614863572e-05
1.91339953695731e-05
1.91336292667993e-05
1.9133263178035e-05
1.91328971032794e-05
1.91325310425316e-05
1.91321649957909e-05
1.91317989630565e-05
1.91314329443275e-05
1.91310669396032e-05
1.91307009488828e-05
1.91303349721654e-05
1.91299690094502e-05
1.91296030607365e-05
1.91292371260234e-05
1.91288712053102e-05
1.9128505298596e-05
1.912813940588e-05
1.91277735271614e-05
1.91274076624395e-05
1.91270418117134e-05
1.91266759749823e-05
1.91263101522454e-05
1.9125944343502e-05
1.91255785487511e-05
1.9125212767992e-05
1.9124847001224e-05
1.91244812484461e-05
1.91241155096577e-05
1.91237497848578e-05
1.91233840740457e-05
1.91230183772207e-05
1.91226526943818e-05
1.91222870255283e-05
1.91219213706593e-05
1.91215557297742e-05
1.9121190102872e-05
1.9120824489952e-05
1.91204588910134e-05
1.91200933060553e-05
1.91197277350771e-05
1.91193621780777e-05
1.91189966350566e-05
1.91186311060128e-05
1.91182655909456e-05
1.91179000898541e-05
1.91175346027376e-05
1.91171691295953e-05
1.91168036704263e-05
1.91164382252299e-05
1.91160727940052e-05
1.91157073767515e-05
1.91153419734679e-05
1.91149765841537e-05
1.9114611208808e-05
1.91142458474301e-05
1.91138805000191e-05
1.91135151665743e-05
1.91131498470948e-05
1.91127845415799e-05
1.91124192500287e-05
1.91120539724404e-05
1.91116887088143e-05
1.91113234591495e-05
1.91109582234453e-05
1.91105930017008e-05
1.91102277939153e-05
1.91098626000879e-05
1.91094974202178e-05
1.91091322543043e-05
1.91087671023466e-05
1.91084019643437e-05
1.9108036840295e-05
1.91076717301997e-05
1.91073066340569e-05
1.91069415518658e-05
1.91065764836257e-05
1.91062114293357e-05
1.9105846388995e-05
1.91054813626029e-05
1.91051163501586e-05
1.91047513516612e-05
1.91043863671099e-05
1.9104021396504e-05
1.91036564398426e-05
1.9103291497125e-05
1.91029265683503e-05
1.91025616535177e-05
1.91021967526266e-05
1.91018318656759e-05
1.9101466992665e-05
1.91011021335931e-05
1.91007372884593e-05
1.91003724572629e-05
1.91000076400031e-05
1.9099642836679e-05
1.90992780472898e-05
1.90989132718348e-05
1.90985485103132e-05
1.90981837627242e-05
1.90978190290669e-05
1.90974543093406e-05
1.90970896035444e-05
1.90967249116776e-05
1.90963602337394e-05
1.9095995569729e-05
1.90956309196456e-05
1.90952662834883e-05
1.90949016612564e-05
1.90945370529492e-05
1.90941724585656e-05
1.90938078781051e-05
1.90934433115668e-05
1.90930787589499e-05
1.90927142202535e-05
1.9092349695477e-05
1.90919851846195e-05
1.90916206876802e-05
1.90912562046583e-05
1.9090891735553e-05
1.90905272803635e-05
1.9090162839089e-05
1.90897984117288e-05
1.90894339982819e-05
1.90890695987478e-05
1.90887052131254e-05
1.90883408414141e-05
1.9087976483613e-05
1.90876121397213e-05
1.90872478097383e-05
1.90868834936632e-05
1.9086519191495e-05
1.90861549032332e-05
1.90857906288768e-05
1.90854263684251e-05
1.90850621218772e-05
1.90846978892324e-05
1.90843336704899e-05
1.90839694656489e-05
1.90836052747085e-05
1.9083241097668e-05
1.90828769345267e-05
1.90825127852836e-05
1.9082148649938e-05
1.90817845284891e-05
1.90814204209361e-05
1.90810563272783e-05
1.90806922475147e-05
1.90803281816447e-05
1.90799641296674e-05
1.90796000915821e-05
1.90792360673879e-05
1.9078872057084e-05
1.90785080606697e-05
1.90781440781441e-05
1.90777801095065e-05
1.9077416154756e-05
1.90770522138919e-05
1.90766882869134e-05
1.90763243738197e-05
1.90759604746099e-05
1.90755965892833e-05
1.90752327178392e-05
1.90748688602766e-05
1.90745050165948e-05
1.90741411867931e-05
1.90737773708705e-05
1.90734135688264e-05
1.90730497806599e-05
1.90726860063703e-05
1.90723222459567e-05
1.90719584994183e-05
1.90715947667544e-05
1.90712310479641e-05
1.90708673430468e-05
1.90705036520015e-05
1.90701399748274e-05
1.90697763115239e-05
1.906941266209e-05
1.9069049026525e-05
1.90686854048282e-05
1.90683217969986e-05
1.90679582030356e-05
1.90675946229383e-05
1.90672310567059e-05
1.90668675043377e-05
1.90665039658328e-05
1.90661404411905e-05
1.90657769304099e-05
1.90654134334903e-05
1.90650499504309e-05
1.90646864812308e-05
1.90643230258894e-05
1.90639595844057e-05
1.9063596156779e-05
1.90632327430086e-05
1.90628693430935e-05
1.90625059570331e-05
1.90621425848265e-05
1.9061779226473e-05
1.90614158819717e-05
1.90610525513219e-05
1.90606892345227e-05
1.90603259315734e-05
1.90599626424732e-05
1.90595993672213e-05
1.90592361058169e-05
1.90588728582592e-05
1.90585096245474e-05
1.90581464046807e-05
1.90577831986583e-05
1.90574200064795e-05
1.90570568281435e-05
1.90566936636494e-05
1.90563305129964e-05
1.90559673761839e-05
1.90556042532109e-05
1.90552411440767e-05
1.90548780487805e-05
1.90545149673215e-05
1.90541518996989e-05
1.9053788845912e-05
1.90534258059599e-05
1.90530627798419e-05
1.90526997675571e-05
1.90523367691047e-05
1.90519737844841e-05
1.90516108136943e-05
1.90512478567346e-05
1.90508849136042e-05
1.90505219843024e-05
1.90501590688282e-05
1.9049796167181e-05
1.90494332793599e-05
1.90490704053642e-05
1.90487075451931e-05
1.90483446988457e-05
1.90479818663213e-05
1.9047619047619e-05
1.90472562427382e-05
1.9046893451678e-05
1.90465306744377e-05
1.90461679110163e-05
1.90458051614132e-05
1.90454424256275e-05
1.90450797036586e-05
1.90447169955054e-05
1.90443543011674e-05
1.90439916206437e-05
1.90436289539335e-05
1.9043266301036e-05
1.90429036619504e-05
1.90425410366759e-05
1.90421784252118e-05
1.90418158275573e-05
1.90414532437116e-05
1.90410906736738e-05
1.90407281174432e-05
1.9040365575019e-05
1.90400030464005e-05
1.90396405315868e-05
1.90392780305771e-05
1.90389155433706e-05
1.90385530699667e-05
1.90381906103644e-05
1.9037828164563e-05
1.90374657325617e-05
1.90371033143597e-05
1.90367409099562e-05
1.90363785193505e-05
1.90360161425417e-05
1.90356537795291e-05
1.90352914303118e-05
1.90349290948891e-05
1.90345667732602e-05
1.90342044654244e-05
1.90338421713807e-05
1.90334798911285e-05
1.90331176246669e-05
1.90327553719952e-05
1.90323931331126e-05
1.90320309080182e-05
1.90316686967113e-05
1.90313064991912e-05
1.90309443154569e-05
1.90305821455078e-05
1.90302199893431e-05
1.90298578469619e-05
1.90294957183635e-05
1.9029133603547e-05
1.90287715025118e-05
1.9028409415257e-05
1.90280473417818e-05
1.90276852820854e-05
1.90273232361671e-05
1.90269612040261e-05
1.90265991856616e-05
1.90262371810727e-05
1.90258751902588e-05
1.90255132132189e-05
1.90251512499524e-05
1.90247893004585e-05
1.90244273647363e-05
1.90240654427851e-05
1.90237035346041e-05
1.90233416401925e-05
1.90229797595495e-05
1.90226178926744e-05
1.90222560395663e-05
1.90218942002245e-05
1.90215323746481e-05
1.90211705628364e-05
1.90208087647887e-05
1.9020446980504e-05
1.90200852099817e-05
1.9019723453221e-05
1.9019361710221e-05
1.9018999980981e-05
1.90186382655002e-05
1.90182765637778e-05
1.9017914875813e-05
1.90175532016051e-05
1.90171915411532e-05
1.90168298944566e-05
1.90164682615145e-05
1.9016106642326e-05
1.90157450368905e-05
1.90153834452072e-05
1.90150218672751e-05
1.90146603030937e-05
1.9014298752662e-05
1.90139372159793e-05
1.90135756930448e-05
1.90132141838578e-05
1.90128526884174e-05
1.90124912067228e-05
1.90121297387733e-05
1.90117682845681e-05
1.90114068441065e-05
1.90110454173875e-05
1.90106840044105e-05
1.90103226051746e-05
1.90099612196791e-05
1.90095998479232e-05
1.90092384899061e-05
1.9008877145627e-05
1.90085158150852e-05
1.90081544982798e-05
1.900779319521e-05
1.90074319058752e-05
1.90070706302745e-05
1.9006709368407e-05
1.90063481202722e-05
1.9005986885869e-05
1.90056256651969e-05
1.90052644582549e-05
1.90049032650424e-05
1.90045420855584e-05
1.90041809198024e-05
1.90038197677733e-05
1.90034586294706e-05
1.90030975048933e-05
1.90027363940407e-05
1.90023752969121e-05
1.90020142135066e-05
1.90016531438235e-05
1.9001292087862e-05
1.90009310456212e-05
1.90005700171005e-05
1.9000209002299e-05
1.8999848001216e-05
1.89994870138506e-05
1.89991260402022e-05
1.89987650802698e-05
1.89984041340527e-05
1.89980432015502e-05
1.89976822827615e-05
1.89973213776857e-05
1.89969604863222e-05
1.899659960867e-05
1.89962387447285e-05
1.89958778944969e-05
1.89955170579743e-05
1.899515623516e-05
1.89947954260533e-05
1.89944346306532e-05
1.89940738489591e-05
1.89937130809702e-05
1.89933523266857e-05
1.89929915861047e-05
1.89926308592266e-05
1.89922701460506e-05
1.89919094465758e-05
1.89915487608014e-05
1.89911880887268e-05
1.89908274303511e-05
1.89904667856736e-05
1.89901061546934e-05
1.89897455374098e-05
1.8989384933822e-05
1.89890243439292e-05
1.89886637677307e-05
1.89883032052256e-05
1.89879426564132e-05
1.89875821212927e-05
1.89872215998633e-05
1.89868610921243e-05
1.89865005980748e-05
1.89861401177141e-05
1.89857796510414e-05
1.89854191980559e-05
1.89850587587569e-05
1.89846983331435e-05
1.8984337921215e-05
1.89839775229706e-05
1.89836171384096e-05
1.8983256767531e-05
1.89828964103343e-05
1.89825360668185e-05
1.8982175736983e-05
1.89818154208268e-05
1.89814551183494e-05
1.89810948295498e-05
1.89807345544273e-05
1.89803742929811e-05
1.89800140452104e-05
1.89796538111145e-05
1.89792935906926e-05
1.89789333839438e-05
1.89785731908675e-05
1.89782130114628e-05
1.8977852845729e-05
1.89774926936653e-05
1.89771325552709e-05
1.8976772430545e-05
1.89764123194869e-05
1.89760522220957e-05
1.89756921383707e-05
1.89753320683112e-05
1.89749720119163e-05
1.89746119691852e-05
1.89742519401173e-05
1.89738919247116e-05
1.89735319229675e-05
1.89731719348841e-05
1.89728119604607e-05
1.89724519996964e-05
1.89720920525906e-05
1.89717321191425e-05
1.89713721993512e-05
1.8971012293216e-05
1.89706524007361e-05
1.89702925219107e-05
1.89699326567391e-05
1.89695728052204e-05
1.8969212967354e-05
1.8968853143139e-05
1.89684933325746e-05
1.89681335356601e-05
1.89677737523947e-05
1.89674139827776e-05
1.8967054226808e-05
1.89666944844852e-05
1.89663347558084e-05
1.89659750407768e-05
1.89656153393897e-05
1.89652556516462e-05
1.89648959775456e-05
1.8964536317087e-05
1.89641766702699e-05
1.89638170370932e-05
1.89634574175564e-05
1.89630978116585e-05
1.89627382193989e-05
1.89623786407767e-05
1.89620190757912e-05
1.89616595244416e-05
1.89612999867271e-05
1.89609404626469e-05
1.89605809522004e-05
1.89602214553866e-05
1.89598619722048e-05
1.89595025026543e-05
1.89591430467343e-05
1.89587836044439e-05
1.89584241757825e-05
1.89580647607492e-05
1.89577053593433e-05
1.8957345971564e-05
1.89569865974105e-05
1.8956627236882e-05
1.89562678899778e-05
1.89559085566971e-05
1.89555492370391e-05
1.89551899310031e-05
1.89548306385882e-05
1.89544713597938e-05
1.89541120946189e-05
1.89537528430629e-05
1.8953393605125e-05
1.89530343808044e-05
1.89526751701003e-05
1.89523159730119e-05
1.89519567895385e-05
1.89515976196793e-05
1.89512384634336e-05
1.89508793208005e-05
1.89505201917793e-05
1.89501610763691e-05
1.89498019745694e-05
1.89494428863791e-05
1.89490838117977e-05
1.89487247508243e-05
1.89483657034581e-05
1.89480066696983e-05
1.89476476495443e-05
1.89472886429952e-05
1.89469296500502e-05
1.89465706707086e-05
1.89462117049696e-05
1.89458527528324e-05
1.89454938142963e-05
1.89451348893604e-05
1.89447759780241e-05
1.89444170802864e-05
1.89440581961468e-05
1.89436993256043e-05
1.89433404686582e-05
1.89429816253078e-05
1.89426227955523e-05
1.89422639793908e-05
1.89419051768227e-05
1.89415463878471e-05
1.89411876124633e-05
1.89408288506705e-05
1.89404701024679e-05
1.89401113678548e-05
1.89397526468304e-05
1.89393939393939e-05
1.89390352455446e-05
1.89386765652816e-05
1.89383178986042e-05
1.89379592455117e-05
1.89376006060032e-05
1.8937241980078e-05
1.89368833677353e-05
1.89365247689744e-05
1.89361661837944e-05
1.89358076121947e-05
1.89354490541743e-05
1.89350905097326e-05
1.89347319788688e-05
1.89343734615822e-05
1.89340149578718e-05
1.8933656467737e-05
1.89332979911771e-05
1.89329395281911e-05
1.89325810787785e-05
1.89322226429383e-05
1.89318642206698e-05
1.89315058119723e-05
1.89311474168449e-05
1.8930789035287e-05
1.89304306672977e-05
1.89300723128762e-05
1.89297139720219e-05
1.89293556447339e-05
1.89289973310114e-05
1.89286390308537e-05
1.892828074426e-05
1.89279224712296e-05
1.89275642117616e-05
1.89272059658553e-05
1.892684773351e-05
1.89264895147248e-05
1.8926131309499e-05
1.89257731178319e-05
1.89254149397226e-05
1.89250567751703e-05
1.89246986241744e-05
1.8924340486734e-05
1.89239823628484e-05
1.89236242525168e-05
1.89232661557385e-05
1.89229080725126e-05
1.89225500028384e-05
1.89221919467151e-05
1.8921833904142e-05
1.89214758751183e-05
1.89211178596431e-05
1.89207598577159e-05
1.89204018693357e-05
1.89200438945018e-05
1.89196859332135e-05
1.891932798547e-05
1.89189700512704e-05
1.89186121306141e-05
1.89182542235003e-05
1.89178963299281e-05
1.89175384498969e-05
1.89171805834058e-05
1.89168227304542e-05
1.89164648910412e-05
1.8916107065166e-05
1.89157492528279e-05
1.89153914540261e-05
1.89150336687599e-05
1.89146758970285e-05
1.89143181388311e-05
1.89139603941669e-05
1.89136026630353e-05
1.89132449454353e-05
1.89128872413663e-05
1.89125295508274e-05
1.8912171873818e-05
1.89118142103372e-05
1.89114565603843e-05
1.89110989239585e-05
1.8910741301059e-05
1.89103836916851e-05
1.8910026095836e-05
1.8909668513511e-05
1.89093109447092e-05
1.89089533894299e-05
1.89085958476724e-05
1.89082383194358e-05
1.89078808047194e-05
1.89075233035225e-05
1.89071658158442e-05
1.89068083416838e-05
1.89064508810406e-05
1.89060934339138e-05
1.89057360003025e-05
1.89053785802061e-05
1.89050211736237e-05
1.89046637805547e-05
1.89043064009981e-05
1.89039490349534e-05
1.89035916824197e-05
1.89032343433962e-05
1.89028770178821e-05
1.89025197058768e-05
1.89021624073794e-05
1.89018051223892e-05
1.89014478509054e-05
1.89010905929272e-05
1.89007333484539e-05
1.89003761174847e-05
1.89000189000189e-05
1.88996616960556e-05
1.88993045055942e-05
1.88989473286338e-05
1.88985901651737e-05
1.88982330152131e-05
1.88978758787512e-05
1.88975187557874e-05
1.88971616463207e-05
1.88968045503505e-05
1.8896447467876e-05
1.88960903988965e-05
1.88957333434111e-05
1.8895376301419e-05
1.88950192729197e-05
1.88946622579121e-05
1.88943052563957e-05
1.88939482683696e-05
1.88935912938331e-05
1.88932343327854e-05
1.88928773852258e-05
1.88925204511534e-05
1.88921635305675e-05
1.88918066234674e-05
1.88914497298523e-05
1.88910928497214e-05
1.88907359830739e-05
1.88903791299091e-05
1.88900222902263e-05
1.88896654640246e-05
1.88893086513034e-05
1.88889518520617e-05
1.8888595066299e-05
1.88882382940143e-05
1.8887881535207e-05
1.88875247898763e-05
1.88871680580214e-05
1.88868113396415e-05
1.8886454634736e-05
1.88860979433039e-05
1.88857412653447e-05
1.88853846008574e-05
1.88850279498414e-05
1.88846713122958e-05
1.888431468822e-05
1.88839580776131e-05
1.88836014804744e-05
1.88832448968031e-05
1.88828883265984e-05
1.88825317698597e-05
1.88821752265861e-05
1.88818186967769e-05
1.88814621804313e-05
1.88811056775485e-05
1.88807491881278e-05
1.88803927121684e-05
1.88800362496696e-05
1.88796798006306e-05
1.88793233650506e-05
1.88789669429289e-05
1.88786105342647e-05
1.88782541390572e-05
1.88778977573057e-05
1.88775413890095e-05
1.88771850341677e-05
1.88768286927796e-05
1.88764723648445e-05
1.88761160503615e-05
1.88757597493299e-05
1.8875403461749e-05
1.8875047187618e-05
1.88746909269361e-05
1.88743346797025e-05
1.88739784459166e-05
1.88736222255775e-05
1.88732660186845e-05
1.88729098252369e-05
1.88725536452337e-05
1.88721974786744e-05
1.88718413255581e-05
1.88714851858841e-05
1.88711290596516e-05
1.88707729468599e-05
1.88704168475082e-05
1.88700607615957e-05
1.88697046891216e-05
1.88693486300853e-05
1.88689925844859e-05
1.88686365523227e-05
1.8868280533595e-05
1.88679245283019e-05
1.88675685364427e-05
1.88672125580167e-05
1.8866856593023e-05
1.8866500641461e-05
1.88661447033299e-05
1.88657887786288e-05
1.88654328673571e-05
1.8865076969514e-05
1.88647210850988e-05
1.88643652141105e-05
1.88640093565486e-05
1.88636535124123e-05
1.88632976817007e-05
1.88629418644132e-05
1.88625860605489e-05
1.88622302701071e-05
1.88618744930871e-05
1.88615187294881e-05
1.88611629793093e-05
1.886080724255e-05
1.88604515192094e-05
1.88600958092867e-05
1.88597401127812e-05
1.88593844296922e-05
1.88590287600189e-05
1.88586731037604e-05
1.88583174609161e-05
1.88579618314853e-05
1.8857606215467e-05
1.88572506128606e-05
1.88568950236654e-05
1.88565394478805e-05
1.88561838855053e-05
1.88558283365388e-05
1.88554728009805e-05
1.88551172788295e-05
1.8854761770085e-05
1.88544062747464e-05
1.88540507928128e-05
1.88536953242836e-05
1.88533398691578e-05
1.88529844274349e-05
1.88526289991139e-05
1.88522735841943e-05
1.88519181826751e-05
1.88515627945557e-05
1.88512074198352e-05
1.8850852058513e-05
1.88504967105883e-05
1.88501413760603e-05
1.88497860549283e-05
1.88494307471914e-05
1.8849075452849e-05
1.88487201719003e-05
1.88483649043445e-05
1.88480096501809e-05
1.88476544094088e-05
1.88472991820272e-05
1.88469439680356e-05
1.88465887674331e-05
1.8846233580219e-05
1.88458784063925e-05
1.88455232459529e-05
1.88451680988994e-05
1.88448129652313e-05
1.88444578449478e-05
1.88441027380481e-05
1.88437476445315e-05
1.88433925643973e-05
1.88430374976446e-05
1.88426824442728e-05
1.8842327404281e-05
1.88419723776685e-05
1.88416173644346e-05
1.88412623645784e-05
1.88409073780993e-05
1.88405524049965e-05
1.88401974452692e-05
1.88398424989167e-05
1.88394875659382e-05
1.8839132646333e-05
1.88387777401002e-05
1.88384228472392e-05
1.88380679677492e-05
1.88377131016295e-05
1.88373582488792e-05
1.88370034094976e-05
1.8836648583484e-05
1.88362937708376e-05
1.88359389715577e-05
1.88355841856435e-05
1.88352294130943e-05
1.88348746539092e-05
1.88345199080875e-05
1.88341651756286e-05
1.88338104565316e-05
1.88334557507957e-05
1.88331010584203e-05
1.88327463794045e-05
1.88323917137476e-05
1.88320370614489e-05
1.88316824225076e-05
1.8831327796923e-05
1.88309731846942e-05
1.88306185858205e-05
1.88302640003013e-05
1.88299094281357e-05
1.88295548693229e-05
1.88292003238622e-05
1.8828845791753e-05
1.88284912729943e-05
1.88281367675855e-05
1.88277822755258e-05
1.88274277968144e-05
1.88270733314506e-05
1.88267188794337e-05
1.88263644407628e-05
1.88260100154373e-05
1.88256556034564e-05
1.88253012048193e-05
1.88249468195252e-05
1.88245924475735e-05
1.88242380889633e-05
1.8823883743694e-05
1.88235294117647e-05
1.88231750931747e-05
1.88228207879233e-05
1.88224664960096e-05
1.8822112217433e-05
1.88217579521927e-05
1.8821403700288e-05
1.8821049461718e-05
1.8820695236482e-05
1.88203410245794e-05
1.88199868260092e-05
1.88196326407709e-05
1.88192784688635e-05
1.88189243102864e-05
1.88185701650389e-05
1.88182160331201e-05
1.88178619145293e-05
1.88175078092657e-05
1.88171537173287e-05
1.88167996387174e-05
1.88164455734312e-05
1.88160915214692e-05
1.88157374828306e-05
1.88153834575149e-05
1.88150294455211e-05
1.88146754468485e-05
1.88143214614965e-05
1.88139674894642e-05
1.88136135307509e-05
1.88132595853558e-05
1.88129056532781e-05
1.88125517345173e-05
1.88121978290724e-05
1.88118439369427e-05
1.88114900581275e-05
1.8811136192626e-05
1.88107823404375e-05
1.88104285015613e-05
1.88100746759965e-05
1.88097208637424e-05
1.88093670647983e-05
1.88090132791634e-05
1.88086595068369e-05
1.88083057478182e-05
1.88079520021065e-05
1.8807598269701e-05
1.88072445506009e-05
1.88068908448055e-05
1.88065371523141e-05
1.8806183473126e-05
1.88058298072402e-05
1.88054761546562e-05
1.88051225153732e-05
1.88047688893904e-05
1.8804415276707e-05
1.88040616773223e-05
1.88037080912356e-05
1.88033545184461e-05
1.8803000958953e-05
1.88026474127557e-05
1.88022938798533e-05
1.88019403602452e-05
1.88015868539305e-05
1.88012333609085e-05
1.88008798811784e-05
1.88005264147396e-05
1.88001729615912e-05
1.87998195217326e-05
1.87994660951629e-05
1.87991126818814e-05
1.87987592818874e-05
1.87984058951801e-05
1.87980525217587e-05
1.87976991616226e-05
1.8797345814771e-05
1.8796992481203e-05
1.8796639160918e-05
1.87962858539153e-05
1.8795932560194e-05
1.87955792797534e-05
1.87952260125928e-05
1.87948727587114e-05
1.87945195181085e-05
1.87941662907833e-05
1.87938130767351e-05
1.87934598759632e-05
1.87931066884667e-05
1.87927535142449e-05
1.87924003532971e-05
1.87920472056226e-05
1.87916940712205e-05
1.87913409500902e-05
1.87909878422309e-05
1.87906347476418e-05
1.87902816663222e-05
1.87899285982713e-05
1.87895755434885e-05
1.87892225019729e-05
1.87888694737238e-05
1.87885164587404e-05
1.87881634570221e-05
1.8787810468568e-05
1.87874574933774e-05
1.87871045314496e-05
1.87867515827838e-05
1.87863986473793e-05
1.87860457252353e-05
1.87856928163511e-05
1.87853399207259e-05
1.87849870383589e-05
1.87846341692496e-05
1.87842813133969e-05
1.87839284708004e-05
1.87835756414591e-05
1.87832228253724e-05
1.87828700225394e-05
1.87825172329596e-05
1.8782164456632e-05
1.8781811693556e-05
1.87814589437307e-05
1.87811062071556e-05
1.87807534838298e-05
1.87804007737525e-05
1.87800480769231e-05
1.87796953933407e-05
1.87793427230047e-05
1.87789900659143e-05
1.87786374220687e-05
1.87782847914671e-05
1.8777932174109e-05
1.87775795699934e-05
1.87772269791197e-05
1.87768744014871e-05
1.87765218370949e-05
1.87761692859423e-05
1.87758167480285e-05
1.87754642233529e-05
1.87751117119147e-05
1.87747592137131e-05
1.87744067287474e-05
1.87740542570168e-05
1.87737017985206e-05
1.87733493532581e-05
1.87729969212285e-05
1.87726445024311e-05
1.8772292096865e-05
1.87719397045297e-05
1.87715873254242e-05
1.8771234959548e-05
1.87708826069002e-05
1.87705302674801e-05
1.87701779412869e-05
1.87698256283199e-05
1.87694733285784e-05
1.87691210420616e-05
1.87687687687688e-05
1.87684165086992e-05
1.8768064261852e-05
1.87677120282266e-05
1.87673598078222e-05
1.87670076006381e-05
1.87666554066734e-05
1.87663032259275e-05
1.87659510583996e-05
1.8765598904089e-05
1.87652467629949e-05
1.87648946351166e-05
1.87645425204534e-05
1.87641904190044e-05
1.87638383307689e-05
1.87634862557463e-05
1.87631341939358e-05
1.87627821453365e-05
1.87624301099478e-05
1.8762078087769e-05
1.87617260787992e-05
1.87613740830378e-05
1.8761022100484e-05
1.87606701311371e-05
1.87603181749962e-05
1.87599662320608e-05
1.87596143023299e-05
1.8759262385803e-05
1.87589104824792e-05
1.87585585923578e-05
1.8758206715438e-05
1.87578548517192e-05
1.87575030012005e-05
1.87571511638812e-05
1.87567993397607e-05
1.8756447528838e-05
1.87560957311126e-05
1.87557439465836e-05
1.87553921752504e-05
1.87550404171121e-05
1.8754688672168e-05
1.87543369404175e-05
1.87539852218596e-05
1.87536335164938e-05
1.87532818243193e-05
1.87529301453352e-05
1.87525784795409e-05
1.87522268269357e-05
1.87518751875188e-05
1.87515235612894e-05
1.87511719482468e-05
1.87508203483902e-05
1.8750468761719e-05
1.87501171882324e-05
1.87497656279296e-05
1.874941408081e-05
1.87490625468727e-05
1.8748711026117e-05
1.87483595185421e-05
1.87480080241474e-05
1.87476565429321e-05
1.87473050748955e-05
1.87469536200367e-05
1.87466021783552e-05
1.874625074985e-05
1.87458993345206e-05
1.87455479323661e-05
1.87451965433858e-05
1.87448451675789e-05
1.87444938049448e-05
1.87441424554827e-05
1.87437911191918e-05
1.87434397960714e-05
1.87430884861207e-05
1.87427371893391e-05
1.87423859057258e-05
1.874203463528e-05
1.8741683378001e-05
1.87413321338881e-05
1.87409809029405e-05
1.87406296851574e-05
1.87402784805382e-05
1.87399272890821e-05
1.87395761107884e-05
1.87392249456562e-05
1.8738873793685e-05
1.87385226548739e-05
1.87381715292222e-05
1.87378204167291e-05
1.8737469317394e-05
1.8737118231216e-05
1.87367671581945e-05
1.87364160983287e-05
1.87360650516179e-05
1.87357140180612e-05
1.87353629976581e-05
1.87350119904077e-05
1.87346609963093e-05
1.87343100153621e-05
1.87339590475655e-05
1.87336080929187e-05
1.87332571514209e-05
1.87329062230714e-05
1.87325553078695e-05
1.87322044058145e-05
1.87318535169055e-05
1.87315026411419e-05
1.87311517785229e-05
1.87308009290477e-05
1.87304500927157e-05
1.87300992695261e-05
1.87297484594782e-05
1.87293976625712e-05
1.87290468788043e-05
1.87286961081769e-05
1.87283453506883e-05
1.87279946063376e-05
1.87276438751241e-05
1.87272931570471e-05
1.87269424521058e-05
1.87265917602996e-05
1.87262410816277e-05
1.87258904160893e-05
1.87255397636837e-05
1.87251891244102e-05
1.8724838498268e-05
1.87244878852563e-05
1.87241372853746e-05
1.87237866986219e-05
1.87234361249977e-05
1.8723085564501e-05
1.87227350171313e-05
1.87223844828877e-05
1.87220339617696e-05
1.87216834537762e-05
1.87213329589067e-05
1.87209824771604e-05
1.87206320085366e-05
1.87202815530346e-05
1.87199311106535e-05
1.87195806813927e-05
1.87192302652515e-05
1.8718879862229e-05
1.87185294723247e-05
1.87181790955376e-05
1.87178287318671e-05
1.87174783813125e-05
1.87171280438729e-05
1.87167777195478e-05
1.87164274083363e-05
1.87160771102377e-05
1.87157268252513e-05
1.87153765533763e-05
1.87150262946119e-05
1.87146760489576e-05
1.87143258164125e-05
1.87139755969758e-05
1.87136253906469e-05
1.87132751974251e-05
1.87129250173095e-05
1.87125748502994e-05
1.87122246963942e-05
1.8711874555593e-05
1.87115244278951e-05
1.87111743132999e-05
1.87108242118065e-05
1.87104741234143e-05
1.87101240481224e-05
1.87097739859303e-05
1.8709423936837e-05
1.87090739008419e-05
1.87087238779443e-05
1.87083738681434e-05
1.87080238714385e-05
1.87076738878288e-05
1.87073239173136e-05
1.87069739598922e-05
1.87066240155639e-05
1.87062740843279e-05
1.87059241661834e-05
1.87055742611298e-05
1.87052243691663e-05
1.87048744902922e-05
1.87045246245067e-05
1.87041747718091e-05
1.87038249321986e-05
1.87034751056746e-05
1.87031252922363e-05
1.8702775491883e-05
1.87024257046139e-05
1.87020759304283e-05
1.87017261693254e-05
1.87013764213046e-05
1.87010266863651e-05
1.87006769645061e-05
1.8700327255727e-05
1.86999775600269e-05
1.86996278774052e-05
1.86992782078612e-05
1.8698928551394e-05
1.8698578908003e-05
1.86982292776874e-05
1.86978796604465e-05
1.86975300562796e-05
1.86971804651858e-05
1.86968308871646e-05
1.86964813222152e-05
1.86961317703367e-05
1.86957822315286e-05
1.869543270579e-05
1.86950831931202e-05
1.86947336935185e-05
1.86943842069842e-05
1.86940347335165e-05
1.86936852731147e-05
1.86933358257781e-05
1.86929863915059e-05
1.86926369702974e-05
1.86922875621519e-05
1.86919381670685e-05
1.86915887850467e-05
1.86912394160857e-05
1.86908900601847e-05
1.8690540717343e-05
1.86901913875598e-05
1.86898420708345e-05
1.86894927671663e-05
1.86891434765545e-05
1.86887941989983e-05
1.8688444934497e-05
1.86880956830499e-05
1.86877464446562e-05
1.86873972193153e-05
1.86870480070263e-05
1.86866988077886e-05
1.86863496216014e-05
1.8686000448464e-05
1.86856512883757e-05
1.86853021413356e-05
1.86849530073432e-05
1.86846038863976e-05
1.86842547784982e-05
1.86839056836441e-05
1.86835566018347e-05
1.86832075330693e-05
1.8682858477347e-05
1.86825094346673e-05
1.86821604050292e-05
1.86818113884322e-05
1.86814623848755e-05
1.86811133943583e-05
1.86807644168799e-05
1.86804154524397e-05
1.86800665010367e-05
1.86797175626705e-05
1.86793686373401e-05
1.86790197250448e-05
1.8678670825784e-05
1.86783219395569e-05
1.86779730663628e-05
1.8677624206201e-05
1.86772753590706e-05
1.8676926524971e-05
1.86765777039015e-05
1.86762288958613e-05
1.86758801008498e-05
1.8675531318866e-05
1.86751825499094e-05
1.86748337939792e-05
1.86744850510747e-05
1.86741363211951e-05
1.86737876043398e-05
1.86734389005079e-05
1.86730902096988e-05
1.86727415319117e-05
1.86723928671459e-05
1.86720442154007e-05
1.86716955766753e-05
1.8671346950969e-05
1.86709983382811e-05
1.86706497386109e-05
1.86703011519576e-05
1.86699525783205e-05
1.86696040176988e-05
1.86692554700919e-05
1.86689069354989e-05
1.86685584139193e-05
1.86682099053522e-05
1.86678614097969e-05
1.86675129272527e-05
1.86671644577189e-05
1.86668160011947e-05
1.86664675576794e-05
1.86661191271723e-05
1.86657707096726e-05
1.86654223051797e-05
1.86650739136927e-05
1.8664725535211e-05
1.86643771697338e-05
1.86640288172605e-05
1.86636804777902e-05
1.86633321513223e-05
1.8662983837856e-05
1.86626355373906e-05
1.86622872499254e-05
1.86619389754595e-05
1.86615907139925e-05
1.86612424655234e-05
1.86608942300515e-05
1.86605460075762e-05
1.86601977980967e-05
1.86598496016122e-05
1.86595014181221e-05
1.86591532476256e-05
1.8658805090122e-05
1.86584569456106e-05
1.86581088140906e-05
1.86577606955613e-05
1.8657412590022e-05
1.8657064497472e-05
1.86567164179104e-05
1.86563683513367e-05
1.86560202977501e-05
1.86556722571498e-05
1.86553242295351e-05
1.86549762149053e-05
1.86546282132597e-05
1.86542802245975e-05
1.86539322489181e-05
1.86535842862206e-05
1.86532363365044e-05
1.86528883997687e-05
1.86525404760128e-05
1.8652192565236e-05
1.86518446674376e-05
1.86514967826168e-05
1.86511489107729e-05
1.86508010519052e-05
1.86504532060129e-05
1.86501053730954e-05
1.86497575531518e-05
1.86494097461815e-05
1.86490619521838e-05
1.86487141711579e-05
1.86483664031031e-05
1.86480186480186e-05
1.86476709059039e-05
1.8647323176758e-05
1.86469754605803e-05
1.86466277573701e-05
1.86462800671266e-05
1.86459323898492e-05
1.8645584725537e-05
1.86452370741894e-05
1.86448894358056e-05
1.8644541810385e-05
1.86441941979268e-05
1.86438465984302e-05
1.86434990118946e-05
1.86431514383191e-05
1.86428038777032e-05
1.8642456330046e-05
1.86421087953469e-05
1.86417612736051e-05
1.86414137648199e-05
1.86410662689906e-05
1.86407187861164e-05
1.86403713161966e-05
1.86400238592305e-05
1.86396764152174e-05
1.86393289841566e-05
1.86389815660472e-05
1.86386341608887e-05
1.86382867686802e-05
1.86379393894211e-05
1.86375920231106e-05
1.8637244669748e-05
1.86368973293326e-05
1.86365500018637e-05
1.86362026873404e-05
1.86358553857622e-05
1.86355080971283e-05
1.86351608214379e-05
1.86348135586903e-05
1.86344663088849e-05
1.86341190720209e-05
1.86337718480975e-05
1.86334246371141e-05
1.86330774390698e-05
1.86327302539641e-05
1.86323830817962e-05
1.86320359225653e-05
1.86316887762707e-05
1.86313416429117e-05
1.86309945224876e-05
1.86306474149977e-05
1.86303003204412e-05
1.86299532388174e-05
1.86296061701256e-05
1.8629259114365e-05
1.8628912071535e-05
1.86285650416348e-05
1.86282180246638e-05
1.86278710206211e-05
1.8627524029506e-05
1.86271770513179e-05
1.8626830086056e-05
1.86264831337195e-05
1.86261361943079e-05
1.86257892678202e-05
1.86254423542559e-05
1.86250954536142e-05
1.86247485658944e-05
1.86244016910957e-05
1.86240548292174e-05
1.86237079802589e-05
1.86233611442193e-05
1.8623014321098e-05
1.86226675108943e-05
1.86223207136073e-05
1.86219739292365e-05
1.8621627157781e-05
1.86212803992403e-05
1.86209336536134e-05
1.86205869208997e-05
1.86202402010986e-05
1.86198934942092e-05
1.86195468002309e-05
1.86192001191629e-05
1.86188534510045e-05
1.8618506795755e-05
1.86181601534136e-05
1.86178135239797e-05
1.86174669074526e-05
1.86171203038314e-05
1.86167737131155e-05
1.86164271353042e-05
1.86160805703967e-05
1.86157340183923e-05
1.86153874792904e-05
1.86150409530901e-05
1.86146944397908e-05
1.86143479393917e-05
1.86140014518921e-05
1.86136549772913e-05
1.86133085155886e-05
1.86129620667833e-05
1.86126156308746e-05
1.86122692078618e-05
1.86119227977442e-05
1.86115764005211e-05
1.86112300161918e-05
1.86108836447555e-05
1.86105372862115e-05
1.86101909405591e-05
1.86098446077975e-05
1.86094982879262e-05
1.86091519809442e-05
1.8608805686851e-05
1.86084594056458e-05
1.86081131373279e-05
1.86077668818965e-05
1.8607420639351e-05
1.86070744096906e-05
1.86067281929146e-05
1.86063819890222e-05
1.86060357980129e-05
1.86056896198858e-05
1.86053434546402e-05
1.86049973022754e-05
1.86046511627907e-05
1.86043050361854e-05
1.86039589224587e-05
1.860361282161e-05
1.86032667336384e-05
1.86029206585434e-05
1.86025745963241e-05
1.86022285469799e-05
1.86018825105101e-05
1.86015364869138e-05
1.86011904761905e-05
1.86008444783393e-05
1.86004984933596e-05
1.86001525212507e-05
1.85998065620118e-05
1.85994606156421e-05
1.85991146821411e-05
1.8598768761508e-05
1.8598422853742e-05
1.85980769588425e-05
1.85977310768086e-05
1.85973852076398e-05
1.85970393513353e-05
1.85966935078943e-05
1.85963476773162e-05
1.85960018596002e-05
1.85956560547456e-05
1.85953102627517e-05
1.85949644836178e-05
1.85946187173432e-05
1.85942729639271e-05
1.85939272233688e-05
1.85935814956677e-05
1.85932357808229e-05
1.85928900788339e-05
1.85925443896997e-05
1.85921987134198e-05
1.85918530499935e-05
1.85915073994199e-05
1.85911617616985e-05
1.85908161368284e-05
1.8590470524809e-05
1.85901249256395e-05
1.85897793393192e-05
1.85894337658475e-05
1.85890882052235e-05
1.85887426574467e-05
1.85883971225161e-05
1.85880516004312e-05
1.85877060911913e-05
1.85873605947955e-05
1.85870151112433e-05
1.85866696405338e-05
1.85863241826664e-05
1.85859787376403e-05
1.85856333054549e-05
1.85852878861094e-05
1.8584942479603e-05
1.85845970859352e-05
1.85842517051051e-05
1.85839063371121e-05
1.85835609819554e-05
1.85832156396343e-05
1.85828703101481e-05
1.85825249934961e-05
1.85821796896776e-05
1.85818343986918e-05
1.85814891205381e-05
1.85811438552157e-05
1.85807986027239e-05
1.85804533630621e-05
1.85801081362294e-05
1.85797629222251e-05
1.85794177210486e-05
1.85790725326992e-05
1.8578727357176e-05
1.85783821944785e-05
1.85780370446059e-05
1.85776919075574e-05
1.85773467833324e-05
1.85770016719302e-05
1.85766565733499e-05
1.8576311487591e-05
1.85759664146527e-05
1.85756213545343e-05
1.85752763072351e-05
1.85749312727543e-05
1.85745862510913e-05
1.85742412422453e-05
1.85738962462156e-05
1.85735512630015e-05
1.85732062926023e-05
1.85728613350173e-05
1.85725163902457e-05
1.85721714582869e-05
1.85718265391401e-05
1.85714816328047e-05
1.85711367392798e-05
1.85707918585649e-05
1.85704469906591e-05
1.85701021355617e-05
1.85697572932722e-05
1.85694124637896e-05
1.85690676471134e-05
1.85687228432428e-05
1.85683780521771e-05
1.85680332739156e-05
1.85676885084576e-05
1.85673437558023e-05
1.85669990159491e-05
1.85666542888971e-05
1.85663095746458e-05
1.85659648731945e-05
1.85656201845423e-05
1.85652755086885e-05
1.85649308456326e-05
1.85645861953737e-05
1.85642415579112e-05
1.85638969332442e-05
1.85635523213722e-05
1.85632077222944e-05
1.85628631360101e-05
1.85625185625186e-05
1.85621740018191e-05
1.8561829453911e-05
1.85614849187935e-05
1.8561140396466e-05
1.85607958869276e-05
1.85604513901778e-05
1.85601069062158e-05
1.85597624350408e-05
1.85594179766523e-05
1.85590735310493e-05
1.85587290982314e-05
1.85583846781976e-05
1.85580402709474e-05
1.855769587648e-05
1.85573514947947e-05
1.85570071258907e-05
1.85566627697675e-05
1.85563184264242e-05
1.85559740958602e-05
1.85556297780747e-05
1.8555285473067e-05
1.85549411808365e-05
1.85545969013823e-05
1.85542526347039e-05
1.85539083808004e-05
1.85535641396712e-05
1.85532199113156e-05
1.85528756957328e-05
1.85525314929222e-05
1.8552187302883e-05
1.85518431256145e-05
1.85514989611161e-05
1.85511548093869e-05
1.85508106704263e-05
1.85504665442336e-05
1.8550122430808e-05
1.8549778330149e-05
1.85494342422556e-05
1.85490901671273e-05
1.85487461047633e-05
1.85484020551629e-05
1.85480580183255e-05
1.85477139942502e-05
1.85473699829364e-05
1.85470259843834e-05
1.85466819985905e-05
1.85463380255569e-05
1.85459940652819e-05
1.85456501177649e-05
1.85453061830051e-05
1.85449622610018e-05
1.85446183517543e-05
1.85442744552619e-05
1.85439305715239e-05
1.85435867005396e-05
1.85432428423083e-05
1.85428989968292e-05
1.85425551641016e-05
1.85422113441249e-05
1.85418675368983e-05
1.85415237424212e-05
1.85411799606927e-05
1.85408361917122e-05
1.85404924354791e-05
1.85401486919925e-05
1.85398049612518e-05
1.85394612432563e-05
1.85391175380052e-05
1.85387738454979e-05
1.85384301657336e-05
1.85380864987116e-05
1.85377428444313e-05
1.85373992028918e-05
1.85370555740926e-05
1.85367119580329e-05
1.85363683547119e-05
1.85360247641291e-05
1.85356811862836e-05
1.85353376211748e-05
1.85349940688019e-05
1.85346505291643e-05
1.85343070022612e-05
1.85339634880919e-05
1.85336199866558e-05
1.85332764979521e-05
1.85329330219801e-05
1.8532589558739e-05
1.85322461082283e-05
1.85319026704472e-05
1.85315592453949e-05
1.85312158330708e-05
1.85308724334742e-05
1.85305290466043e-05
1.85301856724604e-05
1.85298423110419e-05
1.85294989623481e-05
1.85291556263781e-05
1.85288123031314e-05
1.85284689926071e-05
1.85281256948047e-05
1.85277824097234e-05
1.85274391373624e-05
1.85270958777212e-05
1.85267526307989e-05
1.85264093965948e-05
1.85260661751084e-05
1.85257229663388e-05
1.85253797702853e-05
1.85250365869473e-05
1.8524693416324e-05
1.85243502584147e-05
1.85240071132187e-05
1.85236639807354e-05
1.8523320860964e-05
1.85229777539037e-05
1.8522634659554e-05
1.8522291577914e-05
1.85219485089831e-05
1.85216054527606e-05
1.85212624092458e-05
1.85209193784379e-05
1.85205763603363e-05
1.85202333549403e-05
1.85198903622491e-05
1.8519547382262e-05
1.85192044149783e-05
1.85188614603974e-05
1.85185185185185e-05
1.85181755893409e-05
1.8517832672864e-05
1.85174897690869e-05
1.8517146878009e-05
1.85168039996297e-05
1.85164611339481e-05
1.85161182809636e-05
1.85157754406755e-05
1.8515432613083e-05
1.85150897981855e-05
1.85147469959823e-05
1.85144042064726e-05
1.85140614296558e-05
1.85137186655312e-05
1.85133759140979e-05
1.85130331753555e-05
1.8512690449303e-05
1.85123477359399e-05
1.85120050352654e-05
1.85116623472788e-05
1.85113196719794e-05
1.85109770093666e-05
1.85106343594395e-05
1.85102917221975e-05
1.850994909764e-05
1.85096064857661e-05
1.85092638865752e-05
1.85089213000666e-05
1.85085787262396e-05
1.85082361650935e-05
1.85078936166275e-05
1.8507551080841e-05
1.85072085577332e-05
1.85068660473035e-05
1.85065235495512e-05
1.85061810644755e-05
1.85058385920758e-05
1.85054961323513e-05
1.85051536853014e-05
1.85048112509252e-05
1.85044688292223e-05
1.85041264201917e-05
1.85037840238329e-05
1.85034416401451e-05
1.85030992691276e-05
1.85027569107797e-05
1.85024145651007e-05
1.850207223209e-05
1.85017299117467e-05
1.85013876040703e-05
1.850104530906e-05
1.8500703026715e-05
1.85003607570348e-05
1.85000185000185e-05
1.84996762556655e-05
1.84993340239751e-05
1.84989918049466e-05
1.84986495985793e-05
1.84983074048725e-05
1.84979652238254e-05
1.84976230554374e-05
1.84972808997077e-05
1.84969387566358e-05
1.84965966262208e-05
1.8496254508462e-05
1.84959124033589e-05
1.84955703109105e-05
1.84952282311164e-05
1.84948861639757e-05
1.84945441094877e-05
1.84942020676518e-05
1.84938600384672e-05
1.84935180219333e-05
1.84931760180493e-05
1.84928340268146e-05
1.84924920482284e-05
1.84921500822901e-05
1.84918081289989e-05
1.84914661883541e-05
1.8491124260355e-05
1.8490782345001e-05
1.84904404422913e-05
1.84900985522253e-05
1.84897566748022e-05
1.84894148100213e-05
1.84890729578819e-05
1.84887311183833e-05
1.84883892915249e-05
1.84880474773059e-05
1.84877056757256e-05
1.84873638867834e-05
1.84870221104784e-05
1.84866803468101e-05
1.84863385957777e-05
1.84859968573805e-05
1.84856551316179e-05
1.8485313418489e-05
1.84849717179933e-05
1.84846300301299e-05
1.84842883548983e-05
1.84839466922977e-05
1.84836050423275e-05
1.84832634049868e-05
1.8482921780275e-05
1.84825801681915e-05
1.84822385687354e-05
1.84818969819062e-05
1.84815554077031e-05
1.84812138461254e-05
1.84808722971724e-05
1.84805307608435e-05
1.84801892371378e-05
1.84798477260547e-05
1.84795062275936e-05
1.84791647417537e-05
1.84788232685343e-05
1.84784818079347e-05
1.84781403599542e-05
1.84777989245921e-05
1.84774575018477e-05
1.84771160917204e-05
1.84767746942094e-05
1.8476433309314e-05
1.84760919370335e-05
1.84757505773672e-05
1.84754092303145e-05
1.84750678958745e-05
1.84747265740467e-05
1.84743852648303e-05
1.84740439682246e-05
1.8473702684229e-05
1.84733614128427e-05
1.8473020154065e-05
1.84726789078952e-05
1.84723376743327e-05
1.84719964533767e-05
1.84716552450265e-05
1.84713140492815e-05
1.84709728661409e-05
1.8470631695604e-05
1.84702905376702e-05
1.84699493923387e-05
1.84696082596088e-05
1.84692671394799e-05
1.84689260319512e-05
1.84685849370221e-05
1.84682438546919e-05
1.84679027849597e-05
1.84675617278251e-05
1.84672206832872e-05
1.84668796513453e-05
1.84665386319988e-05
1.8466197625247e-05
1.84658566310891e-05
1.84655156495245e-05
1.84651746805525e-05
1.84648337241723e-05
1.84644927803833e-05
1.84641518491848e-05
1.84638109305761e-05
1.84634700245564e-05
1.84631291311251e-05
1.84627882502816e-05
1.8462447382025e-05
1.84621065263547e-05
1.84617656832699e-05
1.84614248527701e-05
1.84610840348545e-05
1.84607432295224e-05
1.84604024367731e-05
1.84600616566059e-05
1.84597208890202e-05
1.84593801340151e-05
1.84590393915901e-05
1.84586986617443e-05
1.84583579444773e-05
1.84580172397881e-05
1.84576765476762e-05
1.84573358681408e-05
1.84569952011812e-05
1.84566545467968e-05
1.84563139049869e-05
1.84559732757507e-05
1.84556326590876e-05
1.84552920549968e-05
1.84549514634776e-05
1.84546108845295e-05
1.84542703181516e-05
1.84539297643433e-05
1.84535892231039e-05
1.84532486944327e-05
1.84529081783289e-05
1.84525676747919e-05
1.84522271838211e-05
1.84518867054156e-05
1.84515462395749e-05
1.84512057862981e-05
1.84508653455847e-05
1.84505249174339e-05
1.8450184501845e-05
1.84498440988174e-05
1.84495037083502e-05
1.8449163330443e-05
1.84488229650948e-05
1.84484826123051e-05
1.84481422720732e-05
1.84478019443983e-05
1.84474616292798e-05
1.8447121326717e-05
1.84467810367091e-05
1.84464407592555e-05
1.84461004943555e-05
1.84457602420084e-05
1.84454200022134e-05
1.844507977497e-05
1.84447395602774e-05
1.84443993581349e-05
1.84440591685418e-05
1.84437189914974e-05
1.84433788270011e-05
1.84430386750521e-05
1.84426985356497e-05
1.84423584087933e-05
1.84420182944821e-05
1.84416781927155e-05
1.84413381034928e-05
1.84409980268132e-05
1.84406579626761e-05
1.84403179110808e-05
1.84399778720266e-05
1.84396378455127e-05
1.84392978315386e-05
1.84389578301034e-05
1.84386178412066e-05
1.84382778648474e-05
1.84379379010251e-05
1.84375979497391e-05
1.84372580109886e-05
1.8436918084773e-05
1.84365781710914e-05
1.84362382699434e-05
1.84358983813281e-05
1.84355585052449e-05
1.84352186416931e-05
1.8434878790672e-05
1.84345389521808e-05
1.8434199126219e-05
1.84338593127857e-05
1.84335195118804e-05
1.84331797235023e-05
1.84328399476507e-05
1.8432500184325e-05
1.84321604335244e-05
1.84318206952483e-05
1.84314809694959e-05
1.84311412562666e-05
1.84308015555597e-05
1.84304618673744e-05
1.84301221917101e-05
1.84297825285662e-05
1.84294428779418e-05
1.84291032398364e-05
1.84287636142491e-05
1.84284240011794e-05
1.84280844006266e-05
1.84277448125898e-05
1.84274052370686e-05
1.84270656740621e-05
1.84267261235696e-05
1.84263865855906e-05
1.84260470601242e-05
1.84257075471698e-05
1.84253680467267e-05
1.84250285587943e-05
1.84246890833717e-05
1.84243496204584e-05
1.84240101700536e-05
1.84236707321567e-05
1.84233313067669e-05
1.84229918938836e-05
1.8422652493506e-05
1.84223131056335e-05
1.84219737302655e-05
1.84216343674011e-05
1.84212950170397e-05
1.84209556791806e-05
1.84206163538232e-05
1.84202770409667e-05
1.84199377406104e-05
1.84195984527537e-05
1.84192591773959e-05
1.84189199145362e-05
1.8418580664174e-05
1.84182414263086e-05
1.84179022009393e-05
1.84175629880654e-05
1.84172237876862e-05
1.84168845998011e-05
1.84165454244093e-05
1.84162062615101e-05
1.84158671111029e-05
1.8415527973187e-05
1.84151888477616e-05
1.84148497348262e-05
1.84145106343799e-05
1.84141715464221e-05
1.84138324709522e-05
1.84134934079694e-05
1.8413154357473e-05
1.84128153194623e-05
1.84124762939368e-05
1.84121372808956e-05
1.8411798280338e-05
1.84114592922635e-05
1.84111203166713e-05
1.84107813535606e-05
1.84104424029309e-05
1.84101034647815e-05
1.84097645391115e-05
1.84094256259205e-05
1.84090867252076e-05
1.84087478369721e-05
1.84084089612135e-05
1.84080700979309e-05
1.84077312471238e-05
1.84073924087914e-05
1.8407053582933e-05
1.84067147695479e-05
1.84063759686355e-05
1.84060371801951e-05
1.84056984042259e-05
1.84053596407274e-05
1.84050208896987e-05
1.84046821511393e-05
1.84043434250483e-05
1.84040047114252e-05
1.84036660102692e-05
1.84033273215797e-05
1.8402988645356e-05
1.84026499815974e-05
1.84023113303031e-05
1.84019726914725e-05
1.8401634065105e-05
1.84012954511998e-05
1.84009568497562e-05
1.84006182607736e-05
1.84002796842512e-05
1.83999411201884e-05
1.83996025685845e-05
1.83992640294388e-05
1.83989255027506e-05
1.83985869885193e-05
1.83982484867441e-05
1.83979099974243e-05
1.83975715205593e-05
1.83972330561484e-05
1.83968946041908e-05
1.8396556164686e-05
1.83962177376331e-05
1.83958793230316e-05
1.83955409208808e-05
1.83952025311799e-05
1.83948641539282e-05
1.83945257891252e-05
1.839418743677e-05
1.8393849096862e-05
1.83935107694006e-05
1.83931724543849e-05
1.83928341518145e-05
1.83924958616884e-05
1.83921575840062e-05
1.8391819318767e-05
1.83914810659702e-05
1.83911428256152e-05
1.83908045977011e-05
1.83904663822275e-05
1.83901281791934e-05
1.83897899885983e-05
1.83894518104415e-05
1.83891136447223e-05
1.838877549144e-05
1.83884373505939e-05
1.83880992221834e-05
1.83877611062077e-05
1.83874230026662e-05
1.83870849115581e-05
1.83867468328829e-05
1.83864087666397e-05
1.8386070712828e-05
1.8385732671447e-05
1.8385394642496e-05
1.83850566259744e-05
1.83847186218815e-05
1.83843806302166e-05
1.83840426509789e-05
1.8383704684168e-05
1.83833667297829e-05
1.83830287878231e-05
1.83826908582878e-05
1.83823529411765e-05
1.83820150364883e-05
1.83816771442226e-05
1.83813392643788e-05
1.83810013969561e-05
1.83806635419539e-05
1.83803256993714e-05
1.8379987869208e-05
1.8379650051463e-05
1.83793122461357e-05
1.83789744532255e-05
1.83786366727316e-05
1.83782989046534e-05
1.83779611489901e-05
1.83776234057412e-05
1.83772856749058e-05
1.83769479564834e-05
1.83766102504732e-05
1.83762725568746e-05
1.83759348756868e-05
1.83755972069092e-05
1.83752595505412e-05
1.83749219065819e-05
1.83745842750308e-05
1.83742466558871e-05
1.83739090491502e-05
1.83735714548194e-05
1.8373233872894e-05
1.83728963033733e-05
1.83725587462566e-05
1.83722212015433e-05
1.83718836692326e-05
1.83715461493239e-05
1.83712086418165e-05
1.83708711467098e-05
1.83705336640029e-05
1.83701961936953e-05
1.83698587357863e-05
1.83695212902752e-05
1.83691838571612e-05
1.83688464364438e-05
1.83685090281222e-05
1.83681716321957e-05
1.83678342486637e-05
1.83674968775255e-05
1.83671595187804e-05
1.83668221724277e-05
1.83664848384668e-05
1.83661475168969e-05
1.83658102077173e-05
1.83654729109275e-05
1.83651356265266e-05
1.83647983545141e-05
1.83644610948892e-05
1.83641238476512e-05
1.83637866127996e-05
1.83634493903335e-05
1.83631121802523e-05
1.83627749825554e-05
1.8362437797242e-05
1.83621006243114e-05
1.83617634637631e-05
1.83614263155962e-05
1.83610891798101e-05
1.83607520564042e-05
1.83604149453778e-05
1.83600778467301e-05
1.83597407604605e-05
1.83594036865683e-05
1.83590666250528e-05
1.83587295759133e-05
1.83583925391493e-05
1.83580555147599e-05
1.83577185027445e-05
1.83573815031024e-05
1.8357044515833e-05
1.83567075409355e-05
1.83563705784092e-05
1.83560336282536e-05
1.83556966904679e-05
1.83553597650514e-05
1.83550228520035e-05
1.83546859513234e-05
1.83543490630105e-05
1.83540121870641e-05
1.83536753234835e-05
1.83533384722681e-05
1.83530016334171e-05
1.835266480693e-05
1.83523279928059e-05
1.83519911910442e-05
1.83516544016443e-05
1.83513176246054e-05
1.8350980859927e-05
1.83506441076082e-05
1.83503073676484e-05
1.8349970640047e-05
1.83496339248032e-05
1.83492972219164e-05
1.83489605313859e-05
1.8348623853211e-05
1.83482871873911e-05
1.83479505339254e-05
1.83476138928132e-05
1.8347277264054e-05
1.8346940647647e-05
1.83466040435915e-05
1.83462674518869e-05
1.83459308725325e-05
1.83455943055275e-05
1.83452577508714e-05
1.83449212085634e-05
1.83445846786029e-05
1.83442481609891e-05
1.83439116557215e-05
1.83435751627992e-05
1.83432386822217e-05
1.83429022139883e-05
1.83425657580982e-05
1.83422293145509e-05
1.83418928833456e-05
1.83415564644816e-05
1.83412200579583e-05
1.83408836637749e-05
1.83405472819309e-05
1.83402109124255e-05
1.8339874555258e-05
1.83395382104279e-05
1.83392018779343e-05
1.83388655577766e-05
1.83385292499542e-05
1.83381929544663e-05
1.83378566713123e-05
1.83375204004914e-05
1.83371841420032e-05
1.83368478958467e-05
1.83365116620214e-05
1.83361754405266e-05
1.83358392313616e-05
1.83355030345258e-05
1.83351668500183e-05
1.83348306778387e-05
1.83344945179861e-05
1.833415837046e-05
1.83338222352596e-05
1.83334861123843e-05
1.83331500018333e-05
1.83328139036061e-05
1.83324778177018e-05
1.833214174412e-05
1.83318056828598e-05
1.83314696339206e-05
1.83311335973017e-05
1.83307975730024e-05
1.83304615610221e-05
1.83301255613601e-05
1.83297895740157e-05
1.83294535989882e-05
1.8329117636277e-05
1.83287816858813e-05
1.83284457478006e-05
1.83281098220341e-05
1.83277739085811e-05
1.83274380074409e-05
1.8327102118613e-05
1.83267662420966e-05
1.8326430377891e-05
1.83260945259956e-05
1.83257586864096e-05
1.83254228591325e-05
1.83250870441635e-05
1.83247512415019e-05
1.83244154511471e-05
1.83240796730984e-05
1.83237439073552e-05
1.83234081539166e-05
1.83230724127822e-05
1.83227366839511e-05
1.83224009674228e-05
1.83220652631965e-05
1.83217295712715e-05
1.83213938916473e-05
1.8321058224323e-05
1.83207225692981e-05
1.83203869265719e-05
1.83200512961436e-05
1.83197156780127e-05
1.83193800721784e-05
1.831904447864e-05
1.83187088973969e-05
1.83183733284484e-05
1.83180377717939e-05
1.83177022274326e-05
1.83173666953639e-05
1.83170311755871e-05
1.83166956681015e-05
1.83163601729064e-05
1.83160246900013e-05
1.83156892193853e-05
1.83153537610579e-05
1.83150183150183e-05
1.83146828812659e-05
1.83143474598e-05
1.83140120506199e-05
1.8313676653725e-05
1.83133412691145e-05
1.83130058967879e-05
1.83126705367444e-05
1.83123351889833e-05
1.8311999853504e-05
1.83116645303058e-05
1.8311329219388e-05
1.831099392075e-05
1.83106586343911e-05
1.83103233603105e-05
1.83099880985077e-05
1.8309652848982e-05
1.83093176117326e-05
1.83089823867589e-05
1.83086471740603e-05
1.8308311973636e-05
1.83079767854854e-05
1.83076416096078e-05
1.83073064460026e-05
1.8306971294669e-05
1.83066361556064e-05
1.83063010288141e-05
1.83059659142915e-05
1.83056308120378e-05
1.83052957220524e-05
1.83049606443346e-05
1.83046255788838e-05
1.83042905256992e-05
1.83039554847803e-05
1.83036204561262e-05
1.83032854397364e-05
1.83029504356102e-05
1.83026154437469e-05
1.83022804641458e-05
1.83019454968063e-05
1.83016105417277e-05
1.83012755989092e-05
1.83009406683504e-05
1.83006057500503e-05
1.83002708440085e-05
1.82999359502242e-05
1.82996010686967e-05
1.82992661994254e-05
1.82989313424096e-05
1.82985964976486e-05
1.82982616651418e-05
1.82979268448885e-05
1.82975920368879e-05
1.82972572411396e-05
1.82969224576426e-05
1.82965876863965e-05
1.82962529274005e-05
1.82959181806539e-05
1.82955834461561e-05
1.82952487239064e-05
1.82949140139041e-05
1.82945793161486e-05
1.82942446306392e-05
1.82939099573752e-05
1.82935752963559e-05
1.82932406475807e-05
1.82929060110489e-05
1.82925713867598e-05
1.82922367747128e-05
1.82919021749072e-05
1.82915675873422e-05
1.82912330120173e-05
1.82908984489318e-05
1.8290563898085e-05
1.82902293594762e-05
1.82898948331047e-05
1.82895603189699e-05
1.82892258170712e-05
1.82888913274077e-05
1.8288556849979e-05
1.82882223847842e-05
1.82878879318228e-05
1.8287553491094e-05
1.82872190625971e-05
1.82868846463317e-05
1.82865502422968e-05
1.82862158504919e-05
1.82858814709163e-05
1.82855471035693e-05
1.82852127484503e-05
1.82848784055586e-05
1.82845440748935e-05
1.82842097564543e-05
1.82838754502404e-05
1.82835411562511e-05
1.82832068744858e-05
1.82828726049437e-05
1.82825383476242e-05
1.82822041025266e-05
1.82818698696503e-05
1.82815356489945e-05
1.82812014405587e-05
1.82808672443421e-05
1.8280533060344e-05
1.82801988885639e-05
1.8279864729001e-05
1.82795305816547e-05
1.82791964465242e-05
1.8278862323609e-05
1.82785282129083e-05
1.82781941144215e-05
1.82778600281479e-05
1.82775259540869e-05
1.82771918922377e-05
1.82768578425997e-05
1.82765238051723e-05
1.82761897799547e-05
1.82758557669463e-05
1.82755217661464e-05
1.82751877775544e-05
1.82748538011696e-05
1.82745198369913e-05
1.82741858850188e-05
1.82738519452515e-05
1.82735180176888e-05
1.82731841023298e-05
1.82728501991741e-05
1.82725163082208e-05
1.82721824294694e-05
1.82718485629191e-05
1.82715147085693e-05
1.82711808664194e-05
1.82708470364686e-05
1.82705132187163e-05
1.82701794131618e-05
1.82698456198045e-05
1.82695118386437e-05
1.82691780696786e-05
1.82688443129088e-05
1.82685105683334e-05
1.82681768359518e-05
1.82678431157633e-05
1.82675094077673e-05
1.82671757119632e-05
1.82668420283501e-05
1.82665083569276e-05
1.82661746976948e-05
1.82658410506512e-05
1.8265507415796e-05
1.82651737931286e-05
1.82648401826484e-05
1.82645065843546e-05
1.82641729982466e-05
1.82638394243238e-05
1.82635058625854e-05
1.82631723130308e-05
1.82628387756593e-05
1.82625052504703e-05
1.8262171737463e-05
1.82618382366369e-05
1.82615047479912e-05
1.82611712715254e-05
1.82608378072386e-05
1.82605043551303e-05
1.82601709151998e-05
1.82598374874464e-05
1.82595040718694e-05
1.82591706684682e-05
1.82588372772422e-05
1.82585038981906e-05
1.82581705313128e-05
1.82578371766081e-05
1.82575038340758e-05
1.82571705037153e-05
1.8256837185526e-05
1.82565038795071e-05
1.8256170585658e-05
1.82558373039779e-05
1.82555040344664e-05
1.82551707771226e-05
1.8254837531946e-05
1.82545042989358e-05
1.82541710780913e-05
1.8253837869412e-05
1.82535046728972e-05
1.82531714885461e-05
1.82528383163582e-05
1.82525051563327e-05
1.8252172008469e-05
1.82518388727664e-05
1.82515057492243e-05
1.8251172637842e-05
1.82508395386188e-05
1.8250506451554e-05
1.82501733766471e-05
1.82498403138973e-05
1.82495072633039e-05
1.82491742248663e-05
1.82488411985839e-05
1.82485081844559e-05
1.82481751824818e-05
1.82478421926607e-05
1.82475092149922e-05
1.82471762494754e-05
1.82468432961098e-05
1.82465103548946e-05
1.82461774258293e-05
1.82458445089131e-05
1.82455116041454e-05
1.82451787115255e-05
1.82448458310527e-05
1.82445129627265e-05
1.8244180106546e-05
1.82438472625107e-05
1.82435144306199e-05
1.82431816108729e-05
1.82428488032691e-05
1.82425160078078e-05
1.82421832244883e-05
1.824185045331e-05
1.82415176942722e-05
1.82411849473742e-05
1.82408522126154e-05
1.82405194899951e-05
1.82401867795126e-05
1.82398540811674e-05
1.82395213949586e-05
1.82391887208857e-05
1.8238856058948e-05
1.82385234091448e-05
1.82381907714755e-05
1.82378581459393e-05
1.82375255325357e-05
1.8237192931264e-05
1.82368603421235e-05
1.82365277651135e-05
1.82361952002334e-05
1.82358626474825e-05
1.82355301068602e-05
1.82351975783658e-05
1.82348650619985e-05
1.82345325577579e-05
1.82342000656431e-05
1.82338675856536e-05
1.82335351177886e-05
1.82332026620476e-05
1.82328702184298e-05
1.82325377869346e-05
1.82322053675613e-05
1.82318729603092e-05
1.82315405651778e-05
1.82312081821662e-05
1.8230875811274e-05
1.82305434525003e-05
1.82302111058446e-05
1.82298787713062e-05
1.82295464488844e-05
1.82292141385785e-05
1.82288818403879e-05
1.8228549554312e-05
1.822821728035e-05
1.82278850185013e-05
1.82275527687653e-05
1.82272205311412e-05
1.82268883056285e-05
1.82265560922264e-05
1.82262238909343e-05
1.82258917017515e-05
1.82255595246774e-05
1.82252273597113e-05
1.82248952068526e-05
1.82245630661005e-05
1.82242309374544e-05
1.82238988209137e-05
1.82235667164777e-05
1.82232346241458e-05
1.82229025439172e-05
1.82225704757913e-05
1.82222384197675e-05
1.8221906375845e-05
1.82215743440233e-05
1.82212423243017e-05
1.82209103166794e-05
1.82205783211559e-05
1.82202463377305e-05
1.82199143664025e-05
1.82195824071712e-05
1.82192504600361e-05
1.82189185249964e-05
1.82185866020514e-05
1.82182546912006e-05
1.82179227924432e-05
1.82175909057786e-05
1.82172590312062e-05
1.82169271687252e-05
1.8216595318335e-05
1.8216263480035e-05
1.82159316538244e-05
1.82155998397027e-05
1.82152680376692e-05
1.82149362477231e-05
1.82146044698639e-05
1.82142727040909e-05
1.82139409504034e-05
1.82136092088008e-05
1.82132774792824e-05
1.82129457618475e-05
1.82126140564955e-05
1.82122823632258e-05
1.82119506820376e-05
1.82116190129302e-05
1.82112873559032e-05
1.82109557109557e-05
1.82106240780872e-05
1.82102924572969e-05
1.82099608485842e-05
1.82096292519484e-05
1.8209297667389e-05
1.82089660949051e-05
1.82086345344963e-05
1.82083029861617e-05
1.82079714499008e-05
1.82076399257128e-05
1.82073084135972e-05
1.82069769135533e-05
1.82066454255803e-05
1.82063139496777e-05
1.82059824858448e-05
1.8205651034081e-05
1.82053195943855e-05
1.82049881667577e-05
1.8204656751197e-05
1.82043253477026e-05
1.8203993956274e-05
1.82036625769105e-05
1.82033312096114e-05
1.8202999854376e-05
1.82026685112037e-05
1.82023371800939e-05
1.82020058610459e-05
1.8201674554059e-05
1.82013432591325e-05
1.82010119762659e-05
1.82006807054584e-05
1.82003494467094e-05
1.82000182000182e-05
1.81996869653842e-05
1.81993557428067e-05
1.81990245322851e-05
1.81986933338186e-05
1.81983621474067e-05
1.81980309730487e-05
1.81976998107439e-05
1.81973686604917e-05
1.81970375222914e-05
1.81967063961423e-05
1.81963752820438e-05
1.81960441799953e-05
1.8195713089996e-05
1.81953820120453e-05
1.81950509461427e-05
1.81947198922873e-05
1.81943888504785e-05
1.81940578207158e-05
1.81937268029983e-05
1.81933957973256e-05
1.81930648036968e-05
1.81927338221114e-05
1.81924028525688e-05
1.81920718950681e-05
1.81917409496089e-05
1.81914100161904e-05
1.81910790948119e-05
1.81907481854729e-05
1.81904172881726e-05
1.81900864029104e-05
1.81897555296857e-05
1.81894246684977e-05
1.81890938193459e-05
1.81887629822296e-05
1.81884321571481e-05
1.81881013441007e-05
1.81877705430868e-05
1.81874397541058e-05
1.8187108977157e-05
1.81867782122397e-05
1.81864474593533e-05
1.81861167184971e-05
1.81857859896705e-05
1.81854552728728e-05
1.81851245681033e-05
1.81847938753614e-05
1.81844631946465e-05
1.81841325259578e-05
1.81838018692948e-05
1.81834712246568e-05
1.81831405920431e-05
1.8182809971453e-05
1.81824793628859e-05
1.81821487663412e-05
1.81818181818182e-05
1.81814876093162e-05
1.81811570488346e-05
1.81808265003727e-05
1.81804959639299e-05
1.81801654395055e-05
1.81798349270989e-05
1.81795044267093e-05
1.81791739383362e-05
1.81788434619789e-05
1.81785129976368e-05
1.81781825453091e-05
1.81778521049953e-05
1.81775216766946e-05
1.81771912604064e-05
1.81768608561301e-05
1.81765304638651e-05
1.81762000836105e-05
1.81758697153659e-05
1.81755393591305e-05
1.81752090149037e-05
1.81748786826848e-05
1.81745483624732e-05
1.81742180542682e-05
1.81738877580692e-05
1.81735574738755e-05
1.81732272016865e-05
1.81728969415014e-05
1.81725666933198e-05
1.81722364571408e-05
1.81719062329638e-05
1.81715760207883e-05
1.81712458206135e-05
1.81709156324387e-05
1.81705854562634e-05
1.81702552920869e-05
1.81699251399084e-05
1.81695949997275e-05
1.81692648715433e-05
1.81689347553553e-05
1.81686046511628e-05
1.81682745589651e-05
1.81679444787617e-05
1.81676144105518e-05
1.81672843543347e-05
1.81669543101099e-05
1.81666242778767e-05
1.81662942576344e-05
1.81659642493824e-05
1.81656342531199e-05
1.81653042688465e-05
1.81649742965614e-05
1.81646443362639e-05
1.81643143879534e-05
1.81639844516293e-05
1.81636545272909e-05
1.81633246149375e-05
1.81629947145685e-05
1.81626648261833e-05
1.81623349497811e-05
1.81620050853614e-05
1.81616752329235e-05
1.81613453924667e-05
1.81610155639903e-05
1.81606857474938e-05
1.81603559429765e-05
1.81600261504377e-05
1.81596963698767e-05
1.81593666012929e-05
1.81590368446858e-05
1.81587071000545e-05
1.81583773673984e-05
1.8158047646717e-05
1.81577179380096e-05
1.81573882412754e-05
1.81570585565138e-05
1.81567288837243e-05
1.81563992229061e-05
1.81560695740586e-05
1.81557399371811e-05
1.81554103122731e-05
1.81550806993337e-05
1.81547510983624e-05
1.81544215093586e-05
1.81540919323215e-05
1.81537623672506e-05
1.81534328141452e-05
1.81531032730045e-05
1.81527737438281e-05
1.81524442266151e-05
1.8152114721365e-05
1.81517852280772e-05
1.81514557467509e-05
1.81511262773855e-05
1.81507968199804e-05
1.81504673745349e-05
1.81501379410484e-05
1.81498085195201e-05
1.81494791099495e-05
1.8149149712336e-05
1.81488203266788e-05
1.81484909529773e-05
1.81481615912308e-05
1.81478322414388e-05
1.81475029036005e-05
1.81471735777153e-05
1.81468442637825e-05
1.81465149618016e-05
1.81461856717718e-05
1.81458563936925e-05
1.81455271275631e-05
1.81451978733828e-05
1.81448686311511e-05
1.81445394008673e-05
1.81442101825308e-05
1.81438809761408e-05
1.81435517816968e-05
1.81432225991981e-05
1.8142893428644e-05
1.81425642700339e-05
1.81422351233672e-05
1.81419059886432e-05
1.81415768658612e-05
1.81412477550206e-05
1.81409186561207e-05
1.8140589569161e-05
1.81402604941407e-05
1.81399314310592e-05
1.81396023799158e-05
1.813927334071e-05
1.8138944313441e-05
1.81386152981081e-05
1.81382862947109e-05
1.81379573032485e-05
1.81376283237204e-05
1.81372993561259e-05
1.81369704004643e-05
1.8136641456735e-05
1.81363125249374e-05
1.81359836050708e-05
1.81356546971346e-05
1.8135325801128e-05
1.81349969170505e-05
1.81346680449014e-05
1.81343391846801e-05
1.81340103363859e-05
1.81336815000181e-05
1.81333526755762e-05
1.81330238630594e-05
1.81326950624671e-05
1.81323662737987e-05
1.81320374970535e-05
1.81317087322309e-05
1.81313799793302e-05
1.81310512383508e-05
1.8130722509292e-05
1.81303937921532e-05
1.81300650869337e-05
1.81297363936328e-05
1.812940771225e-05
1.81290790427846e-05
1.81287503852359e-05
1.81284217396034e-05
1.81280931058862e-05
1.81277644840838e-05
1.81274358741956e-05
1.81271072762209e-05
1.8126778690159e-05
1.81264501160093e-05
1.81261215537711e-05
1.81257930034439e-05
1.81254644650269e-05
1.81251359385195e-05
1.81248074239211e-05
1.8124478921231e-05
1.81241504304486e-05
1.81238219515731e-05
1.81234934846041e-05
1.81231650295408e-05
1.81228365863825e-05
1.81225081551287e-05
1.81221797357786e-05
1.81218513283317e-05
1.81215229327873e-05
1.81211945491447e-05
1.81208661774033e-05
1.81205378175624e-05
1.81202094696215e-05
1.81198811335798e-05
1.81195528094367e-05
1.81192244971915e-05
1.81188961968437e-05
1.81185679083925e-05
1.81182396318374e-05
1.81179113671776e-05
1.81175831144125e-05
1.81172548735416e-05
1.8116926644564e-05
1.81165984274793e-05
1.81162702222866e-05
1.81159420289855e-05
1.81156138475752e-05
1.81152856780551e-05
1.81149575204246e-05
1.8114629374683e-05
1.81143012408296e-05
1.81139731188639e-05
1.81136450087851e-05
1.81133169105927e-05
1.81129888242859e-05
1.81126607498642e-05
1.81123326873268e-05
1.81120046366732e-05
1.81116765979027e-05
1.81113485710146e-05
1.81110205560083e-05
1.81106925528832e-05
1.81103645616386e-05
1.81100365822739e-05
1.81097086147884e-05
1.81093806591815e-05
1.81090527154525e-05
1.81087247836007e-05
1.81083968636257e-05
1.81080689555266e-05
1.81077410593029e-05
1.81074131749538e-05
1.81070853024789e-05
1.81067574418773e-05
1.81064295931485e-05
1.81061017562919e-05
1.81057739313067e-05
1.81054461181924e-05
1.81051183169482e-05
1.81047905275736e-05
1.81044627500679e-05
1.81041349844304e-05
1.81038072306606e-05
1.81034794887577e-05
1.81031517587212e-05
1.81028240405503e-05
1.81024963342445e-05
1.8102168639803e-05
1.81018409572254e-05
1.81015132865108e-05
1.81011856276586e-05
1.81008579806683e-05
1.81005303455391e-05
1.81002027222705e-05
1.80998751108617e-05
1.80995475113122e-05
1.80992199236213e-05
1.80988923477883e-05
1.80985647838126e-05
1.80982372316936e-05
1.80979096914306e-05
1.8097582163023e-05
1.80972546464701e-05
1.80969271417713e-05
1.8096599648926e-05
1.80962721679334e-05
1.8095944698793e-05
1.80956172415041e-05
1.80952897960661e-05
1.80949623624783e-05
1.80946349407401e-05
1.80943075308508e-05
1.80939801328098e-05
1.80936527466165e-05
1.80933253722702e-05
1.80929980097702e-05
1.8092670659116e-05
1.80923433203068e-05
1.80920159933421e-05
1.80916886782212e-05
1.80913613749435e-05
1.80910340835082e-05
1.80907068039148e-05
1.80903795361627e-05
1.80900522802511e-05
1.80897250361794e-05
1.80893978039471e-05
1.80890705835534e-05
1.80887433749977e-05
1.80884161782794e-05
1.80880889933978e-05
1.80877618203524e-05
1.80874346591423e-05
1.8087107509767e-05
1.80867803722259e-05
1.80864532465184e-05
1.80861261326436e-05
1.80857990306012e-05
1.80854719403903e-05
1.80851448620103e-05
1.80848177954607e-05
1.80844907407407e-05
1.80841636978498e-05
1.80838366667872e-05
1.80835096475524e-05
1.80831826401447e-05
1.80828556445634e-05
1.80825286608079e-05
1.80822016888776e-05
1.80818747287719e-05
1.808154778049e-05
1.80812208440314e-05
1.80808939193954e-05
1.80805670065813e-05
1.80802401055886e-05
1.80799132164166e-05
1.80795863390646e-05
1.8079259473532e-05
1.80789326198181e-05
1.80786057779224e-05
1.80782789478442e-05
1.80779521295828e-05
1.80776253231376e-05
1.80772985285079e-05
1.80769717456932e-05
1.80766449746927e-05
1.80763182155059e-05
1.8075991468132e-05
1.80756647325705e-05
1.80753380088208e-05
1.80750112968821e-05
1.80746845967538e-05
1.80743579084353e-05
1.8074031231926e-05
1.80737045672251e-05
1.80733779143322e-05
1.80730512732465e-05
1.80727246439673e-05
1.80723980264941e-05
1.80720714208263e-05
1.8071744826963e-05
1.80714182449039e-05
1.80710916746481e-05
1.8070765116195e-05
1.80704385695441e-05
1.80701120346946e-05
1.8069785511646e-05
1.80694590003975e-05
1.80691325009486e-05
1.80688060132986e-05
1.80684795374469e-05
1.80681530733928e-05
1.80678266211357e-05
1.8067500180675e-05
1.806717375201e-05
1.806684733514e-05
1.80665209300645e-05
1.80661945367828e-05
1.80658681552942e-05
1.80655417855981e-05
1.8065215427694e-05
1.8064889081581e-05
1.80645627472587e-05
1.80642364247263e-05
1.80639101139833e-05
1.80635838150289e-05
1.80632575278626e-05
1.80629312524837e-05
1.80626049888915e-05
1.80622787370855e-05
1.80619524970649e-05
1.80616262688292e-05
1.80613000523778e-05
1.80609738477099e-05
1.80606476548249e-05
1.80603214737222e-05
1.80599953044012e-05
1.80596691468612e-05
1.80593430011016e-05
1.80590168671218e-05
1.8058690744921e-05
1.80583646344987e-05
1.80580385358542e-05
1.8057712448987e-05
1.80573863738962e-05
1.80570603105814e-05
1.80567342590419e-05
1.8056408219277e-05
1.80560821912861e-05
1.80557561750686e-05
1.80554301706238e-05
1.80551041779511e-05
1.80547781970499e-05
1.80544522279194e-05
1.80541262705591e-05
1.80538003249684e-05
1.80534743911466e-05
1.8053148469093e-05
1.80528225588071e-05
1.80524966602881e-05
1.80521707735355e-05
1.80518448985486e-05
1.80515190353268e-05
1.80511931838695e-05
1.80508673441759e-05
1.80505415162455e-05
1.80502157000776e-05
1.80498898956716e-05
1.80495641030269e-05
1.80492383221428e-05
1.80489125530187e-05
1.80485867956539e-05
1.80482610500478e-05
1.80479353161998e-05
1.80476095941093e-05
1.80472838837755e-05
1.80469581851979e-05
1.80466324983758e-05
1.80463068233086e-05
1.80459811599957e-05
1.80456555084363e-05
1.804532986863e-05
1.8045004240576e-05
1.80446786242737e-05
1.80443530197225e-05
1.80440274269217e-05
1.80437018458707e-05
1.80433762765689e-05
1.80430507190156e-05
1.80427251732102e-05
1.8042399639152e-05
1.80420741168405e-05
1.80417486062749e-05
1.80414231074547e-05
1.80410976203792e-05
1.80407721450478e-05
1.80404466814598e-05
1.80401212296147e-05
1.80397957895117e-05
1.80394703611502e-05
1.80391449445296e-05
1.80388195396493e-05
1.80384941465086e-05
1.8038168765107e-05
1.80378433954436e-05
1.8037518037518e-05
1.80371926913295e-05
1.80368673568775e-05
1.80365420341612e-05
1.80362167231801e-05
1.80358914239336e-05
1.8035566136421e-05
1.80352408606417e-05
1.8034915596595e-05
1.80345903442803e-05
1.8034265103697e-05
1.80339398748445e-05
1.8033614657722e-05
1.8033289452329e-05
1.80329642586648e-05
1.80326390767289e-05
1.80323139065205e-05
1.8031988748039e-05
1.80316636012839e-05
1.80313384662543e-05
1.80310133429499e-05
1.80306882313698e-05
1.80303631315135e-05
1.80300380433803e-05
1.80297129669696e-05
1.80293879022807e-05
1.80290628493131e-05
1.80287378080661e-05
1.8028412778539e-05
1.80280877607312e-05
1.80277627546421e-05
1.80274377602711e-05
1.80271127776175e-05
1.80267878066807e-05
1.80264628474601e-05
1.80261378999549e-05
1.80258129641647e-05
1.80254880400887e-05
1.80251631277263e-05
1.80248382270769e-05
1.80245133381399e-05
1.80241884609145e-05
1.80238635954003e-05
1.80235387415965e-05
1.80232138995026e-05
1.80228890691178e-05
1.80225642504416e-05
1.80222394434732e-05
1.80219146482122e-05
1.80215898646579e-05
1.80212650928095e-05
1.80209403326666e-05
1.80206155842284e-05
1.80202908474943e-05
1.80199661224637e-05
1.8019641409136e-05
1.80193167075105e-05
1.80189920175865e-05
1.80186673393636e-05
1.8018342672841e-05
1.8018018018018e-05
1.80176933748941e-05
1.80173687434687e-05
1.80170441237411e-05
1.80167195157106e-05
1.80163949193766e-05
1.80160703347386e-05
1.80157457617958e-05
1.80154212005477e-05
1.80150966509935e-05
1.80147721131328e-05
1.80144475869647e-05
1.80141230724888e-05
1.80137985697044e-05
1.80134740786108e-05
1.80131495992074e-05
1.80128251314936e-05
1.80125006754688e-05
1.80121762311322e-05
1.80118517984834e-05
1.80115273775216e-05
1.80112029682462e-05
1.80108785706567e-05
1.80105541847523e-05
1.80102298105324e-05
1.80099054479964e-05
1.80095810971437e-05
1.80092567579736e-05
1.80089324304855e-05
1.80086081146788e-05
1.80082838105529e-05
1.8007959518107e-05
1.80076352373406e-05
1.80073109682531e-05
1.80069867108438e-05
1.80066624651121e-05
1.80063382310573e-05
1.80060140086789e-05
1.80056897979762e-05
1.80053655989485e-05
1.80050414115952e-05
1.80047172359158e-05
1.80043930719095e-05
1.80040689195758e-05
1.8003744778914e-05
1.80034206499235e-05
1.80030965326036e-05
1.80027724269538e-05
1.80024483329733e-05
1.80021242506616e-05
1.8001800180018e-05
1.80014761210419e-05
1.80011520737327e-05
1.80008280380898e-05
1.80005040141124e-05
1.80001800018e-05
1.7999856001152e-05
1.79995320121677e-05
1.79992080348465e-05
1.79988840691877e-05
1.79985601151908e-05
1.79982361728551e-05
1.79979122421799e-05
1.79975883231647e-05
1.79972644158088e-05
1.79969405201116e-05
1.79966166360724e-05
1.79962927636907e-05
1.79959689029657e-05
1.7995645053897e-05
1.79953212164837e-05
1.79949973907254e-05
1.79946735766213e-05
1.79943497741709e-05
1.79940259833735e-05
1.79937022042285e-05
1.79933784367353e-05
1.79930546808932e-05
1.79927309367016e-05
1.79924072041598e-05
1.79920834832674e-05
1.79917597740235e-05
1.79914360764276e-05
1.79911123904791e-05
1.79907887161773e-05
1.79904650535216e-05
1.79901414025114e-05
1.79898177631461e-05
1.79894941354249e-05
1.79891705193474e-05
1.79888469149128e-05
1.79885233221205e-05
1.79881997409699e-05
1.79878761714604e-05
1.79875526135914e-05
1.79872290673622e-05
1.79869055327721e-05
1.79865820098207e-05
1.79862584985071e-05
1.79859349988309e-05
1.79856115107914e-05
1.79852880343879e-05
1.79849645696198e-05
1.79846411164865e-05
1.79843176749874e-05
1.79839942451218e-05
1.79836708268892e-05
1.79833474202888e-05
1.79830240253201e-05
1.79827006419824e-05
1.79823772702751e-05
1.79820539101976e-05
1.79817305617493e-05
1.79814072249294e-05
1.79810838997375e-05
1.79807605861728e-05
1.79804372842348e-05
1.79801139939227e-05
1.79797907152361e-05
1.79794674481742e-05
1.79791441927364e-05
1.79788209489222e-05
1.79784977167308e-05
1.79781744961617e-05
1.79778512872142e-05
1.79775280898876e-05
1.79772049041815e-05
1.79768817300951e-05
1.79765585676278e-05
1.7976235416779e-05
1.79759122775481e-05
1.79755891499344e-05
1.79752660339373e-05
1.79749429295562e-05
1.79746198367905e-05
1.79742967556394e-05
1.79739736861025e-05
1.79736506281791e-05
1.79733275818685e-05
1.79730045471702e-05
1.79726815240834e-05
1.79723585126076e-05
1.79720355127422e-05
1.79717125244865e-05
1.79713895478398e-05
1.79710665828017e-05
1.79707436293714e-05
1.79704206875483e-05
1.79700977573318e-05
1.79697748387213e-05
1.79694519317161e-05
1.79691290363156e-05
1.79688061525192e-05
1.79684832803263e-05
1.79681604197362e-05
1.79678375707484e-05
1.79675147333621e-05
1.79671919075768e-05
1.79668690933918e-05
1.79665462908065e-05
1.79662234998203e-05
1.79659007204326e-05
1.79655779526427e-05
1.79652551964501e-05
1.7964932451854e-05
1.79646097188539e-05
1.79642869974491e-05
1.7963964287639e-05
1.7963641589423e-05
1.79633189028005e-05
1.79629962277708e-05
1.79626735643333e-05
1.79623509124874e-05
1.79620282722325e-05
1.79617056435679e-05
1.7961383026493e-05
1.79610604210073e-05
1.79607378271099e-05
1.79604152448005e-05
1.79600926740782e-05
1.79597701149425e-05
1.79594475673928e-05
1.79591250314285e-05
1.79588025070488e-05
1.79584799942533e-05
1.79581574930412e-05
1.7957835003412e-05
1.7957512525365e-05
1.79571900588996e-05
1.79568676040152e-05
1.79565451607111e-05
1.79562227289867e-05
1.79559003088415e-05
1.79555779002747e-05
1.79552555032858e-05
1.79549331178741e-05
1.79546107440391e-05
1.795428838178e-05
1.79539660310963e-05
1.79536436919873e-05
1.79533213644524e-05
1.79529990484911e-05
1.79526767441025e-05
1.79523544512863e-05
1.79520321700416e-05
1.7951709900368e-05
1.79513876422647e-05
1.79510653957312e-05
1.79507431607669e-05
1.7950420937371e-05
1.7950098725543e-05
1.79497765252823e-05
1.79494543365882e-05
1.79491321594601e-05
1.79488099938974e-05
1.79484878398995e-05
1.79481656974657e-05
1.79478435665955e-05
1.79475214472881e-05
1.79471993395431e-05
1.79468772433597e-05
1.79465551587373e-05
1.79462330856753e-05
1.79459110241731e-05
1.79455889742301e-05
1.79452669358457e-05
1.79449449090191e-05
1.79446228937499e-05
1.79443008900373e-05
1.79439788978808e-05
1.79436569172797e-05
1.79433349482335e-05
1.79430129907414e-05
1.79426910448029e-05
1.79423691104173e-05
1.79420471875841e-05
1.79417252763026e-05
1.79414033765721e-05
1.79410814883921e-05
1.7940759611762e-05
1.7940437746681e-05
1.79401158931487e-05
1.79397940511643e-05
1.79394722207273e-05
1.7939150401837e-05
1.79388285944928e-05
1.79385067986941e-05
1.79381850144402e-05
1.79378632417306e-05
1.79375414805647e-05
1.79372197309417e-05
1.79368979928611e-05
1.79365762663223e-05
1.79362545513246e-05
1.79359328478674e-05
1.79356111559501e-05
1.79352894755721e-05
1.79349678067328e-05
1.79346461494315e-05
1.79343245036676e-05
1.79340028694405e-05
1.79336812467495e-05
1.79333596355941e-05
1.79330380359737e-05
1.79327164478875e-05
1.79323948713351e-05
1.79320733063157e-05
1.79317517528287e-05
1.79314302108736e-05
1.79311086804497e-05
1.79307871615564e-05
1.7930465654193e-05
1.7930144158359e-05
1.79298226740538e-05
1.79295012012766e-05
1.79291797400269e-05
1.79288582903041e-05
1.79285368521075e-05
1.79282154254366e-05
1.79278940102906e-05
1.79275726066691e-05
1.79272512145713e-05
1.79269298339966e-05
1.79266084649445e-05
1.79262871074143e-05
1.79259657614054e-05
1.79256444269171e-05
1.79253231039489e-05
1.79250017925002e-05
1.79246804925702e-05
1.79243592041585e-05
1.79240379272643e-05
1.7923716661887e-05
1.79233954080261e-05
1.79230741656809e-05
1.79227529348508e-05
1.79224317155352e-05
1.79221105077334e-05
1.79217893114449e-05
1.79214681266689e-05
1.7921146953405e-05
1.79208257916525e-05
1.79205046414107e-05
1.79201835026791e-05
1.7919862375457e-05
1.79195412597437e-05
1.79192201555388e-05
1.79188990628416e-05
1.79185779816514e-05
1.79182569119676e-05
1.79179358537896e-05
1.79176148071169e-05
1.79172937719487e-05
1.79169727482844e-05
1.79166517361236e-05
1.79163307354654e-05
1.79160097463093e-05
1.79156887686547e-05
1.7915367802501e-05
1.79150468478475e-05
1.79147259046937e-05
1.79144049730388e-05
1.79140840528824e-05
1.79137631442237e-05
1.79134422470622e-05
1.79131213613972e-05
1.79128004872282e-05
1.79124796245544e-05
1.79121587733754e-05
1.79118379336904e-05
1.79115171054988e-05
1.79111962888001e-05
1.79108754835936e-05
1.79105546898787e-05
1.79102339076548e-05
1.79099131369213e-05
1.79095923776775e-05
1.79092716299228e-05
1.79089508936567e-05
1.79086301688784e-05
1.79083094555874e-05
1.79079887537831e-05
1.79076680634648e-05
1.79073473846319e-05
1.79070267172839e-05
1.790670606142e-05
1.79063854170397e-05
1.79060647841424e-05
1.79057441627274e-05
1.79054235527941e-05
1.7905102954342e-05
1.79047823673703e-05
1.79044617918785e-05
1.7904141227866e-05
1.79038206753321e-05
1.79035001342763e-05
1.79031796046978e-05
1.79028590865961e-05
1.79025385799706e-05
1.79022180848207e-05
1.79018976011457e-05
1.79015771289451e-05
1.79012566682181e-05
1.79009362189643e-05
1.79006157811829e-05
1.79002953548734e-05
1.78999749400351e-05
1.78996545366674e-05
1.78993341447698e-05
1.78990137643416e-05
1.78986933953821e-05
1.78983730378909e-05
1.78980526918671e-05
1.78977323573103e-05
1.78974120342199e-05
1.78970917225951e-05
1.78967714224354e-05
1.78964511337402e-05
1.78961308565088e-05
1.78958105907407e-05
1.78954903364352e-05
1.78951700935917e-05
1.78948498622097e-05
1.78945296422884e-05
1.78942094338272e-05
1.78938892368256e-05
1.7893569051283e-05
1.78932488771986e-05
1.7892928714572e-05
1.78926085634025e-05
1.78922884236894e-05
1.78919682954322e-05
1.78916481786302e-05
1.78913280732829e-05
1.78910079793896e-05
1.78906878969496e-05
1.78903678259625e-05
1.78900477664275e-05
1.78897277183441e-05
1.78894076817117e-05
1.78890876565295e-05
1.78887676427971e-05
1.78884476405138e-05
1.78881276496789e-05
1.78878076702919e-05
1.78874877023522e-05
1.78871677458591e-05
1.78868478008121e-05
1.78865278672104e-05
1.78862079450536e-05
1.78858880343409e-05
1.78855681350718e-05
1.78852482472457e-05
1.78849283708619e-05
1.78846085059198e-05
1.78842886524188e-05
1.78839688103584e-05
1.78836489797378e-05
1.78833291605565e-05
1.78830093528139e-05
1.78826895565093e-05
1.78823697716421e-05
1.78820499982118e-05
1.78817302362177e-05
1.78814104856591e-05
1.78810907465355e-05
1.78807710188463e-05
1.78804513025909e-05
1.78801315977686e-05
1.78798119043788e-05
1.78794922224209e-05
1.78791725518943e-05
1.78788528927984e-05
1.78785332451326e-05
1.78782136088962e-05
1.78778939840887e-05
1.78775743707094e-05
1.78772547687577e-05
1.7876935178233e-05
1.78766155991348e-05
1.78762960314623e-05
1.7875976475215e-05
1.78756569303922e-05
1.78753373969934e-05
1.78750178750179e-05
1.78746983644651e-05
1.78743788653344e-05
1.78740593776253e-05
1.7873739901337e-05
1.78734204364689e-05
1.78731009830206e-05
1.78727815409912e-05
1.78724621103803e-05
1.78721426911872e-05
1.78718232834114e-05
1.78715038870521e-05
1.78711845021088e-05
1.78708651285809e-05
1.78705457664677e-05
1.78702264157687e-05
1.78699070764832e-05
1.78695877486106e-05
1.78692684321504e-05
1.78689491271018e-05
1.78686298334644e-05
1.78683105512374e-05
1.78679912804203e-05
1.78676720210124e-05
1.78673527730132e-05
1.78670335364219e-05
1.78667143112382e-05
1.78663950974612e-05
1.78660758950904e-05
1.78657567041252e-05
1.7865437524565e-05
1.78651183564091e-05
1.7864799199657e-05
1.7864480054308e-05
1.78641609203616e-05
1.7863841797817e-05
1.78635226866738e-05
1.78632035869313e-05
1.78628844985888e-05
1.78625654216459e-05
1.78622463561017e-05
1.78619273019559e-05
1.78616082592077e-05
1.78612892278565e-05
1.78609702079017e-05
1.78606511993427e-05
1.7860332202179e-05
1.78600132164098e-05
1.78596942420346e-05
1.78593752790527e-05
1.78590563274637e-05
1.78587373872667e-05
1.78584184584613e-05
1.78580995410468e-05
1.78577806350227e-05
1.78574617403882e-05
1.78571428571429e-05
1.7856823985286e-05
1.7856505124817e-05
1.78561862757352e-05
1.78558674380401e-05
1.78555486117311e-05
1.78552297968075e-05
1.78549109932687e-05
1.78545922011141e-05
1.78542734203432e-05
1.78539546509552e-05
1.78536358929496e-05
1.78533171463258e-05
1.78529984110831e-05
1.78526796872211e-05
1.78523609747389e-05
1.78520422736361e-05
1.7851723583912e-05
1.78514049055661e-05
1.78510862385976e-05
1.78507675830061e-05
1.78504489387908e-05
1.78501303059512e-05
1.78498116844867e-05
1.78494930743967e-05
1.78491744756805e-05
1.78488558883376e-05
1.78485373123672e-05
1.7848218747769e-05
1.78479001945421e-05
1.78475816526861e-05
1.78472631222002e-05
1.7846944603084e-05
1.78466260953367e-05
1.78463075989578e-05
1.78459891139466e-05
1.78456706403027e-05
1.78453521780252e-05
1.78450337271137e-05
1.78447152875676e-05
1.78443968593862e-05
1.78440784425688e-05
1.7843760037115e-05
1.78434416430241e-05
1.78431232602955e-05
1.78428048889285e-05
1.78424865289227e-05
1.78421681802773e-05
1.78418498429917e-05
1.78415315170654e-05
1.78412132024978e-05
1.78408948992881e-05
1.7840576607436e-05
1.78402583269406e-05
1.78399400578014e-05
1.78396218000178e-05
1.78393035535893e-05
1.78389853185151e-05
1.78386670947947e-05
1.78383488824274e-05
1.78380306814128e-05
1.78377124917501e-05
1.78373943134387e-05
1.78370761464781e-05
1.78367579908676e-05
1.78364398466066e-05
1.78361217136946e-05
1.78358035921308e-05
1.78354854819148e-05
1.78351673830459e-05
1.78348492955235e-05
1.78345312193469e-05
1.78342131545156e-05
1.7833895101029e-05
1.78335770588865e-05
1.78332590280874e-05
1.78329410086311e-05
1.78326230005171e-05
1.78323050037448e-05
1.78319870183135e-05
1.78316690442225e-05
1.78313510814714e-05
1.78310331300596e-05
1.78307151899863e-05
1.7830397261251e-05
1.78300793438531e-05
1.7829761437792e-05
1.7829443543067e-05
1.78291256596776e-05
1.78288077876232e-05
1.78284899269032e-05
1.78281720775169e-05
1.78278542394637e-05
1.78275364127431e-05
1.78272185973544e-05
1.78269007932971e-05
1.78265830005704e-05
1.78262652191739e-05
1.78259474491069e-05
1.78256296903688e-05
1.7825311942959e-05
1.78249942068769e-05
1.78246764821218e-05
1.78243587686933e-05
1.78240410665906e-05
1.78237233758132e-05
1.78234056963605e-05
1.78230880282318e-05
1.78227703714265e-05
1.78224527259441e-05
1.7822135091784e-05
1.78218174689455e-05
1.7821499857428e-05
1.78211822572309e-05
1.78208646683537e-05
1.78205470907957e-05
1.78202295245563e-05
1.78199119696349e-05
1.78195944260309e-05
1.78192768937437e-05
1.78189593727726e-05
1.78186418631172e-05
1.78183243647767e-05
1.78180068777507e-05
1.78176894020383e-05
1.78173719376392e-05
1.78170544845526e-05
1.7816737042778e-05
1.78164196123147e-05
1.78161021931622e-05
1.78157847853198e-05
1.78154673887869e-05
1.7815150003563e-05
1.78148326296474e-05
1.78145152670396e-05
1.78141979157388e-05
1.78138805757446e-05
1.78135632470563e-05
1.78132459296733e-05
1.7812928623595e-05
1.78126113288208e-05
1.78122940453501e-05
1.78119767731823e-05
1.78116595123168e-05
1.78113422627529e-05
1.78110250244902e-05
1.78107077975279e-05
1.78103905818655e-05
1.78100733775023e-05
1.78097561844378e-05
1.78094390026714e-05
1.78091218322025e-05
1.78088046730303e-05
1.78084875251545e-05
1.78081703885743e-05
1.78078532632891e-05
1.78075361492984e-05
1.78072190466015e-05
1.78069019551978e-05
1.78065848750868e-05
1.78062678062678e-05
1.78059507487402e-05
1.78056337025035e-05
1.78053166675569e-05
1.78049996439e-05
1.78046826315321e-05
1.78043656304526e-05
1.78040486406609e-05
1.78037316621564e-05
1.78034146949385e-05
1.78030977390066e-05
1.78027807943601e-05
1.78024638609984e-05
1.78021469389208e-05
1.78018300281269e-05
1.78015131286159e-05
1.78011962403874e-05
1.78008793634406e-05
1.78005624977749e-05
1.78002456433899e-05
1.77999288002848e-05
1.77996119684591e-05
1.77992951479121e-05
1.77989783386434e-05
1.77986615406521e-05
1.77983447539379e-05
1.77980279785e-05
1.77977112143378e-05
1.77973944614508e-05
1.77970777198384e-05
1.77967609894999e-05
1.77964442704348e-05
1.77961275626424e-05
1.77958108661221e-05
1.77954941808734e-05
1.77951775068956e-05
1.77948608441882e-05
1.77945441927505e-05
1.77942275525819e-05
1.77939109236819e-05
1.77935943060498e-05
1.77932776996851e-05
1.7792961104587e-05
1.77926445207551e-05
1.77923279481887e-05
1.77920113868873e-05
1.77916948368502e-05
1.77913782980768e-05
1.77910617705665e-05
1.77907452543187e-05
1.77904287493329e-05
1.77901122556083e-05
1.77897957731445e-05
1.77894793019408e-05
1.77891628419967e-05
1.77888463933114e-05
1.77885299558844e-05
1.77882135297152e-05
1.77878971148031e-05
1.77875807111475e-05
1.77872643187478e-05
1.77869479376034e-05
1.77866315677137e-05
1.77863152090781e-05
1.77859988616961e-05
1.77856825255669e-05
1.77853662006901e-05
1.77850498870649e-05
1.77847335846909e-05
1.77844172935674e-05
1.77841010136938e-05
1.77837847450694e-05
1.77834684876938e-05
1.77831522415663e-05
1.77828360066863e-05
1.77825197830533e-05
1.77822035706665e-05
1.77818873695254e-05
1.77815711796294e-05
1.7781255000978e-05
1.77809388335704e-05
1.77806226774062e-05
1.77803065324846e-05
1.77799903988052e-05
1.77796742763673e-05
1.77793581651702e-05
1.77790420652135e-05
1.77787259764965e-05
1.77784098990186e-05
1.77780938327792e-05
1.77777777777778e-05
1.77774617340136e-05
1.77771457014862e-05
1.77768296801948e-05
1.7776513670139e-05
1.77761976713181e-05
1.77758816837315e-05
1.77755657073786e-05
1.77752497422589e-05
1.77749337883716e-05
1.77746178457163e-05
1.77743019142923e-05
1.7773985994099e-05
1.77736700851359e-05
1.77733541874022e-05
1.77730383008975e-05
1.77727224256212e-05
1.77724065615725e-05
1.7772090708751e-05
1.7771774867156e-05
1.77714590367869e-05
1.77711432176432e-05
1.77708274097242e-05
1.77705116130293e-05
1.7770195827558e-05
1.77698800533096e-05
1.77695642902836e-05
1.77692485384793e-05
1.77689327978962e-05
1.77686170685336e-05
1.77683013503909e-05
1.77679856434676e-05
1.77676699477631e-05
1.77673542632767e-05
1.77670385900078e-05
1.77667229279559e-05
1.77664072771204e-05
1.77660916375007e-05
1.77657760090961e-05
1.77654603919061e-05
1.776514478593e-05
1.77648291911673e-05
1.77645136076174e-05
1.77641980352797e-05
1.77638824741536e-05
1.77635669242384e-05
1.77632513855336e-05
1.77629358580386e-05
1.77626203417528e-05
1.77623048366756e-05
1.77619893428064e-05
1.77616738601446e-05
1.77613583886896e-05
1.77610429284408e-05
1.77607274793976e-05
1.77604120415594e-05
1.77600966149256e-05
1.77597811994956e-05
1.77594657952689e-05
1.77591504022448e-05
1.77588350204227e-05
1.7758519649802e-05
1.77582042903822e-05
1.77578889421626e-05
1.77575736051426e-05
1.77572582793217e-05
1.77569429646992e-05
1.77566276612746e-05
1.77563123690472e-05
1.77559970880165e-05
1.77556818181818e-05
1.77553665595426e-05
1.77550513120983e-05
1.77547360758482e-05
1.77544208507918e-05
1.77541056369285e-05
1.77537904342577e-05
1.77534752427788e-05
1.77531600624911e-05
1.77528448933942e-05
1.77525297354873e-05
1.77522145887699e-05
1.77518994532415e-05
1.77515843289014e-05
1.77512692157489e-05
1.77509541137836e-05
1.77506390230048e-05
1.7750323943412e-05
1.77500088750044e-05
1.77496938177816e-05
1.7749378771743e-05
1.77490637368879e-05
1.77487487132157e-05
1.77484337007259e-05
1.77481186994179e-05
1.7747803709291e-05
1.77474887303447e-05
1.77471737625783e-05
1.77468588059913e-05
1.77465438605832e-05
1.77462289263532e-05
1.77459140033007e-05
1.77455990914253e-05
1.77452841907263e-05
1.77449693012031e-05
1.77446544228551e-05
1.77443395556817e-05
1.77440246996824e-05
1.77437098548565e-05
1.77433950212034e-05
1.77430801987225e-05
1.77427653874133e-05
1.77424505872751e-05
1.77421357983074e-05
1.77418210205095e-05
1.7741506253881e-05
1.7741191498421e-05
1.77408767541292e-05
1.77405620210048e-05
1.77402472990473e-05
1.77399325882562e-05
1.77396178886307e-05
1.77393032001703e-05
1.77389885228744e-05
1.77386738567425e-05
1.77383592017738e-05
1.77380445579679e-05
1.77377299253242e-05
1.77374153038419e-05
1.77371006935206e-05
1.77367860943597e-05
1.77364715063585e-05
1.77361569295165e-05
1.77358423638331e-05
1.77355278093076e-05
1.77352132659395e-05
1.77348987337282e-05
1.77345842126731e-05
1.77342697027736e-05
1.77339552040292e-05
1.77336407164391e-05
1.77333262400028e-05
1.77330117747198e-05
1.77326973205894e-05
1.77323828776111e-05
1.77320684457842e-05
1.77317540251082e-05
1.77314396155824e-05
1.77311252172063e-05
1.77308108299793e-05
1.77304964539007e-05
1.77301820889701e-05
1.77298677351867e-05
1.772955339255e-05
1.77292390610595e-05
1.77289247407145e-05
1.77286104315144e-05
1.77282961334586e-05
1.77279818465466e-05
1.77276675707777e-05
1.77273533061514e-05
1.7727039052667e-05
1.7726724810324e-05
1.77264105791218e-05
1.77260963590598e-05
1.77257821501374e-05
1.77254679523539e-05
1.77251537657089e-05
1.77248395902017e-05
1.77245254258317e-05
1.77242112725984e-05
1.77238971305011e-05
1.77235829995392e-05
1.77232688797122e-05
1.77229547710194e-05
1.77226406734603e-05
1.77223265870343e-05
1.77220125117408e-05
1.77216984475792e-05
1.77213843945489e-05
1.77210703526493e-05
1.77207563218798e-05
1.77204423022399e-05
1.77201282937288e-05
1.77198142963462e-05
1.77195003100913e-05
1.77191863349635e-05
1.77188723709623e-05
1.77185584180871e-05
1.77182444763373e-05
1.77179305457123e-05
1.77176166262114e-05
1.77173027178342e-05
1.77169888205801e-05
1.77166749344483e-05
1.77163610594384e-05
1.77160471955497e-05
1.77157333427817e-05
1.77154195011338e-05
1.77151056706053e-05
1.77147918511957e-05
1.77144780429045e-05
1.77141642457309e-05
1.77138504596744e-05
1.77135366847345e-05
1.77132229209105e-05
1.77129091682018e-05
1.77125954266079e-05
1.77122816961281e-05
1.77119679767619e-05
1.77116542685087e-05
1.77113405713678e-05
1.77110268853388e-05
1.7710713210421e-05
1.77103995466138e-05
1.77100858939166e-05
1.77097722523288e-05
1.77094586218499e-05
1.77091450024793e-05
1.77088313942163e-05
1.77085177970604e-05
1.7708204211011e-05
1.77078906360674e-05
1.77075770722292e-05
1.77072635194957e-05
1.77069499778663e-05
1.77066364473405e-05
1.77063229279176e-05
1.7706009419597e-05
1.77056959223782e-05
1.77053824362606e-05
1.77050689612436e-05
1.77047554973266e-05
1.7704442044509e-05
1.77041286027902e-05
1.77038151721696e-05
1.77035017526467e-05
1.77031883442208e-05
1.77028749468914e-05
1.77025615606578e-05
1.77022481855196e-05
1.7701934821476e-05
1.77016214685265e-05
1.77013081266706e-05
1.77009947959075e-05
1.77006814762368e-05
1.77003681676579e-05
1.77000548701701e-05
1.76997415837729e-05
1.76994283084656e-05
1.76991150442478e-05
1.76988017911187e-05
1.76984885490779e-05
1.76981753181247e-05
1.76978620982585e-05
1.76975488894788e-05
1.76972356917849e-05
1.76969225051763e-05
1.76966093296524e-05
1.76962961652126e-05
1.76959830118563e-05
1.76956698695829e-05
1.76953567383918e-05
1.76950436182825e-05
1.76947305092543e-05
1.76944174113067e-05
1.76941043244391e-05
1.76937912486508e-05
1.76934781839414e-05
1.76931651303102e-05
1.76928520877565e-05
1.769253905628e-05
1.76922260358798e-05
1.76919130265556e-05
1.76916000283066e-05
1.76912870411322e-05
1.7690974065032e-05
1.76906611000053e-05
1.76903481460515e-05
1.76900352031701e-05
1.76897222713603e-05
1.76894093506218e-05
1.76890964409538e-05
1.76887835423558e-05
1.76884706548272e-05
1.76881577783674e-05
1.76878449129758e-05
1.76875320586519e-05
1.7687219215395e-05
1.76869063832045e-05
1.76865935620799e-05
1.76862807520207e-05
1.76859679530261e-05
1.76856551650956e-05
1.76853423882286e-05
1.76850296224246e-05
1.76847168676829e-05
1.7684404124003e-05
1.76840913913843e-05
1.76837786698262e-05
1.7683465959328e-05
1.76831532598893e-05
1.76828405715094e-05
1.76825278941878e-05
1.76822152279238e-05
1.76819025727168e-05
1.76815899285664e-05
1.76812772954718e-05
1.76809646734326e-05
1.76806520624481e-05
1.76803394625177e-05
1.76800268736408e-05
1.7679714295817e-05
1.76794017290455e-05
1.76790891733258e-05
1.76787766286573e-05
1.76784640950394e-05
1.76781515724716e-05
1.76778390609532e-05
1.76775265604837e-05
1.76772140710624e-05
1.76769015926888e-05
1.76765891253624e-05
1.76762766690824e-05
1.76759642238484e-05
1.76756517896597e-05
1.76753393665158e-05
1.76750269544161e-05
1.767471455336e-05
1.76744021633468e-05
1.76740897843761e-05
1.76737774164472e-05
1.76734650595596e-05
1.76731527137126e-05
1.76728403789057e-05
1.76725280551383e-05
1.76722157424098e-05
1.76719034407196e-05
1.76715911500672e-05
1.76712788704519e-05
1.76709666018731e-05
1.76706543443304e-05
1.7670342097823e-05
1.76700298623505e-05
1.76697176379121e-05
1.76694054245075e-05
1.76690932221358e-05
1.76687810307967e-05
1.76684688504894e-05
1.76681566812134e-05
1.76678445229682e-05
1.76675323757531e-05
1.76672202395675e-05
1.76669081144109e-05
1.76665960002827e-05
1.76662838971822e-05
1.7665971805109e-05
1.76656597240624e-05
1.76653476540418e-05
1.76650355950467e-05
1.76647235470765e-05
1.76644115101305e-05
1.76640994842083e-05
1.76637874693092e-05
1.76634754654326e-05
1.76631634725779e-05
1.76628514907447e-05
1.76625395199322e-05
1.76622275601399e-05
1.76619156113672e-05
1.76616036736136e-05
1.76612917468784e-05
1.7660979831161e-05
1.7660667926461e-05
1.76603560327776e-05
1.76600441501104e-05
1.76597322784587e-05
1.76594204178219e-05
1.76591085681995e-05
1.76587967295908e-05
1.76584849019954e-05
1.76581730854126e-05
1.76578612798418e-05
1.76575494852824e-05
1.76572377017339e-05
1.76569259291957e-05
1.76566141676672e-05
1.76563024171478e-05
1.76559906776369e-05
1.7655678949134e-05
1.76553672316384e-05
1.76550555251496e-05
1.7654743829667e-05
1.765443214519e-05
1.76541204717181e-05
1.76538088092506e-05
1.7653497157787e-05
1.76531855173266e-05
1.76528738878689e-05
1.76525622694134e-05
1.76522506619594e-05
1.76519390655063e-05
1.76516274800537e-05
1.76513159056008e-05
1.76510043421471e-05
1.7650692789692e-05
1.7650381248235e-05
1.76500697177754e-05
1.76497581983127e-05
1.76494466898463e-05
1.76491351923756e-05
1.76488237059e-05
1.7648512230419e-05
1.76482007659319e-05
1.76478893124382e-05
1.76475778699374e-05
1.76472664384287e-05
1.76469550179117e-05
1.76466436083857e-05
1.76463322098502e-05
1.76460208223046e-05
1.76457094457483e-05
1.76453980801807e-05
1.76450867256013e-05
1.76447753820094e-05
1.76444640494045e-05
1.7644152727786e-05
1.76438414171533e-05
1.76435301175059e-05
1.76432188288431e-05
1.76429075511644e-05
1.76425962844692e-05
1.76422850287569e-05
1.7641973784027e-05
1.76416625502787e-05
1.76413513275117e-05
1.76410401157252e-05
1.76407289149188e-05
1.76404177250917e-05
1.76401065462435e-05
1.76397953783736e-05
1.76394842214814e-05
1.76391730755662e-05
1.76388619406276e-05
1.76385508166649e-05
1.76382397036776e-05
1.7637928601665e-05
1.76376175106267e-05
1.76373064305619e-05
1.76369953614702e-05
1.7636684303351e-05
1.76363732562036e-05
1.76360622200275e-05
1.76357511948221e-05
1.76354401805869e-05
1.76351291773212e-05
1.76348181850245e-05
1.76345072036962e-05
1.76341962333357e-05
1.76338852739424e-05
1.76335743255158e-05
1.76332633880552e-05
1.76329524615602e-05
1.763264154603e-05
1.76323306414642e-05
1.76320197478621e-05
1.76317088652232e-05
1.76313979935469e-05
1.76310871328326e-05
1.76307762830797e-05
1.76304654442877e-05
1.7630154616456e-05
1.76298437995839e-05
1.7629532993671e-05
1.76292221987166e-05
1.76289114147201e-05
1.76286006416811e-05
1.76282898795988e-05
1.76279791284727e-05
1.76276683883023e-05
1.76273576590869e-05
1.7627046940826e-05
1.7626736233519e-05
1.76264255371653e-05
1.76261148517644e-05
1.76258041773156e-05
1.76254935138184e-05
1.76251828612722e-05
1.76248722196764e-05
1.76245615890305e-05
1.76242509693338e-05
1.76239403605858e-05
1.76236297627859e-05
1.76233191759336e-05
1.76230086000282e-05
1.76226980350692e-05
1.76223874810559e-05
1.76220769379879e-05
1.76217664058645e-05
1.76214558846852e-05
1.76211453744493e-05
1.76208348751564e-05
1.76205243868058e-05
1.76202139093969e-05
1.76199034429291e-05
1.7619592987402e-05
1.76192825428149e-05
1.76189721091671e-05
1.76186616864583e-05
1.76183512746877e-05
1.76180408738548e-05
1.76177304839591e-05
1.76174201049998e-05
1.76171097369766e-05
1.76167993798887e-05
1.76164890337356e-05
1.76161786985167e-05
1.76158683742315e-05
1.76155580608794e-05
1.76152477584597e-05
1.7614937466972e-05
1.76146271864156e-05
1.761431691679e-05
1.76140066580945e-05
1.76136964103287e-05
1.76133861734919e-05
1.76130759475835e-05
1.7612765732603e-05
1.76124555285498e-05
1.76121453354233e-05
1.7611835153223e-05
1.76115249819482e-05
1.76112148215984e-05
1.7610904672173e-05
1.76105945336715e-05
1.76102844060932e-05
1.76099742894375e-05
1.7609664183704e-05
1.7609354088892e-05
1.7609044005001e-05
1.76087339320303e-05
1.76084238699794e-05
1.76081138188477e-05
1.76078037786347e-05
1.76074937493397e-05
1.76071837309622e-05
1.76068737235017e-05
1.76065637269574e-05
1.76062537413289e-05
1.76059437666156e-05
1.76056338028169e-05
1.76053238499322e-05
1.7605013907961e-05
1.76047039769026e-05
1.76043940567566e-05
1.76040841475222e-05
1.7603774249199e-05
1.76034643617864e-05
1.76031544852838e-05
1.76028446196905e-05
1.76025347650062e-05
1.760222492123e-05
1.76019150883616e-05
1.76016052664003e-05
1.76012954553455e-05
1.76009856551967e-05
1.76006758659533e-05
1.76003660876146e-05
1.76000563201802e-05
1.75997465636495e-05
1.75994368180218e-05
1.75991270832967e-05
1.75988173594734e-05
1.75985076465516e-05
1.75981979445305e-05
1.75978882534096e-05
1.75975785731883e-05
1.75972689038661e-05
1.75969592454424e-05
1.75966495979166e-05
1.75963399612881e-05
1.75960303355563e-05
1.75957207207207e-05
1.75954111167807e-05
1.75951015237358e-05
1.75947919415853e-05
1.75944823703287e-05
1.75941728099653e-05
1.75938632604947e-05
1.75935537219163e-05
1.75932441942294e-05
1.75929346774335e-05
1.75926251715281e-05
1.75923156765125e-05
1.75920061923862e-05
1.75916967191486e-05
1.75913872567991e-05
1.75910778053371e-05
1.75907683647622e-05
1.75904589350736e-05
1.75901495162709e-05
1.75898401083534e-05
1.75895307113206e-05
1.75892213251719e-05
1.75889119499068e-05
1.75886025855246e-05
1.75882932320248e-05
1.75879838894068e-05
1.758767455767e-05
1.75873652368139e-05
1.75870559268378e-05
1.75867466277413e-05
1.75864373395238e-05
1.75861280621845e-05
1.75858187957231e-05
1.75855095401389e-05
1.75852002954314e-05
1.75848910615999e-05
1.75845818386439e-05
1.75842726265628e-05
1.75839634253561e-05
1.75836542350231e-05
1.75833450555634e-05
1.75830358869762e-05
1.75827267292612e-05
1.75824175824176e-05
1.75821084464449e-05
1.75817993213425e-05
1.758149020711e-05
1.75811811037465e-05
1.75808720112518e-05
1.7580562929625e-05
1.75802538588657e-05
1.75799447989733e-05
1.75796357499473e-05
1.75793267117869e-05
1.75790176844918e-05
1.75787086680612e-05
1.75783996624947e-05
1.75780906677917e-05
1.75777816839515e-05
1.75774727109736e-05
1.75771637488575e-05
1.75768547976025e-05
1.75765458572081e-05
1.75762369276738e-05
1.75759280089989e-05
1.75756191011828e-05
1.75753102042251e-05
1.75750013181251e-05
1.75746924428822e-05
1.7574383578496e-05
1.75740747249657e-05
1.75737658822909e-05
1.7573457050471e-05
1.75731482295053e-05
1.75728394193934e-05
1.75725306201346e-05
1.75722218317284e-05
1.75719130541742e-05
1.75716042874714e-05
1.75712955316195e-05
1.75709867866179e-05
1.7570678052466e-05
1.75703693291633e-05
1.75700606167091e-05
1.7569751915103e-05
1.75694432243442e-05
1.75691345444323e-05
1.75688258753668e-05
1.75685172171469e-05
1.75682085697721e-05
1.7567899933242e-05
1.75675913075558e-05
1.75672826927131e-05
1.75669740887132e-05
1.75666654955556e-05
1.75663569132398e-05
1.7566048341765e-05
1.75657397811309e-05
1.75654312313367e-05
1.7565122692382e-05
1.75648141642661e-05
1.75645056469886e-05
1.75641971405487e-05
1.7563888644946e-05
1.75635801601799e-05
1.75632716862497e-05
1.7562963223155e-05
1.75626547708952e-05
1.75623463294696e-05
1.75620378988778e-05
1.75617294791191e-05
1.7561421070193e-05
1.75611126720989e-05
1.75608042848362e-05
1.75604959084045e-05
1.7560187542803e-05
1.75598791880312e-05
1.75595708440886e-05
1.75592625109745e-05
1.75589541886885e-05
1.75586458772299e-05
1.75583375765982e-05
1.75580292867928e-05
1.75577210078132e-05
1.75574127396587e-05
1.75571044823288e-05
1.75567962358229e-05
1.75564880001405e-05
1.75561797752809e-05
1.75558715612437e-05
1.75555633580282e-05
1.75552551656338e-05
1.75549469840601e-05
1.75546388133064e-05
1.75543306533722e-05
1.75540225042569e-05
1.75537143659598e-05
1.75534062384806e-05
1.75530981218185e-05
1.7552790015973e-05
1.75524819209436e-05
1.75521738367297e-05
1.75518657633306e-05
1.75515577007459e-05
1.7551249648975e-05
1.75509416080173e-05
1.75506335778722e-05
1.75503255585391e-05
1.75500175500176e-05
1.75497095523069e-05
1.75494015654066e-05
1.75490935893161e-05
1.75487856240348e-05
1.75484776695622e-05
1.75481697258976e-05
1.75478617930405e-05
1.75475538709904e-05
1.75472459597466e-05
1.75469380593087e-05
1.75466301696759e-05
1.75463222908478e-05
1.75460144228239e-05
1.75457065656034e-05
1.75453987191859e-05
1.75450908835708e-05
1.75447830587575e-05
1.75444752447454e-05
1.75441674415341e-05
1.75438596491228e-05
1.75435518675111e-05
1.75432440966984e-05
1.7542936336684e-05
1.75426285874675e-05
1.75423208490483e-05
1.75420131214258e-05
1.75417054045994e-05
1.75413976985686e-05
1.75410900033328e-05
1.75407823188914e-05
1.75404746452439e-05
1.75401669823897e-05
1.75398593303282e-05
1.75395516890588e-05
1.75392440585811e-05
1.75389364388943e-05
1.75386288299981e-05
1.75383212318917e-05
1.75380136445746e-05
1.75377060680463e-05
1.75373985023062e-05
1.75370909473537e-05
1.75367834031882e-05
1.75364758698092e-05
1.75361683472161e-05
1.75358608354084e-05
1.75355533343855e-05
1.75352458441467e-05
1.75349383646916e-05
1.75346308960196e-05
1.75343234381301e-05
1.75340159910226e-05
1.75337085546964e-05
1.7533401129151e-05
1.75330937143859e-05
1.75327863104004e-05
1.75324789171941e-05
1.75321715347663e-05
1.75318641631165e-05
1.7531556802244e-05
1.75312494521485e-05
1.75309421128291e-05
1.75306347842855e-05
1.75303274665171e-05
1.75300201595232e-05
1.75297128633033e-05
1.75294055778569e-05
1.75290983031833e-05
1.7528791039282e-05
1.75284837861525e-05
1.75281765437941e-05
1.75278693122064e-05
1.75275620913887e-05
1.75272548813405e-05
1.75269476820612e-05
1.75266404935502e-05
1.7526333315807e-05
1.7526026148831e-05
1.75257189926217e-05
1.75254118471784e-05
1.75251047125007e-05
1.75247975885879e-05
1.75244904754394e-05
1.75241833730548e-05
1.75238762814335e-05
1.75235692005748e-05
1.75232621304782e-05
1.75229550711432e-05
1.75226480225692e-05
1.75223409847556e-05
1.75220339577018e-05
1.75217269414073e-05
1.75214199358716e-05
1.7521112941094e-05
1.7520805957074e-05
1.75204989838111e-05
1.75201920213046e-05
1.75198850695539e-05
1.75195781285587e-05
1.75192711983181e-05
1.75189642788318e-05
1.75186573700992e-05
1.75183504721195e-05
1.75180435848924e-05
1.75177367084173e-05
1.75174298426935e-05
1.75171229877205e-05
1.75168161434978e-05
1.75165093100247e-05
1.75162024873008e-05
1.75158956753254e-05
1.75155888740979e-05
1.7515282083618e-05
1.75149753038848e-05
1.7514668534898e-05
1.75143617766569e-05
1.75140550291609e-05
1.75137482924095e-05
1.75134415664022e-05
1.75131348511384e-05
1.75128281466174e-05
1.75125214528388e-05
1.75122147698019e-05
1.75119080975063e-05
1.75116014359513e-05
1.75112947851364e-05
1.7510988145061e-05
1.75106815157246e-05
1.75103748971265e-05
1.75100682892663e-05
1.75097616921434e-05
1.75094551057571e-05
1.7509148530107e-05
1.75088419651924e-05
1.75085354110129e-05
1.75082288675678e-05
1.75079223348565e-05
1.75076158128786e-05
1.75073093016334e-05
1.75070028011204e-05
1.75066963113391e-05
1.75063898322888e-05
1.7506083363969e-05
1.75057769063791e-05
1.75054704595186e-05
1.75051640233869e-05
1.75048575979834e-05
1.75045511833077e-05
1.7504244779359e-05
1.75039383861369e-05
1.75036320036408e-05
1.75033256318701e-05
1.75030192708242e-05
1.75027129205027e-05
1.75024065809049e-05
1.75021002520302e-05
1.75017939338782e-05
1.75014876264482e-05
1.75011813297398e-05
1.75008750437522e-05
1.7500568768485e-05
1.75002625039376e-05
1.74999562501094e-05
1.74996500069999e-05
1.74993437746085e-05
1.74990375529346e-05
1.74987313419777e-05
1.74984251417372e-05
1.74981189522126e-05
1.74978127734033e-05
1.74975066053087e-05
1.74972004479283e-05
1.74968943012615e-05
1.74965881653078e-05
1.74962820400665e-05
1.74959759255371e-05
1.74956698217191e-05
1.74953637286119e-05
1.74950576462149e-05
1.74947515745276e-05
1.74944455135494e-05
1.74941394632798e-05
1.74938334237181e-05
1.74935273948639e-05
1.74932213767165e-05
1.74929153692754e-05
1.74926093725401e-05
1.74923033865099e-05
1.74919974111844e-05
1.74916914465629e-05
1.74913854926449e-05
1.74910795494298e-05
1.74907736169171e-05
1.74904676951062e-05
1.74901617839965e-05
1.74898558835875e-05
1.74895499938787e-05
1.74892441148694e-05
1.74889382465591e-05
1.74886323889472e-05
1.74883265420332e-05
1.74880207058165e-05
1.74877148802966e-05
1.74874090654729e-05
1.74871032613448e-05
1.74867974679117e-05
1.74864916851732e-05
1.74861859131286e-05
1.74858801517774e-05
1.74855744011191e-05
1.7485268661153e-05
1.74849629318786e-05
1.74846572132953e-05
1.74843515054027e-05
1.74840458082e-05
1.74837401216868e-05
1.74834344458625e-05
1.74831287807266e-05
1.74828231262784e-05
1.74825174825175e-05
1.74822118494432e-05
1.7481906227055e-05
1.74816006153523e-05
1.74812950143347e-05
1.74809894240014e-05
1.7480683844352e-05
1.74803782753859e-05
1.74800727171025e-05
1.74797671695013e-05
1.74794616325817e-05
1.74791561063432e-05
1.74788505907852e-05
1.7478545085907e-05
1.74782395917083e-05
1.74779341081884e-05
1.74776286353468e-05
1.74773231731828e-05
1.7477017721696e-05
1.74767122808857e-05
1.74764068507515e-05
1.74761014312927e-05
1.74757960225088e-05
1.74754906243993e-05
1.74751852369635e-05
1.7474879860201e-05
1.74745744941111e-05
1.74742691386933e-05
1.7473963793947e-05
1.74736584598717e-05
1.74733531364669e-05
1.74730478237319e-05
1.74727425216662e-05
1.74724372302693e-05
1.74721319495405e-05
1.74718266794793e-05
1.74715214200853e-05
1.74712161713577e-05
1.74709109332961e-05
1.74706057058998e-05
1.74703004891684e-05
1.74699952831013e-05
1.74696900876978e-05
1.74693849029576e-05
1.74690797288799e-05
1.74687745654642e-05
1.74684694127101e-05
1.74681642706168e-05
1.74678591391839e-05
1.74675540184108e-05
1.74672489082969e-05
1.74669438088418e-05
1.74666387200447e-05
1.74663336419052e-05
1.74660285744227e-05
1.74657235175967e-05
1.74654184714266e-05
1.74651134359118e-05
1.74648084110517e-05
1.74645033968459e-05
1.74641983932937e-05
1.74638934003947e-05
1.74635884181482e-05
1.74632834465536e-05
1.74629784856105e-05
1.74626735353183e-05
1.74623685956763e-05
1.74620636666841e-05
1.74617587483411e-05
1.74614538406468e-05
1.74611489436005e-05
1.74608440572017e-05
1.74605391814499e-05
1.74602343163445e-05
1.7459929461885e-05
1.74596246180707e-05
1.74593197849012e-05
1.74590149623758e-05
1.74587101504941e-05
1.74584053492554e-05
1.74581005586592e-05
1.7457795778705e-05
1.74574910093921e-05
1.74571862507201e-05
1.74568815026884e-05
1.74565767652963e-05
1.74562720385434e-05
1.74559673224292e-05
1.74556626169529e-05
1.74553579221142e-05
1.74550532379124e-05
1.74547485643469e-05
1.74544439014173e-05
1.74541392491229e-05
1.74538346074633e-05
1.74535299764377e-05
1.74532253560458e-05
1.74529207462869e-05
1.74526161471605e-05
1.74523115586659e-05
1.74520069808028e-05
1.74517024135704e-05
1.74513978569683e-05
1.74510933109959e-05
1.74507887756527e-05
1.7450484250938e-05
1.74501797368513e-05
1.74498752333921e-05
1.74495707405598e-05
1.74492662583538e-05
1.74489617867737e-05
1.74486573258188e-05
1.74483528754886e-05
1.74480484357825e-05
1.74477440066999e-05
1.74474395882404e-05
1.74471351804034e-05
1.74468307831882e-05
1.74465263965944e-05
1.74462220206214e-05
1.74459176552687e-05
1.74456133005356e-05
1.74453089564216e-05
1.74450046229262e-05
1.74447003000488e-05
1.74443959877889e-05
1.74440916861459e-05
1.74437873951192e-05
1.74434831147083e-05
1.74431788449127e-05
1.74428745857317e-05
1.74425703371649e-05
1.74422660992116e-05
1.74419618718713e-05
1.74416576551435e-05
1.74413534490276e-05
1.74410492535231e-05
1.74407450686293e-05
1.74404408943458e-05
1.7440136730672e-05
1.74398325776073e-05
1.74395284351511e-05
1.7439224303303e-05
1.74389201820623e-05
1.74386160714286e-05
1.74383119714012e-05
1.74380078819796e-05
1.74377038031632e-05
1.74373997349515e-05
1.7437095677344e-05
1.743679163034e-05
1.74364875939391e-05
1.74361835681406e-05
1.7435879552944e-05
1.74355755483488e-05
1.74352715543545e-05
1.74349675709603e-05
1.74346635981659e-05
1.74343596359706e-05
1.74340556843739e-05
1.74337517433752e-05
1.7433447812974e-05
1.74331438931697e-05
1.74328399839618e-05
1.74325360853497e-05
1.74322321973329e-05
1.74319283199107e-05
1.74316244530828e-05
1.74313205968484e-05
1.74310167512071e-05
1.74307129161583e-05
1.74304090917014e-05
1.74301052778359e-05
1.74298014745612e-05
1.74294976818768e-05
1.74291938997821e-05
1.74288901282766e-05
1.74285863673597e-05
1.74282826170309e-05
1.74279788772896e-05
1.74276751481352e-05
1.74273714295673e-05
1.74270677215852e-05
1.74267640241883e-05
1.74264603373763e-05
1.74261566611484e-05
1.74258529955041e-05
1.7425549340443e-05
1.74252456959643e-05
1.74249420620676e-05
1.74246384387524e-05
1.7424334826018e-05
1.7424031223864e-05
1.74237276322897e-05
1.74234240512946e-05
1.74231204808781e-05
1.74228169210398e-05
1.7422513371779e-05
1.74222098330952e-05
1.74219063049879e-05
1.74216027874564e-05
1.74212992805003e-05
1.7420995784119e-05
1.74206922983119e-05
1.74203888230785e-05
1.74200853584183e-05
1.74197819043306e-05
1.74194784608149e-05
1.74191750278707e-05
1.74188716054974e-05
1.74185681936945e-05
1.74182647924614e-05
1.74179614017975e-05
1.74176580217024e-05
1.74173546521754e-05
1.74170512932161e-05
1.74167479448237e-05
1.74164446069979e-05
1.74161412797381e-05
1.74158379630436e-05
1.7415534656914e-05
1.74152313613486e-05
1.7414928076347e-05
1.74146248019086e-05
1.74143215380329e-05
1.74140182847192e-05
1.74137150419671e-05
1.74134118097759e-05
1.74131085881452e-05
1.74128053770743e-05
1.74125021765628e-05
1.741219898661e-05
1.74118958072155e-05
1.74115926383786e-05
1.74112894800989e-05
1.74109863323757e-05
1.74106831952086e-05
1.74103800685969e-05
1.74100769525401e-05
1.74097738470377e-05
1.74094707520891e-05
1.74091676676938e-05
1.74088645938512e-05
1.74085615305607e-05
1.74082584778219e-05
1.74079554356341e-05
1.74076524039968e-05
1.74073493829095e-05
1.74070463723715e-05
1.74067433723825e-05
1.74064403829417e-05
1.74061374040487e-05
1.74058344357028e-05
1.74055314779037e-05
1.74052285306506e-05
1.74049255939431e-05
1.74046226677806e-05
1.74043197521625e-05
1.74040168470883e-05
1.74037139525575e-05
1.74034110685694e-05
1.74031081951236e-05
1.74028053322196e-05
1.74025024798566e-05
1.74021996380342e-05
1.74018968067519e-05
1.74015939860091e-05
1.74012911758052e-05
1.74009883761398e-05
1.74006855870121e-05
1.74003828084218e-05
1.74000800403682e-05
1.73997772828508e-05
1.7399474535869e-05
1.73991717994223e-05
1.73988690735102e-05
1.73985663581321e-05
1.73982636532874e-05
1.73979609589756e-05
1.73976582751962e-05
1.73973556019485e-05
1.73970529392321e-05
1.73967502870464e-05
1.73964476453908e-05
1.73961450142648e-05
1.73958423936679e-05
1.73955397835995e-05
1.7395237184059e-05
1.73949345950459e-05
1.73946320165597e-05
1.73943294485998e-05
1.73940268911656e-05
1.73937243442566e-05
1.73934218078723e-05
1.7393119282012e-05
1.73928167666754e-05
1.73925142618617e-05
1.73922117675705e-05
1.73919092838012e-05
1.73916068105532e-05
1.73913043478261e-05
1.73910018956192e-05
1.7390699453932e-05
1.7390397022764e-05
1.73900946021146e-05
1.73897921919833e-05
1.73894897923695e-05
1.73891874032726e-05
1.73888850246922e-05
1.73885826566277e-05
1.73882802990784e-05
1.7387977952044e-05
1.73876756155237e-05
1.73873732895172e-05
1.73870709740237e-05
1.73867686690429e-05
1.7386466374574e-05
1.73861640906167e-05
1.73858618171703e-05
1.73855595542343e-05
1.73852573018081e-05
1.73849550598912e-05
1.7384652828483e-05
1.73843506075831e-05
1.73840483971907e-05
1.73837461973055e-05
1.73834440079269e-05
1.73831418290542e-05
1.7382839660687e-05
1.73825375028247e-05
1.73822353554667e-05
1.73819332186126e-05
1.73816310922617e-05
1.73813289764135e-05
1.73810268710675e-05
1.73807247762232e-05
1.73804226918799e-05
1.73801206180371e-05
1.73798185546943e-05
1.73795165018509e-05
1.73792144595064e-05
1.73789124276603e-05
1.73786104063119e-05
1.73783083954608e-05
1.73780063951064e-05
1.73777044052481e-05
1.73774024258854e-05
1.73771004570177e-05
1.73767984986446e-05
1.73764965507654e-05
1.73761946133797e-05
1.73758926864868e-05
1.73755907700862e-05
1.73752888641774e-05
1.73749869687598e-05
1.73746850838329e-05
1.73743832093961e-05
1.73740813454489e-05
1.73737794919907e-05
1.7373477649021e-05
1.73731758165393e-05
1.73728739945449e-05
1.73725721830374e-05
1.73722703820162e-05
1.73719685914808e-05
1.73716668114306e-05
1.7371365041865e-05
1.73710632827835e-05
1.73707615341857e-05
1.73704597960708e-05
1.73701580684384e-05
1.7369856351288e-05
1.73695546446189e-05
1.73692529484307e-05
1.73689512627228e-05
1.73686495874946e-05
1.73683479227456e-05
1.73680462684753e-05
1.7367744624683e-05
1.73674429913684e-05
1.73671413685307e-05
1.73668397561696e-05
1.73665381542843e-05
1.73662365628745e-05
1.73659349819394e-05
1.73656334114787e-05
1.73653318514917e-05
1.73650303019779e-05
1.73647287629367e-05
1.73644272343677e-05
1.73641257162702e-05
1.73638242086437e-05
1.73635227114877e-05
1.73632212248016e-05
1.73629197485849e-05
1.73626182828371e-05
1.73623168275575e-05
1.73620153827456e-05
1.7361713948401e-05
1.7361412524523e-05
1.73611111111111e-05
1.73608097081648e-05
1.73605083156835e-05
1.73602069336667e-05
1.73599055621137e-05
1.73596042010242e-05
1.73593028503975e-05
1.73590015102331e-05
1.73587001805305e-05
1.7358398861289e-05
1.73580975525082e-05
1.73577962541876e-05
1.73574949663265e-05
1.73571936889244e-05
1.73568924219808e-05
1.73565911654951e-05
1.73562899194668e-05
1.73559886838954e-05
1.73556874587802e-05
1.73553862441209e-05
1.73550850399167e-05
1.73547838461672e-05
1.73544826628718e-05
1.735418149003e-05
1.73538803276413e-05
1.7353579175705e-05
1.73532780342207e-05
1.73529769031877e-05
1.73526757826057e-05
1.73523746724739e-05
1.73520735727919e-05
1.73517724835592e-05
1.73514714047751e-05
1.73511703364392e-05
1.73508692785509e-05
1.73505682311096e-05
1.73502671941148e-05
1.7349966167566e-05
1.73496651514626e-05
1.73493641458041e-05
1.73490631505899e-05
1.73487621658195e-05
1.73484611914923e-05
1.73481602276079e-05
1.73478592741656e-05
1.73475583311649e-05
1.73472573986053e-05
1.73469564764862e-05
1.73466555648071e-05
1.73463546635675e-05
1.73460537727667e-05
1.73457528924043e-05
1.73454520224797e-05
1.73451511629924e-05
1.73448503139418e-05
1.73445494753274e-05
1.73442486471486e-05
1.73439478294049e-05
1.73436470220958e-05
1.73433462252207e-05
1.7343045438779e-05
1.73427446627703e-05
1.7342443897194e-05
1.73421431420495e-05
1.73418423973363e-05
1.73415416630538e-05
1.73412409392016e-05
1.7340940225779e-05
1.73406395227856e-05
1.73403388302207e-05
1.73400381480839e-05
1.73397374763746e-05
1.73394368150922e-05
1.73391361642363e-05
1.73388355238062e-05
1.73385348938015e-05
1.73382342742215e-05
1.73379336650658e-05
1.73376330663338e-05
1.73373324780249e-05
1.73370319001387e-05
1.73367313326745e-05
1.73364307756319e-05
1.73361302290103e-05
1.73358296928091e-05
1.73355291670278e-05
1.73352286516659e-05
1.73349281467228e-05
1.7334627652198e-05
1.7334327168091e-05
1.73340266944011e-05
1.73337262311279e-05
1.73334257782708e-05
1.73331253358293e-05
1.73328249038028e-05
1.73325244821908e-05
1.73322240709928e-05
1.73319236702082e-05
1.73316232798364e-05
1.73313228998769e-05
1.73310225303293e-05
1.73307221711929e-05
1.73304218224672e-05
1.73301214841516e-05
1.73298211562457e-05
1.73295208387488e-05
1.73292205316605e-05
1.73289202349802e-05
1.73286199487073e-05
1.73283196728413e-05
1.73280194073817e-05
1.7327719152328e-05
1.73274189076795e-05
1.73271186734358e-05
1.73268184495963e-05
1.73265182361604e-05
1.73262180331277e-05
1.73259178404976e-05
1.73256176582695e-05
1.73253174864429e-05
1.73250173250173e-05
1.73247171739921e-05
1.73244170333668e-05
1.73241169031409e-05
1.73238167833137e-05
1.73235166738848e-05
1.73232165748536e-05
1.73229164862196e-05
1.73226164079823e-05
1.7322316340141e-05
1.73220162826953e-05
1.73217162356446e-05
1.73214161989884e-05
1.73211161727262e-05
1.73208161568573e-05
1.73205161513813e-05
1.73202161562976e-05
1.73199161716057e-05
1.73196161973051e-05
1.73193162333951e-05
1.73190162798753e-05
1.73187163367451e-05
1.7318416404004e-05
1.73181164816515e-05
1.73178165696869e-05
1.73175166681098e-05
1.73172167769196e-05
1.73169168961158e-05
1.73166170256979e-05
1.73163171656652e-05
1.73160173160173e-05
1.73157174767537e-05
1.73154176478737e-05
1.73151178293768e-05
1.73148180212626e-05
1.73145182235304e-05
1.73142184361798e-05
1.73139186592101e-05
1.73136188926209e-05
1.73133191364116e-05
1.73130193905817e-05
1.73127196551306e-05
1.73124199300578e-05
1.73121202153628e-05
1.73118205110449e-05
1.73115208171038e-05
1.73112211335388e-05
1.73109214603493e-05
1.7310621797535e-05
1.73103221450951e-05
1.73100225030293e-05
1.73097228713368e-05
1.73094232500173e-05
1.73091236390702e-05
1.73088240384948e-05
1.73085244482908e-05
1.73082248684575e-05
1.73079252989944e-05
1.7307625739901e-05
1.73073261911767e-05
1.7307026652821e-05
1.73067271248334e-05
1.73064276072133e-05
1.73061280999602e-05
1.73058286030735e-05
1.73055291165527e-05
1.73052296403973e-05
1.73049301746067e-05
1.73046307191805e-05
1.73043312741179e-05
1.73040318394186e-05
1.73037324150819e-05
1.73034330011074e-05
1.73031335974945e-05
1.73028342042427e-05
1.73025348213513e-05
1.730223544882e-05
1.73019360866481e-05
1.73016367348351e-05
1.73013373933805e-05
1.73010380622837e-05
1.73007387415443e-05
1.73004394311616e-05
1.73001401311351e-05
1.72998408414643e-05
1.72995415621486e-05
1.72992422931876e-05
1.72989430345806e-05
1.72986437863272e-05
1.72983445484267e-05
1.72980453208787e-05
1.72977461036827e-05
1.7297446896838e-05
1.72971477003442e-05
1.72968485142007e-05
1.7296549338407e-05
1.72962501729625e-05
1.72959510178667e-05
1.72956518731191e-05
1.72953527387191e-05
1.72950536146662e-05
1.72947545009599e-05
1.72944553975995e-05
1.72941563045847e-05
1.72938572219148e-05
1.72935581495893e-05
1.72932590876076e-05
1.72929600359694e-05
1.72926609946739e-05
1.72923619637206e-05
1.72920629431091e-05
1.72917639328388e-05
1.72914649329091e-05
1.72911659433196e-05
1.72908669640696e-05
1.72905679951586e-05
1.72902690365862e-05
1.72899700883517e-05
1.72896711504547e-05
1.72893722228946e-05
1.72890733056708e-05
1.72887743987829e-05
1.72884755022302e-05
1.72881766160123e-05
1.72878777401286e-05
1.72875788745786e-05
1.72872800193618e-05
1.72869811744775e-05
1.72866823399253e-05
1.72863835157047e-05
1.7286084701815e-05
1.72857858982559e-05
1.72854871050266e-05
1.72851883221268e-05
1.72848895495558e-05
1.72845907873131e-05
1.72842920353982e-05
1.72839932938106e-05
1.72836945625497e-05
1.7283395841615e-05
1.72830971310059e-05
1.72827984307219e-05
1.72824997407625e-05
1.72822010611271e-05
1.72819023918153e-05
1.72816037328264e-05
1.728130508416e-05
1.72810064458154e-05
1.72807078177922e-05
1.72804092000899e-05
1.72801105927078e-05
1.72798119956455e-05
1.72795134089024e-05
1.7279214832478e-05
1.72789162663718e-05
1.72786177105832e-05
1.72783191651116e-05
1.72780206299566e-05
1.72777221051177e-05
1.72774235905942e-05
1.72771250863856e-05
1.72768265924915e-05
1.72765281089112e-05
1.72762296356443e-05
1.72759311726902e-05
1.72756327200484e-05
1.72753342777183e-05
1.72750358456994e-05
1.72747374239912e-05
1.72744390125931e-05
1.72741406115046e-05
1.72738422207252e-05
1.72735438402543e-05
1.72732454700914e-05
1.72729471102359e-05
1.72726487606875e-05
1.72723504214454e-05
1.72720520925091e-05
1.72717537738782e-05
1.72714554655521e-05
1.72711571675302e-05
1.72708588798121e-05
1.72705606023972e-05
1.72702623352849e-05
1.72699640784747e-05
1.72696658319662e-05
1.72693675957586e-05
1.72690693698517e-05
1.72687711542447e-05
1.72684729489371e-05
1.72681747539285e-05
1.72678765692183e-05
1.72675783948059e-05
1.72672802306909e-05
1.72669820768726e-05
1.72666839333506e-05
1.72663858001243e-05
1.72660876771932e-05
1.72657895645568e-05
1.72654914622145e-05
1.72651933701657e-05
1.72648952884101e-05
1.72645972169469e-05
1.72642991557758e-05
1.72640011048961e-05
1.72637030643073e-05
1.72634050340089e-05
1.72631070140004e-05
1.72628090042812e-05
1.72625110048508e-05
1.72622130157086e-05
1.72619150368542e-05
1.7261617068287e-05
1.72613191100064e-05
1.72610211620119e-05
1.72607232243031e-05
1.72604252968793e-05
1.72601273797401e-05
1.72598294728848e-05
1.7259531576313e-05
1.72592336900242e-05
1.72589358140177e-05
1.72586379482931e-05
1.72583400928499e-05
1.72580422476874e-05
1.72577444128052e-05
1.72574465882028e-05
1.72571487738796e-05
1.7256850969835e-05
1.72565531760686e-05
1.72562553925798e-05
1.72559576193681e-05
1.72556598564329e-05
1.72553621037737e-05
1.72550643613901e-05
1.72547666292813e-05
1.7254468907447e-05
1.72541711958866e-05
1.72538734945995e-05
1.72535758035853e-05
1.72532781228433e-05
1.72529804523731e-05
1.72526827921742e-05
1.72523851422459e-05
1.72520875025878e-05
1.72517898731993e-05
1.725149225408e-05
1.72511946452292e-05
1.72508970466464e-05
1.72505994583312e-05
1.72503018802829e-05
1.72500043125011e-05
1.72497067549852e-05
1.72494092077346e-05
1.7249111670749e-05
1.72488141440276e-05
1.724851662757e-05
1.72482191213757e-05
1.72479216254441e-05
1.72476241397747e-05
1.7247326664367e-05
1.72470291992204e-05
1.72467317443344e-05
1.72464342997085e-05
1.72461368653422e-05
1.72458394412348e-05
1.72455420273859e-05
1.7245244623795e-05
1.72449472304615e-05
1.72446498473849e-05
1.72443524745646e-05
1.72440551120001e-05
1.7243757759691e-05
1.72434604176366e-05
1.72431630858365e-05
1.724286576429e-05
1.72425684529968e-05
1.72422711519561e-05
1.72419738611676e-05
1.72416765806307e-05
1.72413793103448e-05
1.72410820503095e-05
1.72407848005241e-05
1.72404875609882e-05
1.72401903317013e-05
1.72398931126627e-05
1.7239595903872e-05
1.72392987053287e-05
1.72390015170321e-05
1.72387043389819e-05
1.72384071711774e-05
1.72381100136181e-05
1.72378128663035e-05
1.72375157292331e-05
1.72372186024063e-05
1.72369214858226e-05
1.72366243794815e-05
1.72363272833825e-05
1.72360301975249e-05
1.72357331219083e-05
1.72354360565322e-05
1.7235139001396e-05
1.72348419564993e-05
1.72345449218413e-05
1.72342478974218e-05
1.723395088324e-05
1.72336538792955e-05
1.72333568855877e-05
1.72330599021162e-05
1.72327629288804e-05
1.72324659658797e-05
1.72321690131137e-05
1.72318720705817e-05
1.72315751382834e-05
1.72312782162181e-05
1.72309813043853e-05
1.72306844027845e-05
1.72303875114151e-05
1.72300906302767e-05
1.72297937593687e-05
1.72294968986906e-05
1.72292000482418e-05
1.72289032080218e-05
1.72286063780301e-05
1.72283095582661e-05
1.72280127487294e-05
1.72277159494194e-05
1.72274191603356e-05
1.72271223814774e-05
1.72268256128443e-05
1.72265288544358e-05
1.72262321062514e-05
1.72259353682905e-05
1.72256386405526e-05
1.72253419230372e-05
1.72250452157437e-05
1.72247485186716e-05
1.72244518318205e-05
1.72241551551896e-05
1.72238584887787e-05
1.7223561832587e-05
1.72232651866141e-05
1.72229685508594e-05
1.72226719253225e-05
1.72223753100028e-05
1.72220787048997e-05
1.72217821100127e-05
1.72214855253414e-05
1.72211889508852e-05
1.72208923866435e-05
1.72205958326158e-05
1.72202992888016e-05
1.72200027552004e-05
1.72197062318117e-05
1.72194097186348e-05
1.72191132156694e-05
1.72188167229148e-05
1.72185202403705e-05
1.72182237680361e-05
1.72179273059109e-05
1.72176308539945e-05
1.72173344122863e-05
1.72170379807858e-05
1.72167415594925e-05
1.72164451484058e-05
1.72161487475252e-05
1.72158523568502e-05
1.72155559763803e-05
1.72152596061149e-05
1.72149632460535e-05
1.72146668961956e-05
1.72143705565406e-05
1.72140742270881e-05
1.72137779078374e-05
1.72134815987882e-05
1.72131852999398e-05
1.72128890112917e-05
1.72125927328433e-05
1.72122964645943e-05
1.7212000206544e-05
1.72117039586919e-05
1.72114077210375e-05
1.72111114935803e-05
1.72108152763196e-05
1.72105190692551e-05
1.72102228723862e-05
1.72099266857123e-05
1.7209630509233e-05
1.72093343429476e-05
1.72090381868557e-05
1.72087420409568e-05
1.72084459052503e-05
1.72081497797357e-05
1.72078536644124e-05
1.720755755928e-05
1.72072614643379e-05
1.72069653795857e-05
1.72066693050226e-05
1.72063732406483e-05
1.72060771864623e-05
1.72057811424639e-05
1.72054851086526e-05
1.7205189085028e-05
1.72048930715896e-05
1.72045970683367e-05
1.72043010752688e-05
1.72040050923855e-05
1.72037091196862e-05
1.72034131571704e-05
1.72031172048375e-05
1.72028212626871e-05
1.72025253307186e-05
1.72022294089314e-05
1.72019334973251e-05
1.72016375958991e-05
1.7201341704653e-05
1.72010458235861e-05
1.72007499526979e-05
1.7200454091988e-05
1.72001582414558e-05
1.71998624011008e-05
1.71995665709224e-05
1.71992707509202e-05
1.71989749410935e-05
1.71986791414419e-05
1.71983833519649e-05
1.71980875726619e-05
1.71977918035324e-05
1.71974960445759e-05
1.71972002957918e-05
1.71969045571797e-05
1.7196608828739e-05
1.71963131104691e-05
1.71960174023696e-05
1.71957217044399e-05
1.71954260166796e-05
1.7195130339088e-05
1.71948346716646e-05
1.7194539014409e-05
1.71942433673206e-05
1.71939477303989e-05
1.71936521036433e-05
1.71933564870534e-05
1.71930608806286e-05
1.71927652843683e-05
1.71924696982722e-05
1.71921741223395e-05
1.71918785565699e-05
1.71915830009627e-05
1.71912874555175e-05
1.71909919202338e-05
1.7190696395111e-05
1.71904008801485e-05
1.7190105375346e-05
1.71898098807027e-05
1.71895143962183e-05
1.71892189218922e-05
1.71889234577238e-05
1.71886280037127e-05
1.71883325598584e-05
1.71880371261602e-05
1.71877417026177e-05
1.71874462892303e-05
1.71871508859976e-05
1.7186855492919e-05
1.7186560109994e-05
1.7186264737222e-05
1.71859693746026e-05
1.71856740221351e-05
1.71853786798192e-05
1.71850833476542e-05
1.71847880256397e-05
1.71844927137751e-05
1.71841974120599e-05
1.71839021204935e-05
1.71836068390755e-05
1.71833115678053e-05
1.71830163066825e-05
1.71827210557064e-05
1.71824258148765e-05
1.71821305841924e-05
1.71818353636535e-05
1.71815401532593e-05
1.71812449530093e-05
1.71809497629029e-05
1.71806545829396e-05
1.71803594131189e-05
1.71800642534403e-05
1.71797691039032e-05
1.71794739645072e-05
1.71791788352517e-05
1.71788837161361e-05
1.717858860716e-05
1.71782935083229e-05
1.71779984196241e-05
1.71777033410633e-05
1.71774082726398e-05
1.71771132143532e-05
1.71768181662029e-05
1.71765231281884e-05
1.71762281003092e-05
1.71759330825647e-05
1.71756380749545e-05
1.7175343077478e-05
1.71750480901347e-05
1.7174753112924e-05
1.71744581458455e-05
1.71741631888986e-05
1.71738682420828e-05
1.71735733053977e-05
1.71732783788425e-05
1.71729834624169e-05
1.71726885561203e-05
1.71723936599523e-05
1.71720987739121e-05
1.71718038979995e-05
1.71715090322138e-05
1.71712141765544e-05
1.7170919331021e-05
1.71706244956129e-05
1.71703296703297e-05
1.71700348551708e-05
1.71697400501356e-05
1.71694452552238e-05
1.71691504704347e-05
1.71688556957679e-05
1.71685609312227e-05
1.71682661767988e-05
1.71679714324955e-05
1.71676766983124e-05
1.71673819742489e-05
1.71670872603045e-05
1.71667925564787e-05
1.7166497862771e-05
1.71662031791808e-05
1.71659085057077e-05
1.7165613842351e-05
1.71653191891103e-05
1.71650245459851e-05
1.71647299129748e-05
1.7164435290079e-05
1.7164140677297e-05
1.71638460746284e-05
1.71635514820727e-05
1.71632568996293e-05
1.71629623272977e-05
1.71626677650774e-05
1.71623732129679e-05
1.71620786709686e-05
1.71617841390791e-05
1.71614896172988e-05
1.71611951056272e-05
1.71609006040637e-05
1.71606061126079e-05
1.71603116312592e-05
1.71600171600172e-05
1.71597226988812e-05
1.71594282478508e-05
1.71591338069254e-05
1.71588393761046e-05
1.71585449553878e-05
1.71582505447745e-05
1.71579561442641e-05
1.71576617538562e-05
1.71573673735502e-05
1.71570730033456e-05
1.71567786432419e-05
1.71564842932386e-05
1.71561899533352e-05
1.7155895623531e-05
1.71556013038257e-05
1.71553069942187e-05
1.71550126947094e-05
1.71547184052974e-05
1.71544241259821e-05
1.7154129856763e-05
1.71538355976396e-05
1.71535413486114e-05
1.71532471096779e-05
1.71529528808384e-05
1.71526586620926e-05
1.71523644534399e-05
1.71520702548798e-05
1.71517760664117e-05
1.71514818880351e-05
1.71511877197496e-05
1.71508935615546e-05
1.71505994134495e-05
1.71503052754339e-05
1.71500111475072e-05
1.7149717029669e-05
1.71494229219187e-05
1.71491288242557e-05
1.71488347366796e-05
1.71485406591899e-05
1.7148246591786e-05
1.71479525344674e-05
1.71476584872336e-05
1.7147364450084e-05
1.71470704230182e-05
1.71467764060357e-05
1.71464823991358e-05
1.71461884023182e-05
1.71458944155822e-05
1.71456004389274e-05
1.71453064723532e-05
1.71450125158591e-05
1.71447185694447e-05
1.71444246331093e-05
1.71441307068525e-05
1.71438367906738e-05
1.71435428845725e-05
1.71432489885483e-05
1.71429551026006e-05
1.71426612267288e-05
1.71423673609325e-05
1.71420735052112e-05
1.71417796595643e-05
1.71414858239912e-05
1.71411919984916e-05
1.71408981830648e-05
1.71406043777104e-05
1.71403105824278e-05
1.71400167972165e-05
1.7139723022076e-05
1.71394292570057e-05
1.71391355020053e-05
1.71388417570741e-05
1.71385480222116e-05
1.71382542974173e-05
1.71379605826907e-05
1.71376668780312e-05
1.71373731834384e-05
1.71370794989118e-05
1.71367858244508e-05
1.71364921600548e-05
1.71361985057235e-05
1.71359048614562e-05
1.71356112272525e-05
1.71353176031118e-05
1.71350239890336e-05
1.71347303850174e-05
1.71344367910627e-05
1.71341432071689e-05
1.71338496333356e-05
1.71335560695622e-05
1.71332625158483e-05
1.71329689721932e-05
1.71326754385965e-05
1.71323819150577e-05
1.71320884015762e-05
1.71317948981515e-05
1.71315014047831e-05
1.71312079214705e-05
1.71309144482132e-05
1.71306209850107e-05
1.71303275318624e-05
1.71300340887678e-05
1.71297406557265e-05
1.71294472327378e-05
1.71291538198013e-05
1.71288604169165e-05
1.71285670240828e-05
1.71282736412997e-05
1.71279802685667e-05
1.71276869058834e-05
1.71273935532491e-05
1.71271002106633e-05
1.71268068781256e-05
1.71265135556355e-05
1.71262202431923e-05
1.71259269407957e-05
1.7125633648445e-05
1.71253403661398e-05
1.71250470938795e-05
1.71247538316637e-05
1.71244605794917e-05
1.71241673373632e-05
1.71238741052776e-05
1.71235808832343e-05
1.71232876712329e-05
1.71229944692728e-05
1.71227012773535e-05
1.71224080954745e-05
1.71221149236354e-05
1.71218217618355e-05
1.71215286100743e-05
1.71212354683514e-05
1.71209423366662e-05
1.71206492150182e-05
1.7120356103407e-05
1.71200630018318e-05
1.71197699102924e-05
1.71194768287881e-05
1.71191837573185e-05
1.71188906958829e-05
1.7118597644481e-05
1.71183046031121e-05
1.71180115717758e-05
1.71177185504716e-05
1.71174255391989e-05
1.71171325379572e-05
1.71168395467461e-05
1.71165465655649e-05
1.71162535944133e-05
1.71159606332905e-05
1.71156676821963e-05
1.711537474113e-05
1.71150818100911e-05
1.71147888890791e-05
1.71144959780934e-05
1.71142030771337e-05
1.71139101861993e-05
1.71136173052898e-05
1.71133244344046e-05
1.71130315735433e-05
1.71127387227052e-05
1.71124458818899e-05
1.71121530510969e-05
1.71118602303256e-05
1.71115674195756e-05
1.71112746188464e-05
1.71109818281373e-05
1.71106890474479e-05
1.71103962767778e-05
1.71101035161263e-05
1.71098107654929e-05
1.71095180248772e-05
1.71092252942787e-05
1.71089325736967e-05
1.71086398631309e-05
1.71083471625806e-05
1.71080544720454e-05
1.71077617915248e-05
1.71074691210182e-05
1.71071764605252e-05
1.71068838100452e-05
1.71065911695776e-05
1.71062985391221e-05
1.7106005918678e-05
1.7105713308245e-05
1.71054207078223e-05
1.71051281174096e-05
1.71048355370063e-05
1.71045429666119e-05
1.71042504062259e-05
1.71039578558478e-05
1.71036653154771e-05
1.71033727851132e-05
1.71030802647557e-05
1.7102787754404e-05
1.71024952540576e-05
1.7102202763716e-05
1.71019102833787e-05
1.71016178130451e-05
1.71013253527148e-05
1.71010329023873e-05
1.7100740462062e-05
1.71004480317384e-05
1.71001556114161e-05
1.70998632010944e-05
1.70995708007729e-05
1.70992784104511e-05
1.70989860301284e-05
1.70986936598044e-05
1.70984012994785e-05
1.70981089491502e-05
1.70978166088191e-05
1.70975242784845e-05
1.7097231958146e-05
1.7096939647803e-05
1.70966473474552e-05
1.70963550571018e-05
1.70960627767425e-05
1.70957705063767e-05
1.70954782460039e-05
1.70951859956236e-05
1.70948937552353e-05
1.70946015248385e-05
1.70943093044326e-05
1.70940170940171e-05
1.70937248935916e-05
1.70934327031554e-05
1.70931405227082e-05
1.70928483522494e-05
1.70925561917785e-05
1.70922640412949e-05
1.70919719007982e-05
1.70916797702878e-05
1.70913876497633e-05
1.70910955392241e-05
1.70908034386697e-05
1.70905113480995e-05
1.70902192675132e-05
1.70899271969101e-05
1.70896351362898e-05
1.70893430856518e-05
1.70890510449955e-05
1.70887590143204e-05
1.7088466993626e-05
1.70881749829118e-05
1.70878829821773e-05
1.7087590991422e-05
1.70872990106454e-05
1.70870070398469e-05
1.70867150790261e-05
1.70864231281823e-05
1.70861311873153e-05
1.70858392564243e-05
1.70855473355089e-05
1.70852554245686e-05
1.70849635236029e-05
1.70846716326112e-05
1.70843797515931e-05
1.70840878805481e-05
1.70837960194755e-05
1.7083504168375e-05
1.7083212327246e-05
1.7082920496088e-05
1.70826286749005e-05
1.7082336863683e-05
1.70820450624349e-05
1.70817532711558e-05
1.70814614898451e-05
1.70811697185023e-05
1.7080877957127e-05
1.70805862057186e-05
1.70802944642766e-05
1.70800027328004e-05
1.70797110112897e-05
1.70794192997438e-05
1.70791275981623e-05
1.70788359065446e-05
1.70785442248903e-05
1.70782525531988e-05
1.70779608914696e-05
1.70776692397022e-05
1.70773775978961e-05
1.70770859660508e-05
1.70767943441657e-05
1.70765027322404e-05
1.70762111302744e-05
1.70759195382671e-05
1.70756279562181e-05
1.70753363841268e-05
1.70750448219927e-05
1.70747532698152e-05
1.7074461727594e-05
1.70741701953285e-05
1.70738786730181e-05
1.70735871606625e-05
1.70732956582609e-05
1.7073004165813e-05
1.70727126833183e-05
1.70724212107761e-05
1.70721297481861e-05
1.70718382955477e-05
1.70715468528603e-05
1.70712554201236e-05
1.70709639973369e-05
1.70706725844998e-05
1.70703811816118e-05
1.70700897886723e-05
1.70697984056808e-05
1.70695070326369e-05
1.706921566954e-05
1.70689243163896e-05
1.70686329731852e-05
1.70683416399263e-05
1.70680503166123e-05
1.70677590032429e-05
1.70674676998174e-05
1.70671764063353e-05
1.70668851227962e-05
1.70665938491996e-05
1.70663025855448e-05
1.70660113318315e-05
1.70657200880591e-05
1.70654288542271e-05
1.7065137630335e-05
1.70648464163823e-05
1.70645552123684e-05
1.70642640182929e-05
1.70639728341552e-05
1.7063681659955e-05
1.70633904956915e-05
1.70630993413644e-05
1.70628081969731e-05
1.70625170625171e-05
1.70622259379959e-05
1.7061934823409e-05
1.70616437187559e-05
1.7061352624036e-05
1.7061061539249e-05
1.70607704643942e-05
1.70604793994711e-05
1.70601883444793e-05
1.70598972994183e-05
1.70596062642874e-05
1.70593152390863e-05
1.70590242238144e-05
1.70587332184712e-05
1.70584422230562e-05
1.70581512375689e-05
1.70578602620087e-05
1.70575692963753e-05
1.7057278340668e-05
1.70569873948863e-05
1.70566964590298e-05
1.7056405533098e-05
1.70561146170902e-05
1.70558237110061e-05
1.70555328148451e-05
1.70552419286068e-05
1.70549510522905e-05
1.70546601858958e-05
1.70543693294222e-05
1.70540784828692e-05
1.70537876462362e-05
1.70534968195228e-05
1.70532060027285e-05
1.70529151958527e-05
1.7052624398895e-05
1.70523336118548e-05
1.70520428347316e-05
1.70517520675249e-05
1.70514613102343e-05
1.70511705628591e-05
1.7050879825399e-05
1.70505890978533e-05
1.70502983802217e-05
1.70500076725035e-05
1.70497169746982e-05
1.70494262868054e-05
1.70491356088246e-05
1.70488449407553e-05
1.70485542825968e-05
1.70482636343488e-05
1.70479729960108e-05
1.70476823675821e-05
1.70473917490624e-05
1.70471011404511e-05
1.70468105417476e-05
1.70465199529516e-05
1.70462293740625e-05
1.70459388050797e-05
1.70456482460028e-05
1.70453576968313e-05
1.70450671575646e-05
1.70447766282023e-05
1.70444861087438e-05
1.70441955991887e-05
1.70439050995364e-05
1.70436146097864e-05
1.70433241299383e-05
1.70430336599915e-05
1.70427431999455e-05
1.70424527497998e-05
1.70421623095538e-05
1.70418718792072e-05
1.70415814587594e-05
1.70412910482098e-05
1.7041000647558e-05
1.70407102568035e-05
1.70404198759457e-05
1.70401295049842e-05
1.70398391439185e-05
1.7039548792748e-05
1.70392584514722e-05
1.70389681200906e-05
1.70386777986028e-05
1.70383874870082e-05
1.70380971853063e-05
1.70378068934967e-05
1.70375166115787e-05
1.70372263395519e-05
1.70369360774158e-05
1.70366458251699e-05
1.70363555828137e-05
1.70360653503467e-05
1.70357751277683e-05
1.70354849150781e-05
1.70351947122756e-05
1.70349045193602e-05
1.70346143363314e-05
1.70343241631888e-05
1.70340339999319e-05
1.703374384656e-05
1.70334537030728e-05
1.70331635694698e-05
1.70328734457503e-05
1.7032583331914e-05
1.70322932279602e-05
1.70320031338886e-05
1.70317130496985e-05
1.70314229753896e-05
1.70311329109612e-05
1.7030842856413e-05
1.70305528117443e-05
1.70302627769547e-05
1.70299727520436e-05
1.70296827370106e-05
1.70293927318552e-05
1.70291027365768e-05
1.7028812751175e-05
1.70285227756492e-05
1.7028232809999e-05
1.70279428542238e-05
1.70276529083231e-05
1.70273629722965e-05
1.70270730461434e-05
1.70267831298633e-05
1.70264932234557e-05
1.70262033269201e-05
1.70259134402561e-05
1.7025623563463e-05
1.70253336965405e-05
1.70250438394879e-05
1.70247539923048e-05
1.70244641549907e-05
1.70241743275451e-05
1.70238845099675e-05
1.70235947022573e-05
1.70233049044141e-05
1.70230151164374e-05
1.70227253383267e-05
1.70224355700814e-05
1.7022145811701e-05
1.70218560631851e-05
1.70215663245332e-05
1.70212765957447e-05
1.70209868768191e-05
1.7020697167756e-05
1.70204074685548e-05
1.7020117779215e-05
1.70198280997362e-05
1.70195384301178e-05
1.70192487703593e-05
1.70189591204602e-05
1.701866948042e-05
1.70183798502383e-05
1.70180902299144e-05
1.70178006194479e-05
1.70175110188384e-05
1.70172214280852e-05
1.7016931847188e-05
1.70166422761461e-05
1.70163527149591e-05
1.70160631636265e-05
1.70157736221477e-05
1.70154840905224e-05
1.70151945687499e-05
1.70149050568298e-05
1.70146155547615e-05
1.70143260625447e-05
1.70140365801786e-05
1.7013747107663e-05
1.70134576449972e-05
1.70131681921807e-05
1.70128787492132e-05
1.70125893160939e-05
1.70122998928225e-05
1.70120104793985e-05
1.70117210758212e-05
1.70114316820904e-05
1.70111422982053e-05
1.70108529241656e-05
1.70105635599707e-05
1.70102742056202e-05
1.70099848611135e-05
1.70096955264501e-05
1.70094062016295e-05
1.70091168866512e-05
1.70088275815148e-05
1.70085382862197e-05
1.70082490007654e-05
1.70079597251514e-05
1.70076704593772e-05
1.70073812034423e-05
1.70070919573462e-05
1.70068027210884e-05
1.70065134946685e-05
1.70062242780858e-05
1.70059350713399e-05
1.70056458744303e-05
1.70053566873565e-05
1.7005067510118e-05
1.70047783427143e-05
1.70044891851449e-05
1.70042000374092e-05
1.70039108995069e-05
1.70036217714373e-05
1.70033326532e-05
1.70030435447945e-05
1.70027544462203e-05
1.70024653574768e-05
1.70021762785637e-05
1.70018872094803e-05
1.70015981502261e-05
1.70013091008008e-05
1.70010200612037e-05
1.70007310314344e-05
1.70004420114923e-05
1.7000153001377e-05
1.6999864001088e-05
1.69995750106247e-05
1.69992860299867e-05
1.69989970591735e-05
1.69987080981845e-05
1.69984191470193e-05
1.69981302056774e-05
1.69978412741582e-05
1.69975523524612e-05
1.69972634405861e-05
1.69969745385321e-05
1.6996685646299e-05
1.69963967638861e-05
1.69961078912929e-05
1.6995819028519e-05
1.69955301755638e-05
1.69952413324269e-05
1.69949524991078e-05
1.69946636756059e-05
1.69943748619207e-05
1.69940860580518e-05
1.69937972639986e-05
1.69935084797607e-05
1.69932197053376e-05
1.69929309407287e-05
1.69926421859335e-05
1.69923534409516e-05
1.69920647057824e-05
1.69917759804255e-05
1.69914872648803e-05
1.69911985591464e-05
1.69909098632232e-05
1.69906211771102e-05
1.6990332500807e-05
1.69900438343131e-05
1.69897551776279e-05
1.69894665307509e-05
1.69891778936817e-05
1.69888892664198e-05
1.69886006489645e-05
1.69883120413156e-05
1.69880234434724e-05
1.69877348554344e-05
1.69874462772011e-05
1.69871577087722e-05
1.69868691501469e-05
1.6986580601325e-05
1.69862920623057e-05
1.69860035330887e-05
1.69857150136735e-05
1.69854265040595e-05
1.69851380042463e-05
1.69848495142333e-05
1.69845610340201e-05
1.69842725636061e-05
1.69839841029909e-05
1.69836956521739e-05
1.69834072111547e-05
1.69831187799327e-05
1.69828303585076e-05
1.69825419468786e-05
1.69822535450454e-05
1.69819651530075e-05
1.69816767707643e-05
1.69813883983154e-05
1.69811000356603e-05
1.69808116827984e-05
1.69805233397293e-05
1.69802350064525e-05
1.69799466829674e-05
1.69796583692736e-05
1.69793700653706e-05
1.69790817712578e-05
1.69787934869348e-05
1.69785052124011e-05
1.69782169476562e-05
1.69779286926995e-05
1.69776404475306e-05
1.6977352212149e-05
1.69770639865542e-05
1.69767757707456e-05
1.69764875647229e-05
1.69761993684854e-05
1.69759111820327e-05
1.69756230053643e-05
1.69753348384797e-05
1.69750466813784e-05
1.69747585340599e-05
1.69744703965236e-05
1.69741822687692e-05
1.69738941507961e-05
1.69736060426038e-05
1.69733179441917e-05
1.69730298555595e-05
1.69727417767066e-05
1.69724537076325e-05
1.69721656483367e-05
1.69718775988188e-05
1.69715895590781e-05
1.69713015291143e-05
1.69710135089268e-05
1.69707254985151e-05
1.69704374978787e-05
1.69701495070172e-05
1.69698615259299e-05
1.69695735546166e-05
1.69692855930765e-05
1.69689976413093e-05
1.69687096993145e-05
1.69684217670914e-05
1.69681338446398e-05
1.69678459319589e-05
1.69675580290485e-05
1.69672701359078e-05
1.69669822525366e-05
1.69666943789342e-05
1.69664065151001e-05
1.69661186610339e-05
1.69658308167351e-05
1.69655429822031e-05
1.69652551574376e-05
1.69649673424379e-05
1.69646795372035e-05
1.69643917417341e-05
1.6964103956029e-05
1.69638161800879e-05
1.69635284139101e-05
1.69632406574952e-05
1.69629529108427e-05
1.69626651739521e-05
1.69623774468229e-05
1.69620897294547e-05
1.69618020218468e-05
1.69615143239988e-05
1.69612266359103e-05
1.69609389575807e-05
1.69606512890095e-05
1.69603636301962e-05
1.69600759811404e-05
1.69597883418415e-05
1.6959500712299e-05
1.69592130925125e-05
1.69589254824814e-05
1.69586378822053e-05
1.69583502916836e-05
1.69580627109159e-05
1.69577751399016e-05
1.69574875786403e-05
1.69572000271315e-05
1.69569124853747e-05
1.69566249533693e-05
1.69563374311149e-05
1.6956049918611e-05
1.6955762415857e-05
1.69554749228526e-05
1.69551874395971e-05
1.69548999660902e-05
1.69546125023313e-05
1.69543250483198e-05
1.69540376040554e-05
1.69537501695375e-05
1.69534627447656e-05
1.69531753297393e-05
1.69528879244579e-05
1.69526005289211e-05
1.69523131431284e-05
1.69520257670792e-05
1.6951738400773e-05
1.69514510442094e-05
1.69511636973878e-05
1.69508763603078e-05
1.69505890329689e-05
1.69503017153705e-05
1.69500144075122e-05
1.69497271093935e-05
1.69494398210139e-05
1.69491525423729e-05
1.69488652734699e-05
1.69485780143046e-05
1.69482907648764e-05
1.69480035251847e-05
1.69477162952292e-05
1.69474290750093e-05
1.69471418645245e-05
1.69468546637744e-05
1.69465674727584e-05
1.6946280291476e-05
1.69459931199268e-05
1.69457059581102e-05
1.69454188060258e-05
1.6945131663673e-05
1.69448445310514e-05
1.69445574081605e-05
1.69442702949997e-05
1.69439831915687e-05
1.69436960978668e-05
1.69434090138936e-05
1.69431219396486e-05
1.69428348751313e-05
1.69425478203412e-05
1.69422607752779e-05
1.69419737399407e-05
1.69416867143293e-05
1.69413996984431e-05
1.69411126922816e-05
1.69408256958444e-05
1.6940538709131e-05
1.69402517321407e-05
1.69399647648733e-05
1.69396778073281e-05
1.69393908595047e-05
1.69391039214026e-05
1.69388169930212e-05
1.69385300743601e-05
1.69382431654189e-05
1.69379562661969e-05
1.69376693766938e-05
1.69373824969089e-05
1.69370956268419e-05
1.69368087664922e-05
1.69365219158594e-05
1.69362350749428e-05
1.69359482437422e-05
1.69356614222568e-05
1.69353746104864e-05
1.69350878084303e-05
1.69348010160881e-05
1.69345142334592e-05
1.69342274605433e-05
1.69339406973397e-05
1.6933653943848e-05
1.69333672000677e-05
1.69330804659984e-05
1.69327937416394e-05
1.69325070269904e-05
1.69322203220508e-05
1.69319336268202e-05
1.6931646941298e-05
1.69313602654837e-05
1.69310735993769e-05
1.69307869429771e-05
1.69305002962838e-05
1.69302136592964e-05
1.69299270320145e-05
1.69296404144376e-05
1.69293538065652e-05
1.69290672083968e-05
1.69287806199319e-05
1.69284940411701e-05
1.69282074721108e-05
1.69279209127535e-05
1.69276343630978e-05
1.69273478231431e-05
1.69270612928889e-05
1.69267747723349e-05
1.69264882614804e-05
1.6926201760325e-05
1.69259152688682e-05
1.69256287871094e-05
1.69253423150483e-05
1.69250558526843e-05
1.69247694000169e-05
1.69244829570457e-05
1.692419652377e-05
1.69239101001895e-05
1.69236236863037e-05
1.6923337282112e-05
1.6923050887614e-05
1.69227645028092e-05
1.6922478127697e-05
1.6922191762277e-05
1.69219054065488e-05
1.69216190605117e-05
1.69213327241654e-05
1.69210463975092e-05
1.69207600805428e-05
1.69204737732657e-05
1.69201874756772e-05
1.69199011877771e-05
1.69196149095647e-05
1.69193286410395e-05
1.69190423822012e-05
1.69187561330491e-05
1.69184698935828e-05
1.69181836638019e-05
1.69178974437057e-05
1.69176112332939e-05
1.69173250325659e-05
1.69170388415212e-05
1.69167526601594e-05
1.69164664884799e-05
1.69161803264823e-05
1.6915894174166e-05
1.69156080315307e-05
1.69153218985757e-05
1.69150357753007e-05
1.6914749661705e-05
1.69144635577883e-05
1.69141774635499e-05
1.69138913789896e-05
1.69136053041066e-05
1.69133192389006e-05
1.69130331833711e-05
1.69127471375175e-05
1.69124611013395e-05
1.69121750748364e-05
1.69118890580078e-05
1.69116030508532e-05
1.69113170533721e-05
1.69110310655641e-05
1.69107450874286e-05
1.69104591189651e-05
1.69101731601732e-05
1.69098872110523e-05
1.6909601271602e-05
1.69093153418218e-05
1.69090294217112e-05
1.69087435112697e-05
1.69084576104968e-05
1.6908171719392e-05
1.69078858379548e-05
1.69075999661848e-05
1.69073141040814e-05
1.69070282516442e-05
1.69067424088727e-05
1.69064565757663e-05
1.69061707523246e-05
1.69058849385471e-05
1.69055991344333e-05
1.69053133399828e-05
1.69050275551949e-05
1.69047417800693e-05
1.69044560146055e-05
1.69041702588028e-05
1.6903884512661e-05
1.69035987761794e-05
1.69033130493577e-05
1.69030273321952e-05
1.69027416246915e-05
1.69024559268462e-05
1.69021702386586e-05
1.69018845601285e-05
1.69015988912551e-05
1.69013132320381e-05
1.6901027582477e-05
1.69007419425713e-05
1.69004563123204e-05
1.6900170691724e-05
1.68998850807815e-05
1.68995994794923e-05
1.68993138878562e-05
1.68990283058724e-05
1.68987427335406e-05
1.68984571708603e-05
1.6898171617831e-05
1.68978860744521e-05
1.68976005407232e-05
1.68973150166439e-05
1.68970295022135e-05
1.68967439974317e-05
1.68964585022979e-05
1.68961730168117e-05
1.68958875409725e-05
1.68956020747799e-05
1.68953166182334e-05
1.68950311713325e-05
1.68947457340767e-05
1.68944603064655e-05
1.68941748884984e-05
1.6893889480175e-05
1.68936040814947e-05
1.68933186924571e-05
1.68930333130617e-05
1.68927479433079e-05
1.68924625831954e-05
1.68921772327235e-05
1.68918918918919e-05
1.68916065607e-05
1.68913212391473e-05
1.68910359272334e-05
1.68907506249578e-05
1.68904653323199e-05
1.68901800493193e-05
1.68898947759555e-05
1.68896095122281e-05
1.68893242581364e-05
1.68890390136801e-05
1.68887537788587e-05
1.68884685536716e-05
1.68881833381183e-05
1.68878981321985e-05
1.68876129359115e-05
1.6887327749257e-05
1.68870425722343e-05
1.68867574048431e-05
1.68864722470829e-05
1.68861870989531e-05
1.68859019604532e-05
1.68856168315829e-05
1.68853317123415e-05
1.68850466027286e-05
1.68847615027438e-05
1.68844764123865e-05
1.68841913316562e-05
1.68839062605524e-05
1.68836211990748e-05
1.68833361472227e-05
1.68830511049957e-05
1.68827660723933e-05
1.6882481049415e-05
1.68821960360604e-05
1.68819110323289e-05
1.688162603822e-05
1.68813410537333e-05
1.68810560788683e-05
1.68807711136245e-05
1.68804861580013e-05
1.68802012119984e-05
1.68799162756153e-05
1.68796313488513e-05
1.68793464317062e-05
1.68790615241793e-05
1.68787766262701e-05
1.68784917379783e-05
1.68782068593033e-05
1.68779219902446e-05
1.68776371308017e-05
1.68773522809742e-05
1.68770674407615e-05
1.68767826101632e-05
1.68764977891788e-05
1.68762129778078e-05
1.68759281760497e-05
1.6875643383904e-05
1.68753586013703e-05
1.6875073828448e-05
1.68747890651367e-05
1.68745043114359e-05
1.6874219567345e-05
1.68739348328637e-05
1.68736501079914e-05
1.68733653927276e-05
1.68730806870718e-05
1.68727959910237e-05
1.68725113045826e-05
1.68722266277481e-05
1.68719419605197e-05
1.68716573028969e-05
1.68713726548792e-05
1.68710880164662e-05
1.68708033876573e-05
1.68705187684521e-05
1.68702341588501e-05
1.68699495588508e-05
1.68696649684537e-05
1.68693803876584e-05
1.68690958164642e-05
1.68688112548709e-05
1.68685267028778e-05
1.68682421604845e-05
1.68679576276904e-05
1.68676731044952e-05
1.68673885908984e-05
1.68671040868993e-05
1.68668195924976e-05
1.68665351076928e-05
1.68662506324844e-05
1.68659661668719e-05
1.68656817108548e-05
1.68653972644326e-05
1.68651128276048e-05
1.6864828400371e-05
1.68645439827307e-05
1.68642595746834e-05
1.68639751762285e-05
1.68636907873657e-05
1.68634064080944e-05
1.68631220384142e-05
1.68628376783245e-05
1.68625533278249e-05
1.68622689869149e-05
1.6861984655594e-05
1.68617003338617e-05
1.68614160217175e-05
1.6861131719161e-05
1.68608474261916e-05
1.6860563142809e-05
1.68602788690125e-05
1.68599946048017e-05
1.68597103501762e-05
1.68594261051354e-05
1.68591418696788e-05
1.68588576438061e-05
1.68585734275166e-05
1.68582892208099e-05
1.68580050236855e-05
1.6857720836143e-05
1.68574366581818e-05
1.68571524898014e-05
1.68568683310015e-05
1.68565841817814e-05
1.68563000421407e-05
1.6856015912079e-05
1.68557317915957e-05
1.68554476806904e-05
1.68551635793625e-05
1.68548794876117e-05
1.68545954054373e-05
1.68543113328389e-05
1.68540272698161e-05
1.68537432163684e-05
1.68534591724952e-05
1.6853175138196e-05
1.68528911134705e-05
1.68526070983181e-05
1.68523230927383e-05
1.68520390967307e-05
1.68517551102947e-05
1.68514711334299e-05
1.68511871661359e-05
1.6850903208412e-05
1.68506192602578e-05
1.68503353216729e-05
1.68500513926567e-05
1.68497674732089e-05
1.68494835633288e-05
1.6849199663016e-05
1.68489157722701e-05
1.68486318910904e-05
1.68483480194767e-05
1.68480641574283e-05
1.68477803049448e-05
1.68474964620257e-05
1.68472126286706e-05
1.68469288048789e-05
1.68466449906501e-05
1.68463611859838e-05
1.68460773908795e-05
1.68457936053367e-05
1.6845509829355e-05
1.68452260629338e-05
1.68449423060726e-05
1.6844658558771e-05
1.68443748210285e-05
1.68440910928446e-05
1.68438073742189e-05
1.68435236651508e-05
1.68432399656398e-05
1.68429562756855e-05
1.68426725952874e-05
1.6842388924445e-05
1.68421052631579e-05
1.68418216114255e-05
1.68415379692474e-05
1.6841254336623e-05
1.68409707135519e-05
1.68406871000337e-05
1.68404034960678e-05
1.68401199016537e-05
1.6839836316791e-05
1.68395527414792e-05
1.68392691757178e-05
1.68389856195063e-05
1.68387020728442e-05
1.68384185357311e-05
1.68381350081665e-05
1.68378514901499e-05
1.68375679816807e-05
1.68372844827586e-05
1.68370009933831e-05
1.68367175135536e-05
1.68364340432696e-05
1.68361505825308e-05
1.68358671313366e-05
1.68355836896865e-05
1.68353002575801e-05
1.68350168350168e-05
1.68347334219963e-05
1.68344500185179e-05
1.68341666245813e-05
1.68338832401858e-05
1.68335998653312e-05
1.68333165000168e-05
1.68330331442423e-05
1.6832749798007e-05
1.68324664613106e-05
1.68321831341525e-05
1.68318998165323e-05
1.68316165084495e-05
1.68313332099036e-05
1.68310499208941e-05
1.68307666414205e-05
1.68304833714824e-05
1.68302001110793e-05
1.68299168602107e-05
1.68296336188761e-05
1.68293503870751e-05
1.68290671648071e-05
1.68287839520716e-05
1.68285007488683e-05
1.68282175551966e-05
1.6827934371056e-05
1.6827651196446e-05
1.68273680313662e-05
1.68270848758161e-05
1.68268017297952e-05
1.6826518593303e-05
1.68262354663391e-05
1.68259523489029e-05
1.68256692409941e-05
1.6825386142612e-05
1.68251030537562e-05
1.68248199744263e-05
1.68245369046217e-05
1.6824253844342e-05
1.68239707935867e-05
1.68236877523553e-05
1.68234047206474e-05
1.68231216984624e-05
1.68228386857998e-05
1.68225556826593e-05
1.68222726890403e-05
1.68219897049423e-05
1.68217067303649e-05
1.68214237653075e-05
1.68211408097697e-05
1.68208578637511e-05
1.6820574927251e-05
1.68202920002691e-05
1.68200090828049e-05
1.68197261748579e-05
1.68194432764276e-05
1.68191603875135e-05
1.68188775081151e-05
1.6818594638232e-05
1.68183117778637e-05
1.68180289270098e-05
1.68177460856696e-05
1.68174632538428e-05
1.68171804315289e-05
1.68168976187273e-05
1.68166148154377e-05
1.68163320216594e-05
1.68160492373922e-05
1.68157664626354e-05
1.68154836973886e-05
1.68152009416513e-05
1.6814918195423e-05
1.68146354587033e-05
1.68143527314916e-05
1.68140700137875e-05
1.68137873055906e-05
1.68135046069003e-05
1.68132219177161e-05
1.68129392380376e-05
1.68126565678643e-05
1.68123739071957e-05
1.68120912560313e-05
1.68118086143707e-05
1.68115259822134e-05
1.68112433595589e-05
1.68109607464067e-05
1.68106781427563e-05
1.68103955486073e-05
1.68101129639591e-05
1.68098303888114e-05
1.68095478231636e-05
1.68092652670152e-05
1.68089827203658e-05
1.68087001832148e-05
1.68084176555619e-05
1.68081351374065e-05
1.68078526287481e-05
1.68075701295864e-05
1.68072876399207e-05
1.68070051597506e-05
1.68067226890756e-05
1.68064402278953e-05
1.68061577762092e-05
1.68058753340168e-05
1.68055929013176e-05
1.68053104781111e-05
1.68050280643969e-05
1.68047456601744e-05
1.68044632654433e-05
1.6804180880203e-05
1.6803898504453e-05
1.68036161381929e-05
1.68033337814222e-05
1.68030514341404e-05
1.68027690963471e-05
1.68024867680417e-05
1.68022044492237e-05
1.68019221398928e-05
1.68016398400484e-05
1.680135754969e-05
1.68010752688172e-05
1.68007929974295e-05
1.68005107355264e-05
1.68002284831074e-05
1.6799946240172e-05
1.67996640067199e-05
1.67993817827504e-05
1.67990995682631e-05
1.67988173632576e-05
1.67985351677334e-05
1.67982529816899e-05
1.67979708051267e-05
1.67976886380434e-05
1.67974064804394e-05
1.67971243323143e-05
1.67968421936676e-05
1.67965600644988e-05
1.67962779448074e-05
1.6795995834593e-05
1.67957137338551e-05
1.67954316425932e-05
1.67951495608068e-05
1.67948674884955e-05
1.67945854256588e-05
1.67943033722961e-05
1.67940213284071e-05
1.67937392939912e-05
1.6793457269048e-05
1.67931752535769e-05
1.67928932475776e-05
1.67926112510495e-05
1.67923292639922e-05
1.67920472864052e-05
1.67917653182879e-05
1.679148335964e-05
1.67912014104609e-05
1.67909194707502e-05
1.67906375405074e-05
1.6790355619732e-05
1.67900737084236e-05
1.67897918065816e-05
1.67895099142056e-05
1.67892280312951e-05
1.67889461578497e-05
1.67886642938688e-05
1.6788382439352e-05
1.67881005942988e-05
1.67878187587087e-05
1.67875369325813e-05
1.6787255115916e-05
1.67869733087124e-05
1.67866915109701e-05
1.67864097226885e-05
1.67861279438672e-05
1.67858461745057e-05
1.67855644146034e-05
1.67852826641601e-05
1.67850009231751e-05
1.67847191916479e-05
1.67844374695782e-05
1.67841557569654e-05
1.67838740538091e-05
1.67835923601088e-05
1.67833106758639e-05
1.67830290010741e-05
1.67827473357389e-05
1.67824656798577e-05
1.67821840334301e-05
1.67819023964557e-05
1.67816207689339e-05
1.67813391508642e-05
1.67810575422463e-05
1.67807759430796e-05
1.67804943533636e-05
1.6780212773098e-05
1.67799312022821e-05
1.67796496409155e-05
1.67793680889978e-05
1.67790865465284e-05
1.67788050135069e-05
1.67785234899329e-05
1.67782419758058e-05
1.67779604711251e-05
1.67776789758905e-05
1.67773974901013e-05
1.67771160137572e-05
1.67768345468577e-05
1.67765530894023e-05
1.67762716413904e-05
1.67759902028217e-05
1.67757087736957e-05
1.67754273540118e-05
1.67751459437697e-05
1.67748645429688e-05
1.67745831516087e-05
1.67743017696888e-05
1.67740203972088e-05
1.67737390341681e-05
1.67734576805663e-05
1.67731763364028e-05
1.67728950016773e-05
1.67726136763892e-05
1.67723323605381e-05
1.67720510541234e-05
1.67717697571448e-05
1.67714884696017e-05
1.67712071914936e-05
1.67709259228202e-05
1.67706446635809e-05
1.67703634137752e-05
1.67700821734026e-05
1.67698009424628e-05
1.67695197209552e-05
1.67692385088793e-05
1.67689573062347e-05
1.67686761130209e-05
1.67683949292374e-05
1.67681137548837e-05
1.67678325899594e-05
1.6767551434464e-05
1.6767270288397e-05
1.6766989151758e-05
1.67667080245465e-05
1.67664269067619e-05
1.67661457984039e-05
1.67658646994719e-05
1.67655836099655e-05
1.67653025298842e-05
1.67650214592275e-05
1.67647403979949e-05
1.67644593461861e-05
1.67641783038004e-05
1.67638972708375e-05
1.67636162472969e-05
1.6763335233178e-05
1.67630542284804e-05
1.67627732332037e-05
1.67624922473473e-05
1.67622112709109e-05
1.67619303038938e-05
1.67616493462957e-05
1.6761368398116e-05
1.67610874593544e-05
1.67608065300102e-05
1.67605256100831e-05
1.67602446995726e-05
1.67599637984782e-05
1.67596829067994e-05
1.67594020245358e-05
1.67591211516868e-05
1.67588402882521e-05
1.6758559434231e-05
1.67582785896233e-05
1.67579977544283e-05
1.67577169286456e-05
1.67574361122748e-05
1.67571553053154e-05
1.67568745077668e-05
1.67565937196287e-05
1.67563129409005e-05
1.67560321715818e-05
1.67557514116721e-05
1.67554706611709e-05
1.67551899200777e-05
1.67549091883922e-05
1.67546284661138e-05
1.6754347753242e-05
1.67540670497763e-05
1.67537863557164e-05
1.67535056710617e-05
1.67532249958117e-05
1.6752944329966e-05
1.67526636735241e-05
1.67523830264855e-05
1.67521023888498e-05
1.67518217606165e-05
1.6751541141785e-05
1.67512605323551e-05
1.6750979932326e-05
1.67506993416975e-05
1.6750418760469e-05
1.67501381886401e-05
1.67498576262102e-05
1.67495770731789e-05
1.67492965295458e-05
1.67490159953103e-05
1.6748735470472e-05
1.67484549550304e-05
1.67481744489851e-05
1.67478939523355e-05
1.67476134650812e-05
1.67473329872218e-05
1.67470525187567e-05
1.67467720596855e-05
1.67464916100077e-05
1.67462111697229e-05
1.67459307388305e-05
1.67456503173301e-05
1.67453699052212e-05
1.67450895025034e-05
1.67448091091762e-05
1.6744528725239e-05
1.67442483506915e-05
1.67439679855332e-05
1.67436876297636e-05
1.67434072833822e-05
1.67431269463885e-05
1.67428466187821e-05
1.67425663005626e-05
1.67422859917293e-05
1.67420056922819e-05
1.674172540222e-05
1.67414451215429e-05
1.67411648502503e-05
1.67408845883416e-05
1.67406043358165e-05
1.67403240926744e-05
1.67400438589149e-05
1.67397636345375e-05
1.67394834195417e-05
1.6739203213927e-05
1.6738923017693e-05
1.67386428308393e-05
1.67383626533652e-05
1.67380824852705e-05
1.67378023265545e-05
1.67375221772169e-05
1.67372420372571e-05
1.67369619066747e-05
1.67366817854692e-05
1.67364016736402e-05
1.67361215711871e-05
1.67358414781095e-05
1.6735561394407e-05
1.6735281320079e-05
1.67350012551251e-05
1.67347211995448e-05
1.67344411533377e-05
1.67341611165032e-05
1.6733881089041e-05
1.67336010709505e-05
1.67333210622312e-05
1.67330410628828e-05
1.67327610729046e-05
1.67324810922964e-05
1.67322011210575e-05
1.67319211591875e-05
1.6731641206686e-05
1.67313612635524e-05
1.67310813297863e-05
1.67308014053873e-05
1.67305214903549e-05
1.67302415846885e-05
1.67299616883877e-05
1.67296818014521e-05
1.67294019238812e-05
1.67291220556745e-05
1.67288421968316e-05
1.67285623473519e-05
1.6728282507235e-05
1.67280026764804e-05
1.67277228550877e-05
1.67274430430564e-05
1.67271632403861e-05
1.67268834470761e-05
1.67266036631262e-05
1.67263238885358e-05
1.67260441233044e-05
1.67257643674316e-05
1.67254846209169e-05
1.67252048837598e-05
1.67249251559599e-05
1.67246454375167e-05
1.67243657284298e-05
1.67240860286985e-05
1.67238063383226e-05
1.67235266573015e-05
1.67232469856347e-05
1.67229673233218e-05
1.67226876703624e-05
1.67224080267559e-05
1.67221283925018e-05
1.67218487675997e-05
1.67215691520492e-05
1.67212895458498e-05
1.67210099490009e-05
1.67207303615022e-05
1.67204507833531e-05
1.67201712145532e-05
1.67198916551021e-05
1.67196121049992e-05
1.6719332564244e-05
1.67190530328362e-05
1.67187735107752e-05
1.67184939980607e-05
1.6718214494692e-05
1.67179350006687e-05
1.67176555159904e-05
1.67173760406567e-05
1.67170965746669e-05
1.67168171180207e-05
1.67165376707176e-05
1.67162582327572e-05
1.67159788041389e-05
1.67156993848623e-05
1.67154199749269e-05
1.67151405743322e-05
1.67148611830779e-05
1.67145818011633e-05
1.67143024285881e-05
1.67140230653518e-05
1.67137437114539e-05
1.6713464366894e-05
1.67131850316715e-05
1.6712905705786e-05
1.67126263892371e-05
1.67123470820242e-05
1.67120677841469e-05
1.67117884956048e-05
1.67115092163973e-05
1.67112299465241e-05
1.67109506859845e-05
1.67106714347783e-05
1.67103921929048e-05
1.67101129603636e-05
1.67098337371543e-05
1.67095545232764e-05
1.67092753187294e-05
1.67089961235129e-05
1.67087169376264e-05
1.67084377610693e-05
1.67081585938414e-05
1.6707879435942e-05
1.67076002873707e-05
1.67073211481271e-05
1.67070420182107e-05
1.6706762897621e-05
1.67064837863575e-05
1.67062046844198e-05
1.67059255918074e-05
1.67056465085199e-05
1.67053674345567e-05
1.67050883699175e-05
1.67048093146017e-05
1.67045302686088e-05
1.67042512319385e-05
1.67039722045903e-05
1.67036931865635e-05
1.6703414177858e-05
1.6703135178473e-05
1.67028561884082e-05
1.67025772076631e-05
1.67022982362373e-05
1.67020192741302e-05
1.67017403213415e-05
1.67014613778706e-05
1.6701182443717e-05
1.67009035188804e-05
1.67006246033602e-05
1.67003456971559e-05
1.67000668002672e-05
1.66997879126935e-05
1.66995090344344e-05
1.66992301654894e-05
1.6698951305858e-05
1.66986724555398e-05
1.66983936145343e-05
1.6698114782841e-05
1.66978359604595e-05
1.66975571473893e-05
1.669727834363e-05
1.6696999549181e-05
1.66967207640419e-05
1.66964419882123e-05
1.66961632216917e-05
1.66958844644795e-05
1.66956057165754e-05
1.66953269779789e-05
1.66950482486894e-05
1.66947695287067e-05
1.66944908180301e-05
1.66942121166592e-05
1.66939334245935e-05
1.66936547418326e-05
1.66933760683761e-05
1.66930974042234e-05
1.6692818749374e-05
1.66925401038276e-05
1.66922614675836e-05
1.66919828406416e-05
1.66917042230012e-05
1.66914256146617e-05
1.66911470156229e-05
1.66908684258842e-05
1.66905898454451e-05
1.66903112743053e-05
1.66900327124641e-05
1.66897541599212e-05
1.66894756166761e-05
1.66891970827284e-05
1.66889185580774e-05
1.66886400427229e-05
1.66883615366643e-05
1.66880830399012e-05
1.66878045524331e-05
1.66875260742595e-05
1.668724760538e-05
1.6686969145794e-05
1.66866906955013e-05
1.66864122545012e-05
1.66861338227933e-05
1.66858554003771e-05
1.66855769872522e-05
1.66852985834181e-05
1.66850201888744e-05
1.66847418036206e-05
1.66844634276562e-05
1.66841850609807e-05
1.66839067035937e-05
1.66836283554948e-05
1.66833500166834e-05
1.6683071687159e-05
1.66827933669214e-05
1.66825150559698e-05
1.6682236754304e-05
1.66819584619234e-05
1.66816801788276e-05
1.66814019050161e-05
1.66811236404884e-05
1.66808453852441e-05
1.66805671392827e-05
1.66802889026038e-05
1.66800106752068e-05
1.66797324570914e-05
1.6679454248257e-05
1.66791760487032e-05
1.66788978584295e-05
1.66786196774355e-05
1.66783415057207e-05
1.66780633432846e-05
1.66777851901268e-05
1.66775070462467e-05
1.6677228911644e-05
1.66769507863182e-05
1.66766726702688e-05
1.66763945634954e-05
1.66761164659974e-05
1.66758383777744e-05
1.6675560298826e-05
1.66752822291517e-05
1.6675004168751e-05
1.66747261176235e-05
1.66744480757687e-05
1.66741700431861e-05
1.66738920198753e-05
1.66736140058358e-05
1.66733360010671e-05
1.66730580055688e-05
1.66727800193404e-05
1.66725020423815e-05
1.66722240746916e-05
1.66719461162702e-05
1.66716681671168e-05
1.6671390227231e-05
1.66711122966124e-05
1.66708343752605e-05
1.66705564631747e-05
1.66702785603547e-05
1.66700006668e-05
1.66697227825101e-05
1.66694449074846e-05
1.66691670417229e-05
1.66688891852247e-05
1.66686113379894e-05
1.66683335000167e-05
1.66680556713059e-05
1.66677778518568e-05
1.66675000416688e-05
1.66672222407414e-05
1.66669444490742e-05
1.66666666666667e-05
1.66663888935184e-05
1.6666111129629e-05
1.66658333749979e-05
1.66655556296247e-05
1.66652778935089e-05
1.666500016665e-05
1.66647224490476e-05
1.66644447407012e-05
1.66641670416104e-05
1.66638893517747e-05
1.66636116711936e-05
1.66633339998667e-05
1.66630563377935e-05
1.66627786849735e-05
1.66625010414063e-05
1.66622234070914e-05
1.66619457820284e-05
1.66616681662168e-05
1.66613905596561e-05
1.66611129623459e-05
1.66608353742857e-05
1.6660557795475e-05
1.66602802259134e-05
1.66600026656004e-05
1.66597251145356e-05
1.66594475727185e-05
1.66591700401486e-05
1.66588925168255e-05
1.66586150027487e-05
1.66583374979177e-05
1.66580600023321e-05
1.66577825159915e-05
1.66575050388953e-05
1.66572275710431e-05
1.66569501124344e-05
1.66566726630688e-05
1.66563952229458e-05
1.6656117792065e-05
1.66558403704259e-05
1.6655562958028e-05
1.66552855548708e-05
1.6655008160954e-05
1.6654730776277e-05
1.66544534008394e-05
1.66541760346407e-05
1.66538986776804e-05
1.66536213299582e-05
1.66533439914735e-05
1.66530666622259e-05
1.66527893422148e-05
1.66525120314399e-05
1.66522347299008e-05
1.66519574375968e-05
1.66516801545276e-05
1.66514028806927e-05
1.66511256160916e-05
1.6650848360724e-05
1.66505711145892e-05
1.66502938776869e-05
1.66500166500167e-05
1.66497394315779e-05
1.66494622223702e-05
1.66491850223932e-05
1.66489078316462e-05
1.6648630650129e-05
1.6648353477841e-05
1.66480763147818e-05
1.66477991609509e-05
1.66475220163479e-05
1.66472448809722e-05
1.66469677548235e-05
1.66466906379012e-05
1.66464135302049e-05
1.66461364317342e-05
1.66458593424886e-05
1.66455822624675e-05
1.66453051916707e-05
1.66450281300975e-05
1.66447510777476e-05
1.66444740346205e-05
1.66441970007157e-05
1.66439199760328e-05
1.66436429605712e-05
1.66433659543306e-05
1.66430889573105e-05
1.66428119695104e-05
1.66425349909298e-05
1.66422580215684e-05
1.66419810614256e-05
1.66417041105009e-05
1.6641427168794e-05
1.66411502363043e-05
1.66408733130315e-05
1.66405963989749e-05
1.66403194941343e-05
1.66400425985091e-05
1.66397657120988e-05
1.6639488834903e-05
1.66392119669212e-05
1.66389351081531e-05
1.6638658258598e-05
1.66383814182556e-05
1.66381045871254e-05
1.6637827765207e-05
1.66375509524998e-05
1.66372741490034e-05
1.66369973547174e-05
1.66367205696413e-05
1.66364437937746e-05
1.6636167027117e-05
1.66358902696678e-05
1.66356135214267e-05
1.66353367823932e-05
1.66350600525668e-05
1.66347833319471e-05
1.66345066205336e-05
1.66342299183259e-05
1.66339532253235e-05
1.6633676541526e-05
1.66333998669328e-05
1.66331232015436e-05
1.66328465453578e-05
1.6632569898375e-05
1.66322932605948e-05
1.66320166320166e-05
1.66317400126401e-05
1.66314634024648e-05
1.66311868014902e-05
1.66309102097158e-05
1.66306336271412e-05
1.66303570537659e-05
1.66300804895896e-05
1.66298039346116e-05
1.66295273888316e-05
1.66292508522491e-05
1.66289743248636e-05
1.66286978066748e-05
1.6628421297682e-05
1.66281447978849e-05
1.6627868307283e-05
1.66275918258759e-05
1.6627315353663e-05
1.6627038890644e-05
1.66267624368183e-05
1.66264859921856e-05
1.66262095567453e-05
1.66259331304969e-05
1.66256567134402e-05
1.66253803055745e-05
1.66251039068994e-05
1.66248275174145e-05
1.66245511371193e-05
1.66242747660133e-05
1.66239984040962e-05
1.66237220513673e-05
1.66234457078263e-05
1.66231693734727e-05
1.66228930483061e-05
1.6622616732326e-05
1.66223404255319e-05
1.66220641279234e-05
1.66217878395e-05
1.66215115602613e-05
1.66212352902068e-05
1.6620959029336e-05
1.66206827776485e-05
1.66204065351438e-05
1.66201303018216e-05
1.66198540776812e-05
1.66195778627223e-05
1.66193016569444e-05
1.6619025460347e-05
1.66187492729297e-05
1.66184730946921e-05
1.66181969256336e-05
1.66179207657538e-05
1.66176446150523e-05
1.66173684735285e-05
1.66170923411821e-05
1.66168162180126e-05
1.66165401040195e-05
1.66162639992024e-05
1.66159879035608e-05
1.66157118170942e-05
1.66154357398023e-05
1.66151596716844e-05
1.66148836127403e-05
1.66146075629694e-05
1.66143315223712e-05
1.66140554909453e-05
1.66137794686913e-05
1.66135034556087e-05
1.6613227451697e-05
1.66129514569558e-05
1.66126754713847e-05
1.66123994949831e-05
1.66121235277506e-05
1.66118475696867e-05
1.6611571620791e-05
1.66112956810631e-05
1.66110197505025e-05
1.66107438291087e-05
1.66104679168812e-05
1.66101920138197e-05
1.66099161199236e-05
1.66096402351925e-05
1.6609364359626e-05
1.66090884932235e-05
1.66088126359847e-05
1.6608536787909e-05
1.6608260948996e-05
1.66079851192453e-05
1.66077092986564e-05
1.66074334872289e-05
1.66071576849622e-05
1.6606881891856e-05
1.66066061079097e-05
1.6606330333123e-05
1.66060545674953e-05
1.66057788110262e-05
1.66055030637153e-05
1.66052273255621e-05
1.66049515965661e-05
1.66046758767269e-05
1.6604400166044e-05
1.6604124464517e-05
1.66038487721454e-05
1.66035730889287e-05
1.66032974148666e-05
1.66030217499585e-05
1.6602746094204e-05
1.66024704476026e-05
1.66021948101539e-05
1.66019191818574e-05
1.66016435627127e-05
1.66013679527193e-05
1.66010923518768e-05
1.66008167601846e-05
1.66005411776424e-05
1.66002656042497e-05
1.6599990040006e-05
1.65997144849109e-05
1.65994389389639e-05
1.65991634021645e-05
1.65988878745124e-05
1.6598612356007e-05
1.6598336846648e-05
1.65980613464347e-05
1.65977858553669e-05
1.6597510373444e-05
1.65972349006655e-05
1.65969594370311e-05
1.65966839825403e-05
1.65964085371926e-05
1.65961331009875e-05
1.65958576739246e-05
1.65955822560035e-05
1.65953068472236e-05
1.65950314475846e-05
1.6594756057086e-05
1.65944806757273e-05
1.6594205303508e-05
1.65939299404278e-05
1.65936545864861e-05
1.65933792416826e-05
1.65931039060167e-05
1.65928285794879e-05
1.6592553262096e-05
1.65922779538403e-05
1.65920026547204e-05
1.65917273647359e-05
1.65914520838864e-05
1.65911768121713e-05
1.65909015495902e-05
1.65906262961427e-05
1.65903510518283e-05
1.65900758166465e-05
1.65898005905969e-05
1.65895253736791e-05
1.65892501658925e-05
1.65889749672368e-05
1.65886997777114e-05
1.6588424597316e-05
1.658814942605e-05
1.65878742639131e-05
1.65875991109047e-05
1.65873239670244e-05
1.65870488322718e-05
1.65867737066463e-05
1.65864985901476e-05
1.65862234827752e-05
1.65859483845286e-05
1.65856732954074e-05
1.65853982154112e-05
1.65851231445393e-05
1.65848480827916e-05
1.65845730301673e-05
1.65842979866662e-05
1.65840229522878e-05
1.65837479270315e-05
1.6583472910897e-05
1.65831979038838e-05
1.65829229059914e-05
1.65826479172194e-05
1.65823729375674e-05
1.65820979670348e-05
1.65818230056212e-05
1.65815480533263e-05
1.65812731101494e-05
1.65809981760902e-05
1.65807232511482e-05
1.6580448335323e-05
1.65801734286141e-05
1.6579898531021e-05
1.65796236425433e-05
1.65793487631806e-05
1.65790738929323e-05
1.65787990317981e-05
1.65785241797775e-05
1.657824933687e-05
1.65779745030752e-05
1.65776996783926e-05
1.65774248628218e-05
1.65771500563623e-05
1.65768752590137e-05
1.65766004707755e-05
1.65763256916472e-05
1.65760509216284e-05
1.65757761607187e-05
1.65755014089176e-05
1.65752266662247e-05
1.65749519326394e-05
1.65746772081614e-05
1.65744024927901e-05
1.65741277865252e-05
1.65738530893662e-05
1.65735784013126e-05
1.6573303722364e-05
1.65730290525199e-05
1.65727543917799e-05
1.65724797401435e-05
1.65722050976103e-05
1.65719304641798e-05
1.65716558398515e-05
1.65713812246251e-05
1.65711066185e-05
1.65708320214758e-05
1.65705574335521e-05
1.65702828547283e-05
1.65700082850041e-05
1.6569733724379e-05
1.65694591728526e-05
1.65691846304243e-05
1.65689100970938e-05
1.65686355728606e-05
1.65683610577242e-05
1.65680865516841e-05
1.65678120547401e-05
1.65675375668914e-05
1.65672630881378e-05
1.65669886184788e-05
1.65667141579139e-05
1.65664397064427e-05
1.65661652640647e-05
1.65658908307794e-05
1.65656164065865e-05
1.65653419914854e-05
1.65650675854757e-05
1.6564793188557e-05
1.65645188007288e-05
1.65642444219907e-05
1.65639700523421e-05
1.65636956917827e-05
1.65634213403121e-05
1.65631469979296e-05
1.6562872664635e-05
1.65625983404276e-05
1.65623240253072e-05
1.65620497192733e-05
1.65617754223253e-05
1.65615011344628e-05
1.65612268556855e-05
1.65609525859927e-05
1.65606783253842e-05
1.65604040738594e-05
1.65601298314179e-05
1.65598555980592e-05
1.65595813737829e-05
1.65593071585885e-05
1.65590329524756e-05
1.65587587554437e-05
1.65584845674924e-05
1.65582103886212e-05
1.65579362188297e-05
1.65576620581174e-05
1.65573879064839e-05
1.65571137639287e-05
1.65568396304513e-05
1.65565655060514e-05
1.65562913907285e-05
1.6556017284482e-05
1.65557431873117e-05
1.65554690992169e-05
1.65551950201973e-05
1.65549209502525e-05
1.65546468893818e-05
1.6554372837585e-05
1.65540987948616e-05
1.65538247612111e-05
1.6553550736633e-05
1.65532767211269e-05
1.65530027146924e-05
1.65527287173291e-05
1.65524547290363e-05
1.65521807498138e-05
1.6551906779661e-05
1.65516328185776e-05
1.65513588665629e-05
1.65510849236167e-05
1.65508109897385e-05
1.65505370649278e-05
1.65502631491841e-05
1.6549989242507e-05
1.65497153448961e-05
1.65494414563508e-05
1.65491675768709e-05
1.65488937064557e-05
1.65486198451049e-05
1.6548345992818e-05
1.65480721495946e-05
1.65477983154341e-05
1.65475244903362e-05
1.65472506743005e-05
1.65469768673263e-05
1.65467030694134e-05
1.65464292805613e-05
1.65461555007694e-05
1.65458817300374e-05
1.65456079683648e-05
1.65453342157512e-05
1.6545060472196e-05
1.6544786737699e-05
1.65445130122595e-05
1.65442392958772e-05
1.65439655885516e-05
1.65436918902822e-05
1.65434182010687e-05
1.65431445209105e-05
1.65428708498073e-05
1.65425971877585e-05
1.65423235347637e-05
1.65420498908225e-05
1.65417762559344e-05
1.65415026300989e-05
1.65412290133157e-05
1.65409554055842e-05
1.65406818069041e-05
1.65404082172748e-05
1.65401346366959e-05
1.65398610651671e-05
1.65395875026877e-05
1.65393139492574e-05
1.65390404048757e-05
1.65387668695422e-05
1.65384933432564e-05
1.65382198260179e-05
1.65379463178263e-05
1.6537672818681e-05
1.65373993285816e-05
1.65371258475277e-05
1.65368523755188e-05
1.65365789125546e-05
1.65363054586344e-05
1.6536032013758e-05
1.65357585779248e-05
1.65354851511343e-05
1.65352117333862e-05
1.653493832468e-05
1.65346649250153e-05
1.65343915343915e-05
1.65341181528083e-05
1.65338447802652e-05
1.65335714167617e-05
1.65332980622975e-05
1.6533024716872e-05
1.65327513804847e-05
1.65324780531354e-05
1.65322047348234e-05
1.65319314255484e-05
1.653165812531e-05
1.65313848341076e-05
1.65311115519408e-05
1.65308382788091e-05
1.65305650147122e-05
1.65302917596496e-05
1.65300185136207e-05
1.65297452766253e-05
1.65294720486628e-05
1.65291988297327e-05
1.65289256198347e-05
1.65286524189683e-05
1.6528379227133e-05
1.65281060443284e-05
1.6527832870554e-05
1.65275597058094e-05
1.65272865500942e-05
1.65270134034079e-05
1.652674026575e-05
1.65264671371201e-05
1.65261940175178e-05
1.65259209069425e-05
1.6525647805394e-05
1.65253747128716e-05
1.6525101629375e-05
1.65248285549037e-05
1.65245554894573e-05
1.65242824330353e-05
1.65240093856373e-05
1.65237363472628e-05
1.65234633179114e-05
1.65231902975827e-05
1.65229172862761e-05
1.65226442839912e-05
1.65223712907276e-05
1.65220983064849e-05
1.65218253312626e-05
1.65215523650602e-05
1.65212794078773e-05
1.65210064597135e-05
1.65207335205683e-05
1.65204605904413e-05
1.65201876693319e-05
1.65199147572399e-05
1.65196418541646e-05
1.65193689601057e-05
1.65190960750628e-05
1.65188231990353e-05
1.65185503320229e-05
1.6518277474025e-05
1.65180046250413e-05
1.65177317850713e-05
1.65174589541145e-05
1.65171861321705e-05
1.65169133192389e-05
1.65166405153192e-05
1.65163677204109e-05
1.65160949345137e-05
1.6515822157627e-05
1.65155493897504e-05
1.65152766308836e-05
1.65150038810259e-05
1.6514731140177e-05
1.65144584083365e-05
1.65141856855038e-05
1.65139129716786e-05
1.65136402668604e-05
1.65133675710488e-05
1.65130948842432e-05
1.65128222064433e-05
1.65125495376486e-05
1.65122768778587e-05
1.65120042270731e-05
1.65117315852913e-05
1.6511458952513e-05
1.65111863287377e-05
1.65109137139649e-05
1.65106411081942e-05
1.65103685114252e-05
1.65100959236573e-05
1.65098233448902e-05
1.65095507751234e-05
1.65092782143565e-05
1.65090056625889e-05
1.65087331198204e-05
1.65084605860503e-05
1.65081880612784e-05
1.65079155455041e-05
1.65076430387269e-05
1.65073705409465e-05
1.65070980521624e-05
1.65068255723742e-05
1.65065531015813e-05
1.65062806397834e-05
1.65060081869801e-05
1.65057357431708e-05
1.65054633083551e-05
1.65051908825326e-05
1.65049184657028e-05
1.65046460578653e-05
1.65043736590196e-05
1.65041012691654e-05
1.65038288883021e-05
1.65035565164293e-05
1.65032841535466e-05
1.65030117996534e-05
1.65027394547495e-05
1.65024671188343e-05
1.65021947919073e-05
1.65019224739682e-05
1.65016501650165e-05
1.65013778650517e-05
1.65011055740735e-05
1.65008332920812e-05
1.65005610190746e-05
1.65002887550532e-05
1.65000165000165e-05
1.64997442539641e-05
1.64994720168955e-05
1.64991997888102e-05
1.6498927569708e-05
1.64986553595882e-05
1.64983831584505e-05
1.64981109662944e-05
1.64978387831194e-05
1.64975666089252e-05
1.64972944437112e-05
1.64970222874771e-05
1.64967501402224e-05
1.64964780019466e-05
1.64962058726493e-05
1.64959337523301e-05
1.64956616409884e-05
1.6495389538624e-05
1.64951174452362e-05
1.64948453608247e-05
1.64945732853891e-05
1.64943012189289e-05
1.64940291614436e-05
1.64937571129328e-05
1.6493485073396e-05
1.64932130428329e-05
1.64929410212429e-05
1.64926690086257e-05
1.64923970049807e-05
1.64921250103076e-05
1.64918530246058e-05
1.64915810478751e-05
1.64913090801148e-05
1.64910371213246e-05
1.6490765171504e-05
1.64904932306525e-05
1.64902212987698e-05
1.64899493758554e-05
1.64896774619088e-05
1.64894055569297e-05
1.64891336609175e-05
1.64888617738718e-05
1.64885898957921e-05
1.64883180266781e-05
1.64880461665293e-05
1.64877743153452e-05
1.64875024731254e-05
1.64872306398694e-05
1.64869588155769e-05
1.64866870002473e-05
1.64864151938802e-05
1.64861433964753e-05
1.64858716080319e-05
1.64855998285498e-05
1.64853280580284e-05
1.64850562964673e-05
1.6484784543866e-05
1.64845128002242e-05
1.64842410655413e-05
1.6483969339817e-05
1.64836976230508e-05
1.64834259152422e-05
1.64831542163908e-05
1.64828825264962e-05
1.64826108455579e-05
1.64823391735755e-05
1.64820675105485e-05
1.64817958564765e-05
1.64815242113591e-05
1.64812525751957e-05
1.6480980947986e-05
1.64807093297296e-05
1.64804377204259e-05
1.64801661200745e-05
1.6479894528675e-05
1.6479622946227e-05
1.647935137273e-05
1.64790798081835e-05
1.64788082525872e-05
1.64785367059405e-05
1.64782651682431e-05
1.64779936394945e-05
1.64777221196942e-05
1.64774506088418e-05
1.64771791069369e-05
1.6476907613979e-05
1.64766361299677e-05
1.64763646549025e-05
1.64760931887831e-05
1.64758217316089e-05
1.64755502833795e-05
1.64752788440944e-05
1.64750074137533e-05
1.64747359923557e-05
1.64744645799012e-05
1.64741931763892e-05
1.64739217818194e-05
1.64736503961913e-05
1.64733790195045e-05
1.64731076517585e-05
1.64728362929529e-05
1.64725649430873e-05
1.64722936021612e-05
1.64720222701741e-05
1.64717509471257e-05
1.64714796330154e-05
1.64712083278429e-05
1.64709370316077e-05
1.64706657443094e-05
1.64703944659475e-05
1.64701231965215e-05
1.64698519360311e-05
1.64695806844758e-05
1.64693094418551e-05
1.64690382081686e-05
1.6468766983416e-05
1.64684957675966e-05
1.64682245607101e-05
1.64679533627561e-05
1.6467682173734e-05
1.64674109936436e-05
1.64671398224842e-05
1.64668686602556e-05
1.64665975069571e-05
1.64663263625885e-05
1.64660552271492e-05
1.64657841006389e-05
1.6465512983057e-05
1.64652418744031e-05
1.64649707746769e-05
1.64646996838778e-05
1.64644286020054e-05
1.64641575290592e-05
1.64638864650389e-05
1.6463615409944e-05
1.64633443637741e-05
1.64630733265286e-05
1.64628022982072e-05
1.64625312788094e-05
1.64622602683348e-05
1.6461989266783e-05
1.64617182741535e-05
1.64614472904458e-05
1.64611763156595e-05
1.64609053497942e-05
1.64606343928495e-05
1.64603634448249e-05
1.64600925057199e-05
1.64598215755341e-05
1.64595506542671e-05
1.64592797419185e-05
1.64590088384877e-05
1.64587379439745e-05
1.64584670583782e-05
1.64581961816985e-05
1.64579253139349e-05
1.64576544550871e-05
1.64573836051545e-05
1.64571127641367e-05
1.64568419320332e-05
1.64565711088438e-05
1.64563002945678e-05
1.64560294892048e-05
1.64557586927545e-05
1.64554879052164e-05
1.645521712659e-05
1.64549463568749e-05
1.64546755960706e-05
1.64544048441768e-05
1.64541341011929e-05
1.64538633671186e-05
1.64535926419534e-05
1.64533219256968e-05
1.64530512183484e-05
1.64527805199079e-05
1.64525098303746e-05
1.64522391497483e-05
1.64519684780284e-05
1.64516978152145e-05
1.64514271613062e-05
1.64511565163031e-05
1.64508858802046e-05
1.64506152530105e-05
1.64503446347201e-05
1.64500740253331e-05
1.64498034248491e-05
1.64495328332675e-05
1.64492622505881e-05
1.64489916768102e-05
1.64487211119335e-05
1.64484505559576e-05
1.6448180008882e-05
1.64479094707063e-05
1.644763894143e-05
1.64473684210526e-05
1.64470979095739e-05
1.64468274069932e-05
1.64465569133102e-05
1.64462864285244e-05
1.64460159526355e-05
1.64457454856429e-05
1.64454750275462e-05
1.6445204578345e-05
1.64449341380388e-05
1.64446637066272e-05
1.64443932841098e-05
1.64441228704861e-05
1.64438524657557e-05
1.64435820699181e-05
1.6443311682973e-05
1.64430413049198e-05
1.64427709357581e-05
1.64425005754875e-05
1.64422302241076e-05
1.64419598816179e-05
1.6441689548018e-05
1.64414192233074e-05
1.64411489074857e-05
1.64408786005524e-05
1.64406083025072e-05
1.64403380133496e-05
1.64400677330791e-05
1.64397974616953e-05
1.64395271991978e-05
1.64392569455861e-05
1.64389867008598e-05
1.64387164650184e-05
1.64384462380616e-05
1.64381760199888e-05
1.64379058107997e-05
1.64376356104938e-05
1.64373654190706e-05
1.64370952365298e-05
1.64368250628709e-05
1.64365548980934e-05
1.64362847421969e-05
1.6436014595181e-05
1.64357444570452e-05
1.64354743277891e-05
1.64352042074123e-05
1.64349340959143e-05
1.64346639932947e-05
1.6434393899553e-05
1.64341238146888e-05
1.64338537387017e-05
1.64335836715913e-05
1.6433313613357e-05
1.64330435639985e-05
1.64327735235153e-05
1.6432503491907e-05
1.64322334691731e-05
1.64319634553133e-05
1.6431693450327e-05
1.64314234542138e-05
1.64311534669734e-05
1.64308834886052e-05
1.64306135191088e-05
1.64303435584838e-05
1.64300736067298e-05
1.64298036638462e-05
1.64295337298327e-05
1.64292638046889e-05
1.64289938884143e-05
1.64287239810084e-05
1.64284540824708e-05
1.64281841928012e-05
1.64279143119989e-05
1.64276444400637e-05
1.64273745769951e-05
1.64271047227926e-05
1.64268348774558e-05
1.64265650409843e-05
1.64262952133776e-05
1.64260253946353e-05
1.64257555847569e-05
1.64254857837421e-05
1.64252159915903e-05
1.64249462083012e-05
1.64246764338743e-05
1.64244066683091e-05
1.64241369116053e-05
1.64238671637624e-05
1.64235974247799e-05
1.64233276946575e-05
1.64230579733946e-05
1.6422788260991e-05
1.6422518557446e-05
1.64222488627593e-05
1.64219791769304e-05
1.64217094999589e-05
1.64214398318445e-05
1.64211701725865e-05
1.64209005221846e-05
1.64206308806384e-05
1.64203612479475e-05
1.64200916241113e-05
1.64198220091294e-05
1.64195524030015e-05
1.6419282805727e-05
1.64190132173056e-05
1.64187436377368e-05
1.64184740670202e-05
1.64182045051553e-05
1.64179349521417e-05
1.6417665407979e-05
1.64173958726667e-05
1.64171263462044e-05
1.64168568285916e-05
1.6416587319828e-05
1.6416317819913e-05
1.64160483288463e-05
1.64157788466274e-05
1.64155093732559e-05
1.64152399087313e-05
1.64149704530532e-05
1.64147010062212e-05
1.64144315682348e-05
1.64141621390936e-05
1.64138927187972e-05
1.64136233073451e-05
1.64133539047369e-05
1.64130845109721e-05
1.64128151260504e-05
1.64125457499713e-05
1.64122763827343e-05
1.6412007024339e-05
1.6411737674785e-05
1.64114683340719e-05
1.64111990021991e-05
1.64109296791663e-05
1.64106603649731e-05
1.64103910596189e-05
1.64101217631035e-05
1.64098524754262e-05
1.64095831965868e-05
1.64093139265847e-05
1.64090446654196e-05
1.64087754130909e-05
1.64085061695983e-05
1.64082369349413e-05
1.64079677091195e-05
1.64076984921325e-05
1.64074292839798e-05
1.64071600846609e-05
1.64068908941756e-05
1.64066217125232e-05
1.64063525397034e-05
1.64060833757157e-05
1.64058142205598e-05
1.64055450742351e-05
1.64052759367413e-05
1.64050068080778e-05
1.64047376882444e-05
1.64044685772404e-05
1.64041994750656e-05
1.64039303817195e-05
1.64036612972015e-05
1.64033922215114e-05
1.64031231546486e-05
1.64028540966128e-05
1.64025850474035e-05
1.64023160070202e-05
1.64020469754625e-05
1.64017779527301e-05
1.64015089388224e-05
1.6401239933739e-05
1.64009709374795e-05
1.64007019500435e-05
1.64004329714304e-05
1.640016400164e-05
1.63998950406717e-05
1.63996260885252e-05
1.63993571451999e-05
1.63990882106955e-05
1.63988192850115e-05
1.63985503681475e-05
1.6398281460103e-05
1.63980125608776e-05
1.63977436704709e-05
1.63974747888825e-05
1.63972059161119e-05
1.63969370521587e-05
1.63966681970224e-05
1.63963993507026e-05
1.63961305131989e-05
1.63958616845108e-05
1.6395592864638e-05
1.63953240535799e-05
1.63950552513362e-05
1.63947864579064e-05
1.63945176732901e-05
1.63942488974868e-05
1.63939801304961e-05
1.63937113723176e-05
1.63934426229508e-05
1.63931738823954e-05
1.63929051506508e-05
1.63926364277167e-05
1.63923677135926e-05
1.6392099008278e-05
1.63918303117726e-05
1.63915616240759e-05
1.63912929451875e-05
1.6391024275107e-05
1.63907556138338e-05
1.63904869613676e-05
1.6390218317708e-05
1.63899496828545e-05
1.63896810568066e-05
1.6389412439564e-05
1.63891438311263e-05
1.63888752314929e-05
1.63886066406634e-05
1.63883380586375e-05
1.63880694854146e-05
1.63878009209944e-05
1.63875323653764e-05
1.63872638185602e-05
1.63869952805454e-05
1.63867267513314e-05
1.6386458230918e-05
1.63861897193046e-05
1.63859212164908e-05
1.63856527224762e-05
1.63853842372604e-05
1.63851157608428e-05
1.63848472932232e-05
1.63845788344011e-05
1.63843103843759e-05
1.63840419431474e-05
1.6383773510715e-05
1.63835050870783e-05
1.6383236672237e-05
1.63829682661905e-05
1.63826998689384e-05
1.63824314804803e-05
1.63821631008158e-05
1.63818947299445e-05
1.63816263678658e-05
1.63813580145794e-05
1.63810896700849e-05
1.63808213343817e-05
1.63805530074695e-05
1.63802846893479e-05
1.63800163800164e-05
1.63797480794745e-05
1.63794797877219e-05
1.63792115047582e-05
1.63789432305828e-05
1.63786749651953e-05
1.63784067085954e-05
1.63781384607825e-05
1.63778702217564e-05
1.63776019915164e-05
1.63773337700622e-05
1.63770655573934e-05
1.63767973535095e-05
1.63765291584102e-05
1.63762609720949e-05
1.63759927945632e-05
1.63757246258147e-05
1.6375456465849e-05
1.63751883146656e-05
1.63749201722642e-05
1.63746520386442e-05
1.63743839138052e-05
1.63741157977469e-05
1.63738476904688e-05
1.63735795919704e-05
1.63733115022513e-05
1.63730434213112e-05
1.63727753491494e-05
1.63725072857657e-05
1.63722392311596e-05
1.63719711853307e-05
1.63717031482785e-05
1.63714351200026e-05
1.63711671005026e-05
1.6370899089778e-05
1.63706310878284e-05
1.63703630946534e-05
1.63700951102526e-05
1.63698271346255e-05
1.63695591677716e-05
1.63692912096906e-05
1.63690232603821e-05
1.63687553198455e-05
1.63684873880805e-05
1.63682194650866e-05
1.63679515508634e-05
1.63676836454105e-05
1.63674157487274e-05
1.63671478608138e-05
1.63668799816691e-05
1.6366612111293e-05
1.63663442496849e-05
1.63660763968446e-05
1.63658085527716e-05
1.63655407174653e-05
1.63652728909255e-05
1.63650050731516e-05
1.63647372641432e-05
1.63644694639e-05
1.63642016724214e-05
1.63639338897071e-05
1.63636661157566e-05
1.63633983505694e-05
1.63631305941453e-05
1.63628628464836e-05
1.63625951075841e-05
1.63623273774462e-05
1.63620596560695e-05
1.63617919434536e-05
1.63615242395982e-05
1.63612565445026e-05
1.63609888581666e-05
1.63607211805896e-05
1.63604535117713e-05
1.63601858517113e-05
1.6359918200409e-05
1.63596505578641e-05
1.63593829240761e-05
1.63591152990446e-05
1.63588476827692e-05
1.63585800752495e-05
1.63583124764849e-05
1.63580448864752e-05
1.63577773052198e-05
1.63575097327183e-05
1.63572421689703e-05
1.63569746139754e-05
1.63567070677331e-05
1.63564395302431e-05
1.63561720015048e-05
1.63559044815178e-05
1.63556369702818e-05
1.63553694677963e-05
1.63551019740608e-05
1.6354834489075e-05
1.63545670128383e-05
1.63542995453505e-05
1.6354032086611e-05
1.63537646366193e-05
1.63534971953752e-05
1.63532297628782e-05
1.63529623391277e-05
1.63526949241235e-05
1.6352427517865e-05
1.63521601203519e-05
1.63518927315837e-05
1.63516253515599e-05
1.63513579802803e-05
1.63510906177442e-05
1.63508232639513e-05
1.63505559189012e-05
1.63502885825935e-05
1.63500212550276e-05
1.63497539362033e-05
1.63494866261199e-05
1.63492193247772e-05
1.63489520321747e-05
1.6348684748312e-05
1.63484174731886e-05
1.63481502068041e-05
1.63478829491581e-05
1.63476157002501e-05
1.63473484600798e-05
1.63470812286466e-05
1.63468140059502e-05
1.63465467919902e-05
1.63462795867661e-05
1.63460123902774e-05
1.63457452025238e-05
1.63454780235048e-05
1.634521085322e-05
1.6344943691669e-05
1.63446765388513e-05
1.63444093947665e-05
1.63441422594142e-05
1.6343875132794e-05
1.63436080149054e-05
1.6343340905748e-05
1.63430738053213e-05
1.6342806713625e-05
1.63425396306586e-05
1.63422725564217e-05
1.63420054909138e-05
1.63417384341346e-05
1.63414713860836e-05
1.63412043467604e-05
1.63409373161645e-05
1.63406702942955e-05
1.6340403281153e-05
1.63401362767365e-05
1.63398692810458e-05
1.63396022940802e-05
1.63393353158394e-05
1.63390683463229e-05
1.63388013855304e-05
1.63385344334613e-05
1.63382674901153e-05
1.6338000555492e-05
1.63377336295909e-05
1.63374667124116e-05
1.63371998039536e-05
1.63369329042166e-05
1.63366660132e-05
1.63363991309036e-05
1.63361322573268e-05
1.63358653924692e-05
1.63355985363304e-05
1.63353316889099e-05
1.63350648502075e-05
1.63347980202225e-05
1.63345311989546e-05
1.63342643864034e-05
1.63339975825684e-05
1.63337307874492e-05
1.63334640010453e-05
1.63331972233565e-05
1.63329304543821e-05
1.63326636941219e-05
1.63323969425753e-05
1.6332130199742e-05
1.63318634656214e-05
1.63315967402133e-05
1.63313300235171e-05
1.63310633155325e-05
1.63307966162589e-05
1.63305299256961e-05
1.63302632438435e-05
1.63299965707007e-05
1.63297299062674e-05
1.6329463250543e-05
1.63291966035271e-05
1.63289299652194e-05
1.63286633356193e-05
1.63283967147266e-05
1.63281301025407e-05
1.63278634990611e-05
1.63275969042876e-05
1.63273303182197e-05
1.63270637408568e-05
1.63267971721987e-05
1.63265306122449e-05
1.63262640609949e-05
1.63259975184484e-05
1.63257309846048e-05
1.63254644594639e-05
1.63251979430251e-05
1.6324931435288e-05
1.63246649362522e-05
1.63243984459173e-05
1.63241319642828e-05
1.63238654913484e-05
1.63235990271135e-05
1.63233325715778e-05
1.63230661247409e-05
1.63227996866022e-05
1.63225332571615e-05
1.63222668364182e-05
1.6322000424372e-05
1.63217340210224e-05
1.6321467626369e-05
1.63212012404113e-05
1.6320934863149e-05
1.63206684945815e-05
1.63204021347086e-05
1.63201357835297e-05
1.63198694410445e-05
1.63196031072524e-05
1.63193367821532e-05
1.63190704657463e-05
1.63188041580313e-05
1.63185378590078e-05
1.63182715686754e-05
1.63180052870337e-05
1.63177390140822e-05
1.63174727498205e-05
1.63172064942482e-05
1.63169402473648e-05
1.631667400917e-05
1.63164077796632e-05
1.63161415588442e-05
1.63158753467123e-05
1.63156091432674e-05
1.63153429485088e-05
1.63150767624362e-05
1.63148105850491e-05
1.63145444163472e-05
1.63142782563299e-05
1.6314012104997e-05
1.63137459623479e-05
1.63134798283822e-05
1.63132137030995e-05
1.63129475864994e-05
1.63126814785815e-05
1.63124153793452e-05
1.63121492887903e-05
1.63118832069162e-05
1.63116171337226e-05
1.63113510692091e-05
1.63110850133751e-05
1.63108189662203e-05
1.63105529277443e-05
1.63102868979465e-05
1.63100208768267e-05
1.63097548643844e-05
1.63094888606191e-05
1.63092228655305e-05
1.6308956879118e-05
1.63086909013813e-05
1.630842493232e-05
1.63081589719337e-05
1.63078930202218e-05
1.6307627077184e-05
1.63073611428199e-05
1.6307095217129e-05
1.63068293001109e-05
1.63065633917652e-05
1.63062974920914e-05
1.63060316010892e-05
1.63057657187582e-05
1.63054998450978e-05
1.63052339801076e-05
1.63049681237873e-05
1.63047022761364e-05
1.63044364371545e-05
1.63041706068412e-05
1.63039047851961e-05
1.63036389722186e-05
1.63033731679084e-05
1.63031073722652e-05
1.63028415852883e-05
1.63025758069775e-05
1.63023100373323e-05
1.63020442763523e-05
1.6301778524037e-05
1.6301512780386e-05
1.6301247045399e-05
1.63009813190754e-05
1.63007156014149e-05
1.6300449892417e-05
1.63001841920814e-05
1.62999185004075e-05
1.6299652817395e-05
1.62993871430434e-05
1.62991214773524e-05
1.62988558203214e-05
1.62985901719501e-05
1.62983245322381e-05
1.62980589011849e-05
1.62977932787901e-05
1.62975276650532e-05
1.62972620599739e-05
1.62969964635518e-05
1.62967308757863e-05
1.62964652966772e-05
1.62961997262238e-05
1.6295934164426e-05
1.62956686112831e-05
1.62954030667949e-05
1.62951375309608e-05
1.62948720037804e-05
1.62946064852534e-05
1.62943409753793e-05
1.62940754741576e-05
1.6293809981588e-05
1.629354449767e-05
1.62932790224033e-05
1.62930135557873e-05
1.62927480978217e-05
1.6292482648506e-05
1.62922172078398e-05
1.62919517758227e-05
1.62916863524543e-05
1.62914209377342e-05
1.62911555316619e-05
1.62908901342369e-05
1.6290624745459e-05
1.62903593653276e-05
1.62900939938423e-05
1.62898286310028e-05
1.62895632768085e-05
1.62892979312592e-05
1.62890325943542e-05
1.62887672660933e-05
1.6288501946476e-05
1.62882366355018e-05
1.62879713331705e-05
1.62877060394814e-05
1.62874407544343e-05
1.62871754780286e-05
1.6286910210264e-05
1.62866449511401e-05
1.62863797006563e-05
1.62861144588124e-05
1.62858492256079e-05
1.62855840010423e-05
1.62853187851152e-05
1.62850535778263e-05
1.6284788379175e-05
1.6284523189161e-05
1.62842580077839e-05
1.62839928350432e-05
1.62837276709384e-05
1.62834625154693e-05
1.62831973686353e-05
1.62829322304361e-05
1.62826671008711e-05
1.62824019799401e-05
1.62821368676425e-05
1.6281871763978e-05
1.62816066689461e-05
1.62813415825464e-05
1.62810765047785e-05
1.6280811435642e-05
1.62805463751364e-05
1.62802813232613e-05
1.62800162800163e-05
1.6279751245401e-05
1.62794862194149e-05
1.62792212020577e-05
1.62789561933289e-05
1.62786911932281e-05
1.62784262017548e-05
1.62781612189087e-05
1.62778962446893e-05
1.62776312790963e-05
1.62773663221291e-05
1.62771013737874e-05
1.62768364340707e-05
1.62765715029786e-05
1.62763065805107e-05
1.62760416666667e-05
1.62757767614459e-05
1.62755118648482e-05
1.62752469768729e-05
1.62749820975197e-05
1.62747172267882e-05
1.62744523646779e-05
1.62741875111885e-05
1.62739226663195e-05
1.62736578300705e-05
1.6273393002441e-05
1.62731281834307e-05
1.62728633730391e-05
1.62725985712658e-05
1.62723337781105e-05
1.62720689935725e-05
1.62718042176517e-05
1.62715394503474e-05
1.62712746916593e-05
1.62710099415871e-05
1.62707452001302e-05
1.62704804672882e-05
1.62702157430608e-05
1.62699510274474e-05
1.62696863204477e-05
1.62694216220613e-05
1.62691569322878e-05
1.62688922511266e-05
1.62686275785775e-05
1.62683629146399e-05
1.62680982593135e-05
1.62678336125978e-05
1.62675689744925e-05
1.6267304344997e-05
1.6267039724111e-05
1.62667751118341e-05
1.62665105081658e-05
1.62662459131057e-05
1.62659813266534e-05
1.62657167488085e-05
1.62654521795706e-05
1.62651876189392e-05
1.62649230669139e-05
1.62646585234943e-05
1.626439398868e-05
1.62641294624705e-05
1.62638649448655e-05
1.62636004358645e-05
1.62633359354671e-05
1.62630714436729e-05
1.62628069604814e-05
1.62625424858922e-05
1.6262278019905e-05
1.62620135625193e-05
1.62617491137347e-05
1.62614846735507e-05
1.6261220241967e-05
1.6260955818983e-05
1.62606914045985e-05
1.6260426998813e-05
1.6260162601626e-05
1.62598982130372e-05
1.62596338330461e-05
1.62593694616523e-05
1.62591050988554e-05
1.62588407446549e-05
1.62585763990505e-05
1.62583120620417e-05
1.62580477336281e-05
1.62577834138094e-05
1.62575191025849e-05
1.62572547999545e-05
1.62569905059175e-05
1.62567262204737e-05
1.62564619436226e-05
1.62561976753637e-05
1.62559334156967e-05
1.62556691646212e-05
1.62554049221366e-05
1.62551406882427e-05
1.62548764629389e-05
1.62546122462249e-05
1.62543480381002e-05
1.62540838385644e-05
1.62538196476172e-05
1.6253555465258e-05
1.62532912914865e-05
1.62530271263023e-05
1.62527629697049e-05
1.62524988216938e-05
1.62522346822688e-05
1.62519705514294e-05
1.62517064291751e-05
1.62514423155055e-05
1.62511782104203e-05
1.62509141139189e-05
1.6250650026001e-05
1.62503859466662e-05
1.62501218759141e-05
1.62498578137441e-05
1.6249593760156e-05
1.62493297151492e-05
1.62490656787235e-05
1.62488016508782e-05
1.62485376316132e-05
1.62482736209278e-05
1.62480096188217e-05
1.62477456252945e-05
1.62474816403457e-05
1.6247217663975e-05
1.6246953696182e-05
1.62466897369661e-05
1.6246425786327e-05
1.62461618442643e-05
1.62458979107775e-05
1.62456339858663e-05
1.62453700695302e-05
1.62451061617688e-05
1.62448422625816e-05
1.62445783719684e-05
1.62443144899285e-05
1.62440506164617e-05
1.62437867515675e-05
1.62435228952455e-05
1.62432590474953e-05
1.62429952083164e-05
1.62427313777085e-05
1.62424675556711e-05
1.62422037422037e-05
1.62419399373061e-05
1.62416761409777e-05
1.62414123532182e-05
1.62411485740272e-05
1.62408848034041e-05
1.62406210413486e-05
1.62403572878603e-05
1.62400935429388e-05
1.62398298065836e-05
1.62395660787944e-05
1.62393023595706e-05
1.6239038648912e-05
1.6238774946818e-05
1.62385112532883e-05
1.62382475683224e-05
1.623798389192e-05
1.62377202240805e-05
1.62374565648037e-05
1.6237192914089e-05
1.62369292719361e-05
1.62366656383445e-05
1.62364020133138e-05
1.62361383968437e-05
1.62358747889336e-05
1.62356111895832e-05
1.62353475987921e-05
1.62350840165598e-05
1.62348204428859e-05
1.623455687777e-05
1.62342933212117e-05
1.62340297732106e-05
1.62337662337662e-05
1.62335027028782e-05
1.62332391805461e-05
1.62329756667695e-05
1.6232712161548e-05
1.62324486648811e-05
1.62321851767685e-05
1.62319216972097e-05
1.62316582262044e-05
1.6231394763752e-05
1.62311313098523e-05
1.62308678645047e-05
1.62306044277089e-05
1.62303409994644e-05
1.62300775797708e-05
1.62298141686278e-05
1.62295507660348e-05
1.62292873719915e-05
1.62290239864975e-05
1.62287606095522e-05
1.62284972411555e-05
1.62282338813067e-05
1.62279705300055e-05
1.62277071872515e-05
1.62274438530443e-05
1.62271805273834e-05
1.62269172102684e-05
1.62266539016989e-05
1.62263906016746e-05
1.62261273101949e-05
1.62258640272595e-05
1.62256007528679e-05
1.62253374870197e-05
1.62250742297146e-05
1.62248109809521e-05
1.62245477407317e-05
1.62242845090531e-05
1.62240212859159e-05
1.62237580713196e-05
1.62234948652639e-05
1.62232316677482e-05
1.62229684787722e-05
1.62227052983356e-05
1.62224421264377e-05
1.62221789630783e-05
1.6221915808257e-05
1.62216526619732e-05
1.62213895242266e-05
1.62211263950169e-05
1.62208632743435e-05
1.6220600162206e-05
1.62203370586041e-05
1.62200739635373e-05
1.62198108770052e-05
1.62195477990074e-05
1.62192847295434e-05
1.6219021668613e-05
1.62187586162155e-05
1.62184955723507e-05
1.62182325370181e-05
1.62179695102173e-05
1.62177064919479e-05
1.62174434822095e-05
1.62171804810016e-05
1.62169174883238e-05
1.62166545041758e-05
1.62163915285571e-05
1.62161285614672e-05
1.62158656029059e-05
1.62156026528726e-05
1.6215339711367e-05
1.62150767783885e-05
1.6214813853937e-05
1.62145509380118e-05
1.62142880306126e-05
1.6214025131739e-05
1.62137622413905e-05
1.62134993595668e-05
1.62132364862674e-05
1.62129736214919e-05
1.62127107652399e-05
1.62124479175111e-05
1.62121850783049e-05
1.62119222476209e-05
1.62116594254588e-05
1.62113966118181e-05
1.62111338066984e-05
1.62108710100994e-05
1.62106082220205e-05
1.62103454424614e-05
1.62100826714216e-05
1.62098199089008e-05
1.62095571548985e-05
1.62092944094144e-05
1.62090316724479e-05
1.62087689439987e-05
1.62085062240664e-05
1.62082435126505e-05
1.62079808097507e-05
1.62077181153665e-05
1.62074554294976e-05
1.62071927521434e-05
1.62069300833036e-05
1.62066674229778e-05
1.62064047711656e-05
1.62061421278665e-05
1.62058794930801e-05
1.6205616866806e-05
1.62053542490439e-05
1.62050916397932e-05
1.62048290390536e-05
1.62045664468247e-05
1.6204303863106e-05
1.62040412878972e-05
1.62037787211978e-05
1.62035161630074e-05
1.62032536133256e-05
1.62029910721519e-05
1.6202728539486e-05
1.62024660153275e-05
1.6202203499676e-05
1.62019409925309e-05
1.6201678493892e-05
1.62014160037587e-05
1.62011535221308e-05
1.62008910490077e-05
1.62006285843891e-05
1.62003661282745e-05
1.62001036806636e-05
1.61998412415558e-05
1.61995788109509e-05
1.61993163888484e-05
1.61990539752478e-05
1.61987915701489e-05
1.6198529173551e-05
1.6198266785454e-05
1.61980044058572e-05
1.61977420347604e-05
1.6197479672163e-05
1.61972173180648e-05
1.61969549724652e-05
1.61966926353639e-05
1.61964303067604e-05
1.61961679866544e-05
1.61959056750453e-05
1.61956433719329e-05
1.61953810773167e-05
1.61951187911963e-05
1.61948565135713e-05
1.61945942444412e-05
1.61943319838057e-05
1.61940697316643e-05
1.61938074880166e-05
1.61935452528622e-05
1.61932830262007e-05
1.61930208080317e-05
1.61927585983548e-05
1.61924963971696e-05
1.61922342044755e-05
1.61919720202723e-05
1.61917098445596e-05
1.61914476773368e-05
1.61911855186037e-05
1.61909233683597e-05
1.61906612266045e-05
1.61903990933377e-05
1.61901369685588e-05
1.61898748522674e-05
1.61896127444632e-05
1.61893506451456e-05
1.61890885543144e-05
1.6188826471969e-05
1.61885643981092e-05
1.61883023327344e-05
1.61880402758442e-05
1.61877782274383e-05
1.61875161875162e-05
1.61872541560775e-05
1.61869921331218e-05
1.61867301186487e-05
1.61864681126578e-05
1.61862061151487e-05
1.61859441261209e-05
1.6185682145574e-05
1.61854201735077e-05
1.61851582099215e-05
1.6184896254815e-05
1.61846343081878e-05
1.61843723700395e-05
1.61841104403696e-05
1.61838485191779e-05
1.61835866064637e-05
1.61833247022268e-05
1.61830628064668e-05
1.61828009191831e-05
1.61825390403754e-05
1.61822771700434e-05
1.61820153081865e-05
1.61817534548044e-05
1.61814916098966e-05
1.61812297734628e-05
1.61809679455025e-05
1.61807061260153e-05
1.61804443150009e-05
1.61801825124587e-05
1.61799207183885e-05
1.61796589327897e-05
1.6179397155662e-05
1.61791353870049e-05
1.61788736268181e-05
1.61786118751011e-05
1.61783501318536e-05
1.6178088397075e-05
1.6177826670765e-05
1.61775649529233e-05
1.61773032435493e-05
1.61770415426427e-05
1.6176779850203e-05
1.61765181662299e-05
1.61762564907229e-05
1.61759948236817e-05
1.61757331651057e-05
1.61754715149947e-05
1.61752098733481e-05
1.61749482401656e-05
1.61746866154468e-05
1.61744249991913e-05
1.61741633913986e-05
1.61739017920683e-05
1.61736402012001e-05
1.61733786187935e-05
1.61731170448481e-05
1.61728554793634e-05
1.61725939223392e-05
1.61723323737749e-05
1.61720708336703e-05
1.61718093020247e-05
1.61715477788379e-05
1.61712862641094e-05
1.61710247578389e-05
1.61707632600259e-05
1.61705017706699e-05
1.61702402897707e-05
1.61699788173277e-05
1.61697173533407e-05
1.6169455897809e-05
1.61691944507325e-05
1.61689330121105e-05
1.61686715819428e-05
1.61684101602289e-05
1.61681487469685e-05
1.6167887342161e-05
1.61676259458061e-05
1.61673645579034e-05
1.61671031784525e-05
1.61668418074529e-05
1.61665804449043e-05
1.61663190908062e-05
1.61660577451583e-05
1.616579640796e-05
1.61655350792111e-05
1.61652737589111e-05
1.61650124470596e-05
1.61647511436561e-05
1.61644898487004e-05
1.61642285621919e-05
1.61639672841302e-05
1.6163706014515e-05
1.61634447533458e-05
1.61631835006223e-05
1.61629222563439e-05
1.61626610205104e-05
1.61623997931213e-05
1.61621385741761e-05
1.61618773636746e-05
1.61616161616162e-05
1.61613549680005e-05
1.61610937828272e-05
1.61608326060959e-05
1.6160571437806e-05
1.61603102779573e-05
1.61600491265493e-05
1.61597879835817e-05
1.61595268490539e-05
1.61592657229655e-05
1.61590046053163e-05
1.61587434961057e-05
1.61584823953334e-05
1.6158221302999e-05
1.61579602191019e-05
1.61576991436419e-05
1.61574380766186e-05
1.61571770180314e-05
1.61569159678801e-05
1.61566549261641e-05
1.61563938928831e-05
1.61561328680367e-05
1.61558718516245e-05
1.6155610843646e-05
1.61553498441009e-05
1.61550888529887e-05
1.6154827870309e-05
1.61545668960615e-05
1.61543059302457e-05
1.61540449728612e-05
1.61537840239076e-05
1.61535230833845e-05
1.61532621512915e-05
1.61530012276281e-05
1.6152740312394e-05
1.61524794055888e-05
1.6152218507212e-05
1.61519576172632e-05
1.61516967357421e-05
1.61514358626482e-05
1.61511749979811e-05
1.61509141417404e-05
1.61506532939257e-05
1.61503924545366e-05
1.61501316235727e-05
1.61498708010336e-05
1.61496099869188e-05
1.6149349181228e-05
1.61490883839607e-05
1.61488275951166e-05
1.61485668146952e-05
1.61483060426961e-05
1.6148045279119e-05
1.61477845239633e-05
1.61475237772288e-05
1.61472630389149e-05
1.61470023090213e-05
1.61467415875476e-05
1.61464808744934e-05
1.61462201698582e-05
1.61459594736417e-05
1.61456987858435e-05
1.6145438106463e-05
1.61451774355e-05
1.6144916772954e-05
1.61446561188247e-05
1.61443954731115e-05
1.61441348358141e-05
1.61438742069322e-05
1.61436135864652e-05
1.61433529744128e-05
1.61430923707745e-05
1.61428317755501e-05
1.61425711887389e-05
1.61423106103408e-05
1.61420500403551e-05
1.61417894787816e-05
1.61415289256198e-05
1.61412683808694e-05
1.61410078445298e-05
1.61407473166008e-05
1.61404867970818e-05
1.61402262859725e-05
1.61399657832725e-05
1.61397052889814e-05
1.61394448030988e-05
1.61391843256242e-05
1.61389238565572e-05
1.61386633958976e-05
1.61384029436447e-05
1.61381424997983e-05
1.61378820643579e-05
1.61376216373231e-05
1.61373612186935e-05
1.61371008084688e-05
1.61368404066484e-05
1.6136580013232e-05
1.61363196282192e-05
1.61360592516096e-05
1.61357988834027e-05
1.61355385235982e-05
1.61352781721957e-05
1.61350178291947e-05
1.61347574945949e-05
1.61344971683957e-05
1.6134236850597e-05
1.61339765411981e-05
1.61337162401988e-05
1.61334559475985e-05
1.6133195663397e-05
1.61329353875938e-05
1.61326751201884e-05
1.61324148611806e-05
1.61321546105698e-05
1.61318943683557e-05
1.61316341345378e-05
1.61313739091158e-05
1.61311136920893e-05
1.61308534834578e-05
1.6130593283221e-05
1.61303330913783e-05
1.61300729079295e-05
1.61298127328742e-05
1.61295525662118e-05
1.61292924079421e-05
1.61290322580645e-05
1.61287721165788e-05
1.61285119834844e-05
1.6128251858781e-05
1.61279917424682e-05
1.61277316345456e-05
1.61274715350127e-05
1.61272114438692e-05
1.61269513611147e-05
1.61266912867487e-05
1.61264312207708e-05
1.61261711631807e-05
1.61259111139779e-05
1.61256510731621e-05
1.61253910407327e-05
1.61251310166895e-05
1.6124871001032e-05
1.61246109937598e-05
1.61243509948725e-05
1.61240910043696e-05
1.61238310222509e-05
1.61235710485158e-05
1.6123311083164e-05
1.61230511261951e-05
1.61227911776087e-05
1.61225312374043e-05
1.61222713055815e-05
1.612201138214e-05
1.61217514670794e-05
1.61214915603992e-05
1.6121231662099e-05
1.61209717721784e-05
1.61207118906371e-05
1.61204520174746e-05
1.61201921526905e-05
1.61199322962844e-05
1.61196724482559e-05
1.61194126086045e-05
1.611915277733e-05
1.61188929544319e-05
1.61186331399097e-05
1.61183733337632e-05
1.61181135359917e-05
1.61178537465951e-05
1.61175939655728e-05
1.61173341929245e-05
1.61170744286497e-05
1.61168146727481e-05
1.61165549252192e-05
1.61162951860626e-05
1.6116035455278e-05
1.61157757328649e-05
1.61155160188229e-05
1.61152563131517e-05
1.61149966158507e-05
1.61147369269197e-05
1.61144772463581e-05
1.61142175741657e-05
1.61139579103419e-05
1.61136982548865e-05
1.61134386077989e-05
1.61131789690788e-05
1.61129193387258e-05
1.61126597167394e-05
1.61124001031194e-05
1.61121404978651e-05
1.61118809009764e-05
1.61116213124527e-05
1.61113617322936e-05
1.61111021604988e-05
1.61108425970678e-05
1.61105830420003e-05
1.61103234952958e-05
1.61100639569539e-05
1.61098044269743e-05
1.61095449053564e-05
1.61092853921e-05
1.61090258872046e-05
1.61087663906698e-05
1.61085069024952e-05
1.61082474226804e-05
1.6107987951225e-05
1.61077284881286e-05
1.61074690333908e-05
1.61072095870111e-05
1.61069501489893e-05
1.61066907193248e-05
1.61064312980173e-05
1.61061718850664e-05
1.61059124804716e-05
1.61056530842326e-05
1.61053936963489e-05
1.61051343168202e-05
1.6104874945646e-05
1.6104615582826e-05
1.61043562283598e-05
1.61040968822468e-05
1.61038375444869e-05
1.61035782150794e-05
1.61033188940241e-05
1.61030595813204e-05
1.61028002769682e-05
1.61025409809668e-05
1.61022816933159e-05
1.61020224140152e-05
1.61017631430642e-05
1.61015038804624e-05
1.61012446262096e-05
1.61009853803053e-05
1.6100726142749e-05
1.61004669135405e-05
1.61002076926792e-05
1.60999484801649e-05
1.6099689275997e-05
1.60994300801752e-05
1.6099170892699e-05
1.60989117135682e-05
1.60986525427822e-05
1.60983933803406e-05
1.60981342262432e-05
1.60978750804894e-05
1.60976159430788e-05
1.60973568140111e-05
1.60970976932859e-05
1.60968385809027e-05
1.60965794768612e-05
1.60963203811609e-05
1.60960612938014e-05
1.60958022147824e-05
1.60955431441034e-05
1.6095284081764e-05
1.60950250277639e-05
1.60947659821026e-05
1.60945069447797e-05
1.60942479157949e-05
1.60939888951477e-05
1.60937298828376e-05
1.60934708788644e-05
1.60932118832277e-05
1.60929528959269e-05
1.60926939169617e-05
1.60924349463317e-05
1.60921759840366e-05
1.60919170300758e-05
1.6091658084449e-05
1.60913991471558e-05
1.60911402181959e-05
1.60908812975687e-05
1.60906223852739e-05
1.6090363481311e-05
1.60901045856798e-05
1.60898456983798e-05
1.60895868194105e-05
1.60893279487716e-05
1.60890690864627e-05
1.60888102324833e-05
1.60885513868331e-05
1.60882925495117e-05
1.60880337205187e-05
1.60877748998536e-05
1.60875160875161e-05
1.60872572835057e-05
1.60869984878221e-05
1.60867397004649e-05
1.60864809214336e-05
1.60862221507279e-05
1.60859633883473e-05
1.60857046342915e-05
1.608544588856e-05
1.60851871511525e-05
1.60849284220685e-05
1.60846697013077e-05
1.60844109888696e-05
1.60841522847538e-05
1.608389358896e-05
1.60836349014877e-05
1.60833762223366e-05
1.60831175515062e-05
1.60828588889961e-05
1.6082600234806e-05
1.60823415889353e-05
1.60820829513839e-05
1.60818243221511e-05
1.60815657012367e-05
1.60813070886402e-05
1.60810484843612e-05
1.60807898883993e-05
1.60805313007542e-05
1.60802727214254e-05
1.60800141504125e-05
1.60797555877151e-05
1.60794970333328e-05
1.60792384872652e-05
1.6078979949512e-05
1.60787214200727e-05
1.60784628989469e-05
1.60782043861342e-05
1.60779458816342e-05
1.60776873854465e-05
1.60774288975707e-05
1.60771704180064e-05
1.60769119467533e-05
1.60766534838108e-05
1.60763950291787e-05
1.60761365828564e-05
1.60758781448437e-05
1.607561971514e-05
1.60753612937451e-05
1.60751028806584e-05
1.60748444758797e-05
1.60745860794085e-05
1.60743276912443e-05
1.60740693113869e-05
1.60738109398357e-05
1.60735525765905e-05
1.60732942216507e-05
1.60730358750161e-05
1.60727775366861e-05
1.60725192066605e-05
1.60722608849387e-05
1.60720025715204e-05
1.60717442664052e-05
1.60714859695927e-05
1.60712276810826e-05
1.60709694008743e-05
1.60707111289675e-05
1.60704528653617e-05
1.60701946100567e-05
1.6069936363052e-05
1.60696781243472e-05
1.60694198939418e-05
1.60691616718356e-05
1.6068903458028e-05
1.60686452525188e-05
1.60683870553074e-05
1.60681288663935e-05
1.60678706857767e-05
1.60676125134566e-05
1.60673543494328e-05
1.60670961937049e-05
1.60668380462725e-05
1.60665799071352e-05
1.60663217762925e-05
1.60660636537442e-05
1.60658055394897e-05
1.60655474335288e-05
1.60652893358609e-05
1.60650312464858e-05
1.60647731654029e-05
1.60645150926119e-05
1.60642570281125e-05
1.60639989719041e-05
1.60637409239864e-05
1.6063482884359e-05
1.60632248530215e-05
1.60629668299735e-05
1.60627088152146e-05
1.60624508087444e-05
1.60621928105625e-05
1.60619348206685e-05
1.6061676839062e-05
1.60614188657426e-05
1.60611609007099e-05
1.60609029439635e-05
1.6060644995503e-05
1.6060387055328e-05
1.60601291234382e-05
1.6059871199833e-05
1.60596132845121e-05
1.60593553774751e-05
1.60590974787217e-05
1.60588395882514e-05
1.60585817060637e-05
1.60583238321584e-05
1.6058065966535e-05
1.60578081091931e-05
1.60575502601323e-05
1.60572924193522e-05
1.60570345868525e-05
1.60567767626327e-05
1.60565189466924e-05
1.60562611390312e-05
1.60560033396487e-05
1.60557455485445e-05
1.60554877657183e-05
1.60552299911696e-05
1.60549722248981e-05
1.60547144669032e-05
1.60544567171847e-05
1.60541989757421e-05
1.60539412425751e-05
1.60536835176831e-05
1.60534258010659e-05
1.60531680927231e-05
1.60529103926542e-05
1.60526527008588e-05
1.60523950173366e-05
1.60521373420871e-05
1.605187967511e-05
1.60516220164048e-05
1.60513643659711e-05
1.60511067238086e-05
1.60508490899169e-05
1.60505914642955e-05
1.6050333846944e-05
1.60500762378621e-05
1.60498186370494e-05
1.60495610445054e-05
1.60493034602298e-05
1.60490458842222e-05
1.60487883164821e-05
1.60485307570092e-05
1.60482732058031e-05
1.60480156628633e-05
1.60477581281895e-05
1.60475006017813e-05
1.60472430836382e-05
1.604698557376e-05
1.60467280721461e-05
1.60464705787962e-05
1.60462130937099e-05
1.60459556168868e-05
1.60456981483264e-05
1.60454406880285e-05
1.60451832359926e-05
1.60449257922182e-05
1.60446683567051e-05
1.60444109294527e-05
1.60441535104608e-05
1.60438960997289e-05
1.60436386972565e-05
1.60433813030434e-05
1.60431239170891e-05
1.60428665393933e-05
1.60426091699554e-05
1.60423518087752e-05
1.60420944558522e-05
1.6041837111186e-05
1.60415797747762e-05
1.60413224466225e-05
1.60410651267244e-05
1.60408078150816e-05
1.60405505116936e-05
1.604029321656e-05
1.60400359296805e-05
1.60397786510546e-05
1.6039521380682e-05
1.60392641185622e-05
1.60390068646949e-05
1.60387496190797e-05
1.60384923817161e-05
1.60382351526038e-05
1.60379779317424e-05
1.60377207191314e-05
1.60374635147705e-05
1.60372063186593e-05
1.60369491307974e-05
1.60366919511843e-05
1.60364347798198e-05
1.60361776167033e-05
1.60359204618345e-05
1.6035663315213e-05
1.60354061768385e-05
1.60351490467104e-05
1.60348919248284e-05
1.60346348111922e-05
1.60343777058012e-05
1.60341206086552e-05
1.60338635197537e-05
1.60336064390963e-05
1.60333493666827e-05
1.60330923025124e-05
1.6032835246585e-05
1.60325781989002e-05
1.60323211594575e-05
1.60320641282565e-05
1.60318071052969e-05
1.60315500905783e-05
1.60312930841002e-05
1.60310360858622e-05
1.60307790958641e-05
1.60305221141053e-05
1.60302651405854e-05
1.60300081753042e-05
1.60297512182611e-05
1.60294942694558e-05
1.60292373288879e-05
1.6028980396557e-05
1.60287234724627e-05
1.60284665566045e-05
1.60282096489822e-05
1.60279527495953e-05
1.60276958584434e-05
1.60274389755261e-05
1.6027182100843e-05
1.60269252343938e-05
1.6026668376178e-05
1.60264115261952e-05
1.6026154684445e-05
1.60258978509271e-05
1.6025641025641e-05
1.60253842085864e-05
1.60251273997628e-05
1.60248705991699e-05
1.60246138068073e-05
1.60243570226745e-05
1.60241002467711e-05
1.60238434790969e-05
1.60235867196513e-05
1.6023329968434e-05
1.60230732254446e-05
1.60228164906827e-05
1.60225597641479e-05
1.60223030458398e-05
1.6022046335758e-05
1.60217896339021e-05
1.60215329402717e-05
1.60212762548665e-05
1.60210195776859e-05
1.60207629087297e-05
1.60205062479974e-05
1.60202495954887e-05
1.60199929512031e-05
1.60197363151403e-05
1.60194796872998e-05
1.60192230676812e-05
1.60189664562842e-05
1.60187098531084e-05
1.60184532581534e-05
1.60181966714187e-05
1.60179400929041e-05
1.6017683522609e-05
1.60174269605331e-05
1.6017170406676e-05
1.60169138610373e-05
1.60166573236166e-05
1.60164007944135e-05
1.60161442734276e-05
1.60158877606586e-05
1.6015631256106e-05
1.60153747597694e-05
1.60151182716484e-05
1.60148617917427e-05
1.60146053200519e-05
1.60143488565755e-05
1.60140924013132e-05
1.60138359542645e-05
1.60135795154291e-05
1.60133230848066e-05
1.60130666623965e-05
1.60128102481986e-05
1.60125538422123e-05
1.60122974444373e-05
1.60120410548733e-05
1.60117846735197e-05
1.60115283003763e-05
1.60112719354426e-05
1.60110155787182e-05
1.60107592302027e-05
1.60105028898958e-05
1.6010246557797e-05
1.6009990233906e-05
1.60097339182223e-05
1.60094776107456e-05
1.60092213114754e-05
1.60089650204114e-05
1.60087087375532e-05
1.60084524629004e-05
1.60081961964526e-05
1.60079399382094e-05
1.60076836881703e-05
1.60074274463351e-05
1.60071712127033e-05
1.60069149872745e-05
1.60066587700483e-05
1.60064025610244e-05
1.60061463602023e-05
1.60058901675817e-05
1.60056339831621e-05
1.60053778069431e-05
1.60051216389245e-05
1.60048654791056e-05
1.60046093274863e-05
1.60043531840661e-05
1.60040970488445e-05
1.60038409218212e-05
1.60035848029959e-05
1.6003328692368e-05
1.60030725899373e-05
1.60028164957032e-05
1.60025604096655e-05
1.60023043318238e-05
1.60020482621776e-05
1.60017922007265e-05
1.60015361474702e-05
1.60012801024082e-05
1.60010240655402e-05
1.60007680368658e-05
1.60005120163845e-05
1.60002560040961e-05
1.6e-05
1.59997440040959e-05
1.59994880163835e-05
1.59992320368622e-05
1.59989760655318e-05
1.59987201023918e-05
1.59984641474418e-05
1.59982082006815e-05
1.59979522621104e-05
1.59976963317282e-05
1.59974404095345e-05
1.59971844955288e-05
1.59969285897108e-05
1.599667269208e-05
1.59964168026362e-05
1.59961609213789e-05
1.59959050483076e-05
1.59956491834221e-05
1.59953933267219e-05
1.59951374782066e-05
1.59948816378759e-05
1.59946258057293e-05
1.59943699817664e-05
1.59941141659869e-05
1.59938583583904e-05
1.59936025589764e-05
1.59933467677446e-05
1.59930909846946e-05
1.5992835209826e-05
1.59925794431384e-05
1.59923236846314e-05
1.59920679343046e-05
1.59918121921576e-05
1.59915564581901e-05
1.59913007324016e-05
1.59910450147917e-05
1.59907893053601e-05
1.59905336041064e-05
1.59902779110301e-05
1.59900222261309e-05
1.59897665494084e-05
1.59895108808622e-05
1.59892552204918e-05
1.5988999568297e-05
1.59887439242773e-05
1.59884882884323e-05
1.59882326607617e-05
1.5987977041265e-05
1.59877214299418e-05
1.59874658267918e-05
1.59872102318145e-05
1.59869546450097e-05
1.59866990663768e-05
1.59864434959155e-05
1.59861879336253e-05
1.5985932379506e-05
1.59856768335571e-05
1.59854212957782e-05
1.5985165766169e-05
1.5984910244729e-05
1.59846547314578e-05
1.59843992263551e-05
1.59841437294204e-05
1.59838882406534e-05
1.59836327600537e-05
1.59833772876209e-05
1.59831218233545e-05
1.59828663672543e-05
1.59826109193198e-05
1.59823554795506e-05
1.59821000479463e-05
1.59818446245066e-05
1.5981589209231e-05
1.59813338021191e-05
1.59810784031706e-05
1.59808230123851e-05
1.59805676297622e-05
1.59803122553015e-05
1.59800568890025e-05
1.5979801530865e-05
1.59795461808885e-05
1.59792908390726e-05
1.59790355054169e-05
1.59787801799211e-05
1.59785248625847e-05
1.59782695534074e-05
1.59780142523887e-05
1.59777589595283e-05
1.59775036748258e-05
1.59772483982808e-05
1.5976993129893e-05
1.59767378696618e-05
1.59764826175869e-05
1.5976227373668e-05
1.59759721379046e-05
1.59757169102963e-05
1.59754616908429e-05
1.59752064795437e-05
1.59749512763986e-05
1.59746960814071e-05
1.59744408945687e-05
1.59741857158831e-05
1.597393054535e-05
1.59736753829689e-05
1.59734202287394e-05
1.59731650826611e-05
1.59729099447337e-05
1.59726548149568e-05
1.59723996933299e-05
1.59721445798527e-05
1.59718894745248e-05
1.59716343773458e-05
1.59713792883153e-05
1.5971124207433e-05
1.59708691346983e-05
1.5970614070111e-05
1.59703590136706e-05
1.59701039653768e-05
1.59698489252292e-05
1.59695938932273e-05
1.59693388693708e-05
1.59690838536593e-05
1.59688288460924e-05
1.59685738466698e-05
1.59683188553909e-05
1.59680638722555e-05
1.59678088972631e-05
1.59675539304134e-05
1.59672989717059e-05
1.59670440211404e-05
1.59667890787163e-05
1.59665341444333e-05
1.5966279218291e-05
1.5966024300289e-05
1.59657693904269e-05
1.59655144887044e-05
1.5965259595121e-05
1.59650047096764e-05
1.59647498323701e-05
1.59644949632018e-05
1.59642401021711e-05
1.59639852492776e-05
1.59637304045209e-05
1.59634755679006e-05
1.59632207394164e-05
1.59629659190678e-05
1.59627111068544e-05
1.59624563027759e-05
1.59622015068318e-05
1.59619467190219e-05
1.59616919393456e-05
1.59614371678026e-05
1.59611824043925e-05
1.5960927649115e-05
1.59606729019695e-05
1.59604181629559e-05
1.59601634320735e-05
1.59599087093222e-05
1.59596539947014e-05
1.59593992882108e-05
1.595914458985e-05
1.59588898996186e-05
1.59586352175162e-05
1.59583805435424e-05
1.59581258776969e-05
1.59578712199793e-05
1.5957616570389e-05
1.59573619289259e-05
1.59571072955895e-05
1.59568526703793e-05
1.5956598053295e-05
1.59563434443363e-05
1.59560888435027e-05
1.59558342507938e-05
1.59555796662093e-05
1.59553250897487e-05
1.59550705214117e-05
1.59548159611979e-05
1.59545614091069e-05
1.59543068651382e-05
1.59540523292916e-05
1.59537978015667e-05
1.59535432819629e-05
1.595328877048e-05
1.59530342671176e-05
1.59527797718752e-05
1.59525252847526e-05
1.59522708057492e-05
1.59520163348647e-05
1.59517618720988e-05
1.59515074174509e-05
1.59512529709209e-05
1.59509985325081e-05
1.59507441022124e-05
1.59504896800332e-05
1.59502352659702e-05
1.5949980860023e-05
1.59497264621912e-05
1.59494720724744e-05
1.59492176908723e-05
1.59489633173844e-05
1.59487089520103e-05
1.59484545947498e-05
1.59482002456023e-05
1.59479459045675e-05
1.5947691571645e-05
1.59474372468344e-05
1.59471829301354e-05
1.59469286215475e-05
1.59466743210703e-05
1.59464200287036e-05
1.59461657444467e-05
1.59459114682995e-05
1.59456572002615e-05
1.59454029403323e-05
1.59451486885115e-05
1.59448944447988e-05
1.59446402091937e-05
1.59443859816958e-05
1.59441317623049e-05
1.59438775510204e-05
1.5943623347842e-05
1.59433691527694e-05
1.5943114965802e-05
1.59428607869396e-05
1.59426066161817e-05
1.5942352453528e-05
1.59420982989781e-05
1.59418441525316e-05
1.5941590014188e-05
1.59413358839471e-05
1.59410817618084e-05
1.59408276477715e-05
1.5940573541836e-05
1.59403194440017e-05
1.5940065354268e-05
1.59398112726345e-05
1.5939557199101e-05
1.5939303133667e-05
1.59390490763321e-05
1.5938795027096e-05
1.59385409859581e-05
1.59382869529183e-05
1.5938032927976e-05
1.59377789111309e-05
1.59375249023827e-05
1.59372709017308e-05
1.59370169091749e-05
1.59367629247147e-05
1.59365089483498e-05
1.59362549800797e-05
1.59360010199041e-05
1.59357470678225e-05
1.59354931238347e-05
1.59352391879402e-05
1.59349852601386e-05
1.59347313404296e-05
1.59344774288127e-05
1.59342235252876e-05
1.59339696298539e-05
1.59337157425112e-05
1.5933461863259e-05
1.59332079920971e-05
1.59329541290251e-05
1.59327002740424e-05
1.59324464271489e-05
1.5932192588344e-05
1.59319387576274e-05
1.59316849349987e-05
1.59314311204576e-05
1.59311773140035e-05
1.59309235156362e-05
1.59306697253553e-05
1.59304159431603e-05
1.59301621690509e-05
1.59299084030267e-05
1.59296546450873e-05
1.59294008952323e-05
1.59291471534614e-05
1.59288934197741e-05
1.59286396941701e-05
1.5928385976649e-05
1.59281322672103e-05
1.59278785658538e-05
1.5927624872579e-05
1.59273711873855e-05
1.5927117510273e-05
1.5926863841241e-05
1.59266101802892e-05
1.59263565274172e-05
1.59261028826246e-05
1.5925849245911e-05
1.59255956172761e-05
1.59253419967194e-05
1.59250883842405e-05
1.59248347798392e-05
1.59245811835149e-05
1.59243275952673e-05
1.5924074015096e-05
1.59238204430007e-05
1.59235668789809e-05
1.59233133230363e-05
1.59230597751664e-05
1.59228062353709e-05
1.59225527036495e-05
1.59222991800016e-05
1.5922045664427e-05
1.59217921569252e-05
1.59215386574959e-05
1.59212851661386e-05
1.5921031682853e-05
1.59207782076388e-05
1.59205247404954e-05
1.59202712814226e-05
1.592001783042e-05
1.59197643874871e-05
1.59195109526235e-05
1.5919257525829e-05
1.59190041071031e-05
1.59187506964453e-05
1.59184972938555e-05
1.5918243899333e-05
1.59179905128777e-05
1.5917737134489e-05
1.59174837641666e-05
1.59172304019101e-05
1.59169770477191e-05
1.59167237015933e-05
1.59164703635322e-05
1.59162170335355e-05
1.59159637116027e-05
1.59157103977336e-05
1.59154570919277e-05
1.59152037941846e-05
1.59149505045039e-05
1.59146972228853e-05
1.59144439493284e-05
1.59141906838328e-05
1.5913937426398e-05
1.59136841770238e-05
1.59134309357097e-05
1.59131777024554e-05
1.59129244772604e-05
1.59126712601244e-05
1.5912418051047e-05
1.59121648500278e-05
1.59119116570665e-05
1.59116584721626e-05
1.59114052953157e-05
1.59111521265255e-05
1.59108989657916e-05
1.59106458131136e-05
1.59103926684911e-05
1.59101395319237e-05
1.59098864034111e-05
1.59096332829528e-05
1.59093801705486e-05
1.59091270661979e-05
1.59088739699004e-05
1.59086208816558e-05
1.59083678014636e-05
1.59081147293234e-05
1.5907861665235e-05
1.59076086091978e-05
1.59073555612115e-05
1.59071025212757e-05
1.59068494893901e-05
1.59065964655543e-05
1.59063434497678e-05
1.59060904420303e-05
1.59058374423413e-05
1.59055844507006e-05
1.59053314671078e-05
1.59050784915624e-05
1.5904825524064e-05
1.59045725646123e-05
1.59043196132069e-05
1.59040666698475e-05
1.59038137345335e-05
1.59035608072647e-05
1.59033078880407e-05
1.59030549768611e-05
1.59028020737254e-05
1.59025491786333e-05
1.59022962915845e-05
1.59020434125785e-05
1.5901790541615e-05
1.59015376786935e-05
1.59012848238138e-05
1.59010319769753e-05
1.59007791381778e-05
1.59005263074208e-05
1.59002734847039e-05
1.59000206700269e-05
1.58997678633892e-05
1.58995150647905e-05
1.58992622742305e-05
1.58990094917087e-05
1.58987567172247e-05
1.58985039507782e-05
1.58982511923688e-05
1.58979984419962e-05
1.58977456996598e-05
1.58974929653594e-05
1.58972402390945e-05
1.58969875208648e-05
1.58967348106699e-05
1.58964821085094e-05
1.58962294143829e-05
1.58959767282901e-05
1.58957240502305e-05
1.58954713802038e-05
1.58952187182096e-05
1.58949660642475e-05
1.58947134183171e-05
1.5894460780418e-05
1.58942081505499e-05
1.58939555287124e-05
1.58937029149051e-05
1.58934503091276e-05
1.58931977113795e-05
1.58929451216605e-05
1.58926925399701e-05
1.5892439966308e-05
1.58921874006738e-05
1.58919348430671e-05
1.58916822934876e-05
1.58914297519348e-05
1.58911772184083e-05
1.58909246929079e-05
1.5890672175433e-05
1.58904196659834e-05
1.58901671645586e-05
1.58899146711582e-05
1.58896621857819e-05
1.58894097084293e-05
1.58891572391e-05
1.58889047777937e-05
1.58886523245098e-05
1.58883998792482e-05
1.58881474420083e-05
1.58878950127898e-05
1.58876425915923e-05
1.58873901784154e-05
1.58871377732588e-05
1.5886885376122e-05
1.58866329870047e-05
1.58863806059066e-05
1.58861282328271e-05
1.5885875867766e-05
1.58856235107228e-05
1.58853711616972e-05
1.58851188206888e-05
1.58848664876972e-05
1.5884614162722e-05
1.58843618457628e-05
1.58841095368194e-05
1.58838572358912e-05
1.58836049429779e-05
1.58833526580791e-05
1.58831003811944e-05
1.58828481123235e-05
1.5882595851466e-05
1.58823435986214e-05
1.58820913537895e-05
1.58818391169697e-05
1.58815868881619e-05
1.58813346673654e-05
1.58810824545801e-05
1.58808302498055e-05
1.58805780530411e-05
1.58803258642867e-05
1.58800736835419e-05
1.58798215108062e-05
1.58795693460793e-05
1.58793171893609e-05
1.58790650406504e-05
1.58788128999476e-05
1.58785607672521e-05
1.58783086425634e-05
1.58780565258812e-05
1.58778044172052e-05
1.58775523165349e-05
1.58773002238699e-05
1.587704813921e-05
1.58767960625546e-05
1.58765439939034e-05
1.58762919332561e-05
1.58760398806122e-05
1.58757878359714e-05
1.58755357993332e-05
1.58752837706974e-05
1.58750317500635e-05
1.58747797374311e-05
1.58745277327999e-05
1.58742757361695e-05
1.58740237475395e-05
1.58737717669095e-05
1.58735197942792e-05
1.58732678296481e-05
1.58730158730159e-05
1.58727639243822e-05
1.58725119837465e-05
1.58722600511087e-05
1.58720081264682e-05
1.58717562098246e-05
1.58715043011777e-05
1.58712524005269e-05
1.5871000507872e-05
1.58707486232126e-05
1.58704967465482e-05
1.58702448778785e-05
1.58699930172031e-05
1.58697411645216e-05
1.58694893198337e-05
1.58692374831389e-05
1.5868985654437e-05
1.58687338337274e-05
1.58684820210099e-05
1.5868230216284e-05
1.58679784195493e-05
1.58677266308056e-05
1.58674748500524e-05
1.58672230772892e-05
1.58669713125159e-05
1.58667195557319e-05
1.58664678069368e-05
1.58662160661304e-05
1.58659643333122e-05
1.58657126084818e-05
1.58654608916389e-05
1.58652091827831e-05
1.58649574819139e-05
1.58647057890311e-05
1.58644541041343e-05
1.5864202427223e-05
1.58639507582968e-05
1.58636990973555e-05
1.58634474443986e-05
1.58631957994258e-05
1.58629441624365e-05
1.58626925334306e-05
1.58624409124076e-05
1.58621892993671e-05
1.58619376943087e-05
1.58616860972321e-05
1.58614345081369e-05
1.58611829270227e-05
1.58609313538891e-05
1.58606797887357e-05
1.58604282315623e-05
1.58601766823682e-05
1.58599251411533e-05
1.58596736079171e-05
1.58594220826593e-05
1.58591705653794e-05
1.58589190560771e-05
1.5858667554752e-05
1.58584160614038e-05
1.5858164576032e-05
1.58579130986362e-05
1.58576616292162e-05
1.58574101677714e-05
1.58571587143016e-05
1.58569072688063e-05
1.58566558312852e-05
1.58564044017379e-05
1.5856152980164e-05
1.58559015665631e-05
1.58556501609348e-05
1.58553987632789e-05
1.58551473735948e-05
1.58548959918823e-05
1.58546446181409e-05
1.58543932523702e-05
1.585414189457e-05
1.58538905447397e-05
1.5853639202879e-05
1.58533878689876e-05
1.5853136543065e-05
1.5852885225111e-05
1.5852633915125e-05
1.58523826131067e-05
1.58521313190558e-05
1.58518800329719e-05
1.58516287548546e-05
1.58513774847034e-05
1.58511262225181e-05
1.58508749682982e-05
1.58506237220435e-05
1.58503724837534e-05
1.58501212534276e-05
1.58498700310657e-05
1.58496188166675e-05
1.58493676102324e-05
1.584911641176e-05
1.58488652212502e-05
1.58486140387023e-05
1.58483628641161e-05
1.58481116974912e-05
1.58478605388273e-05
1.58476093881238e-05
1.58473582453805e-05
1.5847107110597e-05
1.58468559837728e-05
1.58466048649077e-05
1.58463537540012e-05
1.5846102651053e-05
1.58458515560626e-05
1.58456004690298e-05
1.5845349389954e-05
1.58450983188351e-05
1.58448472556725e-05
1.58445962004658e-05
1.58443451532148e-05
1.5844094113919e-05
1.58438430825781e-05
1.58435920591917e-05
1.58433410437593e-05
1.58430900362807e-05
1.58428390367554e-05
1.58425880451831e-05
1.58423370615633e-05
1.58420860858958e-05
1.58418351181801e-05
1.58415841584158e-05
1.58413332066027e-05
1.58410822627402e-05
1.5840831326828e-05
1.58405803988658e-05
1.58403294788532e-05
1.58400785667897e-05
1.5839827662675e-05
1.58395767665088e-05
1.58393258782906e-05
1.58390749980201e-05
1.58388241256969e-05
1.58385732613206e-05
1.58383224048909e-05
1.58380715564073e-05
1.58378207158695e-05
1.58375698832771e-05
1.58373190586298e-05
1.58370682419271e-05
1.58368174331686e-05
1.58365666323541e-05
1.58363158394831e-05
1.58360650545552e-05
1.58358142775702e-05
1.58355635085275e-05
1.58353127474268e-05
1.58350619942677e-05
1.58348112490499e-05
1.5834560511773e-05
1.58343097824366e-05
1.58340590610403e-05
1.58338083475838e-05
1.58335576420666e-05
1.58333069444884e-05
1.58330562548489e-05
1.58328055731476e-05
1.58325548993841e-05
1.58323042335582e-05
1.58320535756693e-05
1.58318029257172e-05
1.58315522837014e-05
1.58313016496216e-05
1.58310510234775e-05
1.58308004052685e-05
1.58305497949944e-05
1.58302991926547e-05
1.58300485982492e-05
1.58297980117774e-05
1.58295474332389e-05
1.58292968626334e-05
1.58290462999604e-05
1.58287957452197e-05
1.58285451984108e-05
1.58282946595334e-05
1.5828044128587e-05
1.58277936055714e-05
1.58275430904861e-05
1.58272925833307e-05
1.58270420841049e-05
1.58267915928083e-05
1.58265411094405e-05
1.58262906340012e-05
1.58260401664899e-05
1.58257897069064e-05
1.58255392552501e-05
1.58252888115208e-05
1.58250383757181e-05
1.58247879478415e-05
1.58245375278907e-05
1.58242871158654e-05
1.58240367117652e-05
1.58237863155896e-05
1.58235359273383e-05
1.5823285547011e-05
1.58230351746072e-05
1.58227848101266e-05
1.58225344535688e-05
1.58222841049334e-05
1.58220337642201e-05
1.58217834314284e-05
1.5821533106558e-05
1.58212827896086e-05
1.58210324805797e-05
1.5820782179471e-05
1.5820531886282e-05
1.58202816010125e-05
1.5820031323662e-05
1.58197810542302e-05
1.58195307927167e-05
1.58192805391211e-05
1.5819030293443e-05
1.58187800556821e-05
1.5818529825838e-05
1.58182796039103e-05
1.58180293898986e-05
1.58177791838026e-05
1.58175289856219e-05
1.5817278795356e-05
1.58170286130048e-05
1.58167784385676e-05
1.58165282720443e-05
1.58162781134343e-05
1.58160279627374e-05
1.58157778199532e-05
1.58155276850812e-05
1.58152775581211e-05
1.58150274390726e-05
1.58147773279352e-05
1.58145272247086e-05
1.58142771293924e-05
1.58140270419862e-05
1.58137769624897e-05
1.58135268909025e-05
1.58132768272241e-05
1.58130267714543e-05
1.58127767235927e-05
1.58125266836388e-05
1.58122766515923e-05
1.58120266274528e-05
1.581177661122e-05
1.58115266028935e-05
1.58112766024729e-05
1.58110266099578e-05
1.58107766253478e-05
1.58105266486427e-05
1.58102766798419e-05
1.58100267189452e-05
1.58097767659521e-05
1.58095268208623e-05
1.58092768836753e-05
1.5809026954391e-05
1.58087770330087e-05
1.58085271195283e-05
1.58082772139492e-05
1.58080273162712e-05
1.58077774264938e-05
1.58075275446167e-05
1.58072776706396e-05
1.58070278045619e-05
1.58067779463834e-05
1.58065280961037e-05
1.58062782537224e-05
1.58060284192391e-05
1.58057785926535e-05
1.58055287739651e-05
1.58052789631737e-05
1.58050291602788e-05
1.58047793652801e-05
1.58045295781771e-05
1.58042797989696e-05
1.58040300276571e-05
1.58037802642392e-05
1.58035305087156e-05
1.5803280761086e-05
1.58030310213499e-05
1.5802781289507e-05
1.58025315655568e-05
1.58022818494991e-05
1.58020321413334e-05
1.58017824410594e-05
1.58015327486766e-05
1.58012830641848e-05
1.58010333875835e-05
1.58007837188725e-05
1.58005340580512e-05
1.58002844051193e-05
1.58000347600765e-05
1.57997851229223e-05
1.57995354936565e-05
1.57992858722786e-05
1.57990362587882e-05
1.5798786653185e-05
1.57985370554687e-05
1.57982874656387e-05
1.57980378836948e-05
1.57977883096367e-05
1.57975387434638e-05
1.57972891851758e-05
1.57970396347724e-05
1.57967900922533e-05
1.57965405576179e-05
1.5796291030866e-05
1.57960415119971e-05
1.57957920010109e-05
1.57955424979071e-05
1.57952930026852e-05
1.57950435153449e-05
1.57947940358858e-05
1.57945445643075e-05
1.57942951006097e-05
1.57940456447919e-05
1.57937961968539e-05
1.57935467567952e-05
1.57932973246154e-05
1.57930479003143e-05
1.57927984838913e-05
1.57925490753463e-05
1.57922996746786e-05
1.57920502818881e-05
1.57918008969743e-05
1.57915515199368e-05
1.57913021507754e-05
1.57910527894895e-05
1.57908034360788e-05
1.5790554090543e-05
1.57903047528817e-05
1.57900554230945e-05
1.57898061011811e-05
1.5789556787141e-05
1.57893074809739e-05
1.57890581826794e-05
1.57888088922572e-05
1.57885596097068e-05
1.57883103350279e-05
1.57880610682202e-05
1.57878118092832e-05
1.57875625582166e-05
1.578731331502e-05
1.57870640796931e-05
1.57868148522354e-05
1.57865656326466e-05
1.57863164209263e-05
1.57860672170742e-05
1.57858180210899e-05
1.57855688329729e-05
1.5785319652723e-05
1.57850704803397e-05
1.57848213158227e-05
1.57845721591716e-05
1.57843230103861e-05
1.57840738694657e-05
1.57838247364101e-05
1.5783575611219e-05
1.57833264938919e-05
1.57830773844284e-05
1.57828282828283e-05
1.57825791890911e-05
1.57823301032164e-05
1.5782081025204e-05
1.57818319550533e-05
1.57815828927641e-05
1.5781333838336e-05
1.57810847917686e-05
1.57808357530615e-05
1.57805867222143e-05
1.57803376992268e-05
1.57800886840984e-05
1.57798396768289e-05
1.57795906774178e-05
1.57793416858649e-05
1.57790927021696e-05
1.57788437263317e-05
1.57785947583508e-05
1.57783457982265e-05
1.57780968459584e-05
1.57778479015462e-05
1.57775989649895e-05
1.57773500362879e-05
1.5777101115441e-05
1.57768522024486e-05
1.57766032973101e-05
1.57763544000252e-05
1.57761055105937e-05
1.5775856629015e-05
1.57756077552888e-05
1.57753588894147e-05
1.57751100313925e-05
1.57748611812216e-05
1.57746123389018e-05
1.57743635044326e-05
1.57741146778137e-05
1.57738658590447e-05
1.57736170481253e-05
1.57733682450551e-05
1.57731194498336e-05
1.57728706624606e-05
1.57726218829356e-05
1.57723731112583e-05
1.57721243474284e-05
1.57718755914453e-05
1.57716268433089e-05
1.57713781030186e-05
1.57711293705742e-05
1.57708806459753e-05
1.57706319292214e-05
1.57703832203123e-05
1.57701345192474e-05
1.57698858260266e-05
1.57696371406494e-05
1.57693884631154e-05
1.57691397934243e-05
1.57688911315756e-05
1.57686424775691e-05
1.57683938314043e-05
1.57681451930809e-05
1.57678965625985e-05
1.57676479399568e-05
1.57673993251553e-05
1.57671507181937e-05
1.57669021190716e-05
1.57666535277887e-05
1.57664049443446e-05
1.57661563687389e-05
1.57659078009712e-05
1.57656592410412e-05
1.57654106889484e-05
1.57651621446927e-05
1.57649136082734e-05
1.57646650796904e-05
1.57644165589432e-05
1.57641680460314e-05
1.57639195409547e-05
1.57636710437127e-05
1.5763422554305e-05
1.57631740727313e-05
1.57629255989912e-05
1.57626771330843e-05
1.57624286750102e-05
1.57621802247687e-05
1.57619317823592e-05
1.57616833477815e-05
1.57614349210352e-05
1.57611865021199e-05
1.57609380910352e-05
1.57606896877807e-05
1.57604412923562e-05
1.57601929047612e-05
1.57599445249953e-05
1.57596961530582e-05
1.57594477889495e-05
1.57591994326688e-05
1.57589510842158e-05
1.57587027435901e-05
1.57584544107914e-05
1.57582060858192e-05
1.57579577686732e-05
1.5757709459353e-05
1.57574611578582e-05
1.57572128641886e-05
1.57569645783436e-05
1.5756716300323e-05
1.57564680301264e-05
1.57562197677533e-05
1.57559715132035e-05
1.57557232664765e-05
1.57554750275721e-05
1.57552267964897e-05
1.57549785732291e-05
1.57547303577899e-05
1.57544821501717e-05
1.57542339503742e-05
1.57539857583969e-05
1.57537375742395e-05
1.57534893979016e-05
1.57532412293829e-05
1.5752993068683e-05
1.57527449158016e-05
1.57524967707382e-05
1.57522486334924e-05
1.5752000504064e-05
1.57517523824525e-05
1.57515042686577e-05
1.5751256162679e-05
1.57510080645161e-05
1.57507599741688e-05
1.57505118916365e-05
1.57502638169189e-05
1.57500157500157e-05
1.57497676909266e-05
1.5749519639651e-05
1.57492715961887e-05
1.57490235605392e-05
1.57487755327023e-05
1.57485275126776e-05
1.57482795004646e-05
1.5748031496063e-05
1.57477834994724e-05
1.57475355106926e-05
1.5747287529723e-05
3.14940791131267e-05
3.14935831824266e-05
3.14930872673448e-05
3.14925913678807e-05
3.14920954840335e-05
3.14915996158025e-05
3.14911037631869e-05
3.1490607926186e-05
3.14901121047991e-05
3.14896162990254e-05
3.14891205088642e-05
3.14886247343147e-05
3.14881289753763e-05
3.14876332320481e-05
3.14871375043295e-05
3.14866417922197e-05
3.14861460957179e-05
3.14856504148234e-05
3.14851547495356e-05
3.14846590998536e-05
3.14841634657767e-05
3.14836678473042e-05
3.14831722444354e-05
3.14826766571694e-05
3.14821810855056e-05
3.14816855294432e-05
3.14811899889816e-05
3.14806944641199e-05
3.14801989548574e-05
3.14797034611934e-05
3.14792079831271e-05
3.14787125206579e-05
3.14782170737849e-05
3.14777216425075e-05
3.14772262268249e-05
3.14767308267363e-05
3.14762354422411e-05
3.14757400733385e-05
3.14752447200277e-05
3.1474749382308e-05
3.14742540601788e-05
3.14737587536392e-05
3.14732634626884e-05
3.14727681873259e-05
3.14722729275508e-05
3.14717776833624e-05
3.147128245476e-05
3.14707872417429e-05
3.14702920443102e-05
3.14697968624612e-05
3.14693016961954e-05
3.14688065455118e-05
3.14683114104097e-05
3.14678162908885e-05
3.14673211869474e-05
3.14668260985856e-05
3.14663310258024e-05
3.14658359685971e-05
3.14653409269689e-05
3.14648459009172e-05
3.14643508904411e-05
3.146385589554e-05
3.14633609162131e-05
3.14628659524596e-05
3.14623710042789e-05
3.14618760716702e-05
3.14613811546327e-05
3.14608862531658e-05
3.14603913672686e-05
3.14598964969405e-05
3.14594016421808e-05
3.14589068029886e-05
3.14584119793633e-05
3.14579171713041e-05
3.14574223788103e-05
3.14569276018811e-05
3.14564328405159e-05
3.14559380947138e-05
3.14554433644742e-05
3.14549486497963e-05
3.14544539506794e-05
3.14539592671228e-05
3.14534645991256e-05
3.14529699466872e-05
3.14524753098069e-05
3.14519806884839e-05
3.14514860827174e-05
3.14509914925068e-05
3.14504969178513e-05
3.14500023587502e-05
3.14495078152027e-05
3.14490132872081e-05
3.14485187747657e-05
3.14480242778747e-05
3.14475297965345e-05
3.14470353307442e-05
3.14465408805031e-05
3.14460464458106e-05
3.14455520266658e-05
3.14450576230681e-05
3.14445632350167e-05
3.14440688625108e-05
3.14435745055498e-05
3.14430801641329e-05
3.14425858382593e-05
3.14420915279284e-05
3.14415972331394e-05
3.14411029538916e-05
3.14406086901842e-05
3.14401144420166e-05
3.14396202093879e-05
3.14391259922974e-05
3.14386317907445e-05
3.14381376047283e-05
3.14376434342482e-05
3.14371492793034e-05
3.14366551398931e-05
3.14361610160167e-05
3.14356669076734e-05
3.14351728148626e-05
3.14346787375833e-05
3.1434184675835e-05
3.14336906296168e-05
3.14331965989281e-05
3.14327025837682e-05
3.14322085841362e-05
3.14317146000314e-05
3.14312206314532e-05
3.14307266784008e-05
3.14302327408734e-05
3.14297388188704e-05
3.1429244912391e-05
3.14287510214344e-05
3.1428257146e-05
3.14277632860869e-05
3.14272694416946e-05
3.14267756128221e-05
3.14262817994689e-05
3.14257880016341e-05
3.14252942193171e-05
3.14248004525171e-05
3.14243067012334e-05
3.14238129654652e-05
3.14233192452119e-05
3.14228255404726e-05
3.14223318512467e-05
3.14218381775334e-05
3.1421344519332e-05
3.14208508766417e-05
3.14203572494619e-05
3.14198636377918e-05
3.14193700416307e-05
3.14188764609778e-05
3.14183828958324e-05
3.14178893461937e-05
3.14173958120611e-05
3.14169022934339e-05
3.14164087903112e-05
3.14159153026923e-05
3.14154218305766e-05
3.14149283739633e-05
3.14144349328516e-05
3.14139415072409e-05
3.14134480971304e-05
3.14129547025193e-05
3.1412461323407e-05
3.14119679597927e-05
3.14114746116756e-05
3.14109812790552e-05
3.14104879619305e-05
3.14099946603009e-05
3.14095013741657e-05
3.14090081035241e-05
3.14085148483754e-05
3.14080216087189e-05
3.14075283845538e-05
3.14070351758794e-05
3.1406541982695e-05
3.14060488049998e-05
3.14055556427932e-05
3.14050624960744e-05
3.14045693648426e-05
3.14040762490971e-05
3.14035831488373e-05
3.14030900640623e-05
3.14025969947715e-05
3.1402103940964e-05
3.14016109026393e-05
3.14011178797965e-05
3.1400624872435e-05
3.14001318805539e-05
3.13996389041526e-05
3.13991459432303e-05
3.13986529977864e-05
3.139816006782e-05
3.13976671533305e-05
3.13971742543171e-05
3.13966813707791e-05
3.13961885027158e-05
3.13956956501264e-05
3.13952028130102e-05
3.13947099913665e-05
3.13942171851945e-05
3.13937243944935e-05
3.13932316192629e-05
3.13927388595018e-05
3.13922461152095e-05
3.13917533863854e-05
3.13912606730286e-05
3.13907679751385e-05
3.13902752927143e-05
3.13897826257553e-05
3.13892899742608e-05
3.138879733823e-05
3.13883047176622e-05
3.13878121125567e-05
3.13873195229127e-05
3.13868269487296e-05
3.13863343900066e-05
3.13858418467429e-05
3.13853493189379e-05
3.13848568065908e-05
3.13843643097009e-05
3.13838718282675e-05
3.13833793622897e-05
3.1382886911767e-05
3.13823944766986e-05
3.13819020570837e-05
3.13814096529216e-05
3.13809172642116e-05
3.1380424890953e-05
3.13799325331451e-05
3.1379440190787e-05
3.13789478638781e-05
3.13784555524177e-05
3.1377963256405e-05
3.13774709758394e-05
3.13769787107199e-05
3.13764864610461e-05
3.13759942268171e-05
3.13755020080321e-05
3.13750098046906e-05
3.13745176167916e-05
3.13740254443346e-05
3.13735332873188e-05
3.13730411457435e-05
3.13725490196078e-05
3.13720569089112e-05
3.13715648136529e-05
3.13710727338321e-05
3.13705806694482e-05
3.13700886205004e-05
3.13695965869879e-05
3.13691045689101e-05
3.13686125662662e-05
3.13681205790555e-05
3.13676286072773e-05
3.13671366509308e-05
3.13666447100154e-05
3.13661527845302e-05
3.13656608744746e-05
3.13651689798479e-05
3.13646771006493e-05
3.1364185236878e-05
3.13636933885334e-05
3.13632015556148e-05
3.13627097381214e-05
3.13622179360524e-05
3.13617261494073e-05
3.13612343781851e-05
3.13607426223853e-05
3.13602508820071e-05
3.13597591570497e-05
3.13592674475124e-05
3.13587757533946e-05
3.13582840746954e-05
3.13577924114142e-05
3.13573007635503e-05
3.13568091311028e-05
3.13563175140711e-05
3.13558259124545e-05
3.13553343262523e-05
3.13548427554636e-05
3.13543512000878e-05
3.13538596601242e-05
3.1353368135572e-05
3.13528766264305e-05
3.1352385132699e-05
3.13518936543767e-05
3.1351402191463e-05
3.13509107439571e-05
3.13504193118583e-05
3.13499278951658e-05
3.1349436493879e-05
3.13489451079971e-05
3.13484537375194e-05
3.13479623824451e-05
3.13474710427736e-05
3.13469797185041e-05
3.13464884096359e-05
3.13459971161683e-05
3.13455058381005e-05
3.13450145754318e-05
3.13445233281615e-05
3.13440320962889e-05
3.13435408798132e-05
3.13430496787337e-05
3.13425584930498e-05
3.13420673227606e-05
3.13415761678655e-05
3.13410850283637e-05
3.13405939042545e-05
3.13401027955372e-05
3.1339611702211e-05
3.13391206242753e-05
3.13386295617293e-05
3.13381385145722e-05
3.13376474828035e-05
3.13371564664222e-05
3.13366654654278e-05
3.13361744798195e-05
3.13356835095966e-05
3.13351925547582e-05
3.13347016153039e-05
3.13342106912327e-05
3.1333719782544e-05
3.1333228889237e-05
3.13327380113111e-05
3.13322471487655e-05
3.13317563015995e-05
3.13312654698123e-05
3.13307746534033e-05
3.13302838523717e-05
3.13297930667168e-05
3.13293022964379e-05
3.13288115415342e-05
3.1328320802005e-05
3.13278300778497e-05
3.13273393690674e-05
3.13268486756575e-05
3.13263579976192e-05
3.13258673349518e-05
3.13253766876547e-05
3.1324886055727e-05
3.1324395439168e-05
3.13239048379771e-05
3.13234142521535e-05
3.13229236816964e-05
3.13224331266053e-05
3.13219425868792e-05
3.13214520625176e-05
3.13209615535197e-05
3.13204710598847e-05
3.1319980581612e-05
3.13194901187009e-05
3.13189996711505e-05
3.13185092389602e-05
3.13180188221293e-05
3.1317528420657e-05
3.13170380345427e-05
3.13165476637855e-05
3.13160573083849e-05
3.131556696834e-05
3.13150766436501e-05
3.13145863343145e-05
3.13140960403326e-05
3.13136057617035e-05
3.13131154984265e-05
3.1312625250501e-05
3.13121350179262e-05
3.13116448007014e-05
3.13111545988258e-05
3.13106644122988e-05
3.13101742411197e-05
3.13096840852876e-05
3.13091939448019e-05
3.13087038196619e-05
3.13082137098668e-05
3.13077236154159e-05
3.13072335363086e-05
3.1306743472544e-05
3.13062534241215e-05
3.13057633910403e-05
3.13052733732997e-05
3.13047833708991e-05
3.13042933838376e-05
3.13038034121146e-05
3.13033134557293e-05
3.1302823514681e-05
3.13023335889691e-05
3.13018436785927e-05
3.13013537835511e-05
3.13008639038437e-05
3.13003740394698e-05
3.12998841904285e-05
3.12993943567192e-05
3.12989045383412e-05
3.12984147352937e-05
3.1297924947576e-05
3.12974351751874e-05
3.12969454181272e-05
3.12964556763946e-05
3.1295965949989e-05
3.12954762389097e-05
3.12949865431558e-05
3.12944968627267e-05
3.12940071976217e-05
3.129351754784e-05
3.12930279133809e-05
3.12925382942437e-05
3.12920486904278e-05
3.12915591019323e-05
3.12910695287565e-05
3.12905799708998e-05
3.12900904283613e-05
3.12896009011405e-05
3.12891113892365e-05
3.12886218926487e-05
3.12881324113764e-05
3.12876429454187e-05
3.1287153494775e-05
3.12866640594447e-05
3.12861746394268e-05
3.12856852347209e-05
3.1285195845326e-05
3.12847064712415e-05
3.12842171124668e-05
3.1283727769001e-05
3.12832384408434e-05
3.12827491279934e-05
3.12822598304502e-05
3.1281770548213e-05
3.12812812812813e-05
3.12807920296542e-05
3.1280302793331e-05
3.12798135723111e-05
3.12793243665937e-05
3.1278835176178e-05
3.12783460010635e-05
3.12778568412492e-05
3.12773676967346e-05
3.1276878567519e-05
3.12763894536015e-05
3.12759003549815e-05
3.12754112716582e-05
3.1274922203631e-05
3.12744331508991e-05
3.12739441134619e-05
3.12734550913185e-05
3.12729660844683e-05
3.12724770929105e-05
3.12719881166445e-05
3.12714991556695e-05
3.12710102099848e-05
3.12705212795897e-05
3.12700323644835e-05
3.12695434646654e-05
3.12690545801348e-05
3.12685657108908e-05
3.12680768569329e-05
3.12675880182603e-05
3.12670991948722e-05
3.1266610386768e-05
3.12661215939469e-05
3.12656328164082e-05
3.12651440541512e-05
3.12646553071752e-05
3.12641665754795e-05
3.12636778590633e-05
3.1263189157926e-05
3.12627004720668e-05
3.1262211801485e-05
3.12617231461798e-05
3.12612345061506e-05
3.12607458813967e-05
3.12602572719173e-05
3.12597686777118e-05
3.12592800987793e-05
3.12587915351193e-05
3.12583029867308e-05
3.12578144536134e-05
3.12573259357662e-05
3.12568374331885e-05
3.12563489458796e-05
3.12558604738388e-05
3.12553720170654e-05
3.12548835755587e-05
3.12543951493179e-05
3.12539067383423e-05
3.12534183426312e-05
3.1252929962184e-05
3.12524415969998e-05
3.12519532470779e-05
3.12514649124178e-05
3.12509765930185e-05
3.12504882888795e-05
3.125e-05
3.12495117263793e-05
3.12490234680166e-05
3.12485352249113e-05
3.12480469970627e-05
3.124755878447e-05
3.12470705871325e-05
3.12465824050494e-05
3.12460942382202e-05
3.12456060866441e-05
3.12451179503203e-05
3.12446298292481e-05
3.12441417234269e-05
3.12436536328558e-05
3.12431655575343e-05
3.12426774974615e-05
3.12421894526368e-05
3.12417014230595e-05
3.12412134087288e-05
3.1240725409644e-05
3.12402374258044e-05
3.12397494572094e-05
3.1239261503858e-05
3.12387735657498e-05
3.12382856428839e-05
3.12377977352597e-05
3.12373098428763e-05
3.12368219657332e-05
3.12363341038296e-05
3.12358462571647e-05
3.12353584257379e-05
3.12348706095485e-05
3.12343828085957e-05
3.12338950228788e-05
3.12334072523972e-05
3.123291949715e-05
3.12324317571366e-05
3.12319440323563e-05
3.12314563228083e-05
3.1230968628492e-05
3.12304809494066e-05
3.12299932855514e-05
3.12295056369258e-05
3.12290180035289e-05
3.12285303853601e-05
3.12280427824186e-05
3.12275551947038e-05
3.12270676222149e-05
3.12265800649513e-05
3.12260925229121e-05
3.12256049960968e-05
3.12251174845045e-05
3.12246299881346e-05
3.12241425069864e-05
3.12236550410591e-05
3.1223167590352e-05
3.12226801548645e-05
3.12221927345958e-05
3.12217053295451e-05
3.12212179397118e-05
3.12207305650952e-05
3.12202432056946e-05
3.12197558615092e-05
3.12192685325383e-05
3.12187812187812e-05
3.12182939202373e-05
3.12178066369057e-05
3.12173193687858e-05
3.12168321158769e-05
3.12163448781782e-05
3.12158576556891e-05
3.12153704484088e-05
3.12148832563366e-05
3.12143960794718e-05
3.12139089178138e-05
3.12134217713617e-05
3.12129346401149e-05
3.12124475240726e-05
3.12119604232342e-05
3.12114733375989e-05
3.1210986267166e-05
3.12104992119349e-05
3.12100121719047e-05
3.12095251470749e-05
3.12090381374446e-05
3.12085511430132e-05
3.12080641637799e-05
3.12075771997441e-05
3.1207090250905e-05
3.12066033172619e-05
3.12061163988142e-05
3.1205629495561e-05
3.12051426075017e-05
3.12046557346356e-05
3.1204168876962e-05
3.12036820344801e-05
3.12031952071892e-05
3.12027083950887e-05
3.12022215981778e-05
3.12017348164558e-05
3.1201248049922e-05
3.12007612985757e-05
3.12002745624162e-05
3.11997878414427e-05
3.11993011356546e-05
3.11988144450511e-05
3.11983277696315e-05
3.11978411093952e-05
3.11973544643414e-05
3.11968678344694e-05
3.11963812197785e-05
3.1195894620268e-05
3.11954080359371e-05
3.11949214667852e-05
3.11944349128116e-05
3.11939483740154e-05
3.11934618503962e-05
3.1192975341953e-05
3.11924888486852e-05
3.11920023705922e-05
3.11915159076731e-05
3.11910294599273e-05
3.11905430273541e-05
3.11900566099527e-05
3.11895702077225e-05
3.11890838206628e-05
3.11885974487727e-05
3.11881110920517e-05
3.1187624750499e-05
3.11871384241139e-05
3.11866521128957e-05
3.11861658168437e-05
3.11856795359571e-05
3.11851932702353e-05
3.11847070196776e-05
3.11842207842832e-05
3.11837345640514e-05
3.11832483589816e-05
3.11827621690729e-05
3.11822759943248e-05
3.11817898347365e-05
3.11813036903073e-05
3.11808175610365e-05
3.11803314469233e-05
3.11798453479671e-05
3.11793592641671e-05
3.11788731955227e-05
3.11783871420331e-05
3.11779011036977e-05
3.11774150805157e-05
3.11769290724864e-05
3.1176443079609e-05
3.1175957101883e-05
3.11754711393076e-05
3.1174985191882e-05
3.11744992596056e-05
3.11740133424777e-05
3.11735274404975e-05
3.11730415536644e-05
3.11725556819776e-05
3.11720698254364e-05
3.11715839840402e-05
3.11710981577881e-05
3.11706123466795e-05
3.11701265507138e-05
3.11696407698901e-05
3.11691550042078e-05
3.11686692536662e-05
3.11681835182646e-05
3.11676977980021e-05
3.11672120928783e-05
3.11667264028923e-05
3.11662407280434e-05
3.11657550683309e-05
3.11652694237542e-05
3.11647837943124e-05
3.1164298180005e-05
3.11638125808311e-05
3.11633269967902e-05
3.11628414278814e-05
3.11623558741041e-05
3.11618703354575e-05
3.1161384811941e-05
3.11608993035539e-05
3.11604138102954e-05
3.11599283321648e-05
3.11594428691615e-05
3.11589574212847e-05
3.11584719885337e-05
3.11579865709078e-05
3.11575011684063e-05
3.11570157810285e-05
3.11565304087737e-05
3.11560450516411e-05
3.11555597096302e-05
3.11550743827401e-05
3.11545890709702e-05
3.11541037743197e-05
3.11536184927879e-05
3.11531332263742e-05
3.11526479750779e-05
3.11521627388981e-05
3.11516775178343e-05
3.11511923118857e-05
3.11507071210516e-05
3.11502219453314e-05
3.11497367847242e-05
3.11492516392294e-05
3.11487665088463e-05
3.11482813935741e-05
3.11477962934122e-05
3.11473112083599e-05
3.11468261384165e-05
3.11463410835812e-05
3.11458560438534e-05
3.11453710192323e-05
3.11448860097172e-05
3.11444010153075e-05
3.11439160360024e-05
3.11434310718012e-05
3.11429461227032e-05
3.11424611887077e-05
3.11419762698141e-05
3.11414913660215e-05
3.11410064773293e-05
3.11405216037369e-05
3.11400367452434e-05
3.11395519018481e-05
3.11390670735505e-05
3.11385822603497e-05
3.11380974622451e-05
3.11376126792359e-05
3.11371279113215e-05
3.11366431585011e-05
3.1136158420774e-05
3.11356736981396e-05
3.11351889905972e-05
3.11347042981459e-05
3.11342196207852e-05
3.11337349585143e-05
3.11332503113325e-05
3.11327656792391e-05
3.11322810622334e-05
3.11317964603147e-05
3.11313118734823e-05
3.11308273017355e-05
3.11303427450736e-05
3.11298582034959e-05
3.11293736770016e-05
3.11288891655901e-05
3.11284046692607e-05
3.11279201880126e-05
3.11274357218452e-05
3.11269512707578e-05
3.11264668347496e-05
3.11259824138199e-05
3.11254980079681e-05
3.11250136171935e-05
3.11245292414952e-05
3.11240448808727e-05
3.11235605353252e-05
3.11230762048521e-05
3.11225918894526e-05
3.11221075891259e-05
3.11216233038715e-05
3.11211390336886e-05
3.11206547785765e-05
3.11201705385346e-05
3.1119686313562e-05
3.11192021036581e-05
3.11187179088222e-05
3.11182337290535e-05
3.11177495643515e-05
3.11172654147154e-05
3.11167812801444e-05
3.11162971606379e-05
3.11158130561952e-05
3.11153289668155e-05
3.11148448924982e-05
3.11143608332426e-05
3.11138767890479e-05
3.11133927599135e-05
3.11129087458386e-05
3.11124247468226e-05
3.11119407628648e-05
3.11114567939644e-05
3.11109728401207e-05
3.11104889013331e-05
3.11100049776008e-05
3.11095210689231e-05
3.11090371752994e-05
3.11085532967289e-05
3.1108069433211e-05
3.11075855847448e-05
3.11071017513298e-05
3.11066179329652e-05
3.11061341296504e-05
3.11056503413845e-05
3.1105166568167e-05
3.1104682809997e-05
3.1104199066874e-05
3.11037153387972e-05
3.11032316257659e-05
3.11027479277794e-05
3.1102264244837e-05
3.1101780576938e-05
3.11012969240817e-05
3.11008132862674e-05
3.11003296634944e-05
3.1099846055762e-05
3.10993624630695e-05
3.10988788854162e-05
3.10983953228013e-05
3.10979117752243e-05
3.10974282426843e-05
3.10969447251807e-05
3.10964612227129e-05
3.10959777352799e-05
3.10954942628813e-05
3.10950108055163e-05
3.10945273631841e-05
3.10940439358841e-05
3.10935605236156e-05
3.10930771263778e-05
3.10925937441701e-05
3.10921103769918e-05
3.10916270248422e-05
3.10911436877206e-05
3.10906603656262e-05
3.10901770585583e-05
3.10896937665164e-05
3.10892104894996e-05
3.10887272275073e-05
3.10882439805388e-05
3.10877607485933e-05
3.10872775316702e-05
3.10867943297687e-05
3.10863111428882e-05
3.1085827971028e-05
3.10853448141874e-05
3.10848616723656e-05
3.10843785455619e-05
3.10838954337758e-05
3.10834123370064e-05
3.1082929255253e-05
3.1082446188515e-05
3.10819631367917e-05
3.10814801000824e-05
3.10809970783863e-05
3.10805140717027e-05
3.10800310800311e-05
3.10795481033706e-05
3.10790651417205e-05
3.10785821950803e-05
3.1078099263449e-05
3.10776163468262e-05
3.1077133445211e-05
3.10766505586028e-05
3.10761676870008e-05
3.10756848304045e-05
3.10752019888129e-05
3.10747191622256e-05
3.10742363506417e-05
3.10737535540606e-05
3.10732707724815e-05
3.10727880059038e-05
3.10723052543268e-05
3.10718225177498e-05
3.1071339796172e-05
3.10708570895928e-05
3.10703743980115e-05
3.10698917214274e-05
3.10694090598397e-05
3.10689264132478e-05
3.1068443781651e-05
3.10679611650485e-05
3.10674785634398e-05
3.1066995976824e-05
3.10665134052005e-05
3.10660308485686e-05
3.10655483069276e-05
3.10650657802768e-05
3.10645832686155e-05
3.10641007719429e-05
3.10636182902584e-05
3.10631358235614e-05
3.1062653371851e-05
3.10621709351267e-05
3.10616885133876e-05
3.10612061066331e-05
3.10607237148626e-05
3.10602413380752e-05
3.10597589762703e-05
3.10592766294473e-05
3.10587942976054e-05
3.10583119807438e-05
3.1057829678862e-05
3.10573473919593e-05
3.10568651200348e-05
3.10563828630879e-05
3.1055900621118e-05
3.10554183941243e-05
3.10549361821061e-05
3.10544539850628e-05
3.10539718029936e-05
3.10534896358978e-05
3.10530074837748e-05
3.10525253466238e-05
3.10520432244442e-05
3.10515611172352e-05
3.10510790249961e-05
3.10505969477263e-05
3.10501148854251e-05
3.10496328380917e-05
3.10491508057255e-05
3.10486687883257e-05
3.10481867858917e-05
3.10477047984228e-05
3.10472228259182e-05
3.10467408683773e-05
3.10462589257994e-05
3.10457769981838e-05
3.10452950855298e-05
3.10448131878366e-05
3.10443313051037e-05
3.10438494373302e-05
3.10433675845156e-05
3.1042885746659e-05
3.10424039237599e-05
3.10419221158174e-05
3.1041440322831e-05
3.10409585447999e-05
3.10404767817234e-05
3.10399950336008e-05
3.10395133004314e-05
3.10390315822146e-05
3.10385498789497e-05
3.10380681906358e-05
3.10375865172724e-05
3.10371048588588e-05
3.10366232153942e-05
3.10361415868779e-05
3.10356599733093e-05
3.10351783746877e-05
3.10346967910124e-05
3.10342152222826e-05
3.10337336684977e-05
3.10332521296569e-05
3.10327706057597e-05
3.10322890968052e-05
3.10318076027929e-05
3.10313261237219e-05
3.10308446595916e-05
3.10303632104014e-05
3.10298817761504e-05
3.10294003568381e-05
3.10289189524637e-05
3.10284375630265e-05
3.10279561885259e-05
3.1027474828961e-05
3.10269934843314e-05
3.10265121546361e-05
3.10260308398747e-05
3.10255495400462e-05
3.10250682551502e-05
3.10245869851858e-05
3.10241057301523e-05
3.10236244900492e-05
3.10231432648756e-05
3.10226620546309e-05
3.10221808593144e-05
3.10216996789254e-05
3.10212185134632e-05
3.10207373629271e-05
3.10202562273164e-05
3.10197751066305e-05
3.10192940008685e-05
3.10188129100299e-05
3.1018331834114e-05
3.10178507731199e-05
3.10173697270471e-05
3.10168886958949e-05
3.10164076796625e-05
3.10159266783493e-05
3.10154456919546e-05
3.10149647204776e-05
3.10144837639178e-05
3.10140028222743e-05
3.10135218955465e-05
3.10130409837337e-05
3.10125600868352e-05
3.10120792048503e-05
3.10115983377783e-05
3.10111174856186e-05
3.10106366483704e-05
3.1010155826033e-05
3.10096750186058e-05
3.1009194226088e-05
3.1008713448479e-05
3.10082326857781e-05
3.10077519379845e-05
3.10072712050976e-05
3.10067904871167e-05
3.10063097840411e-05
3.100582909587e-05
3.10053484226029e-05
3.1004867764239e-05
3.10043871207776e-05
3.1003906492218e-05
3.10034258785596e-05
3.10029452798016e-05
3.10024646959433e-05
3.10019841269841e-05
3.10015035729233e-05
3.10010230337601e-05
3.10005425094939e-05
3.1000062000124e-05
3.09995815056497e-05
3.09991010260702e-05
3.0998620561385e-05
3.09981401115933e-05
3.09976596766944e-05
3.09971792566876e-05
3.09966988515723e-05
3.09962184613477e-05
3.09957380860132e-05
3.0995257725568e-05
3.09947773800115e-05
3.09942970493429e-05
3.09938167335617e-05
3.0993336432667e-05
3.09928561466582e-05
3.09923758755346e-05
3.09918956192956e-05
3.09914153779403e-05
3.09909351514682e-05
3.09904549398785e-05
3.09899747431706e-05
3.09894945613437e-05
3.09890143943972e-05
3.09885342423303e-05
3.09880541051425e-05
3.09875739828329e-05
3.09870938754009e-05
3.09866137828458e-05
3.09861337051669e-05
3.09856536423636e-05
3.09851735944351e-05
3.09846935613807e-05
3.09842135431997e-05
3.09837335398916e-05
3.09832535514554e-05
3.09827735778907e-05
3.09822936191966e-05
3.09818136753726e-05
3.09813337464178e-05
3.09808538323316e-05
3.09803739331134e-05
3.09798940487624e-05
3.09794141792779e-05
3.09789343246592e-05
3.09784544849058e-05
3.09779746600167e-05
3.09774948499915e-05
3.09770150548293e-05
3.09765352745295e-05
3.09760555090915e-05
3.09755757585144e-05
3.09750960227977e-05
3.09746163019406e-05
3.09741365959424e-05
3.09736569048025e-05
3.09731772285201e-05
3.09726975670946e-05
3.09722179205253e-05
3.09717382888115e-05
3.09712586719524e-05
3.09707790699475e-05
3.0970299482796e-05
3.09698199104972e-05
3.09693403530505e-05
3.09688608104551e-05
3.09683812827104e-05
3.09679017698156e-05
3.09674222717701e-05
3.09669427885732e-05
3.09664633202242e-05
3.09659838667224e-05
3.09655044280671e-05
3.09650250042577e-05
3.09645455952934e-05
3.09640662011735e-05
3.09635868218974e-05
3.09631074574644e-05
3.09626281078738e-05
3.09621487731249e-05
3.09616694532169e-05
3.09611901481493e-05
3.09607108579213e-05
3.09602315825322e-05
3.09597523219814e-05
3.09592730762682e-05
3.09587938453918e-05
3.09583146293516e-05
3.09578354281469e-05
3.0957356241777e-05
3.09568770702412e-05
3.09563979135388e-05
3.09559187716691e-05
3.09554396446315e-05
3.09549605324253e-05
3.09544814350498e-05
3.09540023525042e-05
3.09535232847879e-05
3.09530442319002e-05
3.09525651938404e-05
3.09520861706079e-05
3.09516071622019e-05
3.09511281686217e-05
3.09506491898668e-05
3.09501702259362e-05
3.09496912768295e-05
3.09492123425459e-05
3.09487334230847e-05
3.09482545184452e-05
3.09477756286267e-05
3.09472967536286e-05
3.09468178934501e-05
3.09463390480906e-05
3.09458602175494e-05
3.09453814018258e-05
3.09449026009191e-05
3.09444238148286e-05
3.09439450435536e-05
3.09434662870935e-05
3.09429875454475e-05
3.0942508818615e-05
3.09420301065953e-05
3.09415514093877e-05
3.09410727269914e-05
3.09405940594059e-05
3.09401154066305e-05
3.09396367686643e-05
3.09391581455069e-05
3.09386795371574e-05
3.09382009436151e-05
3.09377223648795e-05
3.09372438009498e-05
3.09367652518253e-05
3.09362867175053e-05
3.09358081979892e-05
3.09353296932762e-05
3.09348512033657e-05
3.0934372728257e-05
3.09338942679494e-05
3.09334158224422e-05
3.09329373917347e-05
3.09324589758263e-05
3.09319805747162e-05
3.09315021884038e-05
3.09310238168883e-05
3.09305454601692e-05
3.09300671182456e-05
3.0929588791117e-05
3.09291104787826e-05
3.09286321812418e-05
3.09281538984938e-05
3.0927675630538e-05
3.09271973773737e-05
3.09267191390001e-05
3.09262409154167e-05
3.09257627066228e-05
3.09252845126175e-05
3.09248063334003e-05
3.09243281689705e-05
3.09238500193274e-05
3.09233718844703e-05
3.09228937643985e-05
3.09224156591113e-05
3.0921937568608e-05
3.09214594928881e-05
3.09209814319507e-05
3.09205033857951e-05
3.09200253544208e-05
3.0919547337827e-05
3.0919069336013e-05
3.09185913489781e-05
3.09181133767218e-05
3.09176354192431e-05
3.09171574765416e-05
3.09166795486165e-05
3.09162016354671e-05
3.09157237370927e-05
3.09152458534927e-05
3.09147679846663e-05
3.09142901306129e-05
3.09138122913318e-05
3.09133344668223e-05
3.09128566570837e-05
3.09123788621153e-05
3.09119010819165e-05
3.09114233164866e-05
3.09109455658249e-05
3.09104678299306e-05
3.09099901088032e-05
3.09095124024419e-05
3.0909034710846e-05
3.09085570340149e-05
3.09080793719478e-05
3.09076017246442e-05
3.09071240921032e-05
3.09066464743243e-05
3.09061688713067e-05
3.09056912830498e-05
3.09052137095528e-05
3.09047361508151e-05
3.0904258606836e-05
3.09037810776148e-05
3.09033035631509e-05
3.09028260634435e-05
3.0902348578492e-05
3.09018711082956e-05
3.09013936528537e-05
3.09009162121657e-05
3.09004387862308e-05
3.08999613750483e-05
3.08994839786176e-05
3.08990065969379e-05
3.08985292300087e-05
3.08980518778291e-05
3.08975745403986e-05
3.08970972177164e-05
3.08966199097819e-05
3.08961426165943e-05
3.08956653381531e-05
3.08951880744574e-05
3.08947108255067e-05
3.08942335913002e-05
3.08937563718373e-05
3.08932791671172e-05
3.08928019771393e-05
3.0892324801903e-05
3.08918476414074e-05
3.0891370495652e-05
3.08908933646361e-05
3.08904162483589e-05
3.08899391468199e-05
3.08894620600182e-05
3.08889849879533e-05
3.08885079306244e-05
3.08880308880309e-05
3.0887553860172e-05
3.08870768470472e-05
3.08865998486557e-05
3.08861228649968e-05
3.08856458960698e-05
3.08851689418741e-05
3.0884692002409e-05
3.08842150776738e-05
3.08837381676678e-05
3.08832612723904e-05
3.08827843918408e-05
3.08823075260183e-05
3.08818306749224e-05
3.08813538385523e-05
3.08808770169073e-05
3.08804002099867e-05
3.08799234177899e-05
3.08794466403162e-05
3.08789698775649e-05
3.08784931295353e-05
3.08780163962267e-05
3.08775396776385e-05
3.08770629737699e-05
3.08765862846204e-05
3.08761096101891e-05
3.08756329504755e-05
3.08751563054788e-05
3.08746796751984e-05
3.08742030596335e-05
3.08737264587836e-05
3.08732498726478e-05
3.08727733012257e-05
3.08722967445163e-05
3.08718202025191e-05
3.08713436752335e-05
3.08708671626586e-05
3.08703906647939e-05
3.08699141816386e-05
3.08694377131921e-05
3.08689612594536e-05
3.08684848204226e-05
3.08680083960983e-05
3.086753198648e-05
3.08670555915671e-05
3.08665792113589e-05
3.08661028458547e-05
3.08656264950538e-05
3.08651501589555e-05
3.08646738375592e-05
3.08641975308642e-05
3.08637212388698e-05
3.08632449615753e-05
3.086276869898e-05
3.08622924510833e-05
3.08618162178844e-05
3.08613399993828e-05
3.08608637955776e-05
3.08603876064683e-05
3.08599114320542e-05
3.08594352723345e-05
3.08589591273086e-05
3.08584829969759e-05
3.08580068813355e-05
3.0857530780387e-05
3.08570546941294e-05
3.08565786225623e-05
3.08561025656849e-05
3.08556265234966e-05
3.08551504959965e-05
3.08546744831842e-05
3.08541984850589e-05
3.08537225016198e-05
3.08532465328664e-05
3.0852770578798e-05
3.08522946394138e-05
3.08518187147132e-05
3.08513428046956e-05
3.08508669093602e-05
3.08503910287063e-05
3.08499151627333e-05
3.08494393114405e-05
3.08489634748272e-05
3.08484876528928e-05
3.08480118456365e-05
3.08475360530578e-05
3.08470602751558e-05
3.08465845119299e-05
3.08461087633795e-05
3.08456330295039e-05
3.08451573103023e-05
3.08446816057741e-05
3.08442059159187e-05
3.08437302407353e-05
3.08432545802233e-05
3.0842778934382e-05
3.08423033032107e-05
3.08418276867087e-05
3.08413520848754e-05
3.08408764977101e-05
3.0840400925212e-05
3.08399253673806e-05
3.08394498242151e-05
3.08389742957149e-05
3.08384987818793e-05
3.08380232827076e-05
3.08375477981991e-05
3.08370723283531e-05
3.08365968731691e-05
3.08361214326462e-05
3.08356460067838e-05
3.08351705955813e-05
3.0834695199038e-05
3.08342198171531e-05
3.0833744449926e-05
3.0833269097356e-05
3.08327937594425e-05
3.08323184361848e-05
3.08318431275822e-05
3.08313678336339e-05
3.08308925543394e-05
3.0830417289698e-05
3.0829942039709e-05
3.08294668043716e-05
3.08289915836853e-05
3.08285163776493e-05
3.0828041186263e-05
3.08275660095257e-05
3.08270908474367e-05
3.08266156999954e-05
3.0826140567201e-05
3.08256654490529e-05
3.08251903455504e-05
3.08247152566928e-05
3.08242401824795e-05
3.08237651229098e-05
3.08232900779829e-05
3.08228150476983e-05
3.08223400320552e-05
3.0821865031053e-05
3.0821390044691e-05
3.08209150729685e-05
3.08204401158849e-05
3.08199651734394e-05
3.08194902456313e-05
3.08190153324601e-05
3.08185404339251e-05
3.08180655500254e-05
3.08175906807606e-05
3.08171158261298e-05
3.08166409861325e-05
3.08161661607679e-05
3.08156913500354e-05
3.08152165539343e-05
3.08147417724639e-05
3.08142670056236e-05
3.08137922534126e-05
3.08133175158303e-05
3.08128427928761e-05
3.08123680845491e-05
3.08118933908489e-05
3.08114187117746e-05
3.08109440473256e-05
3.08104693975013e-05
3.08099947623009e-05
3.08095201417238e-05
3.08090455357693e-05
3.08085709444367e-05
3.08080963677254e-05
3.08076218056347e-05
3.08071472581639e-05
3.08066727253123e-05
3.08061982070793e-05
3.08057237034641e-05
3.08052492144661e-05
3.08047747400847e-05
3.08043002803191e-05
3.08038258351687e-05
3.08033514046328e-05
3.08028769887107e-05
3.08024025874018e-05
3.08019282007054e-05
3.08014538286207e-05
3.08009794711472e-05
3.08005051282841e-05
3.08000308000308e-05
3.07995564863866e-05
3.07990821873508e-05
3.07986079029228e-05
3.07981336331018e-05
3.07976593778873e-05
3.07971851372784e-05
3.07967109112747e-05
3.07962366998753e-05
3.07957625030796e-05
3.07952883208869e-05
3.07948141532966e-05
3.07943400003079e-05
3.07938658619203e-05
3.0793391738133e-05
3.07929176289453e-05
3.07924435343567e-05
3.07919694543663e-05
3.07914953889736e-05
3.07910213381778e-05
3.07905473019783e-05
3.07900732803744e-05
3.07895992733655e-05
3.07891252809508e-05
3.07886513031297e-05
3.07881773399015e-05
3.07877033912655e-05
3.07872294572211e-05
3.07867555377677e-05
3.07862816329044e-05
3.07858077426306e-05
3.07853338669458e-05
3.07848600058491e-05
3.078438615934e-05
3.07839123274177e-05
3.07834385100816e-05
3.0782964707331e-05
3.07824909191652e-05
3.07820171455835e-05
3.07815433865854e-05
3.07810696421701e-05
3.07805959123369e-05
3.07801221970851e-05
3.07796484964142e-05
3.07791748103233e-05
3.07787011388119e-05
3.07782274818793e-05
3.07777538395248e-05
3.07772802117477e-05
3.07768065985473e-05
3.07763329999231e-05
3.07758594158742e-05
3.07753858464e-05
3.07749122915e-05
3.07744387511733e-05
3.07739652254193e-05
3.07734917142374e-05
3.07730182176268e-05
3.07725447355869e-05
3.07720712681171e-05
3.07715978152166e-05
3.07711243768847e-05
3.07706509531209e-05
3.07701775439244e-05
3.07697041492946e-05
3.07692307692308e-05
3.07687574037322e-05
3.07682840527984e-05
3.07678107164285e-05
3.07673373946219e-05
3.07668640873779e-05
3.07663907946959e-05
3.07659175165751e-05
3.0765444253015e-05
3.07649710040148e-05
3.07644977695739e-05
3.07640245496916e-05
3.07635513443672e-05
3.07630781536001e-05
3.07626049773895e-05
3.07621318157348e-05
3.07616586686354e-05
3.07611855360906e-05
3.07607124180996e-05
3.07602393146619e-05
3.07597662257767e-05
3.07592931514434e-05
3.07588200916613e-05
3.07583470464297e-05
3.0757874015748e-05
3.07574009996155e-05
3.07569279980316e-05
3.07564550109954e-05
3.07559820385065e-05
3.07555090805641e-05
3.07550361371675e-05
3.0754563208316e-05
3.07540902940091e-05
3.0753617394246e-05
3.07531445090261e-05
3.07526716383486e-05
3.07521987822129e-05
3.07517259406184e-05
3.07512531135644e-05
3.07507803010501e-05
3.0750307503075e-05
3.07498347196384e-05
3.07493619507395e-05
3.07488891963778e-05
3.07484164565525e-05
3.0747943731263e-05
3.07474710205086e-05
3.07469983242886e-05
3.07465256426024e-05
3.07460529754493e-05
3.07455803228286e-05
3.07451076847397e-05
3.07446350611818e-05
3.07441624521544e-05
3.07436898576567e-05
3.07432172776881e-05
3.07427447122479e-05
3.07422721613354e-05
3.074179962495e-05
3.0741327103091e-05
3.07408545957578e-05
3.07403821029495e-05
3.07399096246657e-05
3.07394371609056e-05
3.07389647116685e-05
3.07384922769538e-05
3.07380198567608e-05
3.07375474510889e-05
3.07370750599373e-05
3.07366026833054e-05
3.07361303211926e-05
3.07356579735981e-05
3.07351856405213e-05
3.07347133219615e-05
3.07342410179181e-05
3.07337687283903e-05
3.07332964533776e-05
3.07328241928792e-05
3.07323519468945e-05
3.07318797154228e-05
3.07314074984634e-05
3.07309352960157e-05
3.0730463108079e-05
3.07299909346527e-05
3.0729518775736e-05
3.07290466313283e-05
3.07285745014289e-05
3.07281023860371e-05
3.07276302851524e-05
3.0727158198774e-05
3.07266861269012e-05
3.07262140695334e-05
3.07257420266699e-05
3.07252699983101e-05
3.07247979844533e-05
3.07243259850987e-05
3.07238540002458e-05
3.07233820298938e-05
3.07229100740422e-05
3.07224381326902e-05
3.07219662058372e-05
3.07214942934824e-05
3.07210223956253e-05
3.07205505122652e-05
3.07200786434013e-05
3.07196067890331e-05
3.07191349491598e-05
3.07186631237809e-05
3.07181913128955e-05
3.07177195165031e-05
3.0717247734603e-05
3.07167759671945e-05
3.07163042142769e-05
3.07158324758497e-05
3.0715360751912e-05
3.07148890424633e-05
3.07144173475029e-05
3.07139456670301e-05
3.07134740010443e-05
3.07130023495447e-05
3.07125307125307e-05
3.07120590900017e-05
3.07115874819569e-05
3.07111158883958e-05
3.07106443093176e-05
3.07101727447217e-05
3.07097011946074e-05
3.0709229658974e-05
3.07087581378209e-05
3.07082866311474e-05
3.07078151389529e-05
3.07073436612366e-05
3.07068721979979e-05
3.07064007492362e-05
3.07059293149507e-05
3.07054578951409e-05
3.07049864898059e-05
3.07045150989453e-05
3.07040437225583e-05
3.07035723606442e-05
3.07031010132023e-05
3.07026296802321e-05
3.07021583617328e-05
3.07016870577038e-05
3.07012157681444e-05
3.0700744493054e-05
3.07002732324318e-05
3.06998019862772e-05
3.06993307545895e-05
3.06988595373682e-05
3.06983883346124e-05
3.06979171463216e-05
3.06974459724951e-05
3.06969748131322e-05
3.06965036682322e-05
3.06960325377945e-05
3.06955614218184e-05
3.06950903203033e-05
3.06946192332484e-05
3.06941481606532e-05
3.06936771025169e-05
3.06932060588389e-05
3.06927350296185e-05
3.06922640148551e-05
3.06917930145479e-05
3.06913220286964e-05
3.06908510572998e-05
3.06903801003575e-05
3.06899091578689e-05
3.06894382298332e-05
3.06889673162498e-05
3.0688496417118e-05
3.06880255324372e-05
3.06875546622067e-05
3.06870838064259e-05
3.0686612965094e-05
3.06861421382104e-05
3.06856713257744e-05
3.06852005277855e-05
3.06847297442428e-05
3.06842589751458e-05
3.06837882204937e-05
3.0683317480286e-05
3.06828467545219e-05
3.06823760432008e-05
3.0681905346322e-05
3.06814346638849e-05
3.06809639958888e-05
3.06804933423329e-05
3.06800227032168e-05
3.06795520785397e-05
3.06790814683008e-05
3.06786108724997e-05
3.06781402911356e-05
3.06776697242078e-05
3.06771991717156e-05
3.06767286336585e-05
3.06762581100357e-05
3.06757876008466e-05
3.06753171060906e-05
3.06748466257669e-05
3.06743761598748e-05
3.06739057084139e-05
3.06734352713832e-05
3.06729648487823e-05
3.06724944406104e-05
3.06720240468669e-05
3.0671553667551e-05
3.06710833026623e-05
3.06706129521999e-05
3.06701426161632e-05
3.06696722945515e-05
3.06692019873643e-05
3.06687316946008e-05
3.06682614162603e-05
3.06677911523423e-05
3.06673209028459e-05
3.06668506677707e-05
3.06663804471158e-05
3.06659102408807e-05
3.06654400490647e-05
3.06649698716671e-05
3.06644997086873e-05
3.06640295601245e-05
3.06635594259782e-05
3.06630893062476e-05
3.06626192009321e-05
3.06621491100311e-05
3.06616790335439e-05
3.06612089714697e-05
3.06607389238081e-05
3.06602688905582e-05
3.06597988717194e-05
3.06593288672911e-05
3.06588588772726e-05
3.06583889016632e-05
3.06579189404623e-05
3.06574489936692e-05
3.06569790612833e-05
3.06565091433039e-05
3.06560392397302e-05
3.06555693505618e-05
3.06550994757978e-05
3.06546296154377e-05
3.06541597694807e-05
3.06536899379263e-05
3.06532201207737e-05
3.06527503180223e-05
3.06522805296714e-05
3.06518107557204e-05
3.06513409961686e-05
3.06508712510153e-05
3.06504015202599e-05
3.06499318039017e-05
3.06494621019401e-05
3.06489924143744e-05
3.06485227412039e-05
3.06480530824279e-05
3.06475834380459e-05
3.06471138080571e-05
3.06466441924609e-05
3.06461745912566e-05
3.06457050044436e-05
3.06452354320212e-05
3.06447658739887e-05
3.06442963303455e-05
3.06438268010909e-05
3.06433572862243e-05
3.06428877857449e-05
3.06424182996522e-05
3.06419488279455e-05
3.0641479370624e-05
3.06410099276872e-05
3.06405404991344e-05
3.06400710849649e-05
3.06396016851781e-05
3.06391322997733e-05
3.06386629287498e-05
3.0638193572107e-05
3.06377242298442e-05
3.06372549019608e-05
3.06367855884561e-05
3.06363162893294e-05
3.06358470045801e-05
3.06353777342075e-05
3.06349084782109e-05
3.06344392365898e-05
3.06339700093434e-05
3.0633500796471e-05
3.06330315979721e-05
3.06325624138459e-05
3.06320932440918e-05
3.06316240887092e-05
3.06311549476973e-05
3.06306858210555e-05
3.06302167087832e-05
3.06297476108797e-05
3.06292785273443e-05
3.06288094581764e-05
3.06283404033752e-05
3.06278713629403e-05
3.06274023368708e-05
3.06269333251662e-05
3.06264643278257e-05
3.06259953448487e-05
3.06255263762346e-05
3.06250574219827e-05
3.06245884820923e-05
3.06241195565627e-05
3.06236506453934e-05
3.06231817485837e-05
3.06227128661328e-05
3.06222439980402e-05
3.06217751443051e-05
3.0621306304927e-05
3.06208374799051e-05
3.06203686692388e-05
3.06198998729274e-05
3.06194310909703e-05
3.06189623233669e-05
3.06184935701163e-05
3.06180248312181e-05
3.06175561066716e-05
3.0617087396476e-05
3.06166187006307e-05
3.06161500191351e-05
3.06156813519885e-05
3.06152126991902e-05
3.06147440607397e-05
3.06142754366361e-05
3.06138068268789e-05
3.06133382314675e-05
3.0612869650401e-05
3.0612401083679e-05
3.06119325313007e-05
3.06114639932655e-05
3.06109954695727e-05
3.06105269602216e-05
3.06100584652117e-05
3.06095899845422e-05
3.06091215182124e-05
3.06086530662218e-05
3.06081846285697e-05
3.06077162052553e-05
3.06072477962782e-05
3.06067794016375e-05
3.06063110213326e-05
3.06058426553629e-05
3.06053743037277e-05
3.06049059664264e-05
3.06044376434583e-05
3.06039693348227e-05
3.0603501040519e-05
3.06030327605466e-05
3.06025644949047e-05
3.06020962435927e-05
3.060162800661e-05
3.06011597839558e-05
3.06006915756296e-05
3.06002233816307e-05
3.05997552019584e-05
3.0599287036612e-05
3.0598818885591e-05
3.05983507488946e-05
3.05978826265222e-05
3.05974145184732e-05
3.05969464247468e-05
3.05964783453425e-05
3.05960102802595e-05
3.05955422294972e-05
3.05950741930549e-05
3.05946061709321e-05
3.05941381631279e-05
3.05936701696419e-05
3.05932021904733e-05
3.05927342256214e-05
3.05922662750857e-05
3.05917983388654e-05
3.05913304169598e-05
3.05908625093685e-05
3.05903946160905e-05
3.05899267371255e-05
3.05894588724725e-05
3.05889910221311e-05
3.05885231861006e-05
3.05880553643802e-05
3.05875875569694e-05
3.05871197638674e-05
3.05866519850737e-05
3.05861842205876e-05
3.05857164704083e-05
3.05852487345353e-05
3.05847810129679e-05
3.05843133057055e-05
3.05838456127473e-05
3.05833779340928e-05
3.05829102697413e-05
3.0582442619692e-05
3.05819749839445e-05
3.05815073624979e-05
3.05810397553517e-05
3.05805721625052e-05
3.05801045839577e-05
3.05796370197086e-05
3.05791694697572e-05
3.05787019341029e-05
3.0578234412745e-05
3.05777669056829e-05
3.05772994129158e-05
3.05768319344433e-05
3.05763644702645e-05
3.05758970203788e-05
3.05754295847857e-05
3.05749621634843e-05
3.05744947564741e-05
3.05740273637545e-05
3.05735599853247e-05
3.05730926211841e-05
3.05726252713321e-05
3.05721579357679e-05
3.0571690614491e-05
3.05712233075006e-05
3.05707560147962e-05
3.05702887363771e-05
3.05698214722426e-05
3.05693542223921e-05
3.05688869868248e-05
3.05684197655402e-05
3.05679525585376e-05
3.05674853658164e-05
3.05670181873758e-05
3.05665510232153e-05
3.05660838733341e-05
3.05656167377317e-05
3.05651496164074e-05
3.05646825093604e-05
3.05642154165903e-05
3.05637483380962e-05
3.05632812738776e-05
3.05628142239337e-05
3.05623471882641e-05
3.05618801668679e-05
3.05614131597445e-05
3.05609461668933e-05
3.05604791883137e-05
3.05600122240049e-05
3.05595452739663e-05
3.05590783381973e-05
3.05586114166972e-05
3.05581445094654e-05
3.05576776165011e-05
3.05572107378039e-05
3.05567438733729e-05
3.05562770232075e-05
3.05558101873071e-05
3.05553433656711e-05
3.05548765582987e-05
3.05544097651894e-05
3.05539429863424e-05
3.05534762217571e-05
3.05530094714329e-05
3.05525427353692e-05
3.05520760135651e-05
3.05516093060202e-05
3.05511426127337e-05
3.0550675933705e-05
3.05502092689335e-05
3.05497426184184e-05
3.05492759821592e-05
3.05488093601552e-05
3.05483427524057e-05
3.054787615891e-05
3.05474095796676e-05
3.05469430146778e-05
3.05464764639399e-05
3.05460099274532e-05
3.05455434052172e-05
3.05450768972311e-05
3.05446104034943e-05
3.05441439240062e-05
3.0543677458766e-05
3.05432110077732e-05
3.05427445710272e-05
3.05422781485271e-05
3.05418117402724e-05
3.05413453462625e-05
3.05408789664967e-05
3.05404126009742e-05
3.05399462496946e-05
3.05394799126571e-05
3.0539013589861e-05
3.05385472813058e-05
3.05380809869908e-05
3.05376147069152e-05
3.05371484410786e-05
3.05366821894801e-05
3.05362159521192e-05
3.05357497289952e-05
3.05352835201075e-05
3.05348173254554e-05
3.05343511450382e-05
3.05338849788553e-05
3.0533418826906e-05
3.05329526891898e-05
3.05324865657059e-05
3.05320204564537e-05
3.05315543614325e-05
3.05310882806418e-05
3.05306222140807e-05
3.05301561617488e-05
3.05296901236452e-05
3.05292240997695e-05
3.05287580901209e-05
3.05282920946988e-05
3.05278261135025e-05
3.05273601465313e-05
3.05268941937847e-05
3.0526428255262e-05
3.05259623309625e-05
3.05254964208855e-05
3.05250305250305e-05
3.05245646433968e-05
3.05240987759836e-05
3.05236329227905e-05
3.05231670838166e-05
3.05227012590614e-05
3.05222354485242e-05
3.05217696522044e-05
3.05213038701013e-05
3.05208381022143e-05
3.05203723485427e-05
3.05199066090858e-05
3.0519440883843e-05
3.05189751728137e-05
3.05185094759972e-05
3.05180437933928e-05
3.0517578125e-05
3.0517112470818e-05
3.05166468308462e-05
3.0516181205084e-05
3.05157155935307e-05
3.05152499961856e-05
3.05147844130481e-05
3.05143188441176e-05
3.05138532893934e-05
3.05133877488748e-05
3.05129222225613e-05
3.0512456710452e-05
3.05119912125465e-05
3.05115257288441e-05
3.0511060259344e-05
3.05105948040457e-05
3.05101293629485e-05
3.05096639360517e-05
3.05091985233548e-05
3.0508733124857e-05
3.05082677405577e-05
3.05078023704562e-05
3.0507337014552e-05
3.05068716728443e-05
3.05064063453325e-05
3.0505941032016e-05
3.05054757328941e-05
3.05050104479661e-05
3.05045451772314e-05
3.05040799206894e-05
3.05036146783394e-05
3.05031494501807e-05
3.05026842362128e-05
3.05022190364349e-05
3.05017538508464e-05
3.05012886794467e-05
3.05008235222351e-05
3.0500358379211e-05
3.04998932503736e-05
3.04994281357225e-05
3.04989630352568e-05
3.0498497948976e-05
3.04980328768794e-05
3.04975678189664e-05
3.04971027752364e-05
3.04966377456885e-05
3.04961727303223e-05
3.04957077291371e-05
3.04952427421322e-05
3.0494777769307e-05
3.04943128106608e-05
3.0493847866193e-05
3.04933829359029e-05
3.04929180197899e-05
3.04924531178533e-05
3.04919882300925e-05
3.04915233565069e-05
3.04910584970957e-05
3.04905936518584e-05
3.04901288207943e-05
3.04896640039027e-05
3.0489199201183e-05
3.04887344126345e-05
3.04882696382567e-05
3.04878048780488e-05
3.04873401320102e-05
3.04868754001402e-05
3.04864106824383e-05
3.04859459789037e-05
3.04854812895359e-05
3.04850166143341e-05
3.04845519532977e-05
3.0484087306426e-05
3.04836226737185e-05
3.04831580551745e-05
3.04826934507933e-05
3.04822288605743e-05
3.04817642845168e-05
3.04812997226202e-05
3.04808351748838e-05
3.0480370641307e-05
3.04799061218891e-05
3.04794416166296e-05
3.04789771255277e-05
3.04785126485827e-05
3.04780481857942e-05
3.04775837371613e-05
3.04771193026835e-05
3.04766548823601e-05
3.04761904761905e-05
3.0475726084174e-05
3.04752617063099e-05
3.04747973425977e-05
3.04743329930366e-05
3.04738686576261e-05
3.04734043363654e-05
3.0472940029254e-05
3.04724757362912e-05
3.04720114574763e-05
3.04715471928087e-05
3.04710829422878e-05
3.04706187059128e-05
3.04701544836832e-05
3.04696902755983e-05
3.04692260816575e-05
3.04687619018601e-05
3.04682977362055e-05
3.0467833584693e-05
3.04673694473219e-05
3.04669053240917e-05
3.04664412150017e-05
3.04659771200512e-05
3.04655130392396e-05
3.04650489725662e-05
3.04645849200305e-05
3.04641208816317e-05
3.04636568573692e-05
3.04631928472423e-05
3.04627288512505e-05
3.0462264869393e-05
3.04618009016693e-05
3.04613369480787e-05
3.04608730086204e-05
3.0460409083294e-05
3.04599451720987e-05
3.04594812750339e-05
3.04590173920989e-05
3.04585535232932e-05
3.0458089668616e-05
3.04576258280667e-05
3.04571620016447e-05
3.04566981893493e-05
3.04562343911799e-05
3.04557706071358e-05
3.04553068372164e-05
3.0454843081421e-05
3.04543793397491e-05
3.04539156121998e-05
3.04534518987727e-05
3.04529881994671e-05
3.04525245142822e-05
3.04520608432176e-05
3.04515971862724e-05
3.04511335434462e-05
3.04506699147381e-05
3.04502063001477e-05
3.04497426996742e-05
3.0449279113317e-05
3.04488155410755e-05
3.04483519829489e-05
3.04478884389368e-05
3.04474249090383e-05
3.0446961393253e-05
3.044649789158e-05
3.04460344040189e-05
3.04455709305689e-05
3.04451074712294e-05
3.04446440259997e-05
3.04441805948793e-05
3.04437171778674e-05
3.04432537749635e-05
3.04427903861668e-05
3.04423270114768e-05
3.04418636508927e-05
3.0441400304414e-05
3.044093697204e-05
3.04404736537701e-05
3.04400103496035e-05
3.04395470595398e-05
3.04390837835781e-05
3.0438620521718e-05
3.04381572739586e-05
3.04376940402995e-05
3.04372308207399e-05
3.04367676152793e-05
3.04363044239168e-05
3.04358412466521e-05
3.04353780834842e-05
3.04349149344128e-05
3.0434451799437e-05
3.04339886785562e-05
3.04335255717699e-05
3.04330624790773e-05
3.04325994004778e-05
3.04321363359708e-05
3.04316732855556e-05
3.04312102492316e-05
3.04307472269982e-05
3.04302842188546e-05
3.04298212248003e-05
3.04293582448346e-05
3.04288952789569e-05
3.04284323271665e-05
3.04279693894628e-05
3.04275064658451e-05
3.04270435563129e-05
3.04265806608653e-05
3.04261177795019e-05
3.0425654912222e-05
3.04251920590249e-05
3.04247292199099e-05
3.04242663948766e-05
3.04238035839241e-05
3.04233407870518e-05
3.04228780042592e-05
3.04224152355456e-05
3.04219524809102e-05
3.04214897403526e-05
3.0421027013872e-05
3.04205643014678e-05
3.04201016031394e-05
3.0419638918886e-05
3.04191762487072e-05
3.04187135926022e-05
3.04182509505703e-05
3.04177883226111e-05
3.04173257087237e-05
3.04168631089076e-05
3.04164005231621e-05
3.04159379514866e-05
3.04154753938804e-05
3.04150128503429e-05
3.04145503208735e-05
3.04140878054715e-05
3.04136253041363e-05
3.04131628168671e-05
3.04127003436635e-05
3.04122378845247e-05
3.04117754394502e-05
3.04113130084391e-05
3.0410850591491e-05
3.04103881886052e-05
3.0409925799781e-05
3.04094634250179e-05
3.0409001064315e-05
3.04085387176719e-05
3.04080763850879e-05
3.04076140665623e-05
3.04071517620944e-05
3.04066894716838e-05
3.04062271953296e-05
3.04057649330313e-05
3.04053026847882e-05
3.04048404505997e-05
3.04043782304652e-05
3.04039160243839e-05
3.04034538323554e-05
3.04029916543788e-05
3.04025294904536e-05
3.04020673405792e-05
3.04016052047548e-05
3.04011430829799e-05
3.04006809752538e-05
3.04002188815759e-05
3.03997568019456e-05
3.03992947363621e-05
3.03988326848249e-05
3.03983706473333e-05
3.03979086238867e-05
3.03974466144844e-05
3.03969846191258e-05
3.03965226378102e-05
3.03960606705371e-05
3.03955987173057e-05
3.03951367781155e-05
3.03946748529658e-05
3.03942129418559e-05
3.03937510447852e-05
3.03932891617531e-05
3.03928272927589e-05
3.0392365437802e-05
3.03919035968818e-05
3.03914417699976e-05
3.03909799571487e-05
3.03905181583346e-05
3.03900563735546e-05
3.0389594602808e-05
3.03891328460942e-05
3.03886711034126e-05
3.03882093747626e-05
3.03877476601434e-05
3.03872859595545e-05
3.03868242729952e-05
3.03863626004649e-05
3.03859009419629e-05
3.03854392974886e-05
3.03849776670414e-05
3.03845160506206e-05
3.03840544482256e-05
3.03835928598557e-05
3.03831312855103e-05
3.03826697251888e-05
3.03822081788904e-05
3.03817466466147e-05
3.03812851283609e-05
3.03808236241284e-05
3.03803621339166e-05
3.03799006577248e-05
3.03794391955524e-05
3.03789777473988e-05
3.03785163132633e-05
3.03780548931452e-05
3.0377593487044e-05
3.03771320949589e-05
3.03766707168894e-05
3.03762093528349e-05
3.03757480027946e-05
3.03752866667679e-05
3.03748253447543e-05
3.0374364036753e-05
3.03739027427634e-05
3.03734414627849e-05
3.03729801968169e-05
3.03725189448587e-05
3.03720577069096e-05
3.03715964829691e-05
3.03711352730365e-05
3.03706740771111e-05
3.03702128951924e-05
3.03697517272796e-05
3.03692905733722e-05
3.03688294334695e-05
3.03683683075708e-05
3.03679071956756e-05
3.03674460977832e-05
3.03669850138929e-05
3.03665239440041e-05
3.03660628881162e-05
3.03656018462286e-05
3.03651408183405e-05
3.03646798044515e-05
3.03642188045607e-05
3.03637578186676e-05
3.03632968467716e-05
3.0362835888872e-05
3.03623749449682e-05
3.03619140150595e-05
3.03614530991453e-05
3.0360992197225e-05
3.03605313092979e-05
3.03600704353634e-05
3.03596095754209e-05
3.03591487294696e-05
3.03586878975091e-05
3.03582270795386e-05
3.03577662755574e-05
3.03573054855651e-05
3.03568447095609e-05
3.03563839475442e-05
3.03559231995143e-05
3.03554624654707e-05
3.03550017454126e-05
3.03545410393395e-05
3.03540803472507e-05
3.03536196691455e-05
3.03531590050234e-05
3.03526983548837e-05
3.03522377187258e-05
3.0351777096549e-05
3.03513164883527e-05
3.03508558941362e-05
3.0350395313899e-05
3.03499347476403e-05
3.03494741953596e-05
3.03490136570561e-05
3.03485531327294e-05
3.03480926223787e-05
3.03476321260034e-05
3.03471716436028e-05
3.03467111751764e-05
3.03462507207235e-05
3.03457902802434e-05
3.03453298537355e-05
3.03448694411992e-05
3.03444090426339e-05
3.03439486580389e-05
3.03434882874135e-05
3.03430279307572e-05
3.03425675880693e-05
3.03421072593492e-05
3.03416469445962e-05
3.03411866438096e-05
3.0340726356989e-05
3.03402660841336e-05
3.03398058252427e-05
3.03393455803158e-05
3.03388853493523e-05
3.03384251323514e-05
3.03379649293125e-05
3.03375047402351e-05
3.03370445651185e-05
3.0336584403962e-05
3.0336124256765e-05
3.03356641235268e-05
3.03352040042469e-05
3.03347438989246e-05
3.03342838075593e-05
3.03338237301503e-05
3.0333363666697e-05
3.03329036171988e-05
3.03324435816549e-05
3.03319835600649e-05
3.0331523552428e-05
3.03310635587437e-05
3.03306035790112e-05
3.033014361323e-05
3.03296836613994e-05
3.03292237235188e-05
3.03287637995875e-05
3.0328303889605e-05
3.03278439935705e-05
3.03273841114835e-05
3.03269242433432e-05
3.03264643891492e-05
3.03260045489007e-05
3.03255447225971e-05
3.03250849102377e-05
3.03246251118221e-05
3.03241653273494e-05
3.0323705556819e-05
3.03232458002305e-05
3.0322786057583e-05
3.0322326328876e-05
3.03218666141088e-05
3.03214069132808e-05
3.03209472263914e-05
3.03204875534399e-05
3.03200278944257e-05
3.03195682493481e-05
3.03191086182066e-05
3.03186490010005e-05
3.03181893977292e-05
3.03177298083919e-05
3.03172702329882e-05
3.03168106715174e-05
3.03163511239787e-05
3.03158915903717e-05
3.03154320706956e-05
3.03149725649498e-05
3.03145130731338e-05
3.03140535952468e-05
3.03135941312882e-05
3.03131346812574e-05
3.03126752451538e-05
3.03122158229767e-05
3.03117564147255e-05
3.03112970203995e-05
3.03108376399982e-05
3.03103782735209e-05
3.03099189209669e-05
3.03094595823356e-05
3.03090002576265e-05
3.03085409468388e-05
3.0308081649972e-05
3.03076223670253e-05
3.03071630979982e-05
3.030670384289e-05
3.03062446017002e-05
3.0305785374428e-05
3.03053261610728e-05
3.0304866961634e-05
3.0304407776111e-05
3.03039486045032e-05
3.03034894468098e-05
3.03030303030303e-05
3.0302571173164e-05
3.03021120572104e-05
3.03016529551687e-05
3.03011938670384e-05
3.03007347928187e-05
3.03002757325092e-05
3.0299816686109e-05
3.02993576536177e-05
3.02988986350346e-05
3.0298439630359e-05
3.02979806395904e-05
3.0297521662728e-05
3.02970626997713e-05
3.02966037507195e-05
3.02961448155722e-05
3.02956858943286e-05
3.02952269869882e-05
3.02947680935502e-05
3.02943092140141e-05
3.02938503483793e-05
3.0293391496645e-05
3.02929326588107e-05
3.02924738348757e-05
3.02920150248395e-05
3.02915562287012e-05
3.02910974464605e-05
3.02906386781165e-05
3.02901799236687e-05
3.02897211831165e-05
3.02892624564592e-05
3.02888037436961e-05
3.02883450448268e-05
3.02878863598504e-05
3.02874276887664e-05
3.02869690315742e-05
3.02865103882731e-05
3.02860517588625e-05
3.02855931433417e-05
3.02851345417102e-05
3.02846759539673e-05
3.02842173801124e-05
3.02837588201448e-05
3.02833002740639e-05
3.02828417418691e-05
3.02823832235597e-05
3.02819247191351e-05
3.02814662285948e-05
3.0281007751938e-05
3.02805492891641e-05
3.02800908402725e-05
3.02796324052626e-05
3.02791739841337e-05
3.02787155768852e-05
3.02782571835165e-05
3.02777988040269e-05
3.02773404384159e-05
3.02768820866827e-05
3.02764237488268e-05
3.02759654248475e-05
3.02755071147442e-05
3.02750488185162e-05
3.0274590536163e-05
3.02741322676839e-05
3.02736740130782e-05
3.02732157723454e-05
3.02727575454848e-05
3.02722993324958e-05
3.02718411333777e-05
3.027138294813e-05
3.02709247767519e-05
3.02704666192429e-05
3.02700084756024e-05
3.02695503458296e-05
3.0269092229924e-05
3.0268634127885e-05
3.02681760397118e-05
3.0267717965404e-05
3.02672599049608e-05
3.02668018583816e-05
3.02663438256659e-05
3.02658858068129e-05
3.0265427801822e-05
3.02649698106926e-05
3.02645118334241e-05
3.02640538700159e-05
3.02635959204673e-05
3.02631379847776e-05
3.02626800629464e-05
3.02622221549728e-05
3.02617642608564e-05
3.02613063805965e-05
3.02608485141923e-05
3.02603906616434e-05
3.02599328229491e-05
3.02594749981088e-05
3.02590171871218e-05
3.02585593899874e-05
3.02581016067052e-05
3.02576438372744e-05
3.02571860816944e-05
3.02567283399646e-05
3.02562706120844e-05
3.0255812898053e-05
3.025535519787e-05
3.02548975115347e-05
3.02544398390464e-05
3.02539821804045e-05
3.02535245356084e-05
3.02530669046575e-05
3.02526092875511e-05
3.02521516842885e-05
3.02516940948693e-05
3.02512365192927e-05
3.02507789575582e-05
3.0250321409665e-05
3.02498638756126e-05
3.02494063554003e-05
3.02489488490275e-05
3.02484913564936e-05
3.02480338777979e-05
3.02475764129399e-05
3.02471189619189e-05
3.02466615247342e-05
3.02462041013853e-05
3.02457466918715e-05
3.02452892961921e-05
3.02448319143466e-05
3.02443745463344e-05
3.02439171921547e-05
3.0243459851807e-05
3.02430025252907e-05
3.02425452126051e-05
3.02420879137496e-05
3.02416306287235e-05
3.02411733575263e-05
3.02407161001573e-05
3.02402588566158e-05
3.02398016269013e-05
3.02393444110132e-05
3.02388872089507e-05
3.02384300207133e-05
3.02379728463004e-05
3.02375156857113e-05
3.02370585389453e-05
3.0236601406002e-05
3.02361442868805e-05
3.02356871815804e-05
3.0235230090101e-05
3.02347730124416e-05
3.02343159486017e-05
3.02338588985805e-05
3.02334018623776e-05
3.02329448399921e-05
3.02324878314236e-05
3.02320308366715e-05
3.02315738557349e-05
3.02311168886134e-05
3.02306599353064e-05
3.02302029958131e-05
3.0229746070133e-05
3.02292891582654e-05
3.02288322602098e-05
3.02283753759654e-05
3.02279185055317e-05
3.0227461648908e-05
3.02270048060938e-05
3.02265479770883e-05
3.02260911618909e-05
3.02256343605011e-05
3.02251775729182e-05
3.02247207991416e-05
3.02242640391706e-05
3.02238072930047e-05
3.02233505606432e-05
3.02228938420854e-05
3.02224371373308e-05
3.02219804463787e-05
3.02215237692284e-05
3.02210671058795e-05
3.02206104563312e-05
3.02201538205829e-05
3.02196971986341e-05
3.0219240590484e-05
3.0218783996132e-05
3.02183274155775e-05
3.021787084882e-05
3.02174142958587e-05
3.02169577566931e-05
3.02165012313224e-05
3.02160447197462e-05
3.02155882219637e-05
3.02151317379744e-05
3.02146752677776e-05
3.02142188113726e-05
3.0213762368759e-05
3.02133059399359e-05
3.02128495249029e-05
3.02123931236593e-05
3.02119367362045e-05
3.02114803625378e-05
3.02110240026586e-05
3.02105676565663e-05
3.02101113242602e-05
3.02096550057398e-05
3.02091987010045e-05
3.02087424100535e-05
3.02082861328863e-05
3.02078298695022e-05
3.02073736199006e-05
3.0206917384081e-05
3.02064611620426e-05
3.02060049537848e-05
3.02055487593071e-05
3.02050925786088e-05
3.02046364116892e-05
3.02041802585478e-05
3.02037241191839e-05
3.02032679935969e-05
3.02028118817862e-05
3.02023557837511e-05
3.02018996994911e-05
3.02014436290055e-05
3.02009875722936e-05
3.02005315293549e-05
3.02000755001888e-05
3.01996194847945e-05
3.01991634831715e-05
3.01987074953192e-05
3.01982515212369e-05
3.01977955609241e-05
3.019733961438e-05
3.01968836816041e-05
3.01964277625957e-05
3.01959718573542e-05
3.01955159658791e-05
3.01950600881696e-05
3.01946042242251e-05
3.01941483740451e-05
3.01936925376289e-05
3.01932367149758e-05
3.01927809060854e-05
3.01923251109568e-05
3.01918693295895e-05
3.0191413561983e-05
3.01909578081365e-05
3.01905020680494e-05
3.01900463417211e-05
3.01895906291511e-05
3.01891349303386e-05
3.0188679245283e-05
3.01882235739838e-05
3.01877679164403e-05
3.01873122726518e-05
3.01868566426178e-05
3.01864010263376e-05
3.01859454238107e-05
3.01854898350363e-05
3.01850342600139e-05
3.01845786987428e-05
3.01841231512225e-05
3.01836676174522e-05
3.01832120974314e-05
3.01827565911595e-05
3.01823010986358e-05
3.01818456198597e-05
3.01813901548305e-05
3.01809347035478e-05
3.01804792660107e-05
3.01800238422188e-05
3.01795684321714e-05
3.01791130358679e-05
3.01786576533076e-05
3.01782022844899e-05
3.01777469294143e-05
3.017729158808e-05
3.01768362604865e-05
3.01763809466331e-05
3.01759256465192e-05
3.01754703601442e-05
3.01750150875075e-05
3.01745598286085e-05
3.01741045834465e-05
3.01736493520209e-05
3.01731941343311e-05
3.01727389303764e-05
3.01722837401563e-05
3.01718285636701e-05
3.01713734009172e-05
3.0170918251897e-05
3.01704631166088e-05
3.01700079950521e-05
3.01695528872262e-05
3.01690977931305e-05
3.01686427127644e-05
3.01681876461272e-05
3.01677325932183e-05
3.01672775540371e-05
3.01668225285831e-05
3.01663675168555e-05
3.01659125188537e-05
3.01654575345772e-05
3.01650025640252e-05
3.01645476071973e-05
3.01640926640927e-05
3.01636377347108e-05
3.01631828190511e-05
3.01627279171128e-05
3.01622730288955e-05
3.01618181543983e-05
3.01613632936209e-05
3.01609084465624e-05
3.01604536132223e-05
3.01599987936e-05
3.01595439876949e-05
3.01590891955063e-05
3.01586344170336e-05
3.01581796522762e-05
3.01577249012335e-05
3.01572701639048e-05
3.01568154402895e-05
3.01563607303871e-05
3.01559060341968e-05
3.01554513517181e-05
3.01549966829504e-05
3.01545420278929e-05
3.01540873865452e-05
3.01536327589066e-05
3.01531781449765e-05
3.01527235447542e-05
3.01522689582391e-05
3.01518143854306e-05
3.01513598263282e-05
3.01509052809311e-05
3.01504507492387e-05
3.01499962312505e-05
3.01495417269658e-05
3.01490872363839e-05
3.01486327595044e-05
3.01481782963264e-05
3.01477238468496e-05
3.01472694110731e-05
3.01468149889964e-05
3.01463605806189e-05
3.01459061859399e-05
3.01454518049589e-05
3.01449974376752e-05
3.01445430840882e-05
3.01440887441973e-05
3.01436344180018e-05
3.01431801055011e-05
3.01427258066947e-05
3.01422715215819e-05
3.0141817250162e-05
3.01413629924345e-05
3.01409087483988e-05
3.01404545180541e-05
3.01400003014e-05
3.01395460984358e-05
3.01390919091608e-05
3.01386377335744e-05
3.01381835716761e-05
3.01377294234652e-05
3.01372752889411e-05
3.01368211681032e-05
3.01363670609508e-05
3.01359129674833e-05
3.01354588877002e-05
3.01350048216008e-05
3.01345507691844e-05
3.01340967304505e-05
3.01336427053984e-05
3.01331886940276e-05
3.01327346963374e-05
3.01322807123271e-05
3.01318267419962e-05
3.01313727853441e-05
3.01309188423701e-05
3.01304649130736e-05
3.0130010997454e-05
3.01295570955107e-05
3.0129103207243e-05
3.01286493326504e-05
3.01281954717322e-05
3.01277416244878e-05
3.01272877909166e-05
3.0126833971018e-05
3.01263801647913e-05
3.01259263722359e-05
3.01254725933513e-05
3.01250188281368e-05
3.01245650765917e-05
3.01241113387155e-05
3.01236576145076e-05
3.01232039039672e-05
3.01227502070939e-05
3.0122296523887e-05
3.01218428543458e-05
3.01213891984698e-05
3.01209355562584e-05
3.01204819277108e-05
3.01200283128266e-05
3.01195747116051e-05
3.01191211240456e-05
3.01186675501476e-05
3.01182139899104e-05
3.01177604433334e-05
3.01173069104161e-05
3.01168533911577e-05
3.01163998855577e-05
3.01159463936154e-05
3.01154929153303e-05
3.01150394507017e-05
3.0114585999729e-05
3.01141325624115e-05
3.01136791387488e-05
3.01132257287401e-05
3.01127723323848e-05
3.01123189496823e-05
3.0111865580632e-05
3.01114122252334e-05
3.01109588834856e-05
3.01105055553883e-05
3.01100522409406e-05
3.01095989401421e-05
3.01091456529921e-05
3.010869237949e-05
3.01082391196351e-05
3.01077858734269e-05
3.01073326408647e-05
3.01068794219479e-05
3.01064262166759e-05
3.01059730250482e-05
3.0105519847064e-05
3.01050666827227e-05
3.01046135320238e-05
3.01041603949666e-05
3.01037072715505e-05
3.01032541617749e-05
3.01028010656392e-05
3.01023479831427e-05
3.01018949142849e-05
3.0101441859065e-05
3.01009888174827e-05
3.01005357895371e-05
3.01000827752276e-05
3.00996297745538e-05
3.00991767875149e-05
3.00987238141103e-05
3.00982708543394e-05
3.00978179082017e-05
3.00973649756964e-05
3.0096912056823e-05
3.00964591515808e-05
3.00960062599693e-05
3.00955533819878e-05
3.00951005176357e-05
3.00946476669124e-05
3.00941948298173e-05
3.00937420063498e-05
3.00932891965092e-05
3.00928364002949e-05
3.00923836177064e-05
3.00919308487429e-05
3.00914780934039e-05
3.00910253516889e-05
3.0090572623597e-05
3.00901199091278e-05
3.00896672082807e-05
3.00892145210549e-05
3.008876184745e-05
3.00883091874652e-05
3.00878565411e-05
3.00874039083538e-05
3.00869512892259e-05
3.00864986837157e-05
3.00860460918226e-05
3.0085593513546e-05
3.00851409488853e-05
3.00846883978399e-05
3.00842358604091e-05
3.00837833365924e-05
3.00833308263891e-05
3.00828783297986e-05
3.00824258468203e-05
3.00819733774536e-05
3.00815209216978e-05
3.00810684795524e-05
3.00806160510167e-05
3.00801636360902e-05
3.00797112347721e-05
3.0079258847062e-05
3.00788064729592e-05
3.0078354112463e-05
3.00779017655728e-05
3.00774494322881e-05
3.00769971126083e-05
3.00765448065326e-05
3.00760925140606e-05
3.00756402351915e-05
3.00751879699248e-05
3.00747357182599e-05
3.00742834801961e-05
3.00738312557328e-05
3.00733790448695e-05
3.00729268476054e-05
3.00724746639401e-05
3.00720224938728e-05
3.0071570337403e-05
3.00711181945301e-05
3.00706660652533e-05
3.00702139495722e-05
3.00697618474862e-05
3.00693097589945e-05
3.00688576840966e-05
3.00684056227919e-05
3.00679535750797e-05
3.00675015409595e-05
3.00670495204306e-05
3.00665975134924e-05
3.00661455201443e-05
3.00656935403857e-05
3.0065241574216e-05
3.00647896216346e-05
3.00643376826409e-05
3.00638857572341e-05
3.00634338454138e-05
3.00629819471793e-05
3.00625300625301e-05
3.00620781914654e-05
3.00616263339847e-05
3.00611744900873e-05
3.00607226597727e-05
3.00602708430403e-05
3.00598190398894e-05
3.00593672503194e-05
3.00589154743297e-05
3.00584637119197e-05
3.00580119630888e-05
3.00575602278363e-05
3.00571085061617e-05
3.00566567980644e-05
3.00562051035436e-05
3.00557534225989e-05
3.00553017552296e-05
3.00548501014351e-05
3.00543984612148e-05
3.00539468345681e-05
3.00534952214943e-05
3.00530436219928e-05
3.00525920360631e-05
3.00521404637045e-05
3.00516889049165e-05
3.00512373596983e-05
3.00507858280494e-05
3.00503343099692e-05
3.00498828054571e-05
3.00494313145124e-05
3.00489798371345e-05
3.00485283733229e-05
3.00480769230769e-05
3.00476254863959e-05
3.00471740632793e-05
3.00467226537265e-05
3.00462712577369e-05
3.00458198753098e-05
3.00453685064447e-05
3.0044917151141e-05
3.00444658093979e-05
3.0044014481215e-05
3.00435631665916e-05
3.0043111865527e-05
3.00426605780208e-05
3.00422093040722e-05
3.00417580436807e-05
3.00413067968457e-05
3.00408555635664e-05
3.00404043438425e-05
3.00399531376731e-05
3.00395019450578e-05
3.00390507659958e-05
3.00385996004866e-05
3.00381484485296e-05
3.00376973101242e-05
3.00372461852697e-05
3.00367950739656e-05
3.00363439762112e-05
3.00358928920059e-05
3.00354418213492e-05
3.00349907642403e-05
3.00345397206788e-05
3.00340886906639e-05
3.00336376741951e-05
3.00331866712718e-05
3.00327356818933e-05
3.0032284706059e-05
3.00318337437684e-05
3.00313827950208e-05
3.00309318598156e-05
3.00304809381522e-05
3.003003003003e-05
3.00295791354484e-05
3.00291282544068e-05
3.00286773869045e-05
3.0028226532941e-05
3.00277756925156e-05
3.00273248656277e-05
3.00268740522768e-05
3.00264232524622e-05
3.00259724661832e-05
3.00255216934394e-05
3.00250709342301e-05
3.00246201885546e-05
3.00241694564124e-05
3.00237187378029e-05
3.00232680327254e-05
3.00228173411793e-05
3.00223666631641e-05
3.0021915998679e-05
3.00214653477236e-05
3.00210147102972e-05
3.00205640863992e-05
3.00201134760289e-05
3.00196628791859e-05
3.00192122958694e-05
3.00187617260788e-05
3.00183111698136e-05
3.00178606270731e-05
3.00174100978568e-05
3.00169595821639e-05
3.0016509079994e-05
3.00160585913464e-05
3.00156081162204e-05
3.00151576546156e-05
3.00147072065312e-05
3.00142567719667e-05
3.00138063509214e-05
3.00133559433948e-05
3.00129055493862e-05
3.00124551688951e-05
3.00120048019208e-05
3.00115544484627e-05
3.00111041085202e-05
3.00106537820926e-05
3.00102034691795e-05
3.00097531697802e-05
3.0009302883894e-05
3.00088526115204e-05
3.00084023526587e-05
3.00079521073084e-05
3.00075018754689e-05
3.00070516571394e-05
3.00066014523195e-05
3.00061512610085e-05
3.00057010832058e-05
3.00052509189108e-05
3.00048007681229e-05
3.00043506308415e-05
3.00039005070659e-05
3.00034503967956e-05
3.000300030003e-05
3.00025502167684e-05
3.00021001470103e-05
3.0001650090755e-05
3.00012000480019e-05
3.00007500187505e-05
3.0000300003e-05
2.999985000075e-05
2.99994000119998e-05
2.99989500367487e-05
2.99985000749963e-05
2.99980501267418e-05
2.99976001919846e-05
2.99971502707243e-05
2.99967003629601e-05
2.99962504686914e-05
2.99958005879177e-05
2.99953507206383e-05
2.99949008668526e-05
2.99944510265601e-05
2.999400119976e-05
2.99935513864519e-05
2.99931015866351e-05
2.99926518003089e-05
2.99922020274729e-05
2.99917522681263e-05
2.99913025222685e-05
2.99908527898991e-05
2.99904030710173e-05
2.99899533656225e-05
2.99895036737142e-05
2.99890539952917e-05
2.99886043303545e-05
2.99881546789018e-05
2.99877050409332e-05
2.9987255416448e-05
2.99868058054456e-05
2.99863562079254e-05
2.99859066238868e-05
2.99854570533291e-05
2.99850074962519e-05
2.99845579526544e-05
2.99841084225361e-05
2.99836589058963e-05
2.99832094027345e-05
2.998275991305e-05
2.99823104368423e-05
2.99818609741107e-05
2.99814115248546e-05
2.99809620890734e-05
2.99805126667666e-05
2.99800632579335e-05
2.99796138625734e-05
2.99791644806859e-05
2.99787151122703e-05
2.99782657573259e-05
2.99778164158523e-05
2.99773670878487e-05
2.99769177733145e-05
2.99764684722493e-05
2.99760191846523e-05
2.99755699105229e-05
2.99751206498606e-05
2.99746714026647e-05
2.99742221689347e-05
2.99737729486699e-05
2.99733237418697e-05
2.99728745485336e-05
2.99724253686608e-05
2.99719762022509e-05
2.99715270493032e-05
2.9971077909817e-05
2.99706287837919e-05
2.99701796712271e-05
2.99697305721222e-05
2.99692814864764e-05
2.99688324142891e-05
2.99683833555599e-05
2.9967934310288e-05
2.99674852784729e-05
2.99670362601139e-05
2.99665872552104e-05
2.99661382637619e-05
2.99656892857678e-05
2.99652403212274e-05
2.99647913701401e-05
2.99643424325053e-05
2.99638935083225e-05
2.99634445975909e-05
2.99629957003101e-05
2.99625468164794e-05
2.99620979460982e-05
2.99616490891659e-05
2.99612002456818e-05
2.99607514156455e-05
2.99603025990562e-05
2.99598537959135e-05
2.99594050062166e-05
2.99589562299649e-05
2.9958507467158e-05
2.99580587177951e-05
2.99576099818756e-05
2.99571612593991e-05
2.99567125503647e-05
2.9956263854772e-05
2.99558151726204e-05
2.99553665039092e-05
2.99549178486378e-05
2.99544692068057e-05
2.99540205784121e-05
2.99535719634566e-05
2.99531233619386e-05
2.99526747738573e-05
2.99522261992123e-05
2.99517776380028e-05
2.99513290902284e-05
2.99508805558883e-05
2.99504320349821e-05
2.99499835275091e-05
2.99495350334686e-05
2.99490865528601e-05
2.99486380856831e-05
2.99481896319367e-05
2.99477411916206e-05
2.99472927647341e-05
2.99468443512765e-05
2.99463959512473e-05
2.99459475646458e-05
2.99454991914715e-05
2.99450508317238e-05
2.9944602485402e-05
2.99441541525056e-05
2.99437058330339e-05
2.99432575269864e-05
2.99428092343624e-05
2.99423609551613e-05
2.99419126893826e-05
2.99414644370256e-05
2.99410161980898e-05
2.99405679725744e-05
2.9940119760479e-05
2.9939671561803e-05
2.99392233765456e-05
2.99387752047064e-05
2.99383270462847e-05
2.99378789012798e-05
2.99374307696913e-05
2.99369826515186e-05
2.99365345467609e-05
2.99360864554177e-05
2.99356383774884e-05
2.99351903129724e-05
2.99347422618691e-05
2.99342942241779e-05
2.99338461998982e-05
2.99333981890294e-05
2.99329501915709e-05
2.9932502207522e-05
2.99320542368823e-05
2.9931606279651e-05
2.99311583358276e-05
2.99307104054115e-05
2.9930262488402e-05
2.99298145847986e-05
2.99293666946007e-05
2.99289188178077e-05
2.99284709544189e-05
2.99280231044338e-05
2.99275752678518e-05
2.99271274446722e-05
2.99266796348945e-05
2.99262318385181e-05
2.99257840555423e-05
2.99253362859665e-05
2.99248885297902e-05
2.99244407870128e-05
2.99239930576336e-05
2.99235453416521e-05
2.99230976390676e-05
2.99226499498796e-05
2.99222022740874e-05
2.99217546116904e-05
2.99213069626881e-05
2.99208593270799e-05
2.99204117048651e-05
2.99199640960431e-05
2.99195165006133e-05
2.99190689185753e-05
2.99186213499282e-05
2.99181737946716e-05
2.99177262528048e-05
2.99172787243272e-05
2.99168312092383e-05
2.99163837075374e-05
2.9915936219224e-05
2.99154887442974e-05
2.9915041282757e-05
2.99145938346022e-05
2.99141463998325e-05
2.99136989784472e-05
2.99132515704457e-05
2.99128041758275e-05
2.99123567945918e-05
2.99119094267383e-05
2.99114620722661e-05
2.99110147311748e-05
2.99105674034636e-05
2.99101200891322e-05
2.99096727881797e-05
2.99092255006057e-05
2.99087782264095e-05
2.99083309655905e-05
2.99078837181481e-05
2.99074364840818e-05
2.99069892633909e-05
2.99065420560748e-05
2.99060948621329e-05
2.99056476815647e-05
2.99052005143694e-05
2.99047533605467e-05
2.99043062200957e-05
2.9903859093016e-05
2.99034119793068e-05
2.99029648789677e-05
2.99025177919981e-05
2.99020707183972e-05
2.99016236581646e-05
2.99011766112997e-05
2.99007295778017e-05
2.99002825576702e-05
2.98998355509045e-05
2.9899388557504e-05
2.98989415774682e-05
2.98984946107963e-05
2.9898047657488e-05
2.98976007175424e-05
2.98971537909591e-05
2.98967068777374e-05
2.98962599778768e-05
2.98958130913766e-05
2.98953662182362e-05
2.9894919358455e-05
2.98944725120325e-05
2.98940256789681e-05
2.9893578859261e-05
2.98931320529108e-05
2.98926852599169e-05
2.98922384802786e-05
2.98917917139953e-05
2.98913449610665e-05
2.98908982214916e-05
2.98904514952698e-05
2.98900047824008e-05
2.98895580828837e-05
2.98891113967182e-05
2.98886647239035e-05
2.9888218064439e-05
2.98877714183242e-05
2.98873247855584e-05
2.98868781661412e-05
2.98864315600717e-05
2.98859849673496e-05
2.98855383879741e-05
2.98850918219446e-05
2.98846452692607e-05
2.98841987299216e-05
2.98837522039267e-05
2.98833056912756e-05
2.98828591919675e-05
2.98824127060019e-05
2.98819662333782e-05
2.98815197740957e-05
2.98810733281539e-05
2.98806268955523e-05
2.98801804762901e-05
2.98797340703668e-05
2.98792876777818e-05
2.98788412985344e-05
2.98783949326242e-05
2.98779485800505e-05
2.98775022408127e-05
2.98770559149101e-05
2.98766096023423e-05
2.98761633031086e-05
2.98757170172084e-05
2.98752707446411e-05
2.98748244854061e-05
2.98743782395029e-05
2.98739320069308e-05
2.98734857876891e-05
2.98730395817774e-05
2.98725933891951e-05
2.98721472099414e-05
2.9871701044016e-05
2.9871254891418e-05
2.9870808752147e-05
2.98703626262023e-05
2.98699165135833e-05
2.98694704142896e-05
2.98690243283203e-05
2.9868578255675e-05
2.98681321963531e-05
2.98676861503539e-05
2.98672401176769e-05
2.98667940983215e-05
2.9866348092287e-05
2.98659020995729e-05
2.98654561201786e-05
2.98650101541035e-05
2.98645642013469e-05
2.98641182619083e-05
2.98636723357871e-05
2.98632264229827e-05
2.98627805234945e-05
2.98623346373219e-05
2.98618887644644e-05
2.98614429049212e-05
2.98609970586918e-05
2.98605512257756e-05
2.98601054061721e-05
2.98596595998806e-05
2.98592138069005e-05
2.98587680272312e-05
2.98583222608722e-05
2.98578765078228e-05
2.98574307680824e-05
2.98569850416505e-05
2.98565393285264e-05
2.98560936287096e-05
2.98556479421995e-05
2.98552022689954e-05
2.98547566090967e-05
2.9854310962503e-05
2.98538653292135e-05
2.98534197092277e-05
2.9852974102545e-05
2.98525285091647e-05
2.98520829290864e-05
2.98516373623093e-05
2.9851191808833e-05
2.98507462686567e-05
2.985030074178e-05
2.98498552282021e-05
2.98494097279226e-05
2.98489642409408e-05
2.98485187672562e-05
2.9848073306868e-05
2.98476278597758e-05
2.9847182425979e-05
2.98467370054769e-05
2.98462915982689e-05
2.98458462043545e-05
2.98454008237331e-05
2.9844955456404e-05
2.98445101023667e-05
2.98440647616205e-05
2.9843619434165e-05
2.98431741199994e-05
2.98427288191232e-05
2.98422835315358e-05
2.98418382572366e-05
2.98413929962251e-05
2.98409477485005e-05
2.98405025140623e-05
2.984005729291e-05
2.98396120850429e-05
2.98391668904604e-05
2.9838721709162e-05
2.9838276541147e-05
2.98378313864148e-05
2.98373862449649e-05
2.98369411167967e-05
2.98364960019095e-05
2.98360509003028e-05
2.9835605811976e-05
2.98351607369285e-05
2.98347156751596e-05
2.98342706266689e-05
2.98338255914556e-05
2.98333805695192e-05
2.98329355608592e-05
2.98324905654749e-05
2.98320455833657e-05
2.9831600614531e-05
2.98311556589702e-05
2.98307107166828e-05
2.98302657876682e-05
2.98298208719257e-05
2.98293759694547e-05
2.98289310802547e-05
2.98284862043251e-05
2.98280413416653e-05
2.98275964922747e-05
2.98271516561526e-05
2.98267068332985e-05
2.98262620237119e-05
2.9825817227392e-05
2.98253724443384e-05
2.98249276745504e-05
2.98244829180274e-05
2.98240381747689e-05
2.98235934447742e-05
2.98231487280427e-05
2.98227040245739e-05
2.98222593343672e-05
2.98218146574219e-05
2.98213699937375e-05
2.98209253433134e-05
2.9820480706149e-05
2.98200360822437e-05
2.98195914715968e-05
2.98191468742079e-05
2.98187022900763e-05
2.98182577192015e-05
2.98178131615827e-05
2.98173686172195e-05
2.98169240861113e-05
2.98164795682574e-05
2.98160350636572e-05
2.98155905723103e-05
2.98151460942159e-05
2.98147016293734e-05
2.98142571777824e-05
2.98138127394422e-05
2.98133683143522e-05
2.98129239025117e-05
2.98124795039203e-05
2.98120351185774e-05
2.98115907464822e-05
2.98111463876343e-05
2.98107020420331e-05
2.98102577096779e-05
2.98098133905682e-05
2.98093690847033e-05
2.98089247920827e-05
2.98084805127059e-05
2.98080362465721e-05
2.98075919936808e-05
2.98071477540314e-05
2.98067035276234e-05
2.9806259314456e-05
2.98058151145288e-05
2.98053709278412e-05
2.98049267543925e-05
2.98044825941822e-05
2.98040384472096e-05
2.98035943134742e-05
2.98031501929754e-05
2.98027060857126e-05
2.98022619916852e-05
2.98018179108926e-05
2.98013738433342e-05
2.98009297890094e-05
2.98004857479177e-05
2.98000417200584e-05
2.9799597705431e-05
2.97991537040348e-05
2.97987097158693e-05
2.97982657409339e-05
2.97978217792279e-05
2.97973778307509e-05
2.97969338955022e-05
2.97964899734811e-05
2.97960460646872e-05
2.97956021691198e-05
2.97951582867784e-05
2.97947144176623e-05
2.9794270561771e-05
2.97938267191038e-05
2.97933828896602e-05
2.97929390734396e-05
2.97924952704414e-05
2.9792051480665e-05
2.97916077041098e-05
2.97911639407752e-05
2.97907201906606e-05
2.97902764537655e-05
2.97898327300892e-05
2.97893890196312e-05
2.97889453223909e-05
2.97885016383676e-05
2.97880579675608e-05
2.97876143099699e-05
2.97871706655943e-05
2.97867270344335e-05
2.97862834164867e-05
2.97858398117535e-05
2.97853962202332e-05
2.97849526419253e-05
2.97845090768291e-05
2.97840655249442e-05
2.97836219862697e-05
2.97831784608053e-05
2.97827349485503e-05
2.97822914495041e-05
2.97818479636661e-05
2.97814044910358e-05
2.97809610316125e-05
2.97805175853956e-05
2.97800741523846e-05
2.97796307325789e-05
2.97791873259779e-05
2.97787439325809e-05
2.97783005523875e-05
2.97778571853969e-05
2.97774138316087e-05
2.97769704910222e-05
2.97765271636369e-05
2.97760838494521e-05
2.97756405484673e-05
2.97751972606819e-05
2.97747539860952e-05
2.97743107247067e-05
2.97738674765159e-05
2.9773424241522e-05
2.97729810197246e-05
2.9772537811123e-05
2.97720946157167e-05
2.9771651433505e-05
2.97712082644874e-05
2.97707651086633e-05
2.97703219660321e-05
2.97698788365931e-05
2.97694357203459e-05
2.97689926172898e-05
2.97685495274243e-05
2.97681064507487e-05
2.97676633872624e-05
2.97672203369649e-05
2.97667772998556e-05
2.97663342759339e-05
2.97658912651992e-05
2.97654482676509e-05
2.97650052832884e-05
2.97645623121112e-05
2.97641193541186e-05
2.97636764093101e-05
2.9763233477685e-05
2.97627905592428e-05
2.97623476539829e-05
2.97619047619048e-05
2.97614618830077e-05
2.97610190172912e-05
2.97605761647546e-05
2.97601333253973e-05
2.97596904992188e-05
2.97592476862185e-05
2.97588048863958e-05
2.975836209975e-05
2.97579193262807e-05
2.97574765659872e-05
2.97570338188689e-05
2.97565910849253e-05
2.97561483641557e-05
2.97557056565596e-05
2.97552629621364e-05
2.97548202808855e-05
2.97543776128063e-05
2.97539349578982e-05
2.97534923161606e-05
2.9753049687593e-05
2.97526070721947e-05
2.97521644699652e-05
2.97517218809039e-05
2.97512793050101e-05
2.97508367422834e-05
2.97503941927231e-05
2.97499516563286e-05
2.97495091330993e-05
2.97490666230347e-05
2.97486241261342e-05
2.97481816423971e-05
2.97477391718229e-05
2.97472967144111e-05
2.97468542701609e-05
2.97464118390719e-05
2.97459694211434e-05
2.97455270163749e-05
2.97450846247658e-05
2.97446422463154e-05
2.97441998810232e-05
2.97437575288886e-05
2.97433151899111e-05
2.97428728640899e-05
2.97424305514247e-05
2.97419882519146e-05
2.97415459655593e-05
2.9741103692358e-05
2.97406614323103e-05
2.97402191854154e-05
2.97397769516729e-05
2.97393347310821e-05
2.97388925236424e-05
2.97384503293533e-05
2.97380081482142e-05
2.97375659802245e-05
2.97371238253836e-05
2.97366816836909e-05
2.97362395551459e-05
2.97357974397478e-05
2.97353553374963e-05
2.97349132483906e-05
2.97344711724302e-05
2.97340291096145e-05
2.97335870599429e-05
2.97331450234149e-05
2.97327030000297e-05
2.9732260989787e-05
2.9731818992686e-05
2.97313770087262e-05
2.97309350379069e-05
2.97304930802277e-05
2.9730051135688e-05
2.9729609204287e-05
2.97291672860243e-05
2.97287253808993e-05
2.97282834889113e-05
2.97278416100599e-05
2.97273997443444e-05
2.97269578917641e-05
2.97265160523187e-05
2.97260742260073e-05
2.97256324128296e-05
2.97251906127848e-05
2.97247488258724e-05
2.97243070520918e-05
2.97238652914425e-05
2.97234235439238e-05
2.97229818095351e-05
2.97225400882759e-05
2.97220983801456e-05
2.97216566851436e-05
2.97212150032693e-05
2.97207733345222e-05
2.97203316789015e-05
2.97198900364069e-05
2.97194484070376e-05
2.97190067907931e-05
2.97185651876727e-05
2.9718123597676e-05
2.97176820208024e-05
2.97172404570512e-05
2.97167989064218e-05
2.97163573689137e-05
2.97159158445263e-05
2.9715474333259e-05
2.97150328351113e-05
2.97145913500825e-05
2.9714149878172e-05
2.97137084193793e-05
2.97132669737038e-05
2.97128255411448e-05
2.97123841217019e-05
2.97119427153744e-05
2.97115013221618e-05
2.97110599420634e-05
2.97106185750787e-05
2.97101772212071e-05
2.9709735880448e-05
2.97092945528008e-05
2.9708853238265e-05
2.97084119368399e-05
2.9707970648525e-05
2.97075293733197e-05
2.97070881112233e-05
2.97066468622354e-05
2.97062056263553e-05
2.97057644035825e-05
2.97053231939163e-05
2.97048819973563e-05
2.97044408139017e-05
2.9703999643552e-05
2.97035584863067e-05
2.97031173421651e-05
2.97026762111266e-05
2.97022350931908e-05
2.97017939883569e-05
2.97013528966244e-05
2.97009118179928e-05
2.97004707524614e-05
2.97000297000297e-05
2.9699588660697e-05
2.96991476344629e-05
2.96987066213266e-05
2.96982656212877e-05
2.96978246343455e-05
2.96973836604995e-05
2.96969426997491e-05
2.96965017520936e-05
2.96960608175326e-05
2.96956198960653e-05
2.96951789876913e-05
2.969473809241e-05
2.96942972102208e-05
2.9693856341123e-05
2.96934154851162e-05
2.96929746421997e-05
2.96925338123729e-05
2.96920929956353e-05
2.96916521919862e-05
2.96912114014252e-05
2.96907706239515e-05
2.96903298595647e-05
2.96898891082642e-05
2.96894483700493e-05
2.96890076449195e-05
2.96885669328741e-05
2.96881262339127e-05
2.96876855480347e-05
2.96872448752394e-05
2.96868042155262e-05
2.96863635688946e-05
2.96859229353441e-05
2.96854823148739e-05
2.96850417074836e-05
2.96846011131725e-05
2.96841605319402e-05
2.96837199637859e-05
2.96832794087091e-05
2.96828388667092e-05
2.96823983377857e-05
2.96819578219379e-05
2.96815173191654e-05
2.96810768294674e-05
2.96806363528434e-05
2.96801958892929e-05
2.96797554388152e-05
2.96793150014098e-05
2.9678874577076e-05
2.96784341658134e-05
2.96779937676213e-05
2.96775533824991e-05
2.96771130104463e-05
2.96766726514623e-05
2.96762323055465e-05
2.96757919726983e-05
2.96753516529171e-05
2.96749113462024e-05
2.96744710525535e-05
2.96740307719699e-05
2.9673590504451e-05
2.96731502499963e-05
2.96727100086051e-05
2.96722697802768e-05
2.9671829565011e-05
2.96713893628069e-05
2.96709491736641e-05
2.96705089975819e-05
2.96700688345597e-05
2.9669628684597e-05
2.96691885476932e-05
2.96687484238477e-05
2.966830831306e-05
2.96678682153294e-05
2.96674281306554e-05
2.96669880590373e-05
2.96665480004747e-05
2.96661079549668e-05
2.96656679225133e-05
2.96652279031134e-05
2.96647878967665e-05
2.96643479034722e-05
2.96639079232298e-05
2.96634679560387e-05
2.96630280018984e-05
2.96625880608083e-05
2.96621481327678e-05
2.96617082177763e-05
2.96612683158332e-05
2.9660828426938e-05
2.966038855109e-05
2.96599486882888e-05
2.96595088385336e-05
2.9659069001824e-05
2.96586291781594e-05
2.96581893675391e-05
2.96577495699626e-05
2.96573097854294e-05
2.96568700139387e-05
2.96564302554901e-05
2.9655990510083e-05
2.96555507777168e-05
2.96551110583909e-05
2.96546713521047e-05
2.96542316588577e-05
2.96537919786493e-05
2.96533523114788e-05
2.96529126573458e-05
2.96524730162496e-05
2.96520333881896e-05
2.96515937731653e-05
2.96511541711761e-05
2.96507145822214e-05
2.96502750063007e-05
2.96498354434133e-05
2.96493958935587e-05
2.96489563567362e-05
2.96485168329454e-05
2.96480773221857e-05
2.96476378244563e-05
2.96471983397569e-05
2.96467588680867e-05
2.96463194094453e-05
2.9645879963832e-05
2.96454405312463e-05
2.96450011116875e-05
2.96445617051552e-05
2.96441223116487e-05
2.96436829311674e-05
2.96432435637107e-05
2.96428042092782e-05
2.96423648678692e-05
2.9641925539483e-05
2.96414862241193e-05
2.96410469217773e-05
2.96406076324565e-05
2.96401683561563e-05
2.96397290928761e-05
2.96392898426154e-05
2.96388506053735e-05
2.963841138115e-05
2.96379721699441e-05
2.96375329717554e-05
2.96370937865833e-05
2.96366546144271e-05
2.96362154552864e-05
2.96357763091604e-05
2.96353371760487e-05
2.96348980559507e-05
2.96344589488657e-05
2.96340198547933e-05
2.96335807737328e-05
2.96331417056836e-05
2.96327026506453e-05
2.96322636086171e-05
2.96318245795985e-05
2.9631385563589e-05
2.96309465605879e-05
2.96305075705947e-05
2.96300685936088e-05
2.96296296296296e-05
2.96291906786566e-05
2.96287517406892e-05
2.96283128157267e-05
2.96278739037687e-05
2.96274350048145e-05
2.96269961188635e-05
2.96265572459152e-05
2.96261183859691e-05
2.96256795390244e-05
2.96252407050807e-05
2.96248018841374e-05
2.96243630761939e-05
2.96239242812495e-05
2.96234854993038e-05
2.96230467303562e-05
2.96226079744061e-05
2.96221692314528e-05
2.96217305014959e-05
2.96212917845347e-05
2.96208530805687e-05
2.96204143895973e-05
2.96199757116199e-05
2.9619537046636e-05
2.96190983946449e-05
2.96186597556461e-05
2.9618221129639e-05
2.9617782516623e-05
2.96173439165976e-05
2.96169053295621e-05
2.96164667555161e-05
2.96160281944588e-05
2.96155896463899e-05
2.96151511113085e-05
2.96147125892143e-05
2.96142740801066e-05
2.96138355839848e-05
2.96133971008484e-05
2.96129586306968e-05
2.96125201735294e-05
2.96120817293456e-05
2.96116432981448e-05
2.96112048799266e-05
2.96107664746902e-05
2.96103280824352e-05
2.96098897031609e-05
2.96094513368667e-05
2.96090129835522e-05
2.96085746432167e-05
2.96081363158596e-05
2.96076980014804e-05
2.96072597000785e-05
2.96068214116532e-05
2.96063831362042e-05
2.96059448737306e-05
2.96055066242321e-05
2.9605068387708e-05
2.96046301641577e-05
2.96041919535806e-05
2.96037537559763e-05
2.9603315571344e-05
2.96028773996832e-05
2.96024392409935e-05
2.9602001095274e-05
2.96015629625244e-05
2.9601124842744e-05
2.96006867359323e-05
2.96002486420886e-05
2.95998105612124e-05
2.95993724933031e-05
2.95989344383602e-05
2.95984963963831e-05
2.95980583673711e-05
2.95976203513238e-05
2.95971823482404e-05
2.95967443581206e-05
2.95963063809637e-05
2.9595868416769e-05
2.95954304655361e-05
2.95949925272644e-05
2.95945546019532e-05
2.95941166896021e-05
2.95936787902104e-05
2.95932409037776e-05
2.9592803030303e-05
2.95923651697862e-05
2.95919273222265e-05
2.95914894876234e-05
2.95910516659762e-05
2.95906138572845e-05
2.95901760615476e-05
2.95897382787649e-05
2.9589300508936e-05
2.95888627520601e-05
2.95884250081368e-05
2.95879872771655e-05
2.95875495591455e-05
2.95871118540764e-05
2.95866741619575e-05
2.95862364827882e-05
2.9585798816568e-05
2.95853611632964e-05
2.95849235229727e-05
2.95844858955963e-05
2.95840482811668e-05
2.95836106796835e-05
2.95831730911458e-05
2.95827355155531e-05
2.9582297952905e-05
2.95818604032008e-05
2.95814228664399e-05
2.95809853426218e-05
2.95805478317458e-05
2.95801103338115e-05
2.95796728488183e-05
2.95792353767655e-05
2.95787979176526e-05
2.95783604714791e-05
2.95779230382443e-05
2.95774856179476e-05
2.95770482105886e-05
2.95766108161666e-05
2.9576173434681e-05
2.95757360661313e-05
2.9575298710517e-05
2.95748613678373e-05
2.95744240380919e-05
2.957398672128e-05
2.95735494174011e-05
2.95731121264546e-05
2.957267484844e-05
2.95722375833567e-05
2.95718003312042e-05
2.95713630919817e-05
2.95709258656889e-05
2.9570488652325e-05
2.95700514518895e-05
2.95696142643819e-05
2.95691770898016e-05
2.9568739928148e-05
2.95683027794205e-05
2.95678656436185e-05
2.95674285207416e-05
2.9566991410789e-05
2.95665543137603e-05
2.95661172296548e-05
2.9565680158472e-05
2.95652431002114e-05
2.95648060548723e-05
2.95643690224541e-05
2.95639320029564e-05
2.95634949963785e-05
2.95630580027198e-05
2.95626210219798e-05
2.95621840541579e-05
2.95617470992536e-05
2.95613101572662e-05
2.95608732281952e-05
2.956043631204e-05
2.95599994088e-05
2.95595625184747e-05
2.95591256410635e-05
2.95586887765659e-05
2.95582519249812e-05
2.95578150863088e-05
2.95573782605483e-05
2.9556941447699e-05
2.95565046477604e-05
2.95560678607318e-05
2.95556310866128e-05
2.95551943254027e-05
2.9554757577101e-05
2.95543208417071e-05
2.95538841192204e-05
2.95534474096403e-05
2.95530107129664e-05
2.95525740291979e-05
2.95521373583344e-05
2.95517007003753e-05
2.955126405532e-05
2.95508274231678e-05
2.95503908039184e-05
2.9549954197571e-05
2.95495176041251e-05
2.95490810235802e-05
2.95486444559356e-05
2.95482079011908e-05
2.95477713593452e-05
2.95473348303983e-05
2.95468983143495e-05
2.95464618111981e-05
2.95460253209437e-05
2.95455888435857e-05
2.95451523791234e-05
2.95447159275564e-05
2.9544279488884e-05
2.95438430631056e-05
2.95434066502208e-05
2.9542970250229e-05
2.95425338631294e-05
2.95420974889217e-05
2.95416611276052e-05
2.95412247791793e-05
2.95407884436436e-05
2.95403521209973e-05
2.95399158112399e-05
2.9539479514371e-05
2.95390432303898e-05
2.95386069592958e-05
2.95381707010885e-05
2.95377344557672e-05
2.95372982233315e-05
2.95368620037807e-05
2.95364257971143e-05
2.95359896033317e-05
2.95355534224323e-05
2.95351172544155e-05
2.95346810992808e-05
2.95342449570277e-05
2.95338088276555e-05
2.95333727111636e-05
2.95329366075516e-05
2.95325005168188e-05
2.95320644389646e-05
2.95316283739885e-05
2.953119232189e-05
2.95307562826684e-05
2.95303202563232e-05
2.95298842428538e-05
2.95294482422596e-05
2.95290122545401e-05
2.95285762796947e-05
2.95281403177228e-05
2.95277043686239e-05
2.95272684323973e-05
2.95268325090426e-05
2.95263965985591e-05
2.95259607009463e-05
2.95255248162036e-05
2.95250889443304e-05
2.95246530853262e-05
2.95242172391904e-05
2.95237814059225e-05
2.95233455855218e-05
2.95229097779877e-05
2.95224739833198e-05
2.95220382015174e-05
2.952160243258e-05
2.95211666765071e-05
2.95207309332979e-05
2.9520295202952e-05
2.95198594854688e-05
2.95194237808478e-05
2.95189880890883e-05
2.95185524101898e-05
2.95181167441517e-05
2.95176810909735e-05
2.95172454506545e-05
2.95168098231943e-05
2.95163742085922e-05
2.95159386068477e-05
2.95155030179602e-05
2.95150674419291e-05
2.95146318787539e-05
2.9514196328434e-05
2.95137607909688e-05
2.95133252663578e-05
2.95128897546003e-05
2.95124542556959e-05
2.95120187696439e-05
2.95115832964439e-05
2.95111478360951e-05
2.95107123885971e-05
2.95102769539492e-05
2.9509841532151e-05
2.95094061232018e-05
2.9508970727101e-05
2.95085353438482e-05
2.95080999734427e-05
2.9507664615884e-05
2.95072292711714e-05
2.95067939393045e-05
2.95063586202827e-05
2.95059233141053e-05
2.95054880207719e-05
2.95050527402818e-05
2.95046174726345e-05
2.95041822178294e-05
2.95037469758659e-05
2.95033117467436e-05
2.95028765304617e-05
2.95024413270198e-05
2.95020061364173e-05
2.95015709586535e-05
2.95011357937281e-05
2.95007006416402e-05
2.95002655023895e-05
2.94998303759753e-05
2.94993952623971e-05
2.94989601616543e-05
2.94985250737463e-05
2.94980899986726e-05
2.94976549364326e-05
2.94972198870256e-05
2.94967848504513e-05
2.94963498267089e-05
2.9495914815798e-05
2.94954798177179e-05
2.94950448324681e-05
2.94946098600481e-05
2.94941749004572e-05
2.94937399536948e-05
2.94933050197605e-05
2.94928700986537e-05
2.94924351903737e-05
2.949200029492e-05
2.94915654122921e-05
2.94911305424893e-05
2.94906956855112e-05
2.94902608413571e-05
2.94898260100265e-05
2.94893911915189e-05
2.94889563858335e-05
2.94885215929699e-05
2.94880868129276e-05
2.94876520457059e-05
2.94872172913042e-05
2.94867825497221e-05
2.94863478209589e-05
2.94859131050141e-05
2.94854784018871e-05
2.94850437115773e-05
2.94846090340842e-05
2.94841743694072e-05
2.94837397175458e-05
2.94833050784993e-05
2.94828704522672e-05
2.9482435838849e-05
2.94820012382441e-05
2.94815666504518e-05
2.94811320754717e-05
2.94806975133032e-05
2.94802629639456e-05
2.94798284273986e-05
2.94793939036613e-05
2.94789593927334e-05
2.94785248946143e-05
2.94780904093033e-05
2.94776559367999e-05
2.94772214771036e-05
2.94767870302137e-05
2.94763525961298e-05
2.94759181748511e-05
2.94754837663773e-05
2.94750493707077e-05
2.94746149878417e-05
2.94741806177788e-05
2.94737462605184e-05
2.947331191606e-05
2.9472877584403e-05
2.94724432655467e-05
2.94720089594907e-05
2.94715746662344e-05
2.94711403857772e-05
2.94707061181186e-05
2.94702718632579e-05
2.94698376211947e-05
2.94694033919283e-05
2.94689691754582e-05
2.94685349717839e-05
2.94681007809047e-05
2.94676666028201e-05
2.94672324375295e-05
2.94667982850323e-05
2.94663641453281e-05
2.94659300184162e-05
2.94654959042961e-05
2.94650618029671e-05
2.94646277144288e-05
2.94641936386806e-05
2.94637595757219e-05
2.94633255255521e-05
2.94628914881706e-05
2.9462457463577e-05
2.94620234517707e-05
2.9461589452751e-05
2.94611554665174e-05
2.94607214930694e-05
2.94602875324063e-05
2.94598535845277e-05
2.94594196494329e-05
2.94589857271214e-05
2.94585518175926e-05
2.9458117920846e-05
2.9457684036881e-05
2.9457250165697e-05
2.94568163072935e-05
2.94563824616699e-05
2.94559486288256e-05
2.94555148087601e-05
2.94550810014728e-05
2.94546472069631e-05
2.94542134252305e-05
2.94537796562744e-05
2.94533459000942e-05
2.94529121566895e-05
2.94524784260596e-05
2.94520447082039e-05
2.94516110031219e-05
2.9451177310813e-05
2.94507436312767e-05
2.94503099645124e-05
2.94498763105195e-05
2.94494426692975e-05
2.94490090408458e-05
2.94485754251638e-05
2.9448141822251e-05
2.94477082321068e-05
2.94472746547307e-05
2.94468410901221e-05
2.94464075382803e-05
2.9445973999205e-05
2.94455404728954e-05
2.9445106959351e-05
2.94446734585713e-05
2.94442399705558e-05
2.94438064953037e-05
2.94433730328146e-05
2.9442939583088e-05
2.94425061461232e-05
2.94420727219196e-05
2.94416393104768e-05
2.94412059117941e-05
2.94407725258711e-05
2.9440339152707e-05
2.94399057923015e-05
2.94394724446538e-05
2.94390391097635e-05
2.94386057876299e-05
2.94381724782526e-05
2.94377391816309e-05
2.94373058977642e-05
2.94368726266521e-05
2.9436439368294e-05
2.94360061226893e-05
2.94355728898374e-05
2.94351396697377e-05
2.94347064623898e-05
2.9434273267793e-05
2.94338400859468e-05
2.94334069168506e-05
2.94329737605039e-05
2.94325406169061e-05
2.94321074860565e-05
2.94316743679548e-05
2.94312412626003e-05
2.94308081699923e-05
2.94303750901305e-05
2.94299420230142e-05
2.94295089686429e-05
2.94290759270159e-05
2.94286428981328e-05
2.94282098819929e-05
2.94277768785957e-05
2.94273438879407e-05
2.94269109100272e-05
2.94264779448548e-05
2.94260449924228e-05
2.94256120527307e-05
2.94251791257779e-05
2.94247462115639e-05
2.94243133100881e-05
2.942388042135e-05
2.94234475453489e-05
2.94230146820843e-05
2.94225818315557e-05
2.94221489937625e-05
2.94217161687041e-05
2.942128335638e-05
2.94208505567896e-05
2.94204177699323e-05
2.94199849958077e-05
2.9419552234415e-05
2.94191194857538e-05
2.94186867498235e-05
2.94182540266235e-05
2.94178213161533e-05
2.94173886184123e-05
2.94169559334e-05
2.94165232611158e-05
2.94160906015591e-05
2.94156579547293e-05
2.9415225320626e-05
2.94147926992485e-05
2.94143600905962e-05
2.94139274946687e-05
2.94134949114654e-05
2.94130623409856e-05
2.94126297832289e-05
2.94121972381947e-05
2.94117647058824e-05
2.94113321862914e-05
2.94108996794212e-05
2.94104671852712e-05
2.9410034703841e-05
2.94096022351298e-05
2.94091697791371e-05
2.94087373358625e-05
2.94083049053053e-05
2.94078724874649e-05
2.94074400823408e-05
2.94070076899325e-05
2.94065753102394e-05
2.94061429432608e-05
2.94057105889964e-05
2.94052782474454e-05
2.94048459186074e-05
2.94044136024817e-05
2.94039812990679e-05
2.94035490083653e-05
2.94031167303734e-05
2.94026844650917e-05
2.94022522125195e-05
2.94018199726563e-05
2.94013877455016e-05
2.94009555310548e-05
2.94005233293153e-05
2.94000911402825e-05
2.9399658963956e-05
2.93992268003352e-05
2.93987946494194e-05
2.93983625112081e-05
2.93979303857008e-05
2.9397498272897e-05
2.9397066172796e-05
2.93966340853972e-05
2.93962020107002e-05
2.93957699487044e-05
2.93953378994092e-05
2.9394905862814e-05
2.93944738389183e-05
2.93940418277215e-05
2.93936098292231e-05
2.93931778434225e-05
2.93927458703192e-05
2.93923139099126e-05
2.9391881962202e-05
2.93914500271871e-05
2.93910181048672e-05
2.93905861952417e-05
2.93901542983101e-05
2.93897224140718e-05
2.93892905425263e-05
2.9388858683673e-05
2.93884268375114e-05
2.93879950040408e-05
2.93875631832608e-05
2.93871313751708e-05
2.93866995797702e-05
2.93862677970584e-05
2.9385836027035e-05
2.93854042696992e-05
2.93849725250507e-05
2.93845407930888e-05
2.93841090738129e-05
2.93836773672225e-05
2.93832456733171e-05
2.9382813992096e-05
2.93823823235588e-05
2.93819506677048e-05
2.93815190245336e-05
2.93810873940445e-05
2.93806557762369e-05
2.93802241711104e-05
2.93797925786644e-05
2.93793609988983e-05
2.93789294318115e-05
2.93784978774035e-05
2.93780663356738e-05
2.93776348066217e-05
2.93772032902468e-05
2.93767717865484e-05
2.9376340295526e-05
2.9375908817179e-05
2.9375477351507e-05
2.93750458985092e-05
2.93746144581852e-05
2.93741830305345e-05
2.93737516155563e-05
2.93733202132503e-05
2.93728888236158e-05
2.93724574466523e-05
2.93720260823592e-05
2.93715947307359e-05
2.93711633917819e-05
2.93707320654967e-05
2.93703007518797e-05
2.93698694509303e-05
2.93694381626479e-05
2.93690068870321e-05
2.93685756240822e-05
2.93681443737977e-05
2.93677131361781e-05
2.93672819112227e-05
2.9366850698931e-05
2.93664194993025e-05
2.93659883123367e-05
2.93655571380328e-05
2.93651259763904e-05
2.9364694827409e-05
2.93642636910879e-05
2.93638325674267e-05
2.93634014564247e-05
2.93629703580814e-05
2.93625392723963e-05
2.93621081993687e-05
2.93616771389982e-05
2.93612460912841e-05
2.9360815056226e-05
2.93603840338232e-05
2.93599530240752e-05
2.93595220269814e-05
2.93590910425413e-05
2.93586600707544e-05
2.935822911162e-05
2.93577981651376e-05
2.93573672313067e-05
2.93569363101267e-05
2.9356505401597e-05
2.93560745057171e-05
2.93556436224864e-05
2.93552127519044e-05
2.93547818939705e-05
2.93543510486842e-05
2.93539202160449e-05
2.9353489396052e-05
2.93530585887049e-05
2.93526277940033e-05
2.93521970119463e-05
2.93517662425336e-05
2.93513354857646e-05
2.93509047416387e-05
2.93504740101553e-05
2.93500432913139e-05
2.93496125851139e-05
2.93491818915548e-05
2.9348751210636e-05
2.9348320542357e-05
2.93478898867171e-05
2.9347459243716e-05
2.93470286133529e-05
2.93465979956274e-05
2.93461673905388e-05
2.93457367980867e-05
2.93453062182704e-05
2.93448756510894e-05
2.93444450965432e-05
2.93440145546312e-05
2.93435840253529e-05
2.93431535087076e-05
2.93427230046948e-05
2.93422925133141e-05
2.93418620345647e-05
2.93414315684462e-05
2.9341001114958e-05
2.93405706740996e-05
2.93401402458704e-05
2.93397098302698e-05
2.93392794272973e-05
2.93388490369523e-05
2.93384186592343e-05
2.93379882941427e-05
2.93375579416769e-05
2.93371276018365e-05
2.93366972746208e-05
2.93362669600293e-05
2.93358366580615e-05
2.93354063687167e-05
2.93349760919945e-05
2.93345458278942e-05
2.93341155764154e-05
2.93336853375574e-05
2.93332551113197e-05
2.93328248977018e-05
2.9332394696703e-05
2.93319645083229e-05
2.93315343325609e-05
2.93311041694165e-05
2.9330674018889e-05
2.93302438809779e-05
2.93298137556827e-05
2.93293836430027e-05
2.93289535429376e-05
2.93285234554866e-05
2.93280933806493e-05
2.93276633184251e-05
2.93272332688134e-05
2.93268032318137e-05
2.93263732074254e-05
2.9325943195648e-05
2.93255131964809e-05
2.93250832099236e-05
2.93246532359755e-05
2.9324223274636e-05
2.93237933259046e-05
2.93233633897808e-05
2.9322933466264e-05
2.93225035553536e-05
2.9322073657049e-05
2.93216437713498e-05
2.93212138982554e-05
2.93207840377652e-05
2.93203541898786e-05
2.93199243545952e-05
2.93194945319143e-05
2.93190647218354e-05
2.93186349243579e-05
2.93182051394814e-05
2.93177753672051e-05
2.93173456075287e-05
2.93169158604515e-05
2.93164861259729e-05
2.93160564040925e-05
2.93156266948097e-05
2.93151969981238e-05
2.93147673140344e-05
2.9314337642541e-05
2.93139079836428e-05
2.93134783373395e-05
2.93130487036304e-05
2.9312619082515e-05
2.93121894739928e-05
2.93117598780631e-05
2.93113302947254e-05
2.93109007239792e-05
2.9310471165824e-05
2.93100416202591e-05
2.9309612087284e-05
2.93091825668982e-05
2.93087530591011e-05
2.93083235638921e-05
2.93078940812708e-05
2.93074646112365e-05
2.93070351537887e-05
2.93066057089268e-05
2.93061762766503e-05
2.93057468569587e-05
2.93053174498513e-05
2.93048880553276e-05
2.93044586733872e-05
2.93040293040293e-05
2.93035999472535e-05
2.93031706030593e-05
2.93027412714459e-05
2.9302311952413e-05
2.930188264596e-05
2.93014533520863e-05
2.93010240707913e-05
2.93005948020745e-05
2.93001655459353e-05
2.92997363023733e-05
2.92993070713878e-05
2.92988778529782e-05
2.92984486471441e-05
2.92980194538849e-05
2.92975902732e-05
2.92971611050889e-05
2.9296731949551e-05
2.92963028065858e-05
2.92958736761927e-05
2.92954445583712e-05
2.92950154531207e-05
2.92945863604406e-05
2.92941572803304e-05
2.92937282127896e-05
2.92932991578177e-05
2.92928701154139e-05
2.92924410855779e-05
2.9292012068309e-05
2.92915830636067e-05
2.92911540714704e-05
2.92907250918996e-05
2.92902961248938e-05
2.92898671704524e-05
2.92894382285748e-05
2.92890092992605e-05
2.92885803825089e-05
2.92881514783194e-05
2.92877225866917e-05
2.92872937076249e-05
2.92868648411188e-05
2.92864359871725e-05
2.92860071457857e-05
2.92855783169578e-05
2.92851495006882e-05
2.92847206969764e-05
2.92842919058217e-05
2.92838631272237e-05
2.92834343611819e-05
2.92830056076956e-05
2.92825768667643e-05
2.92821481383874e-05
2.92817194225645e-05
2.92812907192949e-05
2.92808620285781e-05
2.92804333504136e-05
2.92800046848007e-05
2.92795760317391e-05
2.9279147391228e-05
2.92787187632669e-05
2.92782901478554e-05
2.92778615449928e-05
2.92774329546785e-05
2.92770043769122e-05
2.92765758116931e-05
2.92761472590207e-05
2.92757187188945e-05
2.9275290191314e-05
2.92748616762786e-05
2.92744331737877e-05
2.92740046838407e-05
2.92735762064373e-05
2.92731477415767e-05
2.92727192892584e-05
2.92722908494819e-05
2.92718624222466e-05
2.9271434007552e-05
2.92710056053976e-05
2.92705772157827e-05
2.92701488387068e-05
2.92697204741695e-05
2.926929212217e-05
2.9268863782708e-05
2.92684354557827e-05
2.92680071413937e-05
2.92675788395405e-05
2.92671505502224e-05
2.9266722273439e-05
2.92662940091896e-05
2.92658657574738e-05
2.92654375182909e-05
2.92650092916405e-05
2.92645810775219e-05
2.92641528759346e-05
2.92637246868781e-05
2.92632965103519e-05
2.92628683463553e-05
2.92624401948879e-05
2.9262012055949e-05
2.92615839295381e-05
2.92611558156547e-05
2.92607277142983e-05
2.92602996254682e-05
2.92598715491639e-05
2.92594434853849e-05
2.92590154341306e-05
2.92585873954005e-05
2.92581593691941e-05
2.92577313555107e-05
2.92573033543498e-05
2.92568753657109e-05
2.92564473895935e-05
2.92560194259969e-05
2.92555914749206e-05
2.92551635363642e-05
2.92547356103269e-05
2.92543076968084e-05
2.92538797958079e-05
2.92534519073251e-05
2.92530240313592e-05
2.92525961679099e-05
2.92521683169765e-05
2.92517404785585e-05
2.92513126526553e-05
2.92508848392664e-05
2.92504570383912e-05
2.92500292500293e-05
2.92496014741799e-05
2.92491737108427e-05
2.9248745960017e-05
2.92483182217023e-05
2.9247890495898e-05
2.92474627826036e-05
2.92470350818186e-05
2.92466073935424e-05
2.92461797177744e-05
2.92457520545141e-05
2.92453244037609e-05
2.92448967655144e-05
2.92444691397739e-05
2.9244041526539e-05
2.9243613925809e-05
2.92431863375833e-05
2.92427587618616e-05
2.92423311986432e-05
2.92419036479275e-05
2.9241476109714e-05
2.92410485840022e-05
2.92406210707915e-05
2.92401935700814e-05
2.92397660818713e-05
2.92393386061607e-05
2.9238911142949e-05
2.92384836922357e-05
2.92380562540202e-05
2.9237628828302e-05
2.92372014150805e-05
2.92367740143553e-05
2.92363466261256e-05
2.9235919250391e-05
2.9235491887151e-05
2.9235064536405e-05
2.92346371981524e-05
2.92342098723927e-05
2.92337825591253e-05
2.92333552583498e-05
2.92329279700655e-05
2.92325006942719e-05
2.92320734309685e-05
2.92316461801546e-05
2.92312189418299e-05
2.92307917159936e-05
2.92303645026453e-05
2.92299373017845e-05
2.92295101134105e-05
2.92290829375228e-05
2.92286557741209e-05
2.92282286232043e-05
2.92278014847723e-05
2.92273743588245e-05
2.92269472453602e-05
2.9226520144379e-05
2.92260930558803e-05
2.92256659798635e-05
2.92252389163281e-05
2.92248118652736e-05
2.92243848266994e-05
2.92239578006049e-05
2.92235307869897e-05
2.92231037858531e-05
2.92226767971946e-05
2.92222498210137e-05
2.92218228573098e-05
2.92213959060824e-05
2.9220968967331e-05
2.92205420410549e-05
2.92201151272536e-05
2.92196882259266e-05
2.92192613370734e-05
2.92188344606934e-05
2.9218407596786e-05
2.92179807453507e-05
2.9217553906387e-05
2.92171270798942e-05
2.9216700265872e-05
2.92162734643196e-05
2.92158466752366e-05
2.92154198986225e-05
2.92149931344766e-05
2.92145663827985e-05
2.92141396435875e-05
2.92137129168432e-05
2.92132862025649e-05
2.92128595007522e-05
2.92124328114045e-05
2.92120061345213e-05
2.92115794701019e-05
2.9211152818146e-05
2.92107261786528e-05
2.92102995516219e-05
2.92098729370527e-05
2.92094463349447e-05
2.92090197452973e-05
2.92085931681101e-05
2.92081666033823e-05
2.92077400511135e-05
2.92073135113032e-05
2.92068869839508e-05
2.92064604690558e-05
2.92060339666175e-05
2.92056074766355e-05
2.92051809991092e-05
2.92047545340381e-05
2.92043280814217e-05
2.92039016412593e-05
2.92034752135504e-05
2.92030487982945e-05
2.92026223954911e-05
2.92021960051396e-05
2.92017696272394e-05
2.920134326179e-05
2.92009169087909e-05
2.92004905682415e-05
2.92000642401413e-05
2.91996379244897e-05
2.91992116212862e-05
2.91987853305302e-05
2.91983590522213e-05
2.91979327863587e-05
2.91975065329421e-05
2.91970802919708e-05
2.91966540634443e-05
2.91962278473621e-05
2.91958016437236e-05
2.91953754525283e-05
2.91949492737756e-05
2.9194523107465e-05
2.9194096953596e-05
2.91936708121679e-05
2.91932446831803e-05
2.91928185666326e-05
2.91923924625243e-05
2.91919663708547e-05
2.91915402916235e-05
2.919111422483e-05
2.91906881704736e-05
2.91902621285539e-05
2.91898360990703e-05
2.91894100820222e-05
2.91889840774092e-05
2.91885580852306e-05
2.91881321054859e-05
2.91877061381746e-05
2.91872801832961e-05
2.91868542408499e-05
2.91864283108355e-05
2.91860023932522e-05
2.91855764880996e-05
2.91851505953771e-05
2.91847247150841e-05
2.91842988472202e-05
2.91838729917847e-05
2.91834471487772e-05
2.91830213181971e-05
2.91825955000438e-05
2.91821696943168e-05
2.91817439010155e-05
2.91813181201395e-05
2.91808923516881e-05
2.91804665956609e-05
2.91800408520572e-05
2.91796151208766e-05
2.91791894021184e-05
2.91787636957822e-05
2.91783380018674e-05
2.91779123203735e-05
2.91774866512999e-05
2.9177060994646e-05
2.91766353504114e-05
2.91762097185955e-05
2.91757840991977e-05
2.91753584922175e-05
2.91749328976543e-05
2.91745073155077e-05
2.91740817457771e-05
2.91736561884618e-05
2.91732306435615e-05
2.91728051110755e-05
2.91723795910032e-05
2.91719540833443e-05
2.9171528588098e-05
2.91711031052639e-05
2.91706776348415e-05
2.91702521768301e-05
2.91698267312292e-05
2.91694012980384e-05
2.91689758772569e-05
2.91685504688844e-05
2.91681250729203e-05
2.9167699689364e-05
2.9167274318215e-05
2.91668489594727e-05
2.91664236131366e-05
2.91659982792061e-05
2.91655729576808e-05
2.916514764856e-05
2.91647223518432e-05
2.91642970675299e-05
2.91638717956196e-05
2.91634465361116e-05
2.91630212890055e-05
2.91625960543008e-05
2.91621708319967e-05
2.91617456220929e-05
2.91613204245888e-05
2.91608952394839e-05
2.91604700667775e-05
2.91600449064692e-05
2.91596197585583e-05
2.91591946230445e-05
2.91587694999271e-05
2.91583443892056e-05
2.91579192908794e-05
2.9157494204948e-05
2.91570691314109e-05
2.91566440702675e-05
2.91562190215173e-05
2.91557939851597e-05
2.91553689611942e-05
2.91549439496203e-05
2.91545189504373e-05
2.91540939636448e-05
2.91536689892423e-05
2.91532440272291e-05
2.91528190776048e-05
2.91523941403688e-05
2.91519692155205e-05
2.91515443030595e-05
2.91511194029851e-05
2.91506945152968e-05
2.91502696399942e-05
2.91498447770766e-05
2.91494199265435e-05
2.91489950883943e-05
2.91485702626286e-05
2.91481454492458e-05
2.91477206482453e-05
2.91472958596266e-05
2.91468710833892e-05
2.91464463195325e-05
2.9146021568056e-05
2.91455968289591e-05
2.91451721022413e-05
2.9144747387902e-05
2.91443226859408e-05
2.9143897996357e-05
2.91434733191502e-05
2.91430486543197e-05
2.91426240018651e-05
2.91421993617858e-05
2.91417747340813e-05
2.9141350118751e-05
2.91409255157944e-05
2.91405009252109e-05
2.9140076347e-05
2.91396517811612e-05
2.91392272276939e-05
2.91388026865976e-05
2.91383781578717e-05
2.91379536415158e-05
2.91375291375291e-05
2.91371046459113e-05
2.91366801666618e-05
2.913625569978e-05
2.91358312452654e-05
2.91354068031175e-05
2.91349823733357e-05
2.91345579559194e-05
2.91341335508682e-05
2.91337091581815e-05
2.91332847778587e-05
2.91328604098993e-05
2.91324360543029e-05
2.91320117110687e-05
2.91315873801963e-05
2.91311630616852e-05
2.91307387555348e-05
2.91303144617446e-05
2.9129890180314e-05
2.91294659112425e-05
2.91290416545296e-05
2.91286174101746e-05
2.91281931781772e-05
2.91277689585366e-05
2.91273447512525e-05
2.91269205563242e-05
2.91264963737512e-05
2.9126072203533e-05
2.9125648045669e-05
2.91252239001587e-05
2.91247997670016e-05
2.91243756461971e-05
2.91239515377446e-05
2.91235274416437e-05
2.91231033578938e-05
2.91226792864944e-05
2.91222552274448e-05
2.91218311807446e-05
2.91214071463933e-05
2.91209831243903e-05
2.9120559114735e-05
2.91201351174269e-05
2.91197111324656e-05
2.91192871598503e-05
2.91188631995807e-05
2.91184392516561e-05
2.91180153160761e-05
2.911759139284e-05
2.91171674819474e-05
2.91167435833976e-05
2.91163196971903e-05
2.91158958233247e-05
2.91154719618005e-05
2.9115048112617e-05
2.91146242757737e-05
2.91142004512701e-05
2.91137766391056e-05
2.91133528392797e-05
2.91129290517919e-05
2.91125052766416e-05
2.91120815138282e-05
2.91116577633513e-05
2.91112340252103e-05
2.91108102994047e-05
2.91103865859339e-05
2.91099628847973e-05
2.91095391959945e-05
2.91091155195249e-05
2.9108691855388e-05
2.91082682035832e-05
2.910784456411e-05
2.91074209369679e-05
2.91069973221562e-05
2.91065737196746e-05
2.91061501295224e-05
2.9105726551699e-05
2.91053029862041e-05
2.9104879433037e-05
2.91044558921971e-05
2.9104032363684e-05
2.91036088474971e-05
2.91031853436359e-05
2.91027618520998e-05
2.91023383728883e-05
2.91019149060008e-05
2.91014914514369e-05
2.91010680091959e-05
2.91006445792774e-05
2.91002211616808e-05
2.90997977564056e-05
2.90993743634512e-05
2.90989509828171e-05
2.90985276145027e-05
2.90981042585076e-05
2.90976809148311e-05
2.90972575834728e-05
2.9096834264432e-05
2.90964109577084e-05
2.90959876633012e-05
2.90955643812101e-05
2.90951411114344e-05
2.90947178539736e-05
2.90942946088272e-05
2.90938713759946e-05
2.90934481554754e-05
2.90930249472689e-05
2.90926017513746e-05
2.9092178567792e-05
2.90917553965206e-05
2.90913322375598e-05
2.90909090909091e-05
2.90904859565679e-05
2.90900628345357e-05
2.9089639724812e-05
2.90892166273962e-05
2.90887935422878e-05
2.90883704694863e-05
2.90879474089911e-05
2.90875243608017e-05
2.90871013249175e-05
2.9086678301338e-05
2.90862552900627e-05
2.9085832291091e-05
2.90854093044224e-05
2.90849863300564e-05
2.90845633679924e-05
2.90841404182299e-05
2.90837174807684e-05
2.90832945556073e-05
2.9082871642746e-05
2.90824487421841e-05
2.9082025853921e-05
2.90816029779561e-05
2.9081180114289e-05
2.90807572629191e-05
2.90803344238459e-05
2.90799115970687e-05
2.90794887825872e-05
2.90790659804007e-05
2.90786431905087e-05
2.90782204129107e-05
2.90777976476062e-05
2.90773748945945e-05
2.90769521538752e-05
2.90765294254478e-05
2.90761067093116e-05
2.90756840054662e-05
2.90752613139111e-05
2.90748386346456e-05
2.90744159676692e-05
2.90739933129815e-05
2.90735706705819e-05
2.90731480404698e-05
2.90727254226447e-05
2.90723028171061e-05
2.90718802238535e-05
2.90714576428862e-05
2.90710350742038e-05
2.90706125178058e-05
2.90701899736915e-05
2.90697674418605e-05
2.90693449223122e-05
2.90689224150461e-05
2.90684999200616e-05
2.90680774373583e-05
2.90676549669355e-05
2.90672325087928e-05
2.90668100629296e-05
2.90663876293454e-05
2.90659652080396e-05
2.90655427990118e-05
2.90651204022613e-05
2.90646980177876e-05
2.90642756455902e-05
2.90638532856686e-05
2.90634309380222e-05
2.90630086026505e-05
2.9062586279553e-05
2.90621639687291e-05
2.90617416701783e-05
2.90613193839e-05
2.90608971098938e-05
2.9060474848159e-05
2.90600525986952e-05
2.90596303615018e-05
2.90592081365783e-05
2.90587859239241e-05
2.90583637235387e-05
2.90579415354216e-05
2.90575193595723e-05
2.90570971959901e-05
2.90566750446746e-05
2.90562529056253e-05
2.90558307788415e-05
2.90554086643229e-05
2.90549865620687e-05
2.90545644720786e-05
2.90541423943519e-05
2.90537203288881e-05
2.90532982756867e-05
2.90528762347472e-05
2.90524542060691e-05
2.90520321896517e-05
2.90516101854945e-05
2.90511881935971e-05
2.90507662139589e-05
2.90503442465793e-05
2.90499222914579e-05
2.9049500348594e-05
2.90490784179872e-05
2.90486564996369e-05
2.90482345935426e-05
2.90478126997037e-05
2.90473908181198e-05
2.90469689487902e-05
2.90465470917145e-05
2.90461252468921e-05
2.90457034143224e-05
2.90452815940051e-05
2.90448597859394e-05
2.90444379901249e-05
2.9044016206561e-05
2.90435944352473e-05
2.90431726761831e-05
2.9042750929368e-05
2.90423291948014e-05
2.90419074724828e-05
2.90414857624116e-05
2.90410640645873e-05
2.90406423790094e-05
2.90402207056774e-05
2.90397990445906e-05
2.90393773957486e-05
2.90389557591509e-05
2.90385341347969e-05
2.9038112522686e-05
2.90376909228178e-05
2.90372693351917e-05
2.90368477598072e-05
2.90364261966637e-05
2.90360046457607e-05
2.90355831070977e-05
2.90351615806742e-05
2.90347400664896e-05
2.90343185645433e-05
2.90338970748349e-05
2.90334755973638e-05
2.90330541321294e-05
2.90326326791313e-05
2.9032211238369e-05
2.90317898098418e-05
2.90313683935492e-05
2.90309469894908e-05
2.90305255976659e-05
2.90301042180741e-05
2.90296828507149e-05
2.90292614955876e-05
2.90288401526917e-05
2.90284188220268e-05
2.90279975035922e-05
2.90275761973875e-05
2.90271549034121e-05
2.90267336216656e-05
2.90263123521472e-05
2.90258910948566e-05
2.90254698497932e-05
2.90250486169564e-05
2.90246273963458e-05
2.90242061879608e-05
2.90237849918008e-05
2.90233638078653e-05
2.90229426361539e-05
2.90225214766659e-05
2.90221003294008e-05
2.90216791943582e-05
2.90212580715374e-05
2.9020836960938e-05
2.90204158625593e-05
2.90199947764009e-05
2.90195737024623e-05
2.90191526407429e-05
2.90187315912421e-05
2.90183105539595e-05
2.90178895288946e-05
2.90174685160467e-05
2.90170475154153e-05
2.9016626527e-05
2.90162055508001e-05
2.90157845868152e-05
2.90153636350448e-05
2.90149426954882e-05
2.9014521768145e-05
2.90141008530146e-05
2.90136799500965e-05
2.90132590593901e-05
2.9012838180895e-05
2.90124173146107e-05
2.90119964605364e-05
2.90115756186718e-05
2.90111547890164e-05
2.90107339715695e-05
2.90103131663306e-05
2.90098923732993e-05
2.90094715924749e-05
2.9009050823857e-05
2.90086300674451e-05
2.90082093232385e-05
2.90077885912367e-05
2.90073678714393e-05
2.90069471638457e-05
2.90065264684554e-05
2.90061057852678e-05
2.90056851142824e-05
2.90052644554987e-05
2.90048438089161e-05
2.90044231745341e-05
2.90040025523522e-05
2.90035819423699e-05
2.90031613445866e-05
2.90027407590017e-05
2.90023201856148e-05
2.90018996244254e-05
2.90014790754328e-05
2.90010585386367e-05
2.90006380140363e-05
2.90002175016313e-05
2.8999797001421e-05
2.8999376513405e-05
2.89989560375826e-05
2.89985355739535e-05
2.8998115122517e-05
2.89976946832727e-05
2.89972742562199e-05
2.89968538413582e-05
2.8996433438687e-05
2.89960130482059e-05
2.89955926699142e-05
2.89951723038114e-05
2.89947519498971e-05
2.89943316081706e-05
2.89939112786315e-05
2.89934909612792e-05
2.89930706561132e-05
2.89926503631329e-05
2.89922300823379e-05
2.89918098137276e-05
2.89913895573015e-05
2.8990969313059e-05
2.89905490809996e-05
2.89901288611228e-05
2.8989708653428e-05
2.89892884579148e-05
2.89888682745826e-05
2.89884481034308e-05
2.89880279444589e-05
2.89876077976665e-05
2.89871876630529e-05
2.89867675406177e-05
2.89863474303603e-05
2.89859273322802e-05
2.89855072463768e-05
2.89850871726497e-05
2.89846671110982e-05
2.8984247061722e-05
2.89838270245203e-05
2.89834069994928e-05
2.89829869866388e-05
2.89825669859579e-05
2.89821469974496e-05
2.89817270211132e-05
2.89813070569483e-05
2.89808871049543e-05
2.89804671651307e-05
2.8980047237477e-05
2.89796273219926e-05
2.89792074186771e-05
2.89787875275298e-05
2.89783676485504e-05
2.89779477817381e-05
2.89775279270925e-05
2.89771080846132e-05
2.89766882542994e-05
2.89762684361508e-05
2.89758486301668e-05
2.89754288363468e-05
2.89750090546903e-05
2.89745892851969e-05
2.89741695278659e-05
2.89737497826969e-05
2.89733300496893e-05
2.89729103288425e-05
2.89724906201562e-05
2.89720709236296e-05
2.89716512392624e-05
2.89712315670539e-05
2.89708119070037e-05
2.89703922591112e-05
2.89699726233759e-05
2.89695529997972e-05
2.89691333883747e-05
2.89687137891078e-05
2.89682942019959e-05
2.89678746270386e-05
2.89674550642353e-05
2.89670355135855e-05
2.89666159750887e-05
2.89661964487443e-05
2.89657769345518e-05
2.89653574325107e-05
2.89649379426205e-05
2.89645184648805e-05
2.89640989992904e-05
2.89636795458495e-05
2.89632601045574e-05
2.89628406754134e-05
2.89624212584172e-05
2.89620018535681e-05
2.89615824608657e-05
2.89611630803093e-05
2.89607437118985e-05
2.89603243556328e-05
2.89599050115116e-05
2.89594856795343e-05
2.89590663597006e-05
2.89586470520097e-05
2.89582277564613e-05
2.89578084730548e-05
2.89573892017896e-05
2.89569699426652e-05
2.89565506956811e-05
2.89561314608368e-05
2.89557122381318e-05
2.89552930275654e-05
2.89548738291373e-05
2.89544546428468e-05
2.89540354686935e-05
2.89536163066767e-05
2.8953197156796e-05
2.89527780190509e-05
2.89523588934408e-05
2.89519397799653e-05
2.89515206786236e-05
2.89511015894155e-05
2.89506825123402e-05
2.89502634473974e-05
2.89498443945864e-05
2.89494253539067e-05
2.89490063253579e-05
2.89485873089393e-05
2.89481683046505e-05
2.8947749312491e-05
2.89473303324601e-05
2.89469113645574e-05
2.89464924087824e-05
2.89460734651345e-05
2.89456545336131e-05
2.89452356142179e-05
2.89448167069482e-05
2.89443978118035e-05
2.89439789287833e-05
2.89435600578871e-05
2.89431411991143e-05
2.89427223524645e-05
2.8942303517937e-05
2.89418846955314e-05
2.89414658852471e-05
2.89410470870836e-05
2.89406283010404e-05
2.8940209527117e-05
2.89397907653128e-05
2.89393720156273e-05
2.89389532780599e-05
2.89385345526103e-05
2.89381158392777e-05
2.89376971380618e-05
2.89372784489619e-05
2.89368597719775e-05
2.89364411071082e-05
2.89360224543534e-05
2.89356038137126e-05
2.89351851851852e-05
2.89347665687707e-05
2.89343479644686e-05
2.89339293722784e-05
2.89335107921995e-05
2.89330922242315e-05
2.89326736683737e-05
2.89322551246257e-05
2.89318365929869e-05
2.89314180734569e-05
2.8930999566035e-05
2.89305810707208e-05
2.89301625875137e-05
2.89297441164133e-05
2.89293256574189e-05
2.89289072105301e-05
2.89284887757464e-05
2.89280703530671e-05
2.89276519424918e-05
2.892723354402e-05
2.89268151576511e-05
2.89263967833847e-05
2.89259784212201e-05
2.89255600711569e-05
2.89251417331945e-05
2.89247234073324e-05
2.89243050935701e-05
2.89238867919071e-05
2.89234685023428e-05
2.89230502248767e-05
2.89226319595083e-05
2.89222137062371e-05
2.89217954650625e-05
2.8921377235984e-05
2.89209590190011e-05
2.89205408141132e-05
2.89201226213199e-05
2.89197044406206e-05
2.89192862720148e-05
2.8918868115502e-05
2.89184499710816e-05
2.89180318387531e-05
2.89176137185159e-05
2.89171956103697e-05
2.89167775143138e-05
2.89163594303477e-05
2.89159413584709e-05
2.89155232986829e-05
2.89151052509831e-05
2.8914687215371e-05
2.89142691918462e-05
2.8913851180408e-05
2.89134331810559e-05
2.89130151937895e-05
2.89125972186081e-05
2.89121792555114e-05
2.89117613044987e-05
2.89113433655695e-05
2.89109254387233e-05
2.89105075239596e-05
2.89100896212778e-05
2.89096717306775e-05
2.89092538521581e-05
2.8908835985719e-05
2.89084181313599e-05
2.890800028908e-05
2.8907582458879e-05
2.89071646407562e-05
2.89067468347112e-05
2.89063290407435e-05
2.89059112588524e-05
2.89054934890376e-05
2.89050757312984e-05
2.89046579856344e-05
2.8904240252045e-05
2.89038225305297e-05
2.89034048210879e-05
2.89029871237192e-05
2.89025694384231e-05
2.89021517651989e-05
2.89017341040462e-05
2.89013164549645e-05
2.89008988179532e-05
2.89004811930119e-05
2.89000635801399e-05
2.88996459793368e-05
2.8899228390602e-05
2.8898810813935e-05
2.88983932493353e-05
2.88979756968024e-05
2.88975581563358e-05
2.88971406279349e-05
2.88967231115991e-05
2.88963056073281e-05
2.88958881151212e-05
2.8895470634978e-05
2.88950531668978e-05
2.88946357108803e-05
2.88942182669248e-05
2.88938008350308e-05
2.88933834151979e-05
2.88929660074255e-05
2.8892548611713e-05
2.889213122806e-05
2.8891713856466e-05
2.88912964969303e-05
2.88908791494525e-05
2.88904618140321e-05
2.88900444906685e-05
2.88896271793613e-05
2.88892098801098e-05
2.88887925929136e-05
2.88883753177721e-05
2.88879580546849e-05
2.88875408036514e-05
2.8887123564671e-05
2.88867063377434e-05
2.88862891228678e-05
2.88858719200439e-05
2.88854547292711e-05
2.88850375505488e-05
2.88846203838766e-05
2.88842032292539e-05
2.88837860866802e-05
2.8883368956155e-05
2.88829518376778e-05
2.8882534731248e-05
2.88821176368651e-05
2.88817005545287e-05
2.8881283484238e-05
2.88808664259928e-05
2.88804493797924e-05
2.88800323456362e-05
2.88796153235239e-05
2.88791983134548e-05
2.88787813154285e-05
2.88783643294444e-05
2.8877947355502e-05
2.88775303936007e-05
2.88771134437402e-05
2.88766965059197e-05
2.88762795801389e-05
2.88758626663972e-05
2.8875445764694e-05
2.88750288750289e-05
2.88746119974013e-05
2.88741951318107e-05
2.88737782782566e-05
2.88733614367385e-05
2.88729446072558e-05
2.8872527789808e-05
2.88721109843946e-05
2.88716941910151e-05
2.8871277409669e-05
2.88708606403557e-05
2.88704438830747e-05
2.88700271378255e-05
2.88696104046076e-05
2.88691936834204e-05
2.88687769742635e-05
2.88683602771363e-05
2.88679435920382e-05
2.88675269189689e-05
2.88671102579276e-05
2.8866693608914e-05
2.88662769719275e-05
2.88658603469676e-05
2.88654437340338e-05
2.88650271331255e-05
2.88646105442422e-05
2.88641939673835e-05
2.88637774025487e-05
2.88633608497373e-05
2.8862944308949e-05
2.8862527780183e-05
2.88621112634389e-05
2.88616947587162e-05
2.88612782660144e-05
2.88608617853329e-05
2.88604453166712e-05
2.88600288600289e-05
2.88596124154053e-05
2.88591959827999e-05
2.88587795622123e-05
2.88583631536419e-05
2.88579467570882e-05
2.88575303725507e-05
2.88571140000289e-05
2.88566976395221e-05
2.885628129103e-05
2.8855864954552e-05
2.88554486300876e-05
2.88550323176362e-05
2.88546160171974e-05
2.88541997287705e-05
2.88537834523552e-05
2.88533671879508e-05
2.88529509355569e-05
2.8852534695173e-05
2.88521184667984e-05
2.88517022504328e-05
2.88512860460755e-05
2.88508698537261e-05
2.8850453673384e-05
2.88500375050488e-05
2.88496213487198e-05
2.88492052043966e-05
2.88487890720787e-05
2.88483729517655e-05
2.88479568434566e-05
2.88475407471513e-05
2.88471246628492e-05
2.88467085905498e-05
2.88462925302525e-05
2.88458764819569e-05
2.88454604456624e-05
2.88450444213684e-05
2.88446284090745e-05
2.88442124087802e-05
2.88437964204849e-05
2.88433804441881e-05
2.88429644798892e-05
2.88425485275879e-05
2.88421325872835e-05
2.88417166589755e-05
2.88413007426635e-05
2.88408848383468e-05
2.88404689460251e-05
2.88400530656976e-05
2.88396371973641e-05
2.88392213410238e-05
2.88388054966763e-05
2.88383896643211e-05
2.88379738439577e-05
2.88375580355855e-05
2.88371422392041e-05
2.88367264548128e-05
2.88363106824113e-05
2.88358949219989e-05
2.88354791735752e-05
2.88350634371396e-05
2.88346477126916e-05
2.88342320002307e-05
2.88338162997564e-05
2.88334006112681e-05
2.88329849347654e-05
2.88325692702477e-05
2.88321536177145e-05
2.88317379771653e-05
2.88313223485995e-05
2.88309067320167e-05
2.88304911274164e-05
2.88300755347979e-05
2.88296599541608e-05
2.88292443855047e-05
2.88288288288288e-05
2.88284132841328e-05
2.88279977514162e-05
2.88275822306783e-05
2.88271667219187e-05
2.88267512251369e-05
2.88263357403324e-05
2.88259202675045e-05
2.88255048066529e-05
2.8825089357777e-05
2.88246739208763e-05
2.88242584959502e-05
2.88238430829983e-05
2.88234276820199e-05
2.88230122930147e-05
2.88225969159821e-05
2.88221815509216e-05
2.88217661978326e-05
2.88213508567147e-05
2.88209355275672e-05
2.88205202103898e-05
2.88201049051819e-05
2.88196896119429e-05
2.88192743306724e-05
2.88188590613698e-05
2.88184438040346e-05
2.88180285586663e-05
2.88176133252644e-05
2.88171981038284e-05
2.88167828943577e-05
2.88163676968518e-05
2.88159525113103e-05
2.88155373377325e-05
2.8815122176118e-05
2.88147070264663e-05
2.88142918887768e-05
2.88138767630491e-05
2.88134616492825e-05
2.88130465474767e-05
2.8812631457631e-05
2.8812216379745e-05
2.88118013138181e-05
2.88113862598499e-05
2.88109712178398e-05
2.88105561877872e-05
2.88101411696917e-05
2.88097261635528e-05
2.88093111693699e-05
2.88088961871426e-05
2.88084812168702e-05
2.88080662585524e-05
2.88076513121885e-05
2.88072363777781e-05
2.88068214553206e-05
2.88064065448156e-05
2.88059916462624e-05
2.88055767596607e-05
2.88051618850098e-05
2.88047470223093e-05
2.88043321715586e-05
2.88039173327573e-05
2.88035025059047e-05
2.88030876910005e-05
2.8802672888044e-05
2.88022580970348e-05
2.88018433179724e-05
2.88014285508561e-05
2.88010137956856e-05
2.88005990524603e-05
2.88001843211797e-05
2.87997696018432e-05
2.87993548944504e-05
2.87989401990007e-05
2.87985255154936e-05
2.87981108439286e-05
2.87976961843053e-05
2.87972815366229e-05
2.87968669008812e-05
2.87964522770795e-05
2.87960376652173e-05
2.87956230652941e-05
2.87952084773094e-05
2.87947939012627e-05
2.87943793371534e-05
2.87939647849811e-05
2.87935502447452e-05
2.87931357164452e-05
2.87927212000806e-05
2.87923066956509e-05
2.87918922031556e-05
2.87914777225941e-05
2.8791063253966e-05
2.87906487972706e-05
2.87902343525076e-05
2.87898199196764e-05
2.87894054987765e-05
2.87889910898073e-05
2.87885766927683e-05
2.87881623076591e-05
2.87877479344791e-05
2.87873335732278e-05
2.87869192239047e-05
2.87865048865092e-05
2.87860905610409e-05
2.87856762474992e-05
2.87852619458837e-05
2.87848476561938e-05
2.87844333784289e-05
2.87840191125887e-05
2.87836048586725e-05
2.87831906166799e-05
2.87827763866103e-05
2.87823621684632e-05
2.87819479622381e-05
2.87815337679345e-05
2.87811195855519e-05
2.87807054150897e-05
2.87802912565475e-05
2.87798771099247e-05
2.87794629752209e-05
2.87790488524354e-05
2.87786347415679e-05
2.87782206426177e-05
2.87778065555843e-05
2.87773924804673e-05
2.87769784172662e-05
2.87765643659803e-05
2.87761503266093e-05
2.87757362991526e-05
2.87753222836096e-05
2.87749082799799e-05
2.87744942882629e-05
2.87740803084581e-05
2.87736663405651e-05
2.87732523845833e-05
2.87728384405122e-05
2.87724245083512e-05
2.87720105880999e-05
2.87715966797577e-05
2.87711827833242e-05
2.87707688987988e-05
2.8770355026181e-05
2.87699411654703e-05
2.87695273166662e-05
2.87691134797681e-05
2.87686996547756e-05
2.87682858416881e-05
2.87678720405052e-05
2.87674582512262e-05
2.87670444738508e-05
2.87666307083783e-05
2.87662169548083e-05
2.87658032131402e-05
2.87653894833736e-05
2.87649757655079e-05
2.87645620595426e-05
2.87641483654773e-05
2.87637346833113e-05
2.87633210130442e-05
2.87629073546754e-05
2.87624937082045e-05
2.87620800736309e-05
2.87616664509542e-05
2.87612528401737e-05
2.87608392412891e-05
2.87604256542997e-05
2.87600120792051e-05
2.87595985160047e-05
2.87591849646981e-05
2.87587714252847e-05
2.8758357897764e-05
2.87579443821356e-05
2.87575308783988e-05
2.87571173865532e-05
2.87567039065982e-05
2.87562904385334e-05
2.87558769823583e-05
2.87554635380722e-05
2.87550501056748e-05
2.87546366851655e-05
2.87542232765437e-05
2.87538098798091e-05
2.8753396494961e-05
2.87529831219989e-05
2.87525697609224e-05
2.87521564117309e-05
2.87517430744239e-05
2.87513297490009e-05
2.87509164354614e-05
2.87505031338048e-05
2.87500898440308e-05
2.87496765661386e-05
2.87492633001279e-05
2.87488500459982e-05
2.87484368037488e-05
2.87480235733793e-05
2.87476103548893e-05
2.8747197148278e-05
2.87467839535452e-05
2.87463707706902e-05
2.87459575997125e-05
2.87455444406117e-05
2.87451312933872e-05
2.87447181580385e-05
2.8744305034565e-05
2.87438919229664e-05
2.8743478823242e-05
2.87430657353913e-05
2.87426526594139e-05
2.87422395953093e-05
2.87418265430768e-05
2.87414135027161e-05
2.87410004742265e-05
2.87405874576076e-05
2.87401744528589e-05
2.87397614599799e-05
2.873934847897e-05
2.87389355098287e-05
2.87385225525556e-05
2.873810960715e-05
2.87376966736116e-05
2.87372837519398e-05
2.8736870842134e-05
2.87364579441938e-05
2.87360450581187e-05
2.8735632183908e-05
2.87352193215615e-05
2.87348064710784e-05
2.87343936324584e-05
2.87339808057008e-05
2.87335679908053e-05
2.87331551877712e-05
2.8732742396598e-05
2.87323296172854e-05
2.87319168498326e-05
2.87315040942393e-05
2.87310913505049e-05
2.8730678618629e-05
2.87302658986109e-05
2.87298531904502e-05
2.87294404941464e-05
2.87290278096989e-05
2.87286151371073e-05
2.87282024763711e-05
2.87277898274896e-05
2.87273771904625e-05
2.87269645652892e-05
2.87265519519692e-05
2.8726139350502e-05
2.8725726760887e-05
2.87253141831239e-05
2.8724901617212e-05
2.87244890631508e-05
2.87240765209399e-05
2.87236639905786e-05
2.87232514720666e-05
2.87228389654033e-05
2.87224264705882e-05
2.87220139876208e-05
2.87216015165006e-05
2.8721189057227e-05
2.87207766097995e-05
2.87203641742177e-05
2.87199517504811e-05
2.8719539338589e-05
2.87191269385411e-05
2.87187145503367e-05
2.87183021739755e-05
2.87178898094568e-05
2.87174774567802e-05
2.87170651159452e-05
2.87166527869512e-05
2.87162404697977e-05
2.87158281644843e-05
2.87154158710104e-05
2.87150035893754e-05
2.8714591319579e-05
2.87141790616206e-05
2.87137668154997e-05
2.87133545812157e-05
2.87129423587682e-05
2.87125301481567e-05
2.87121179493805e-05
2.87117057624393e-05
2.87112935873326e-05
2.87108814240597e-05
2.87104692726203e-05
2.87100571330137e-05
2.87096450052395e-05
2.87092328892972e-05
2.87088207851862e-05
2.87084086929062e-05
2.87079966124564e-05
2.87075845438365e-05
2.87071724870459e-05
2.87067604420841e-05
2.87063484089506e-05
2.8705936387645e-05
2.87055243781666e-05
2.8705112380515e-05
2.87047003946896e-05
2.870428842069e-05
2.87038764585157e-05
2.87034645081661e-05
2.87030525696408e-05
2.87026406429392e-05
2.87022287280607e-05
2.8701816825005e-05
2.87014049337715e-05
2.87009930543597e-05
2.8700581186769e-05
2.87001693309991e-05
2.86997574870492e-05
2.86993456549191e-05
2.8698933834608e-05
2.86985220261157e-05
2.86981102294414e-05
2.86976984445847e-05
2.86972866715452e-05
2.86968749103223e-05
2.86964631609154e-05
2.86960514233242e-05
2.8695639697548e-05
2.86952279835863e-05
2.86948162814388e-05
2.86944045911047e-05
2.86939929125838e-05
2.86935812458753e-05
2.86931695909789e-05
2.8692757947894e-05
2.869234631662e-05
2.86919346971566e-05
2.86915230895032e-05
2.86911114936593e-05
2.86906999096243e-05
2.86902883373978e-05
2.86898767769792e-05
2.86894652283681e-05
2.8689053691564e-05
2.86886421665663e-05
2.86882306533745e-05
2.86878191519881e-05
2.86874076624066e-05
2.86869961846295e-05
2.86865847186563e-05
2.86861732644865e-05
2.86857618221196e-05
2.8685350391555e-05
2.86849389727923e-05
2.8684527565831e-05
2.86841161706705e-05
2.86837047873103e-05
2.868329341575e-05
2.8682882055989e-05
2.86824707080268e-05
2.86820593718629e-05
2.86816480474968e-05
2.8681236734928e-05
2.8680825434156e-05
2.86804141451803e-05
2.86800028680003e-05
2.86795916026156e-05
2.86791803490256e-05
2.86787691072299e-05
2.86783578772279e-05
2.86779466590192e-05
2.86775354526032e-05
2.86771242579794e-05
2.86767130751473e-05
2.86763019041064e-05
2.86758907448563e-05
2.86754795973963e-05
2.8675068461726e-05
2.86746573378448e-05
2.86742462257523e-05
2.8673835125448e-05
2.86734240369314e-05
2.86730129602019e-05
2.8672601895259e-05
2.86721908421022e-05
2.86717798007311e-05
2.86713687711451e-05
2.86709577533438e-05
2.86705467473265e-05
2.86701357530928e-05
2.86697247706422e-05
2.86693137999742e-05
2.86689028410883e-05
2.86684918939839e-05
2.86680809586606e-05
2.86676700351179e-05
2.86672591233552e-05
2.86668482233721e-05
2.8666437335168e-05
2.86660264587424e-05
2.86656155940949e-05
2.86652047412249e-05
2.86647939001319e-05
2.86643830708154e-05
2.86639722532749e-05
2.86635614475099e-05
2.86631506535198e-05
2.86627398713043e-05
2.86623291008627e-05
2.86619183421946e-05
2.86615075952995e-05
2.86610968601768e-05
2.86606861368261e-05
2.86602754252468e-05
2.86598647254385e-05
2.86594540374006e-05
2.86590433611326e-05
2.8658632696634e-05
2.86582220439044e-05
2.86578114029432e-05
2.86574007737498e-05
2.86569901563239e-05
2.86565795506648e-05
2.86561689567722e-05
2.86557583746454e-05
2.8655347804284e-05
2.86549372456874e-05
2.86545266988553e-05
2.86541161637869e-05
2.8653705640482e-05
2.86532951289398e-05
2.865288462916e-05
2.86524741411421e-05
2.86520636648855e-05
2.86516532003897e-05
2.86512427476542e-05
2.86508323066785e-05
2.86504218774621e-05
2.86500114600046e-05
2.86496010543053e-05
2.86491906603638e-05
2.86487802781797e-05
2.86483699077523e-05
2.86479595490811e-05
2.86475492021658e-05
2.86471388670057e-05
2.86467285436003e-05
2.86463182319492e-05
2.86459079320519e-05
2.86454976439078e-05
2.86450873675165e-05
2.86446771028774e-05
2.864426684999e-05
2.86438566088538e-05
2.86434463794684e-05
2.86430361618332e-05
2.86426259559476e-05
2.86422157618113e-05
2.86418055794237e-05
2.86413954087843e-05
2.86409852498926e-05
2.86405751027481e-05
2.86401649673502e-05
2.86397548436985e-05
2.86393447317925e-05
2.86389346316317e-05
2.86385245432155e-05
2.86381144665435e-05
2.86377044016152e-05
2.863729434843e-05
2.86368843069874e-05
2.8636474277287e-05
2.86360642593282e-05
2.86356542531105e-05
2.86352442586335e-05
2.86348342758966e-05
2.86344243048993e-05
2.86340143456412e-05
2.86336043981216e-05
2.86331944623402e-05
2.86327845382964e-05
2.86323746259896e-05
2.86319647254195e-05
2.86315548365854e-05
2.86311449594869e-05
2.86307350941235e-05
2.86303252404947e-05
2.86299153986e-05
2.86295055684388e-05
2.86290957500107e-05
2.86286859433152e-05
2.86282761483517e-05
2.86278663651198e-05
2.86274565936189e-05
2.86270468338486e-05
2.86266370858083e-05
2.86262273494976e-05
2.86258176249159e-05
2.86254079120627e-05
2.86249982109376e-05
2.862458852154e-05
2.86241788438694e-05
2.86237691779253e-05
2.86233595237073e-05
2.86229498812148e-05
2.86225402504472e-05
2.86221306314042e-05
2.86217210240852e-05
2.86213114284897e-05
2.86209018446171e-05
2.86204922724671e-05
2.8620082712039e-05
2.86196731633325e-05
2.86192636263469e-05
2.86188541010818e-05
2.86184445875367e-05
2.8618035085711e-05
2.86176255956043e-05
2.86172161172161e-05
2.86168066505459e-05
2.86163971955931e-05
2.86159877523572e-05
2.86155783208379e-05
2.86151689010344e-05
2.86147594929465e-05
2.86143500965734e-05
2.86139407119148e-05
2.86135313389702e-05
2.8613121977739e-05
2.86127126282207e-05
2.86123032904149e-05
2.8611893964321e-05
2.86114846499385e-05
2.86110753472669e-05
2.86106660563058e-05
2.86102567770546e-05
2.86098475095128e-05
2.86094382536799e-05
2.86090290095554e-05
2.86086197771389e-05
2.86082105564297e-05
2.86078013474274e-05
2.86073921501316e-05
2.86069829645416e-05
2.86065737906571e-05
2.86061646284774e-05
2.86057554780022e-05
2.86053463392308e-05
2.86049372121628e-05
2.86045280967977e-05
2.8604118993135e-05
2.86037099011742e-05
2.86033008209147e-05
2.86028917523562e-05
2.8602482695498e-05
2.86020736503397e-05
2.86016646168807e-05
2.86012555951206e-05
2.86008465850589e-05
2.86004375866951e-05
2.86000286000286e-05
2.8599619625059e-05
2.85992106617857e-05
2.85988017102083e-05
2.85983927703263e-05
2.85979838421391e-05
2.85975749256463e-05
2.85971660208473e-05
2.85967571277417e-05
2.85963482463289e-05
2.85959393766085e-05
2.85955305185799e-05
2.85951216722427e-05
2.85947128375963e-05
2.85943040146403e-05
2.85938952033741e-05
2.85934864037972e-05
2.85930776159092e-05
2.85926688397095e-05
2.85922600751976e-05
2.85918513223731e-05
2.85914425812354e-05
2.85910338517841e-05
2.85906251340186e-05
2.85902164279384e-05
2.8589807733543e-05
2.8589399050832e-05
2.85889903798047e-05
2.85885817204608e-05
2.85881730727998e-05
2.8587764436821e-05
2.85873558125241e-05
2.85869471999085e-05
2.85865385989737e-05
2.85861300097193e-05
2.85857214321446e-05
2.85853128662493e-05
2.85849043120328e-05
2.85844957694946e-05
2.85840872386343e-05
2.85836787194512e-05
2.85832702119449e-05
2.8582861716115e-05
2.85824532319609e-05
2.85820447594821e-05
2.85816362986781e-05
2.85812278495484e-05
2.85808194120925e-05
2.858041098631e-05
2.85800025722002e-05
2.85795941697628e-05
2.85791857789972e-05
2.85787773999028e-05
2.85783690324793e-05
2.85779606767261e-05
2.85775523326427e-05
2.85771440002286e-05
2.85767356794833e-05
2.85763273704064e-05
2.85759190729972e-05
2.85755107872553e-05
2.85751025131803e-05
2.85746942507715e-05
2.85742860000286e-05
2.85738777609509e-05
2.85734695335381e-05
2.85730613177896e-05
2.85726531137049e-05
2.85722449212835e-05
2.85718367405249e-05
2.85714285714286e-05
2.85710204139941e-05
2.85706122682209e-05
2.85702041341085e-05
2.85697960116565e-05
2.85693879008642e-05
2.85689798017313e-05
2.85685717142571e-05
2.85681636384413e-05
2.85677555742833e-05
2.85673475217826e-05
2.85669394809387e-05
2.85665314517511e-05
2.85661234342194e-05
2.85657154283429e-05
2.85653074341213e-05
2.85648994515539e-05
2.85644914806404e-05
2.85640835213802e-05
2.85636755737728e-05
2.85632676378178e-05
2.85628597135145e-05
2.85624518008626e-05
2.85620438998615e-05
2.85616360105107e-05
2.85612281328097e-05
2.85608202667581e-05
2.85604124123552e-05
2.85600045696007e-05
2.85595967384941e-05
2.85591889190347e-05
2.85587811112222e-05
2.8558373315056e-05
2.85579655305356e-05
2.85575577576606e-05
2.85571499964304e-05
2.85567422468445e-05
2.85563345089024e-05
2.85559267826037e-05
2.85555190679479e-05
2.85551113649343e-05
2.85547036735626e-05
2.85542959938323e-05
2.85538883257428e-05
2.85534806692936e-05
2.85530730244843e-05
2.85526653913143e-05
2.85522577697831e-05
2.85518501598904e-05
2.85514425616354e-05
2.85510349750178e-05
2.85506274000371e-05
2.85502198366927e-05
2.85498122849842e-05
2.85494047449111e-05
2.85489972164728e-05
2.85485896996688e-05
2.85481821944988e-05
2.85477747009621e-05
2.85473672190582e-05
2.85469597487868e-05
2.85465522901472e-05
2.85461448431389e-05
2.85457374077616e-05
2.85453299840146e-05
2.85449225718975e-05
2.85445151714098e-05
2.8544107782551e-05
2.85437004053205e-05
2.8543293039718e-05
2.85428856857428e-05
2.85424783433946e-05
2.85420710126727e-05
2.85416636935767e-05
2.85412563861061e-05
2.85408490902604e-05
2.85404418060392e-05
2.85400345334418e-05
2.85396272724678e-05
2.85392200231168e-05
2.85388127853881e-05
2.85384055592814e-05
2.85379983447961e-05
2.85375911419317e-05
2.85371839506877e-05
2.85367767710637e-05
2.85363696030591e-05
2.85359624466734e-05
2.85355553019062e-05
2.85351481687569e-05
2.8534741047225e-05
2.85343339373101e-05
2.85339268390116e-05
2.8533519752329e-05
2.8533112677262e-05
2.85327056138098e-05
2.85322985619722e-05
2.85318915217484e-05
2.85314844931382e-05
2.85310774761409e-05
2.85306704707561e-05
2.85302634769832e-05
2.85298564948218e-05
2.85294495242714e-05
2.85290425653315e-05
2.85286356180016e-05
2.85282286822811e-05
2.85278217581697e-05
2.85274148456667e-05
2.85270079447717e-05
2.85266010554842e-05
2.85261941778038e-05
2.85257873117298e-05
2.85253804572618e-05
2.85249736143994e-05
2.8524566783142e-05
2.85241599634891e-05
2.85237531554402e-05
2.85233463589948e-05
2.85229395741525e-05
2.85225328009127e-05
2.8522126039275e-05
2.85217192892388e-05
2.85213125508036e-05
2.8520905823969e-05
2.85204991087344e-05
2.85200924050994e-05
2.85196857130634e-05
2.85192790326261e-05
2.85188723637867e-05
2.8518465706545e-05
2.85180590609003e-05
2.85176524268522e-05
2.85172458044002e-05
2.85168391935438e-05
2.85164325942825e-05
2.85160260066157e-05
2.85156194305431e-05
2.8515212866064e-05
2.85148063131781e-05
2.85143997718848e-05
2.85139932421836e-05
2.8513586724074e-05
2.85131802175556e-05
2.85127737226277e-05
2.851236723929e-05
2.8511960767542e-05
2.85115543073831e-05
2.85111478588128e-05
2.85107414218307e-05
2.85103349964362e-05
2.85099285826289e-05
2.85095221804083e-05
2.85091157897738e-05
2.8508709410725e-05
2.85083030432613e-05
2.85078966873824e-05
2.85074903430876e-05
2.85070840103766e-05
2.85066776892487e-05
2.85062713797035e-05
2.85058650817406e-05
2.85054587953593e-05
2.85050525205593e-05
2.85046462573399e-05
2.85042400057008e-05
2.85038337656415e-05
2.85034275371613e-05
2.85030213202599e-05
2.85026151149368e-05
2.85022089211914e-05
2.85018027390232e-05
2.85013965684319e-05
2.85009904094167e-05
2.85005842619774e-05
2.85001781261133e-05
2.8499772001824e-05
2.8499365889109e-05
2.84989597879677e-05
2.84985536983998e-05
2.84981476204047e-05
2.84977415539818e-05
2.84973354991308e-05
2.84969294558511e-05
2.84965234241423e-05
2.84961174040037e-05
2.8495711395435e-05
2.84953053984356e-05
2.84948994130051e-05
2.84944934391429e-05
2.84940874768486e-05
2.84936815261216e-05
2.84932755869615e-05
2.84928696593677e-05
2.84924637433399e-05
2.84920578388774e-05
2.84916519459798e-05
2.84912460646466e-05
2.84908401948773e-05
2.84904343366715e-05
2.84900284900285e-05
2.84896226549479e-05
2.84892168314293e-05
2.84888110194721e-05
2.84884052190758e-05
2.848799943024e-05
2.84875936529641e-05
2.84871878872477e-05
2.84867821330902e-05
2.84863763904912e-05
2.84859706594502e-05
2.84855649399667e-05
2.84851592320401e-05
2.848475353567e-05
2.8484347850856e-05
2.84839421775974e-05
2.84835365158938e-05
2.84831308657448e-05
2.84827252271497e-05
2.84823196001082e-05
2.84819139846198e-05
2.84815083806838e-05
2.84811027883e-05
2.84806972074676e-05
2.84802916381864e-05
2.84798860804557e-05
2.84794805342751e-05
2.8479074999644e-05
2.84786694765621e-05
2.84782639650287e-05
2.84778584650434e-05
2.84774529766058e-05
2.84770474997152e-05
2.84766420343713e-05
2.84762365805735e-05
2.84758311383213e-05
2.84754257076143e-05
2.8475020288452e-05
2.84746148808337e-05
2.84742094847592e-05
2.84738041002278e-05
2.84733987272391e-05
2.84729933657925e-05
2.84725880158877e-05
2.84721826775241e-05
2.84717773507011e-05
2.84713720354184e-05
2.84709667316754e-05
2.84705614394716e-05
2.84701561588065e-05
2.84697508896797e-05
2.84693456320906e-05
2.84689403860388e-05
2.84685351515238e-05
2.8468129928545e-05
2.8467724717102e-05
2.84673195171943e-05
2.84669143288213e-05
2.84665091519827e-05
2.84661039866779e-05
2.84656988329063e-05
2.84652936906677e-05
2.84648885599613e-05
2.84644834407868e-05
2.84640783331436e-05
2.84636732370312e-05
2.84632681524493e-05
2.84628630793972e-05
2.84624580178744e-05
2.84620529678806e-05
2.84616479294151e-05
2.84612429024776e-05
2.84608378870674e-05
2.84604328831842e-05
2.84600278908273e-05
2.84596229099964e-05
2.8459217940691e-05
2.84588129829105e-05
2.84584080366544e-05
2.84580031019223e-05
2.84575981787137e-05
2.84571932670281e-05
2.84567883668649e-05
2.84563834782238e-05
2.84559786011041e-05
2.84555737355054e-05
2.84551688814273e-05
2.84547640388692e-05
2.84543592078306e-05
2.84539543883111e-05
2.84535495803101e-05
2.84531447838272e-05
2.84527399988619e-05
2.84523352254136e-05
2.84519304634819e-05
2.84515257130664e-05
2.84511209741664e-05
2.84507162467815e-05
2.84503115309113e-05
2.84499068265551e-05
2.84495021337127e-05
2.84490974523833e-05
2.84486927825666e-05
2.84482881242621e-05
2.84478834774693e-05
2.84474788421876e-05
2.84470742184166e-05
2.84466696061559e-05
2.84462650054048e-05
2.84458604161629e-05
2.84454558384298e-05
2.84450512722049e-05
2.84446467174878e-05
2.84442421742779e-05
2.84438376425747e-05
2.84434331223779e-05
2.84430286136868e-05
2.8442624116501e-05
2.844221963082e-05
2.84418151566433e-05
2.84414106939704e-05
2.84410062428009e-05
2.84406018031342e-05
2.84401973749698e-05
2.84397929583073e-05
2.84393885531461e-05
2.84389841594858e-05
2.84385797773259e-05
2.84381754066659e-05
2.84377710475053e-05
2.84373666998436e-05
2.84369623636803e-05
2.8436558039015e-05
2.8436153725847e-05
2.84357494241761e-05
2.84353451340016e-05
2.8434940855323e-05
2.843453658814e-05
2.84341323324519e-05
2.84337280882583e-05
2.84333238555587e-05
2.84329196343527e-05
2.84325154246396e-05
2.84321112264191e-05
2.84317070396907e-05
2.84313028644538e-05
2.84308987007079e-05
2.84304945484527e-05
2.84300904076875e-05
2.84296862784119e-05
2.84292821606254e-05
2.84288780543276e-05
2.84284739595179e-05
2.84280698761958e-05
2.84276658043608e-05
2.84272617440125e-05
2.84268576951504e-05
2.84264536577739e-05
2.84260496318827e-05
2.84256456174761e-05
2.84252416145537e-05
2.84248376231151e-05
2.84244336431597e-05
2.8424029674687e-05
2.84236257176966e-05
2.84232217721879e-05
2.84228178381605e-05
2.84224139156139e-05
2.84220100045475e-05
2.8421606104961e-05
2.84212022168538e-05
2.84207983402254e-05
2.84203944750753e-05
2.84199906214031e-05
2.84195867792082e-05
2.84191829484902e-05
2.84187791292486e-05
2.84183753214829e-05
2.84179715251925e-05
2.84175677403771e-05
2.84171639670361e-05
2.8416760205169e-05
2.84163564547754e-05
2.84159527158547e-05
2.84155489884065e-05
2.84151452724302e-05
2.84147415679254e-05
2.84143378748917e-05
2.84139341933284e-05
2.84135305232352e-05
2.84131268646115e-05
2.84127232174568e-05
2.84123195817707e-05
2.84119159575526e-05
2.84115123448021e-05
2.84111087435187e-05
2.84107051537019e-05
2.84103015753512e-05
2.84098980084662e-05
2.84094944530462e-05
2.84090909090909e-05
2.84086873765998e-05
2.84082838555723e-05
2.8407880346008e-05
2.84074768479064e-05
2.8407073361267e-05
2.84066698860893e-05
2.84062664223728e-05
2.8405862970117e-05
2.84054595293215e-05
2.84050560999858e-05
2.84046526821093e-05
2.84042492756916e-05
2.84038458807323e-05
2.84034424972307e-05
2.84030391251864e-05
2.8402635764599e-05
2.84022324154679e-05
2.84018290777926e-05
2.84014257515727e-05
2.84010224368077e-05
2.84006191334971e-05
2.84002158416404e-05
2.83998125612371e-05
2.83994092922867e-05
2.83990060347888e-05
2.83986027887428e-05
2.83981995541483e-05
2.83977963310047e-05
2.83973931193116e-05
2.83969899190686e-05
2.8396586730275e-05
2.83961835529305e-05
2.83957803870345e-05
2.83953772325865e-05
2.83949740895861e-05
2.83945709580328e-05
2.83941678379261e-05
2.83937647292655e-05
2.83933616320504e-05
2.83929585462805e-05
2.83925554719553e-05
2.83921524090741e-05
2.83917493576367e-05
2.83913463176424e-05
2.83909432890908e-05
2.83905402719814e-05
2.83901372663137e-05
2.83897342720872e-05
2.83893312893015e-05
2.8388928317956e-05
2.83885253580503e-05
2.83881224095838e-05
2.83877194725562e-05
2.83873165469668e-05
2.83869136328153e-05
2.83865107301011e-05
2.83861078388237e-05
2.83857049589827e-05
2.83853020905775e-05
2.83848992336077e-05
2.83844963880728e-05
2.83840935539724e-05
2.83836907313058e-05
2.83832879200727e-05
2.83828851202725e-05
2.83824823319047e-05
2.8382079554969e-05
2.83816767894647e-05
2.83812740353914e-05
2.83808712927487e-05
2.8380468561536e-05
2.83800658417528e-05
2.83796631333986e-05
2.8379260436473e-05
2.83788577509755e-05
2.83784550769056e-05
2.83780524142628e-05
2.83776497630466e-05
2.83772471232566e-05
2.83768444948922e-05
2.83764418779529e-05
2.83760392724384e-05
2.8375636678348e-05
2.83752340956813e-05
2.83748315244378e-05
2.83744289646171e-05
2.83740264162186e-05
2.83736238792419e-05
2.83732213536864e-05
2.83728188395517e-05
2.83724163368373e-05
2.83720138455428e-05
2.83716113656675e-05
2.83712088972111e-05
2.83708064401731e-05
2.83704039945529e-05
2.83700015603501e-05
2.83695991375642e-05
2.83691967261947e-05
2.83687943262411e-05
2.8368391937703e-05
2.83679895605798e-05
2.83675871948711e-05
2.83671848405764e-05
2.83667824976952e-05
2.8366380166227e-05
2.83659778461713e-05
2.83655755375277e-05
2.83651732402956e-05
2.83647709544745e-05
2.83643686800641e-05
2.83639664170638e-05
2.8363564165473e-05
2.83631619252914e-05
2.83627596965185e-05
2.83623574791537e-05
2.83619552731965e-05
2.83615530786466e-05
2.83611508955033e-05
2.83607487237663e-05
2.8360346563435e-05
2.83599444145089e-05
2.83595422769876e-05
2.83591401508706e-05
2.83587380361574e-05
2.83583359328475e-05
2.83579338409403e-05
2.83575317604356e-05
2.83571296913326e-05
2.83567276336311e-05
2.83563255873304e-05
2.83559235524301e-05
2.83555215289297e-05
2.83551195168288e-05
2.83547175161267e-05
2.83543155268232e-05
2.83539135489176e-05
2.83535115824095e-05
2.83531096272984e-05
2.83527076835838e-05
2.83523057512652e-05
2.83519038303422e-05
2.83515019208143e-05
2.83511000226809e-05
2.83506981359416e-05
2.83502962605959e-05
2.83498943966434e-05
2.83494925440835e-05
2.83490907029157e-05
2.83486888731396e-05
2.83482870547547e-05
2.83478852477605e-05
2.83474834521565e-05
2.83470816679423e-05
2.83466798951173e-05
2.8346278133681e-05
2.83458763836331e-05
2.83454746449729e-05
2.83450729177001e-05
2.83446712018141e-05
2.83442694973144e-05
2.83438678042006e-05
2.83434661224721e-05
2.83430644521286e-05
2.83426627931694e-05
2.83422611455942e-05
2.83418595094024e-05
2.83414578845936e-05
2.83410562711672e-05
2.83406546691229e-05
2.834025307846e-05
2.83398514991781e-05
2.83394499312768e-05
2.83390483747556e-05
2.83386468296139e-05
2.83382452958513e-05
2.83378437734673e-05
2.83374422624614e-05
2.83370407628331e-05
2.8336639274582e-05
2.83362377977076e-05
2.83358363322093e-05
2.83354348780868e-05
2.83350334353395e-05
2.83346320039668e-05
2.83342305839685e-05
2.83338291753439e-05
2.83334277780926e-05
2.83330263922141e-05
2.83326250177079e-05
2.83322236545735e-05
2.83318223028105e-05
2.83314209624184e-05
2.83310196333966e-05
2.83306183157447e-05
2.83302170094623e-05
2.83298157145488e-05
2.83294144310037e-05
2.83290131588266e-05
2.8328611898017e-05
2.83282106485744e-05
2.83278094104983e-05
2.83274081837882e-05
2.83270069684437e-05
2.83266057644643e-05
2.83262045718494e-05
2.83258033905987e-05
2.83254022207115e-05
2.83250010621875e-05
2.83245999150262e-05
2.8324198779227e-05
2.83237976547896e-05
2.83233965417133e-05
2.83229954399977e-05
2.83225943496424e-05
2.83221932706469e-05
2.83217922030106e-05
2.83213911467331e-05
2.8320990101814e-05
2.83205890682526e-05
2.83201880460486e-05
2.83197870352015e-05
2.83193860357107e-05
2.83189850475759e-05
2.83185840707965e-05
2.8318183105372e-05
2.83177821513019e-05
2.83173812085858e-05
2.83169802772232e-05
2.83165793572137e-05
2.83161784485566e-05
2.83157775512516e-05
2.83153766652981e-05
2.83149757906957e-05
2.83145749274439e-05
2.83141740755422e-05
2.83137732349902e-05
2.83133724057873e-05
2.8312971587933e-05
2.8312570781427e-05
2.83121699862686e-05
2.83117692024575e-05
2.83113684299931e-05
2.83109676688749e-05
2.83105669191026e-05
2.83101661806755e-05
2.83097654535932e-05
2.83093647378553e-05
2.83089640334612e-05
2.83085633404105e-05
2.83081626587026e-05
2.83077619883372e-05
2.83073613293137e-05
2.83069606816316e-05
2.83065600452905e-05
2.83061594202899e-05
2.83057588066292e-05
2.83053582043081e-05
2.8304957613326e-05
2.83045570336824e-05
2.83041564653769e-05
2.8303755908409e-05
2.83033553627783e-05
2.83029548284841e-05
2.83025543055261e-05
2.83021537939037e-05
2.83017532936165e-05
2.83013528046641e-05
2.83009523270458e-05
2.83005518607613e-05
2.830015140581e-05
2.82997509621915e-05
2.82993505299053e-05
2.8298950108951e-05
2.82985496993279e-05
2.82981493010357e-05
2.82977489140739e-05
2.82973485384419e-05
2.82969481741394e-05
2.82965478211658e-05
2.82961474795207e-05
2.82957471492035e-05
2.82953468302138e-05
2.82949465225511e-05
2.82945462262149e-05
2.82941459412048e-05
2.82937456675202e-05
2.82933454051607e-05
2.82929451541258e-05
2.82925449144151e-05
2.82921446860279e-05
2.8291744468964e-05
2.82913442632227e-05
2.82909440688036e-05
2.82905438857062e-05
2.82901437139301e-05
2.82897435534747e-05
2.82893434043396e-05
2.82889432665243e-05
2.82885431400283e-05
2.82881430248511e-05
2.82877429209923e-05
2.82873428284514e-05
2.82869427472279e-05
2.82865426773213e-05
2.82861426187311e-05
2.82857425714569e-05
2.82853425354981e-05
2.82849425108543e-05
2.82845424975251e-05
2.82841424955099e-05
2.82837425048082e-05
2.82833425254197e-05
2.82829425573437e-05
2.82825426005798e-05
2.82821426551276e-05
2.82817427209865e-05
2.82813427981561e-05
2.82809428866358e-05
2.82805429864253e-05
2.82801430975241e-05
2.82797432199316e-05
2.82793433536473e-05
2.82789434986709e-05
2.82785436550018e-05
2.82781438226395e-05
2.82777440015836e-05
2.82773441918335e-05
2.82769443933889e-05
2.82765446062491e-05
2.82761448304138e-05
2.82757450658825e-05
2.82753453126546e-05
2.82749455707298e-05
2.82745458401074e-05
2.82741461207872e-05
2.82737464127684e-05
2.82733467160508e-05
2.82729470306337e-05
2.82725473565168e-05
2.82721476936996e-05
2.82717480421814e-05
2.8271348401962e-05
2.82709487730408e-05
2.82705491554173e-05
2.82701495490911e-05
2.82697499540617e-05
2.82693503703285e-05
2.82689507978911e-05
2.82685512367491e-05
2.8268151686902e-05
2.82677521483492e-05
2.82673526210903e-05
2.82669531051248e-05
2.82665536004523e-05
2.82661541070722e-05
2.82657546249841e-05
2.82653551541875e-05
2.82649556946819e-05
2.82645562464669e-05
2.8264156809542e-05
2.82637573839066e-05
2.82633579695604e-05
2.82629585665027e-05
2.82625591747333e-05
2.82621597942515e-05
2.82617604250569e-05
2.8261361067149e-05
2.82609617205273e-05
2.82605623851915e-05
2.82601630611409e-05
2.82597637483751e-05
2.82593644468936e-05
2.8258965156696e-05
2.82585658777817e-05
2.82581666101503e-05
2.82577673538014e-05
2.82573681087344e-05
2.82569688749488e-05
2.82565696524442e-05
2.82561704412201e-05
2.8255771241276e-05
2.82553720526115e-05
2.8254972875226e-05
2.82545737091192e-05
2.82541745542904e-05
2.82537754107393e-05
2.82533762784653e-05
2.8252977157468e-05
2.82525780477469e-05
2.82521789493015e-05
2.82517798621313e-05
2.82513807862359e-05
2.82509817216148e-05
2.82505826682675e-05
2.82501836261936e-05
2.82497845953925e-05
2.82493855758637e-05
2.82489865676069e-05
2.82485875706215e-05
2.8248188584907e-05
2.8247789610463e-05
2.8247390647289e-05
2.82469916953844e-05
2.8246592754749e-05
2.8246193825382e-05
2.82457949072832e-05
2.82453960004519e-05
2.82449971048878e-05
2.82445982205903e-05
2.8244199347559e-05
2.82438004857934e-05
2.8243401635293e-05
2.82430027960573e-05
2.82426039680859e-05
2.82422051513782e-05
2.82418063459339e-05
2.82414075517524e-05
2.82410087688332e-05
2.82406099971759e-05
2.82402112367801e-05
2.82398124876451e-05
2.82394137497706e-05
2.8239015023156e-05
2.82386163078009e-05
2.82382176037049e-05
2.82378189108673e-05
2.82374202292879e-05
2.8237021558966e-05
2.82366228999012e-05
2.8236224252093e-05
2.8235825615541e-05
2.82354269902447e-05
2.82350283762035e-05
2.82346297734171e-05
2.82342311818849e-05
2.82338326016065e-05
2.82334340325814e-05
2.82330354748091e-05
2.82326369282891e-05
2.8232238393021e-05
2.82318398690043e-05
2.82314413562384e-05
2.82310428547231e-05
2.82306443644576e-05
2.82302458854417e-05
2.82298474176747e-05
2.82294489611563e-05
2.82290505158859e-05
2.82286520818631e-05
2.82282536590874e-05
2.82278552475583e-05
2.82274568472753e-05
2.82270584582381e-05
2.8226660080446e-05
2.82262617138986e-05
2.82258633585955e-05
2.82254650145361e-05
2.822506668172e-05
2.82246683601468e-05
2.82242700498158e-05
2.82238717507268e-05
2.82234734628791e-05
2.82230751862723e-05
2.82226769209059e-05
2.82222786667796e-05
2.82218804238926e-05
2.82214821922447e-05
2.82210839718354e-05
2.8220685762664e-05
2.82202875647303e-05
2.82198893780336e-05
2.82194912025736e-05
2.82190930383497e-05
2.82186948853616e-05
2.82182967436086e-05
2.82178986130903e-05
2.82175004938063e-05
2.8217102385756e-05
2.82167042889391e-05
2.82163062033549e-05
2.82159081290031e-05
2.82155100658832e-05
2.82151120139947e-05
2.82147139733371e-05
2.82143159439099e-05
2.82139179257128e-05
2.82135199187451e-05
2.82131219230064e-05
2.82127239384963e-05
2.82123259652142e-05
2.82119280031597e-05
2.82115300523324e-05
2.82111321127317e-05
2.82107341843571e-05
2.82103362672083e-05
2.82099383612847e-05
2.82095404665858e-05
2.82091425831112e-05
2.82087447108604e-05
2.82083468498329e-05
2.82079490000282e-05
2.82075511614459e-05
2.82071533340855e-05
2.82067555179465e-05
2.82063577130285e-05
2.8205959919331e-05
2.82055621368534e-05
2.82051643655953e-05
2.82047666055563e-05
2.82043688567359e-05
2.82039711191336e-05
2.82035733927489e-05
2.82031756775813e-05
2.82027779736304e-05
2.82023802808957e-05
2.82019825993767e-05
2.8201584929073e-05
2.82011872699841e-05
2.82007896221094e-05
2.82003919854486e-05
2.81999943600011e-05
2.81995967457665e-05
2.81991991427443e-05
2.81988015509341e-05
2.81984039703353e-05
2.81980064009475e-05
2.81976088427701e-05
2.81972112958028e-05
2.81968137600451e-05
2.81964162354965e-05
2.81960187221564e-05
2.81956212200245e-05
2.81952237291003e-05
2.81948262493832e-05
2.81944287808729e-05
2.81940313235688e-05
2.81936338774705e-05
2.81932364425774e-05
2.81928390188892e-05
2.81924416064053e-05
2.81920442051253e-05
2.81916468150487e-05
2.8191249436175e-05
2.81908520685038e-05
2.81904547120345e-05
2.81900573667667e-05
2.81896600327e-05
2.81892627098338e-05
2.81888653981677e-05
2.81884680977012e-05
2.81880708084339e-05
2.81876735303652e-05
2.81872762634947e-05
2.81868790078219e-05
2.81864817633463e-05
2.81860845300675e-05
2.8185687307985e-05
2.81852900970983e-05
2.8184892897407e-05
2.81844957089105e-05
2.81840985316085e-05
2.81837013655003e-05
2.81833042105856e-05
2.81829070668639e-05
2.81825099343348e-05
2.81821128129976e-05
2.8181715702852e-05
2.81813186038975e-05
2.81809215161336e-05
2.81805244395598e-05
2.81801273741757e-05
2.81797303199808e-05
2.81793332769747e-05
2.81789362451567e-05
2.81785392245266e-05
2.81781422150838e-05
2.81777452168277e-05
2.81773482297581e-05
2.81769512538743e-05
2.8176554289176e-05
2.81761573356626e-05
2.81757603933336e-05
2.81753634621887e-05
2.81749665422272e-05
2.81745696334488e-05
2.8174172735853e-05
2.81737758494393e-05
2.81733789742073e-05
2.81729821101564e-05
2.81725852572861e-05
2.81721884155961e-05
2.81717915850859e-05
2.81713947657549e-05
2.81709979576026e-05
2.81706011606288e-05
2.81702043748327e-05
2.81698076002141e-05
2.81694108367723e-05
2.8169014084507e-05
2.81686173434177e-05
2.81682206135038e-05
2.8167823894765e-05
2.81674271872007e-05
2.81670304908105e-05
2.81666338055939e-05
2.81662371315504e-05
2.81658404686796e-05
2.81654438169809e-05
2.8165047176454e-05
2.81646505470983e-05
2.81642539289134e-05
2.81638573218988e-05
2.8163460726054e-05
2.81630641413786e-05
2.8162667567872e-05
2.81622710055339e-05
2.81618744543637e-05
2.81614779143609e-05
2.81610813855252e-05
2.8160684867856e-05
2.81602883613528e-05
2.81598918660152e-05
2.81594953818428e-05
2.81590989088349e-05
2.81587024469912e-05
2.81583059963113e-05
2.81579095567945e-05
2.81575131284405e-05
2.81571167112488e-05
2.81567203052188e-05
2.81563239103503e-05
2.81559275266425e-05
2.81555311540952e-05
2.81551347927078e-05
2.81547384424799e-05
2.81543421034109e-05
2.81539457755004e-05
2.8153549458748e-05
2.81531531531532e-05
2.81527568587154e-05
2.81523605754343e-05
2.81519643033093e-05
2.815156804234e-05
2.81511717925259e-05
2.81507755538665e-05
2.81503793263614e-05
2.81499831100101e-05
2.81495869048122e-05
2.81491907107671e-05
2.81487945278743e-05
2.81483983561335e-05
2.81480021955442e-05
2.81476060461058e-05
2.81472099078179e-05
2.814681378068e-05
2.81464176646917e-05
2.81460215598525e-05
2.81456254661619e-05
2.81452293836195e-05
2.81448333122247e-05
2.81444372519771e-05
2.81440412028763e-05
2.81436451649218e-05
2.8143249138113e-05
2.81428531224496e-05
2.8142457117931e-05
2.81420611245568e-05
2.81416651423265e-05
2.81412691712396e-05
2.81408732112957e-05
2.81404772624944e-05
2.8140081324835e-05
2.81396853983172e-05
2.81392894829406e-05
2.81388935787045e-05
2.81384976856086e-05
2.81381018036523e-05
2.81377059328353e-05
2.8137310073157e-05
2.8136914224617e-05
2.81365183872148e-05
2.81361225609499e-05
2.81357267458218e-05
2.81353309418302e-05
2.81349351489745e-05
2.81345393672542e-05
2.81341435966689e-05
2.81337478372181e-05
2.81333520889014e-05
2.81329563517182e-05
2.81325606256681e-05
2.81321649107507e-05
2.81317692069654e-05
2.81313735143118e-05
2.81309778327895e-05
2.81305821623979e-05
2.81301865031365e-05
2.8129790855005e-05
2.81293952180028e-05
2.81289995921295e-05
2.81286039773846e-05
2.81282083737676e-05
2.81278127812781e-05
2.81274171999156e-05
2.81270216296796e-05
2.81266260705697e-05
2.81262305225854e-05
2.81258349857261e-05
2.81254394599916e-05
2.81250439453812e-05
2.81246484418945e-05
2.8124252949531e-05
2.81238574682903e-05
2.8123461998172e-05
2.81230665391754e-05
2.81226710913003e-05
2.8122275654546e-05
2.81218802289121e-05
2.81214848143982e-05
2.81210894110038e-05
2.81206940187284e-05
2.81202986375715e-05
2.81199032675328e-05
2.81195079086116e-05
2.81191125608076e-05
2.81187172241202e-05
2.81183218985491e-05
2.81179265840937e-05
2.81175312807536e-05
2.81171359885282e-05
2.81167407074172e-05
2.811634543742e-05
2.81159501785363e-05
2.81155549307654e-05
2.81151596941071e-05
2.81147644685607e-05
2.81143692541258e-05
2.8113974050802e-05
2.81135788585887e-05
2.81131836774856e-05
2.81127885074921e-05
2.81123933486077e-05
2.81119982008321e-05
2.81116030641647e-05
2.81112079386051e-05
2.81108128241528e-05
2.81104177208073e-05
2.81100226285682e-05
2.8109627547435e-05
2.81092324774072e-05
2.81088374184844e-05
2.8108442370666e-05
2.81080473339517e-05
2.81076523083409e-05
2.81072572938333e-05
2.81068622904282e-05
2.81064672981253e-05
2.81060723169241e-05
2.81056773468241e-05
2.81052823878248e-05
2.81048874399258e-05
2.81044925031266e-05
2.81040975774268e-05
2.81037026628258e-05
2.81033077593233e-05
2.81029128669187e-05
2.81025179856115e-05
2.81021231154014e-05
2.81017282562878e-05
2.81013334082702e-05
2.81009385713483e-05
2.81005437455215e-05
2.81001489307893e-05
2.80997541271514e-05
2.80993593346072e-05
2.80989645531562e-05
2.80985697827981e-05
2.80981750235322e-05
2.80977802753582e-05
2.80973855382757e-05
2.8096990812284e-05
2.80965960973828e-05
2.80962013935716e-05
2.80958067008499e-05
2.80954120192173e-05
2.80950173486732e-05
2.80946226892173e-05
2.8094228040849e-05
2.80938334035679e-05
2.80934387773735e-05
2.80930441622654e-05
2.80926495582431e-05
2.80922549653061e-05
2.80918603834539e-05
2.80914658126861e-05
2.80910712530022e-05
2.80906767044018e-05
2.80902821668844e-05
2.80898876404494e-05
2.80894931250966e-05
2.80890986208253e-05
2.80887041276351e-05
2.80883096455255e-05
2.80879151744962e-05
2.80875207145465e-05
2.80871262656761e-05
2.80867318278845e-05
2.80863374011712e-05
2.80859429855357e-05
2.80855485809777e-05
2.80851541874965e-05
2.80847598050918e-05
2.8084365433763e-05
2.80839710735098e-05
2.80835767243316e-05
2.8083182386228e-05
2.80827880591985e-05
2.80823937432427e-05
2.808199943836e-05
2.80816051445501e-05
2.80812108618124e-05
2.80808165901464e-05
2.80804223295518e-05
2.80800280800281e-05
2.80796338415747e-05
2.80792396141912e-05
2.80788453978772e-05
2.80784511926322e-05
2.80780569984557e-05
2.80776628153473e-05
2.80772686433064e-05
2.80768744823326e-05
2.80764803324255e-05
2.80760861935846e-05
2.80756920658094e-05
2.80752979490995e-05
2.80749038434543e-05
2.80745097488735e-05
2.80741156653565e-05
2.8073721592903e-05
2.80733275315123e-05
2.80729334811841e-05
2.80725394419179e-05
2.80721454137132e-05
2.80717513965696e-05
2.80713573904866e-05
2.80709633954637e-05
2.80705694115005e-05
2.80701754385965e-05
2.80697814767512e-05
2.80693875259642e-05
2.8068993586235e-05
2.80685996575631e-05
2.80682057399481e-05
2.80678118333895e-05
2.80674179378868e-05
2.80670240534396e-05
2.80666301800474e-05
2.80662363177098e-05
2.80658424664262e-05
2.80654486261963e-05
2.80650547970195e-05
2.80646609788954e-05
2.80642671718235e-05
2.80638733758033e-05
2.80634795908345e-05
2.80630858169164e-05
2.80626920540487e-05
2.8062298302231e-05
2.80619045614626e-05
2.80615108317432e-05
2.80611171130723e-05
2.80607234054494e-05
2.80603297088741e-05
2.80599360233459e-05
2.80595423488643e-05
2.80591486854289e-05
2.80587550330392e-05
2.80583613916947e-05
2.8057967761395e-05
2.80575741421397e-05
2.80571805339281e-05
2.805678693676e-05
2.80563933506348e-05
2.8055999775552e-05
2.80556062115112e-05
2.8055212658512e-05
2.80548191165537e-05
2.80544255856361e-05
2.80540320657587e-05
2.80536385569208e-05
2.80532450591222e-05
2.80528515723623e-05
2.80524580966407e-05
2.80520646319569e-05
2.80516711783104e-05
2.80512777357009e-05
2.80508843041277e-05
2.80504908835905e-05
2.80500974740887e-05
2.8049704075622e-05
2.80493106881898e-05
2.80489173117918e-05
2.80485239464273e-05
2.8048130592096e-05
2.80477372487975e-05
2.80473439165311e-05
2.80469505952965e-05
2.80465572850933e-05
2.80461639859208e-05
2.80457706977788e-05
2.80453774206666e-05
2.8044984154584e-05
2.80445908995303e-05
2.80441976555051e-05
2.8043804422508e-05
2.80434112005384e-05
2.8043017989596e-05
2.80426247896803e-05
2.80422316007908e-05
2.8041838422927e-05
2.80414452560885e-05
2.80410521002748e-05
2.80406589554855e-05
2.804026582172e-05
2.80398726989779e-05
2.80394795872589e-05
2.80390864865623e-05
2.80386933968877e-05
2.80383003182347e-05
2.80379072506028e-05
2.80375141939916e-05
2.80371211484005e-05
2.80367281138291e-05
2.8036335090277e-05
2.80359420777437e-05
2.80355490762287e-05
2.80351560857315e-05
2.80347631062518e-05
2.80343701377889e-05
2.80339771803426e-05
2.80335842339122e-05
2.80331912984974e-05
2.80327983740977e-05
2.80324054607126e-05
2.80320125583416e-05
2.80316196669844e-05
2.80312267866403e-05
2.8030833917309e-05
2.80304410589901e-05
2.80300482116829e-05
2.80296553753872e-05
2.80292625501023e-05
2.80288697358279e-05
2.80284769325635e-05
2.80280841403086e-05
2.80276913590628e-05
2.80272985888255e-05
2.80269058295964e-05
2.8026513081375e-05
2.80261203441608e-05
2.80257276179533e-05
2.80253349027521e-05
2.80249421985567e-05
2.80245495053667e-05
2.80241568231816e-05
2.80237641520009e-05
2.80233714918242e-05
2.8022978842651e-05
2.80225862044808e-05
2.80221935773132e-05
2.80218009611478e-05
2.8021408355984e-05
2.80210157618214e-05
2.80206231786595e-05
2.80202306064979e-05
2.80198380453361e-05
2.80194454951736e-05
2.80190529560101e-05
2.80186604278449e-05
2.80182679106778e-05
2.80178754045081e-05
2.80174829093354e-05
2.80170904251593e-05
2.80166979519794e-05
2.80163054897951e-05
2.80159130386059e-05
2.80155205984115e-05
2.80151281692114e-05
2.8014735751005e-05
2.8014343343792e-05
2.80139509475719e-05
2.80135585623442e-05
2.80131661881084e-05
2.80127738248641e-05
2.80123814726109e-05
2.80119891313482e-05
2.80115968010756e-05
2.80112044817927e-05
2.8010812173499e-05
2.80104198761939e-05
2.80100275898772e-05
2.80096353145482e-05
2.80092430502066e-05
2.80088507968518e-05
2.80084585544835e-05
2.80080663231011e-05
2.80076741027041e-05
2.80072818932923e-05
2.80068896948649e-05
2.80064975074217e-05
2.80061053309621e-05
2.80057131654858e-05
2.80053210109921e-05
2.80049288674807e-05
2.80045367349511e-05
2.80041446134028e-05
2.80037525028354e-05
2.80033604032484e-05
2.80029683146414e-05
2.80025762370138e-05
2.80021841703653e-05
2.80017921146953e-05
2.80014000700035e-05
2.80010080362893e-05
2.80006160135523e-05
2.8000224001792e-05
2.7999832001008e-05
2.79994400111998e-05
2.79990480323669e-05
2.79986560645089e-05
2.79982641076253e-05
2.79978721617157e-05
2.79974802267796e-05
2.79970883028165e-05
2.7996696389826e-05
2.79963044878076e-05
2.79959125967609e-05
2.79955207166853e-05
2.79951288475805e-05
2.7994736989446e-05
2.79943451422813e-05
2.79939533060859e-05
2.79935614808594e-05
2.79931696666013e-05
2.79927778633113e-05
2.79923860709887e-05
2.79919942896332e-05
2.79916025192442e-05
2.79912107598214e-05
2.79908190113643e-05
2.79904272738723e-05
2.79900355473451e-05
2.79896438317822e-05
2.79892521271832e-05
2.79888604335474e-05
2.79884687508746e-05
2.79880770791643e-05
2.79876854184159e-05
2.7987293768629e-05
2.79869021298033e-05
2.79865105019381e-05
2.7986118885033e-05
2.79857272790877e-05
2.79853356841015e-05
2.79849441000742e-05
2.79845525270051e-05
2.79841609648939e-05
2.798376941374e-05
2.79833778735431e-05
2.79829863443027e-05
2.79825948260182e-05
2.79822033186893e-05
2.79818118223155e-05
2.79814203368963e-05
2.79810288624313e-05
2.79806373989199e-05
2.79802459463619e-05
2.79798545047566e-05
2.79794630741036e-05
2.79790716544025e-05
2.79786802456528e-05
2.79782888478541e-05
2.79778974610058e-05
2.79775060851076e-05
2.79771147201589e-05
2.79767233661594e-05
2.79763320231085e-05
2.79759406910057e-05
2.79755493698508e-05
2.7975158059643e-05
2.79747667603821e-05
2.79743754720676e-05
2.79739841946989e-05
2.79735929282757e-05
2.79732016727975e-05
2.79728104282637e-05
2.79724191946741e-05
2.7972027972028e-05
2.7971636760325e-05
2.79712455595648e-05
2.79708543697467e-05
2.79704631908704e-05
2.79700720229355e-05
2.79696808659413e-05
2.79692897198876e-05
2.79688985847737e-05
2.79685074605994e-05
2.7968116347364e-05
2.79677252450672e-05
2.79673341537085e-05
2.79669430732874e-05
2.79665520038035e-05
2.79661609452562e-05
2.79657698976453e-05
2.79653788609701e-05
2.79649878352303e-05
2.79645968204253e-05
2.79642058165548e-05
2.79638148236182e-05
2.79634238416152e-05
2.79630328705451e-05
2.79626419104077e-05
2.79622509612024e-05
2.79618600229287e-05
2.79614690955863e-05
2.79610781791746e-05
2.79606872736932e-05
2.79602963791416e-05
2.79599054955194e-05
2.79595146228261e-05
2.79591237610613e-05
2.79587329102245e-05
2.79583420703152e-05
2.7957951241333e-05
2.79575604232775e-05
2.79571696161481e-05
2.79567788199444e-05
2.79563880346659e-05
2.79559972603123e-05
2.7955606496883e-05
2.79552157443775e-05
2.79548250027955e-05
2.79544342721364e-05
2.79540435523999e-05
2.79536528435853e-05
2.79532621456924e-05
2.79528714587206e-05
2.79524807826695e-05
2.79520901175385e-05
2.79516994633274e-05
2.79513088200355e-05
2.79509181876625e-05
2.79505275662078e-05
2.79501369556711e-05
2.79497463560518e-05
2.79493557673496e-05
2.79489651895639e-05
2.79485746226942e-05
2.79481840667403e-05
2.79477935217015e-05
2.79474029875774e-05
2.79470124643676e-05
2.79466219520715e-05
2.79462314506889e-05
2.79458409602191e-05
2.79454504806617e-05
2.79450600120164e-05
2.79446695542825e-05
2.79442791074597e-05
2.79438886715475e-05
2.79434982465455e-05
2.79431078324531e-05
2.794271742927e-05
2.79423270369956e-05
2.79419366556296e-05
2.79415462851714e-05
2.79411559256206e-05
2.79407655769768e-05
2.79403752392395e-05
2.79399849124081e-05
2.79395945964824e-05
2.79392042914618e-05
2.79388139973458e-05
2.79384237141341e-05
2.7938033441826e-05
2.79376431804213e-05
2.79372529299194e-05
2.79368626903199e-05
2.79364724616223e-05
2.79360822438261e-05
2.7935692036931e-05
2.79353018409364e-05
2.79349116558419e-05
2.7934521481647e-05
2.79341313183513e-05
2.79337411659544e-05
2.79333510244556e-05
2.79329608938547e-05
2.79325707741512e-05
2.79321806653445e-05
2.79317905674343e-05
2.79314004804201e-05
2.79310104043014e-05
2.79306203390777e-05
2.79302302847487e-05
2.79298402413138e-05
2.79294502087726e-05
2.79290601871247e-05
2.79286701763696e-05
2.79282801765067e-05
2.79278901875358e-05
2.79275002094563e-05
2.79271102422677e-05
2.79267202859696e-05
2.79263303405616e-05
2.79259404060432e-05
2.79255504824139e-05
2.79251605696733e-05
2.79247706678209e-05
2.79243807768563e-05
2.7923990896779e-05
2.79236010275885e-05
2.79232111692845e-05
2.79228213218664e-05
2.79224314853337e-05
2.79220416596862e-05
2.79216518449231e-05
2.79212620410443e-05
2.7920872248049e-05
2.7920482465937e-05
2.79200926947077e-05
2.79197029343608e-05
2.79193131848957e-05
2.79189234463119e-05
2.79185337186091e-05
2.79181440017868e-05
2.79177542958444e-05
2.79173646007817e-05
2.7916974916598e-05
2.7916585243293e-05
2.79161955808662e-05
2.79158059293172e-05
2.79154162886454e-05
2.79150266588505e-05
2.79146370399319e-05
2.79142474318892e-05
2.7913857834722e-05
2.79134682484299e-05
2.79130786730122e-05
2.79126891084687e-05
2.79122995547988e-05
2.79119100120021e-05
2.79115204800782e-05
2.79111309590265e-05
2.79107414488466e-05
2.79103519495381e-05
2.79099624611005e-05
2.79095729835334e-05
2.79091835168362e-05
2.79087940610086e-05
2.79084046160501e-05
2.79080151819603e-05
2.79076257587386e-05
2.79072363463846e-05
2.79068469448979e-05
2.79064575542781e-05
2.79060681745246e-05
2.79056788056369e-05
2.79052894476148e-05
2.79049001004576e-05
2.7904510764165e-05
2.79041214387365e-05
2.79037321241716e-05
2.79033428204699e-05
2.79029535276309e-05
2.79025642456542e-05
2.79021749745393e-05
2.79017857142857e-05
2.79013964648931e-05
2.79010072263609e-05
2.79006179986887e-05
2.7900228781876e-05
2.78998395759224e-05
2.78994503808275e-05
2.78990611965907e-05
2.78986720232117e-05
2.78982828606899e-05
2.7897893709025e-05
2.78975045682164e-05
2.78971154382637e-05
2.78967263191664e-05
2.78963372109242e-05
2.78959481135365e-05
2.78955590270029e-05
2.78951699513229e-05
2.78947808864961e-05
2.78943918325221e-05
2.78940027894003e-05
2.78936137571303e-05
2.78932247357117e-05
2.7892835725144e-05
2.78924467254268e-05
2.78920577365595e-05
2.78916687585418e-05
2.78912797913732e-05
2.78908908350533e-05
2.78905018895815e-05
2.78901129549575e-05
2.78897240311807e-05
2.78893351182508e-05
2.78889462161672e-05
2.78885573249296e-05
2.78881684445374e-05
2.78877795749902e-05
2.78873907162876e-05
2.78870018684291e-05
2.78866130314143e-05
2.78862242052426e-05
2.78858353899137e-05
2.78854465854271e-05
2.78850577917823e-05
2.78846690089789e-05
2.78842802370164e-05
2.78838914758944e-05
2.78835027256124e-05
2.788311398617e-05
2.78827252575667e-05
2.7882336539802e-05
2.78819478328756e-05
2.78815591367869e-05
2.78811704515356e-05
2.7880781777121e-05
2.78803931135429e-05
2.78800044608007e-05
2.7879615818894e-05
2.78792271878224e-05
2.78788385675853e-05
2.78784499581823e-05
2.78780613596131e-05
2.7877672771877e-05
2.78772841949737e-05
2.78768956289028e-05
2.78765070736637e-05
2.7876118529256e-05
2.78757299956793e-05
2.7875341472933e-05
2.78749529610169e-05
2.78745644599303e-05
2.78741759696729e-05
2.78737874902442e-05
2.78733990216437e-05
2.7873010563871e-05
2.78726221169256e-05
2.78722336808072e-05
2.78718452555151e-05
2.78714568410491e-05
2.78710684374085e-05
2.78706800445931e-05
2.78702916626022e-05
2.78699032914356e-05
2.78695149310926e-05
2.78691265815729e-05
2.78687382428761e-05
2.78683499150015e-05
2.78679615979489e-05
2.78675732917178e-05
2.78671849963076e-05
2.7866796711718e-05
2.78664084379485e-05
2.78660201749986e-05
2.78656319228679e-05
2.7865243681556e-05
2.78648554510623e-05
2.78644672313865e-05
2.78640790225281e-05
2.78636908244866e-05
2.78633026372616e-05
2.78629144608526e-05
2.78625262952592e-05
2.78621381404809e-05
2.78617499965173e-05
2.78613618633679e-05
2.78609737410322e-05
2.78605856295099e-05
2.78601975288005e-05
2.78598094389034e-05
2.78594213598184e-05
2.78590332915448e-05
2.78586452340823e-05
2.78582571874304e-05
2.78578691515886e-05
2.78574811265565e-05
2.78570931123337e-05
2.78567051089197e-05
2.78563171163141e-05
2.78559291345163e-05
2.7855541163526e-05
2.78551532033426e-05
2.78547652539658e-05
2.78543773153951e-05
2.785398938763e-05
2.78536014706702e-05
2.7853213564515e-05
2.78528256691641e-05
2.78524377846171e-05
2.78520499108734e-05
2.78516620479327e-05
2.78512741957945e-05
2.78508863544582e-05
2.78504985239236e-05
2.785011070419e-05
2.78497228952572e-05
2.78493350971246e-05
2.78489473097917e-05
2.78485595332581e-05
2.78481717675235e-05
2.78477840125872e-05
2.78473962684489e-05
2.78470085351081e-05
2.78466208125644e-05
2.78462331008173e-05
2.78458453998663e-05
2.78454577097111e-05
2.78450700303511e-05
2.7844682361786e-05
2.78442947040151e-05
2.78439070570382e-05
2.78435194208548e-05
2.78431317954644e-05
2.78427441808665e-05
2.78423565770607e-05
2.78419689840466e-05
2.78415814018236e-05
2.78411938303914e-05
2.78408062697496e-05
2.78404187198975e-05
2.78400311808349e-05
2.78396436525612e-05
2.78392561350761e-05
2.78388686283789e-05
2.78384811324694e-05
2.7838093647347e-05
2.78377061730113e-05
2.78373187094619e-05
2.78369312566983e-05
2.783654381472e-05
2.78361563835266e-05
2.78357689631176e-05
2.78353815534926e-05
2.78349941546512e-05
2.78346067665929e-05
2.78342193893172e-05
2.78338320228237e-05
2.7833444667112e-05
2.78330573221816e-05
2.7832669988032e-05
2.78322826646627e-05
2.78318953520735e-05
2.78315080502637e-05
2.7831120759233e-05
2.78307334789808e-05
2.78303462095068e-05
2.78299589508105e-05
2.78295717028915e-05
2.78291844657492e-05
2.78287972393833e-05
2.78284100237933e-05
2.78280228189787e-05
2.78276356249391e-05
2.78272484416741e-05
2.78268612691831e-05
2.78264741074658e-05
2.78260869565217e-05
2.78256998163504e-05
2.78253126869513e-05
2.78249255683241e-05
2.78245384604683e-05
2.78241513633834e-05
2.7823764277069e-05
2.78233772015247e-05
2.782299013675e-05
2.78226030827444e-05
2.78222160395075e-05
2.78218290070389e-05
2.78214419853381e-05
2.78210549744046e-05
2.78206679742381e-05
2.78202809848379e-05
2.78198940062038e-05
2.78195070383353e-05
2.78191200812318e-05
2.7818733134893e-05
2.78183461993185e-05
2.78179592745076e-05
2.78175723604601e-05
2.78171854571754e-05
2.78167985646532e-05
2.78164116828929e-05
2.78160248118941e-05
2.78156379516564e-05
2.78152511021793e-05
2.78148642634624e-05
2.78144774355052e-05
2.78140906183072e-05
2.78137038118681e-05
2.78133170161874e-05
2.78129302312645e-05
2.78125434570992e-05
2.78121566936908e-05
2.7811769941039e-05
2.78113831991434e-05
2.78109964680034e-05
2.78106097476187e-05
2.78102230379888e-05
2.78098363391131e-05
2.78094496509914e-05
2.78090629736231e-05
2.78086763070078e-05
2.7808289651145e-05
2.78079030060343e-05
2.78075163716753e-05
2.78071297480674e-05
2.78067431352103e-05
2.78063565331035e-05
2.78059699417465e-05
2.78055833611389e-05
2.78051967912803e-05
2.78048102321702e-05
2.78044236838081e-05
2.78040371461936e-05
2.78036506193263e-05
2.78032641032057e-05
2.78028775978314e-05
2.78024911032028e-05
2.78021046193197e-05
2.78017181461814e-05
2.78013316837877e-05
2.78009452321379e-05
2.78005587912317e-05
2.78001723610686e-05
2.77997859416482e-05
2.77993995329701e-05
2.77990131350337e-05
2.77986267478387e-05
2.77982403713845e-05
2.77978540056708e-05
2.7797467650697e-05
2.77970813064628e-05
2.77966949729677e-05
2.77963086502113e-05
2.7795922338193e-05
2.77955360369125e-05
2.77951497463693e-05
2.77947634665629e-05
2.77943771974929e-05
2.7793990939159e-05
2.77936046915605e-05
2.77932184546971e-05
2.77928322285683e-05
2.77924460131736e-05
2.77920598085127e-05
2.77916736145851e-05
2.77912874313903e-05
2.77909012589278e-05
2.77905150971973e-05
2.77901289461983e-05
2.77897428059303e-05
2.77893566763929e-05
2.77889705575857e-05
2.77885844495081e-05
2.77881983521598e-05
2.77878122655403e-05
2.77874261896492e-05
2.77870401244859e-05
2.77866540700502e-05
2.77862680263414e-05
2.77858819933592e-05
2.77854959711031e-05
2.77851099595727e-05
2.77847239587675e-05
2.77843379686871e-05
2.7783951989331e-05
2.77835660206988e-05
2.778318006279e-05
2.77827941156042e-05
2.7782408179141e-05
2.77820222533998e-05
2.77816363383803e-05
2.7781250434082e-05
2.77808645405045e-05
2.77804786576473e-05
2.77800927855099e-05
2.77797069240919e-05
2.7779321073393e-05
2.77789352334125e-05
2.77785494041501e-05
2.77781635856054e-05
2.77777777777778e-05
2.77773919806669e-05
2.77770061942724e-05
2.77766204185937e-05
2.77762346536304e-05
2.7775848899382e-05
2.77754631558481e-05
2.77750774230283e-05
2.77746917009221e-05
2.77743059895291e-05
2.77739202888488e-05
2.77735345988807e-05
2.77731489196245e-05
2.77727632510797e-05
2.77723775932458e-05
2.77719919461223e-05
2.7771606309709e-05
2.77712206840052e-05
2.77708350690105e-05
2.77704494647246e-05
2.77700638711469e-05
2.7769678288277e-05
2.77692927161145e-05
2.77689071546589e-05
2.77685216039098e-05
2.77681360638667e-05
2.77677505345292e-05
2.77673650158968e-05
2.77669795079691e-05
2.77665940107457e-05
2.7766208524226e-05
2.77658230484097e-05
2.77654375832963e-05
2.77650521288854e-05
2.77646666851764e-05
2.77642812521691e-05
2.77638958298628e-05
2.77635104182573e-05
2.7763125017352e-05
2.77627396271464e-05
2.77623542476402e-05
2.77619688788329e-05
2.7761583520724e-05
2.77611981733132e-05
2.77608128365999e-05
2.77604275105837e-05
2.77600421952641e-05
2.77596568906408e-05
2.77592715967133e-05
2.77588863134811e-05
2.77585010409438e-05
2.77581157791009e-05
2.7757730527952e-05
2.77573452874967e-05
2.77569600577345e-05
2.77565748386649e-05
2.77561896302876e-05
2.7755804432602e-05
2.77554192456077e-05
2.77550340693043e-05
2.77546489036914e-05
2.77542637487684e-05
2.7753878604535e-05
2.77534934709907e-05
2.7753108348135e-05
2.77527232359675e-05
2.77523381344878e-05
2.77519530436955e-05
2.77515679635899e-05
2.77511828941709e-05
2.77507978354378e-05
2.77504127873902e-05
2.77500277500278e-05
2.77496427233499e-05
2.77492577073563e-05
2.77488727020465e-05
2.77484877074199e-05
2.77481027234763e-05
2.7747717750215e-05
2.77473327876358e-05
2.77469478357381e-05
2.77465628945214e-05
2.77461779639855e-05
2.77457930441297e-05
2.77454081349537e-05
2.7745023236457e-05
2.77446383486391e-05
2.77442534714997e-05
2.77438686050383e-05
2.77434837492544e-05
2.77430989041476e-05
2.77427140697174e-05
2.77423292459635e-05
2.77419444328853e-05
2.77415596304824e-05
2.77411748387544e-05
2.77407900577008e-05
2.77404052873212e-05
2.77400205276152e-05
2.77396357785822e-05
2.77392510402219e-05
2.77388663125338e-05
2.77384815955175e-05
2.77380968891724e-05
2.77377121934983e-05
2.77373275084946e-05
2.77369428341608e-05
2.77365581704966e-05
2.77361735175015e-05
2.77357888751751e-05
2.77354042435168e-05
2.77350196225264e-05
2.77346350122032e-05
2.7734250412547e-05
2.77338658235571e-05
2.77334812452333e-05
2.7733096677575e-05
2.77327121205818e-05
2.77323275742533e-05
2.7731943038589e-05
2.77315585135885e-05
2.77311739992513e-05
2.77307894955769e-05
2.77304050025651e-05
2.77300205202152e-05
2.77296360485269e-05
2.77292515874997e-05
2.77288671371331e-05
2.77284826974268e-05
2.77280982683803e-05
2.77277138499931e-05
2.77273294422648e-05
2.77269450451949e-05
2.77265606587831e-05
2.77261762830288e-05
2.77257919179317e-05
2.77254075634912e-05
2.77250232197069e-05
2.77246388865785e-05
2.77242545641054e-05
2.77238702522872e-05
2.77234859511235e-05
2.77231016606138e-05
2.77227173807577e-05
2.77223331115547e-05
2.77219488530044e-05
2.77215646051063e-05
2.77211803678601e-05
2.77207961412652e-05
2.77204119253212e-05
2.77200277200277e-05
2.77196435253843e-05
2.77192593413904e-05
2.77188751680457e-05
2.77184910053497e-05
2.77181068533019e-05
2.7717722711902e-05
2.77173385811494e-05
2.77169544610438e-05
2.77165703515847e-05
2.77161862527716e-05
2.77158021646041e-05
2.77154180870818e-05
2.77150340202043e-05
2.7714649963971e-05
2.77142659183815e-05
2.77138818834354e-05
2.77134978591323e-05
2.77131138454717e-05
2.77127298424531e-05
2.77123458500762e-05
2.77119618683405e-05
2.77115778972455e-05
2.77111939367908e-05
2.77108099869759e-05
2.77104260478005e-05
2.7710042119264e-05
2.77096582013661e-05
2.77092742941062e-05
2.7708890397484e-05
2.7708506511499e-05
2.77081226361508e-05
2.77077387714389e-05
2.77073549173628e-05
2.77069710739222e-05
2.77065872411166e-05
2.77062034189455e-05
2.77058196074085e-05
2.77054358065052e-05
2.77050520162352e-05
2.77046682365979e-05
2.77042844675929e-05
2.77039007092199e-05
2.77035169614783e-05
2.77031332243677e-05
2.77027494978877e-05
2.77023657820378e-05
2.77019820768176e-05
2.77015983822267e-05
2.77012146982645e-05
2.77008310249307e-05
2.77004473622249e-05
2.77000637101465e-05
2.76996800686952e-05
2.76992964378705e-05
2.76989128176719e-05
2.7698529208099e-05
2.76981456091515e-05
2.76977620208287e-05
2.76973784431304e-05
2.76969948760559e-05
2.7696611319605e-05
2.76962277737772e-05
2.7695844238572e-05
2.7695460713989e-05
2.76950772000277e-05
2.76946936966877e-05
2.76943102039686e-05
2.76939267218699e-05
2.76935432503912e-05
2.7693159789532e-05
2.76927763392919e-05
2.76923928996705e-05
2.76920094706672e-05
2.76916260522818e-05
2.76912426445137e-05
2.76908592473624e-05
2.76904758608277e-05
2.76900924849089e-05
2.76897091196057e-05
2.76893257649176e-05
2.76889424208442e-05
2.76885590873851e-05
2.76881757645398e-05
2.76877924523078e-05
2.76874091506887e-05
2.76870258596822e-05
2.76866425792876e-05
2.76862593095047e-05
2.76858760503329e-05
2.76854928017719e-05
2.76851095638211e-05
2.76847263364802e-05
2.76843431197486e-05
2.7683959913626e-05
2.7683576718112e-05
2.7683193533206e-05
2.76828103589076e-05
2.76824271952165e-05
2.76820440421321e-05
2.7681660899654e-05
2.76812777677818e-05
2.7680894646515e-05
2.76805115358532e-05
2.76801284357959e-05
2.76797453463428e-05
2.76793622674934e-05
2.76789791992471e-05
2.76785961416037e-05
2.76782130945626e-05
2.76778300581234e-05
2.76774470322857e-05
2.76770640170491e-05
2.7676681012413e-05
2.76762980183771e-05
2.76759150349408e-05
2.76755320621039e-05
2.76751490998658e-05
2.7674766148226e-05
2.76743832071843e-05
2.767400027674e-05
2.76736173568928e-05
2.76732344476422e-05
2.76728515489879e-05
2.76724686609292e-05
2.76720857834659e-05
2.76717029165975e-05
2.76713200603235e-05
2.76709372146435e-05
2.7670554379557e-05
2.76701715550636e-05
2.7669788741163e-05
2.76694059378545e-05
2.76690231451379e-05
2.76686403630126e-05
2.76682575914782e-05
2.76678748305343e-05
2.76674920801804e-05
2.76671093404161e-05
2.7666726611241e-05
2.76663438926546e-05
2.76659611846565e-05
2.76655784872462e-05
2.76651958004233e-05
2.76648131241873e-05
2.76644304585379e-05
2.76640478034746e-05
2.76636651589969e-05
2.76632825251044e-05
2.76628999017967e-05
2.76625172890733e-05
2.76621346869338e-05
2.76617520953777e-05
2.76613695144047e-05
2.76609869440142e-05
2.76606043842058e-05
2.76602218349791e-05
2.76598392963337e-05
2.76594567682691e-05
2.76590742507848e-05
2.76586917438805e-05
2.76583092475557e-05
2.76579267618099e-05
2.76575442866428e-05
2.76571618220538e-05
2.76567793680426e-05
2.76563969246087e-05
2.76560144917516e-05
2.76556320694709e-05
2.76552496577663e-05
2.76548672566372e-05
2.76544848660832e-05
2.76541024861038e-05
2.76537201166987e-05
2.76533377578674e-05
2.76529554096094e-05
2.76525730719243e-05
2.76521907448118e-05
2.76518084282712e-05
2.76514261223023e-05
2.76510438269045e-05
2.76506615420774e-05
2.76502792678206e-05
2.76498970041337e-05
2.76495147510161e-05
2.76491325084675e-05
2.76487502764875e-05
2.76483680550755e-05
2.76479858442312e-05
2.76476036439542e-05
2.76472214542439e-05
2.76468392750999e-05
2.76464571065218e-05
2.76460749485092e-05
2.76456928010616e-05
2.76453106641786e-05
2.76449285378597e-05
2.76445464221046e-05
2.76441643169127e-05
2.76437822222837e-05
2.7643400138217e-05
2.76430180647123e-05
2.76426360017691e-05
2.7642253949387e-05
2.76418719075656e-05
2.76414898763043e-05
2.76411078556029e-05
2.76407258454607e-05
2.76403438458774e-05
2.76399618568526e-05
2.76395798783858e-05
2.76391979104766e-05
2.76388159531246e-05
2.76384340063292e-05
2.76380520700901e-05
2.76376701444068e-05
2.76372882292789e-05
2.7636906324706e-05
2.76365244306876e-05
2.76361425472233e-05
2.76357606743126e-05
2.76353788119551e-05
2.76349969601503e-05
2.76346151188979e-05
2.76342332881974e-05
2.76338514680484e-05
2.76334696584503e-05
2.76330878594028e-05
2.76327060709055e-05
2.76323242929579e-05
2.76319425255595e-05
2.763156076871e-05
2.76311790224089e-05
2.76307972866557e-05
2.763041556145e-05
2.76300338467915e-05
2.76296521426795e-05
2.76292704491138e-05
2.76288887660938e-05
2.76285070936192e-05
2.76281254316895e-05
2.76277437803042e-05
2.76273621394629e-05
2.76269805091653e-05
2.76265988894107e-05
2.76262172801989e-05
2.76258356815294e-05
2.76254540934017e-05
2.76250725158154e-05
2.762469094877e-05
2.76243093922652e-05
2.76239278463005e-05
2.76235463108754e-05
2.76231647859895e-05
2.76227832716424e-05
2.76224017678337e-05
2.76220202745629e-05
2.76216387918295e-05
2.76212573196332e-05
2.76208758579735e-05
2.76204944068499e-05
2.7620112966262e-05
2.76197315362095e-05
2.76193501166918e-05
2.76189687077085e-05
2.76185873092591e-05
2.76182059213434e-05
2.76178245439607e-05
2.76174431771107e-05
2.76170618207929e-05
2.76166804750069e-05
2.76162991397523e-05
2.76159178150286e-05
2.76155365008354e-05
2.76151551971722e-05
2.76147739040387e-05
2.76143926214343e-05
2.76140113493587e-05
2.76136300878113e-05
2.76132488367919e-05
2.76128675962999e-05
2.76124863663349e-05
2.76121051468964e-05
2.76117239379841e-05
2.76113427395974e-05
2.7610961551736e-05
2.76105803743995e-05
2.76101992075873e-05
2.7609818051299e-05
2.76094369055343e-05
2.76090557702927e-05
2.76086746455736e-05
2.76082935313768e-05
2.76079124277018e-05
2.76075313345481e-05
2.76071502519152e-05
2.76067691798029e-05
2.76063881182106e-05
2.76060070671378e-05
2.76056260265842e-05
2.76052449965493e-05
2.76048639770328e-05
2.7604482968034e-05
2.76041019695527e-05
2.76037209815883e-05
2.76033400041405e-05
2.76029590372088e-05
2.76025780807927e-05
2.76021971348919e-05
2.76018161995059e-05
2.76014352746343e-05
2.76010543602766e-05
2.76006734564323e-05
2.76002925631012e-05
2.75999116802826e-05
2.75995308079763e-05
2.75991499461817e-05
2.75987690948984e-05
2.7598388254126e-05
2.7598007423864e-05
2.7597626604112e-05
2.75972457948697e-05
2.75968649961364e-05
2.75964842079119e-05
2.75961034301957e-05
2.75957226629872e-05
2.75953419062862e-05
2.75949611600922e-05
2.75945804244046e-05
2.75941996992232e-05
2.75938189845475e-05
2.75934382803769e-05
2.75930575867112e-05
2.75926769035498e-05
2.75922962308923e-05
2.75919155687384e-05
2.75915349170874e-05
2.75911542759391e-05
2.7590773645293e-05
2.75903930251486e-05
2.75900124155056e-05
2.75896318163634e-05
2.75892512277217e-05
2.758887064958e-05
2.75884900819378e-05
2.75881095247948e-05
2.75877289781505e-05
2.75873484420045e-05
2.75869679163563e-05
2.75865874012055e-05
2.75862068965517e-05
2.75858264023945e-05
2.75854459187333e-05
2.75850654455678e-05
2.75846849828975e-05
2.7584304530722e-05
2.75839240890409e-05
2.75835436578537e-05
2.758316323716e-05
2.75827828269594e-05
2.75824024272514e-05
2.75820220380356e-05
2.75816416593116e-05
2.75812612910788e-05
2.7580880933337e-05
2.75805005860856e-05
2.75801202493243e-05
2.75797399230525e-05
2.75793596072699e-05
2.7578979301976e-05
2.75785990071704e-05
2.75782187228527e-05
2.75778384490224e-05
2.7577458185679e-05
2.75770779328222e-05
2.75766976904516e-05
2.75763174585666e-05
2.75759372371668e-05
2.75755570262519e-05
2.75751768258214e-05
2.75747966358748e-05
2.75744164564117e-05
2.75740362874318e-05
2.75736561289344e-05
2.75732759809193e-05
2.7572895843386e-05
2.7572515716334e-05
2.75721355997629e-05
2.75717554936723e-05
2.75713753980617e-05
2.75709953129308e-05
2.7570615238279e-05
2.7570235174106e-05
2.75698551204113e-05
2.75694750771945e-05
2.75690950444552e-05
2.75687150221928e-05
2.7568335010407e-05
2.75679550090974e-05
2.75675750182635e-05
2.75671950379049e-05
2.75668150680211e-05
2.75664351086118e-05
2.75660551596764e-05
2.75656752212145e-05
2.75652952932258e-05
2.75649153757098e-05
2.7564535468666e-05
2.7564155572094e-05
2.75637756859935e-05
2.75633958103638e-05
2.75630159452047e-05
2.75626360905157e-05
2.75622562462963e-05
2.75618764125462e-05
2.75614965892648e-05
2.75611167764518e-05
2.75607369741067e-05
2.75603571822291e-05
2.75599774008185e-05
2.75595976298746e-05
2.75592178693969e-05
2.75588381193849e-05
2.75584583798382e-05
2.75580786507565e-05
2.75576989321392e-05
2.75573192239859e-05
2.75569395262962e-05
2.75565598390697e-05
2.75561801623059e-05
2.75558004960044e-05
2.75554208401648e-05
2.75550411947866e-05
2.75546615598694e-05
2.75542819354128e-05
2.75539023214163e-05
2.75535227178795e-05
2.7553143124802e-05
2.75527635421833e-05
2.7552383970023e-05
2.75520044083207e-05
2.75516248570759e-05
2.75512453162883e-05
2.75508657859573e-05
2.75504862660826e-05
2.75501067566637e-05
2.75497272577001e-05
2.75493477691916e-05
2.75489682911375e-05
2.75485888235375e-05
2.75482093663912e-05
2.75478299196981e-05
2.75474504834578e-05
2.75470710576698e-05
2.75466916423338e-05
2.75463122374492e-05
2.75459328430157e-05
2.75455534590329e-05
2.75451740855002e-05
2.75447947224173e-05
2.75444153697838e-05
2.75440360275991e-05
2.75436566958629e-05
2.75432773745748e-05
2.75428980637343e-05
2.75425187633409e-05
2.75421394733943e-05
2.7541760193894e-05
2.75413809248396e-05
2.75410016662306e-05
2.75406224180666e-05
2.75402431803473e-05
2.75398639530721e-05
2.75394847362406e-05
2.75391055298524e-05
2.75387263339071e-05
2.75383471484042e-05
2.75379679733432e-05
2.75375888087239e-05
2.75372096545457e-05
2.75368305108082e-05
2.7536451377511e-05
2.75360722546536e-05
2.75356931422356e-05
2.75353140402566e-05
2.75349349487162e-05
2.75345558676139e-05
2.75341767969492e-05
2.75337977367218e-05
2.75334186869313e-05
2.75330396475771e-05
2.75326606186589e-05
2.75322816001762e-05
2.75319025921286e-05
2.75315235945157e-05
2.75311446073371e-05
2.75307656305922e-05
2.75303866642807e-05
2.75300077084022e-05
2.75296287629561e-05
2.75292498279422e-05
2.75288709033599e-05
2.75284919892088e-05
2.75281130854886e-05
2.75277341921986e-05
2.75273553093387e-05
2.75269764369082e-05
2.75265975749068e-05
2.7526218723334e-05
2.75258398821894e-05
2.75254610514726e-05
2.75250822311832e-05
2.75247034213206e-05
2.75243246218846e-05
2.75239458328746e-05
2.75235670542902e-05
2.75231882861311e-05
2.75228095283967e-05
2.75224307810866e-05
2.75220520442004e-05
2.75216733177377e-05
2.75212946016981e-05
2.7520915896081e-05
2.75205372008862e-05
2.75201585161131e-05
2.75197798417613e-05
2.75194011778304e-05
2.75190225243199e-05
2.75186438812295e-05
2.75182652485587e-05
2.75178866263071e-05
2.75175080144742e-05
2.75171294130596e-05
2.75167508220629e-05
2.75163722414837e-05
2.75159936713215e-05
2.75156151115758e-05
2.75152365622463e-05
2.75148580233326e-05
2.75144794948342e-05
2.75141009767506e-05
2.75137224690815e-05
2.75133439718263e-05
2.75129654849848e-05
2.75125870085564e-05
2.75122085425408e-05
2.75118300869374e-05
2.75114516417459e-05
2.75110732069658e-05
2.75106947825967e-05
2.75103163686382e-05
2.75099379650899e-05
2.75095595719513e-05
2.75091811892219e-05
2.75088028169014e-05
2.75084244549893e-05
2.75080461034853e-05
2.75076677623888e-05
2.75072894316994e-05
2.75069111114167e-05
2.75065328015404e-05
2.75061545020698e-05
2.75057762130047e-05
2.75053979343446e-05
2.75050196660891e-05
2.75046414082376e-05
2.75042631607899e-05
2.75038849237455e-05
2.75035066971039e-05
2.75031284808647e-05
2.75027502750275e-05
2.75023720795919e-05
2.75019938945574e-05
2.75016157199235e-05
2.750123755569e-05
2.75008594018563e-05
2.7500481258422e-05
2.75001031253867e-05
2.749972500275e-05
2.74993468905114e-05
2.74989687886704e-05
2.74985906972268e-05
2.74982126161799e-05
2.74978345455295e-05
2.74974564852751e-05
2.74970784354162e-05
2.74967003959525e-05
2.74963223668834e-05
2.74959443482086e-05
2.74955663399277e-05
2.74951883420401e-05
2.74948103545456e-05
2.74944323774436e-05
2.74940544107337e-05
2.74936764544155e-05
2.74932985084886e-05
2.74929205729525e-05
2.74925426478068e-05
2.74921647330511e-05
2.74917868286849e-05
2.74914089347079e-05
2.74910310511196e-05
2.74906531779195e-05
2.74902753151073e-05
2.74898974626825e-05
2.74895196206446e-05
2.74891417889933e-05
2.74887639677282e-05
2.74883861568487e-05
2.74880083563545e-05
2.74876305662452e-05
2.74872527865203e-05
2.74868750171793e-05
2.74864972582219e-05
2.74861195096476e-05
2.74857417714561e-05
2.74853640436468e-05
2.74849863262193e-05
2.74846086191733e-05
2.74842309225082e-05
2.74838532362237e-05
2.74834755603194e-05
2.74830978947947e-05
2.74827202396493e-05
2.74823425948828e-05
2.74819649604947e-05
2.74815873364846e-05
2.7481209722852e-05
2.74808321195966e-05
2.74804545267179e-05
2.74800769442154e-05
2.74796993720889e-05
2.74793218103377e-05
2.74789442589616e-05
2.747856671796e-05
2.74781891873326e-05
2.74778116670788e-05
2.74774341571984e-05
2.74770566576908e-05
2.74766791685557e-05
2.74763016897926e-05
2.7475924221401e-05
2.74755467633806e-05
2.74751693157309e-05
2.74747918784515e-05
2.7474414451542e-05
2.74740370350019e-05
2.74736596288309e-05
2.74732822330284e-05
2.74729048475941e-05
2.74725274725275e-05
2.74721501078282e-05
2.74717727534958e-05
2.74713954095298e-05
2.74710180759299e-05
2.74706407526956e-05
2.74702634398264e-05
2.7469886137322e-05
2.74695088451818e-05
2.74691315634056e-05
2.74687542919929e-05
2.74683770309431e-05
2.7467999780256e-05
2.74676225399311e-05
2.74672453099679e-05
2.7466868090366e-05
2.7466490881125e-05
2.74661136822445e-05
2.74657364937241e-05
2.74653593155632e-05
2.74649821477616e-05
2.74646049903187e-05
2.74642278432342e-05
2.74638507065076e-05
2.74634735801384e-05
2.74630964641263e-05
2.74627193584709e-05
2.74623422631716e-05
2.74619651782282e-05
2.746158810364e-05
2.74612110394068e-05
2.74608339855281e-05
2.74604569420035e-05
2.74600799088325e-05
2.74597028860148e-05
2.74593258735498e-05
2.74589488714372e-05
2.74585718796765e-05
2.74581948982674e-05
2.74578179272093e-05
2.74574409665019e-05
2.74570640161448e-05
2.74566870761374e-05
2.74563101464794e-05
2.74559332271704e-05
2.74555563182099e-05
2.74551794195975e-05
2.74548025313328e-05
2.74544256534153e-05
2.74540487858447e-05
2.74536719286205e-05
2.74532950817422e-05
2.74529182452095e-05
2.74525414190219e-05
2.7452164603179e-05
2.74517877976803e-05
2.74514110025255e-05
2.74510342177142e-05
2.74506574432458e-05
2.74502806791199e-05
2.74499039253363e-05
2.74495271818943e-05
2.74491504487936e-05
2.74487737260338e-05
2.74483970136144e-05
2.7448020311535e-05
2.74476436197952e-05
2.74472669383946e-05
2.74468902673327e-05
2.74465136066091e-05
2.74461369562234e-05
2.74457603161752e-05
2.74453836864639e-05
2.74450070670893e-05
2.74446304580509e-05
2.74442538593482e-05
2.74438772709808e-05
2.74435006929484e-05
2.74431241252504e-05
2.74427475678865e-05
2.74423710208562e-05
2.74419944841591e-05
2.74416179577948e-05
2.74412414417628e-05
2.74408649360628e-05
2.74404884406942e-05
2.74401119556568e-05
2.743973548095e-05
2.74393590165734e-05
2.74389825625266e-05
2.74386061188092e-05
2.74382296854207e-05
2.74378532623608e-05
2.74374768496289e-05
2.74371004472247e-05
2.74367240551478e-05
2.74363476733977e-05
2.7435971301974e-05
2.74355949408763e-05
2.74352185901041e-05
2.74348422496571e-05
2.74344659195347e-05
2.74340895997366e-05
2.74337132902624e-05
2.74333369911116e-05
2.74329607022838e-05
2.74325844237786e-05
2.74322081555955e-05
2.74318318977341e-05
2.74314556501941e-05
2.74310794129749e-05
2.74307031860762e-05
2.74303269694975e-05
2.74299507632384e-05
2.74295745672985e-05
2.74291983816773e-05
2.74288222063745e-05
2.74284460413895e-05
2.74280698867221e-05
2.74276937423717e-05
2.74273176083379e-05
2.74269414846203e-05
2.74265653712186e-05
2.74261892681321e-05
2.74258131753606e-05
2.74254370929037e-05
2.74250610207608e-05
2.74246849589315e-05
2.74243089074155e-05
2.74239328662123e-05
2.74235568353215e-05
2.74231808147427e-05
2.74228048044754e-05
2.74224288045192e-05
2.74220528148737e-05
2.74216768355385e-05
2.74213008665131e-05
2.74209249077971e-05
2.74205489593902e-05
2.74201730212918e-05
2.74197970935015e-05
2.7419421176019e-05
2.74190452688437e-05
2.74186693719754e-05
2.74182934854135e-05
2.74179176091576e-05
2.74175417432073e-05
2.74171658875622e-05
2.74167900422219e-05
2.74164142071858e-05
2.74160383824537e-05
2.74156625680251e-05
2.74152867638996e-05
2.74149109700766e-05
2.74145351865559e-05
2.7414159413337e-05
2.74137836504194e-05
2.74134078978028e-05
2.74130321554867e-05
2.74126564234707e-05
2.74122807017544e-05
2.74119049903373e-05
2.7411529289219e-05
2.74111535983992e-05
2.74107779178773e-05
2.7410402247653e-05
2.74100265877258e-05
2.74096509380953e-05
2.74092752987611e-05
2.74088996697228e-05
2.74085240509799e-05
2.7408148442532e-05
2.74077728443787e-05
2.74073972565195e-05
2.74070216789541e-05
2.74066461116821e-05
2.74062705547029e-05
2.74058950080162e-05
2.74055194716216e-05
2.74051439455186e-05
2.74047684297068e-05
2.74043929241857e-05
2.74040174289551e-05
2.74036419440144e-05
2.74032664693631e-05
2.7402891005001e-05
2.74025155509276e-05
2.74021401071424e-05
2.7401764673645e-05
2.7401389250435e-05
2.7401013837512e-05
2.74006384348755e-05
2.74002630425252e-05
2.73998876604606e-05
2.73995122886813e-05
2.73991369271868e-05
2.73987615759768e-05
2.73983862350508e-05
2.73980109044083e-05
2.73976355840491e-05
2.73972602739726e-05
2.73968849741784e-05
2.73965096846662e-05
2.73961344054354e-05
2.73957591364857e-05
2.73953838778166e-05
2.73950086294277e-05
2.73946333913186e-05
2.73942581634889e-05
2.73938829459382e-05
2.73935077386659e-05
2.73931325416718e-05
2.73927573549553e-05
2.73923821785162e-05
2.73920070123538e-05
2.73916318564678e-05
2.73912567108579e-05
2.73908815755235e-05
2.73905064504643e-05
2.73901313356798e-05
2.73897562311695e-05
2.73893811369332e-05
2.73890060529703e-05
2.73886309792805e-05
2.73882559158633e-05
2.73878808627182e-05
2.7387505819845e-05
2.73871307872431e-05
2.73867557649121e-05
2.73863807528516e-05
2.73860057510612e-05
2.73856307595405e-05
2.7385255778289e-05
2.73848808073063e-05
2.7384505846592e-05
2.73841308961457e-05
2.73837559559669e-05
2.73833810260553e-05
2.73830061064104e-05
2.73826311970317e-05
2.7382256297919e-05
2.73818814090716e-05
2.73815065304893e-05
2.73811316621716e-05
2.73807568041181e-05
2.73803819563283e-05
2.73800071188019e-05
2.73796322915383e-05
2.73792574745373e-05
2.73788826677983e-05
2.7378507871321e-05
2.73781330851049e-05
2.73777583091496e-05
2.73773835434548e-05
2.73770087880198e-05
2.73766340428444e-05
2.73762593079282e-05
2.73758845832706e-05
2.73755098688713e-05
2.73751351647299e-05
2.73747604708459e-05
2.73743857872189e-05
2.73740111138485e-05
2.73736364507343e-05
2.73732617978758e-05
2.73728871552727e-05
2.73725125229245e-05
2.73721379008307e-05
2.73717632889911e-05
2.73713886874051e-05
2.73710140960723e-05
2.73706395149923e-05
2.73702649441647e-05
2.7369890383589e-05
2.73695158332649e-05
2.73691412931919e-05
2.73687667633696e-05
2.73683922437976e-05
2.73680177344755e-05
2.73676432354028e-05
2.73672687465791e-05
2.7366894268004e-05
2.73665197996771e-05
2.73661453415979e-05
2.73657708937661e-05
2.73653964561812e-05
2.73650220288427e-05
2.73646476117504e-05
2.73642732049037e-05
2.73638988083022e-05
2.73635244219455e-05
2.73631500458333e-05
2.7362775679965e-05
2.73624013243402e-05
2.73620269789586e-05
2.73616526438197e-05
2.73612783189231e-05
2.73609040042683e-05
2.7360529699855e-05
2.73601554056827e-05
2.7359781121751e-05
2.73594068480595e-05
2.73590325846078e-05
2.73586583313954e-05
2.7358284088422e-05
2.7357909855687e-05
2.73575356331902e-05
2.7357161420931e-05
2.7356787218909e-05
2.73564130271239e-05
2.73560388455752e-05
2.73556646742624e-05
2.73552905131852e-05
2.73549163623432e-05
2.73545422217359e-05
2.73541680913629e-05
2.73537939712238e-05
2.73534198613182e-05
2.73530457616456e-05
2.73526716722056e-05
2.73522975929978e-05
2.73519235240218e-05
2.73515494652772e-05
2.73511754167635e-05
2.73508013784804e-05
2.73504273504274e-05
2.7350053332604e-05
2.73496793250099e-05
2.73493053276447e-05
2.73489313405079e-05
2.73485573635991e-05
2.73481833969179e-05
2.73478094404638e-05
2.73474354942365e-05
2.73470615582356e-05
2.73466876324605e-05
2.7346313716911e-05
2.73459398115865e-05
2.73455659164866e-05
2.7345192031611e-05
2.73448181569593e-05
2.73444442925309e-05
2.73440704383254e-05
2.73436965943426e-05
2.73433227605819e-05
2.73429489370429e-05
2.73425751237252e-05
2.73422013206283e-05
2.7341827527752e-05
2.73414537450956e-05
2.73410799726589e-05
2.73407062104414e-05
2.73403324584427e-05
2.73399587166623e-05
2.73395849850999e-05
2.7339211263755e-05
2.73388375526273e-05
2.73384638517162e-05
2.73380901610214e-05
2.73377164805424e-05
2.73373428102788e-05
2.73369691502303e-05
2.73365955003964e-05
2.73362218607766e-05
2.73358482313706e-05
2.7335474612178e-05
2.73351010031982e-05
2.7334727404431e-05
2.73343538158758e-05
2.73339802375323e-05
2.73336066694e-05
2.73332331114786e-05
2.73328595637676e-05
2.73324860262665e-05
2.7332112498975e-05
2.73317389818927e-05
2.73313654750191e-05
2.73309919783539e-05
2.73306184918965e-05
2.73302450156466e-05
2.73298715496037e-05
2.73294980937675e-05
2.73291246481375e-05
2.73287512127133e-05
2.73283777874945e-05
2.73280043724807e-05
2.73276309676714e-05
2.73272575730663e-05
2.73268841886648e-05
2.73265108144667e-05
2.73261374504714e-05
2.73257640966786e-05
2.73253907530878e-05
2.73250174196986e-05
2.73246440965106e-05
2.73242707835235e-05
2.73238974807367e-05
2.73235241881498e-05
2.73231509057625e-05
2.73227776335742e-05
2.73224043715847e-05
2.73220311197934e-05
2.73216578782e-05
2.73212846468041e-05
2.73209114256052e-05
2.73205382146028e-05
2.73201650137967e-05
2.73197918231863e-05
2.73194186427713e-05
2.73190454725512e-05
2.73186723125256e-05
2.73182991626941e-05
2.73179260230563e-05
2.73175528936118e-05
2.73171797743601e-05
2.73168066653008e-05
2.73164335664336e-05
2.73160604777579e-05
2.73156873992734e-05
2.73153143309797e-05
2.73149412728763e-05
2.73145682249628e-05
2.73141951872388e-05
2.73138221597039e-05
2.73134491423577e-05
2.73130761351997e-05
2.73127031382296e-05
2.73123301514469e-05
2.73119571748511e-05
2.7311584208442e-05
2.7311211252219e-05
2.73108383061818e-05
2.73104653703299e-05
2.73100924446629e-05
2.73097195291804e-05
2.7309346623882e-05
2.73089737287673e-05
2.73086008438358e-05
2.73082279690871e-05
2.73078551045208e-05
2.73074822501365e-05
2.73071094059338e-05
2.73067365719123e-05
2.73063637480715e-05
2.7305990934411e-05
2.73056181309304e-05
2.73052453376294e-05
2.73048725545074e-05
2.7304499781564e-05
2.73041270187989e-05
2.73037542662116e-05
2.73033815238017e-05
2.73030087915688e-05
2.73026360695125e-05
2.73022633576323e-05
2.73018906559279e-05
2.73015179643988e-05
2.73011452830446e-05
2.73007726118649e-05
2.73003999508593e-05
2.73000273000273e-05
2.72996546593686e-05
2.72992820288826e-05
2.72989094085691e-05
2.72985367984276e-05
2.72981641984577e-05
2.72977916086589e-05
2.72974190290308e-05
2.72970464595731e-05
2.72966739002852e-05
2.72963013511669e-05
2.72959288122177e-05
2.72955562834371e-05
2.72951837648247e-05
2.72948112563802e-05
2.7294438758103e-05
2.72940662699929e-05
2.72936937920493e-05
2.7293321324272e-05
2.72929488666603e-05
2.7292576419214e-05
2.72922039819326e-05
2.72918315548156e-05
2.72914591378628e-05
2.72910867310736e-05
2.72907143344477e-05
2.72903419479846e-05
2.72899695716839e-05
2.72895972055452e-05
2.72892248495681e-05
2.72888525037522e-05
2.7288480168097e-05
2.72881078426022e-05
2.72877355272673e-05
2.72873632220919e-05
2.72869909270755e-05
2.72866186422179e-05
2.72862463675185e-05
2.72858741029769e-05
2.72855018485927e-05
2.72851296043656e-05
2.72847573702951e-05
2.72843851463807e-05
2.72840129326221e-05
2.72836407290189e-05
2.72832685355706e-05
2.72828963522768e-05
2.72825241791371e-05
2.7282152016151e-05
2.72817798633183e-05
2.72814077206384e-05
2.72810355881109e-05
2.72806634657355e-05
2.72802913535117e-05
2.7279919251439e-05
2.72795471595172e-05
2.72791750777457e-05
2.72788030061241e-05
2.72784309446521e-05
2.72780588933291e-05
2.72776868521549e-05
2.7277314821129e-05
2.72769428002509e-05
2.72765707895203e-05
2.72761987889368e-05
2.72758267984998e-05
2.72754548182091e-05
2.72750828480642e-05
2.72747108880646e-05
2.727433893821e-05
2.72739669984999e-05
2.7273595068934e-05
2.72732231495118e-05
2.72728512402329e-05
2.72724793410969e-05
2.72721074521034e-05
2.72717355732519e-05
2.7271363704542e-05
2.72709918459734e-05
2.72706199975456e-05
2.72702481592583e-05
2.72698763311108e-05
2.7269504513103e-05
2.72691327052343e-05
2.72687609075044e-05
2.72683891199127e-05
2.7268017342459e-05
2.72676455751428e-05
2.72672738179637e-05
2.72669020709212e-05
2.7266530334015e-05
2.72661586072446e-05
2.72657868906097e-05
2.72654151841097e-05
2.72650434877444e-05
2.72646718015132e-05
2.72643001254158e-05
2.72639284594517e-05
2.72635568036206e-05
2.7263185157922e-05
2.72628135223555e-05
2.72624418969207e-05
2.72620702816172e-05
2.72616986764445e-05
2.72613270814023e-05
2.72609554964902e-05
2.72605839217076e-05
2.72602123570543e-05
2.72598408025297e-05
2.72594692581335e-05
2.72590977238653e-05
2.72587261997247e-05
2.72583546857112e-05
2.72579831818244e-05
2.72576116880639e-05
2.72572402044293e-05
2.72568687309202e-05
2.72564972675362e-05
2.72561258142768e-05
2.72557543711416e-05
2.72553829381303e-05
2.72550115152424e-05
2.72546401024774e-05
2.72542686998351e-05
2.72538973073149e-05
2.72535259249165e-05
2.72531545526395e-05
2.72527831904833e-05
2.72524118384477e-05
2.72520404965322e-05
2.72516691647363e-05
2.72512978430598e-05
2.72509265315021e-05
2.72505552300628e-05
2.72501839387416e-05
2.7249812657538e-05
2.72494413864516e-05
2.7249070125482e-05
2.72486988746287e-05
2.72483276338915e-05
2.72479564032698e-05
2.72475851827632e-05
2.72472139723713e-05
2.72468427720938e-05
2.72464715819301e-05
2.724610040188e-05
2.72457292319429e-05
2.72453580721185e-05
2.72449869224063e-05
2.72446157828059e-05
2.7244244653317e-05
2.72438735339391e-05
2.72435024246717e-05
2.72431313255146e-05
2.72427602364672e-05
2.72423891575291e-05
2.72420180887e-05
2.72416470299794e-05
2.7241275981367e-05
2.72409049428622e-05
2.72405339144647e-05
2.72401628961741e-05
2.723979188799e-05
2.72394208899119e-05
2.72390499019394e-05
2.72386789240722e-05
2.72383079563098e-05
2.72379369986517e-05
2.72375660510977e-05
2.72371951136472e-05
2.72368241862999e-05
2.72364532690553e-05
2.72360823619131e-05
2.72357114648727e-05
2.72353405779339e-05
2.72349697010962e-05
2.72345988343592e-05
2.72342279777224e-05
2.72338571311855e-05
2.7233486294748e-05
2.72331154684096e-05
2.72327446521698e-05
2.72323738460282e-05
2.72320030499843e-05
2.72316322640379e-05
2.72312614881884e-05
2.72308907224355e-05
2.72305199667788e-05
2.72301492212177e-05
2.7229778485752e-05
2.72294077603812e-05
2.72290370451049e-05
2.72286663399227e-05
2.72282956448341e-05
2.72279249598388e-05
2.72275542849364e-05
2.72271836201263e-05
2.72268129654083e-05
2.72264423207819e-05
2.72260716862467e-05
2.72257010618023e-05
2.72253304474483e-05
2.72249598431842e-05
2.72245892490097e-05
2.72242186649243e-05
2.72238480909277e-05
2.72234775270193e-05
2.72231069731989e-05
2.72227364294659e-05
2.722236589582e-05
2.72219953722608e-05
2.72216248587878e-05
2.72212543554007e-05
2.7220883862099e-05
2.72205133788823e-05
2.72201429057503e-05
2.72197724427024e-05
2.72194019897383e-05
2.72190315468576e-05
2.72186611140598e-05
2.72182906913446e-05
2.72179202787115e-05
2.72175498761601e-05
2.72171794836901e-05
2.7216809101301e-05
2.72164387289923e-05
2.72160683667637e-05
2.72156980146148e-05
2.72153276725452e-05
2.72149573405544e-05
2.7214587018642e-05
2.72142167068076e-05
2.72138464050509e-05
2.72134761133713e-05
2.72131058317686e-05
2.72127355602422e-05
2.72123652987918e-05
2.72119950474169e-05
2.72116248061172e-05
2.72112545748922e-05
2.72108843537415e-05
2.72105141426647e-05
2.72101439416615e-05
2.72097737507313e-05
2.72094035698737e-05
2.72090333990885e-05
2.72086632383751e-05
2.72082930877331e-05
2.72079229471622e-05
2.72075528166619e-05
2.72071826962318e-05
2.72068125858715e-05
2.72064424855806e-05
2.72060723953586e-05
2.72057023152053e-05
2.720533224512e-05
2.72049621851026e-05
2.72045921351524e-05
2.72042220952692e-05
2.72038520654525e-05
2.72034820457019e-05
2.72031120360169e-05
2.72027420363973e-05
2.72023720468425e-05
2.72020020673522e-05
2.72016320979259e-05
2.72012621385632e-05
2.72008921892638e-05
2.72005222500272e-05
2.7200152320853e-05
2.71997824017408e-05
2.71994124926902e-05
2.71990425937007e-05
2.7198672704772e-05
2.71983028259037e-05
2.71979329570953e-05
2.71975630983464e-05
2.71971932496566e-05
2.71968234110256e-05
2.71964535824528e-05
2.7196083763938e-05
2.71957139554806e-05
2.71953441570803e-05
2.71949743687367e-05
2.71946045904493e-05
2.71942348222177e-05
2.71938650640416e-05
2.71934953159204e-05
2.71931255778539e-05
2.71927558498416e-05
2.71923861318831e-05
2.71920164239779e-05
2.71916467261257e-05
2.71912770383261e-05
2.71909073605786e-05
2.71905376928829e-05
2.71901680352385e-05
2.7189798387645e-05
2.7189428750102e-05
2.71890591226091e-05
2.71886895051659e-05
2.71883198977719e-05
2.71879503004268e-05
2.71875807131302e-05
2.71872111358817e-05
2.71868415686808e-05
2.71864720115271e-05
2.71861024644202e-05
2.71857329273597e-05
2.71853634003453e-05
2.71849938833764e-05
2.71846243764527e-05
2.71842548795738e-05
2.71838853927392e-05
2.71835159159486e-05
2.71831464492015e-05
2.71827769924976e-05
2.71824075458363e-05
2.71820381092174e-05
2.71816686826404e-05
2.71812992661049e-05
2.71809298596105e-05
2.71805604631568e-05
2.71801910767433e-05
2.71798217003696e-05
2.71794523340355e-05
2.71790829777403e-05
2.71787136314838e-05
2.71783442952655e-05
2.71779749690851e-05
2.7177605652942e-05
2.71772363468359e-05
2.71768670507664e-05
2.71764977647331e-05
2.71761284887355e-05
2.71757592227733e-05
2.7175389966846e-05
2.71750207209533e-05
2.71746514850947e-05
2.71742822592698e-05
2.71739130434783e-05
2.71735438377196e-05
2.71731746419934e-05
2.71728054562993e-05
2.71724362806369e-05
2.71720671150058e-05
2.71716979594055e-05
2.71713288138356e-05
2.71709596782958e-05
2.71705905527857e-05
2.71702214373047e-05
2.71698523318526e-05
2.71694832364288e-05
2.71691141510331e-05
2.7168745075665e-05
2.7168376010324e-05
2.71680069550098e-05
2.71676379097219e-05
2.716726887446e-05
2.71668998492237e-05
2.71665308340125e-05
2.7166161828826e-05
2.71657928336639e-05
2.71654238485256e-05
2.71650548734108e-05
2.71646859083192e-05
2.71643169532502e-05
2.71639480082035e-05
2.71635790731787e-05
2.71632101481753e-05
2.7162841233193e-05
2.71624723282313e-05
2.71621034332899e-05
2.71617345483683e-05
2.71613656734661e-05
2.71609968085829e-05
2.71606279537183e-05
2.71602591088719e-05
2.71598902740433e-05
2.71595214492321e-05
2.71591526344378e-05
2.71587838296601e-05
2.71584150348986e-05
2.71580462501528e-05
2.71576774754223e-05
2.71573087107068e-05
2.71569399560058e-05
2.71565712113189e-05
2.71562024766457e-05
2.71558337519858e-05
2.71554650373388e-05
2.71550963327042e-05
2.71547276380818e-05
2.7154358953471e-05
2.71539902788715e-05
2.71536216142828e-05
2.71532529597046e-05
2.71528843151364e-05
2.71525156805778e-05
2.71521470560285e-05
2.71517784414879e-05
2.71514098369558e-05
2.71510412424316e-05
2.71506726579151e-05
2.71503040834057e-05
2.71499355189031e-05
2.71495669644069e-05
2.71491984199167e-05
2.71488298854319e-05
2.71484613609524e-05
2.71480928464775e-05
2.7147724342007e-05
2.71473558475404e-05
2.71469873630774e-05
2.71466188886174e-05
2.71462504241602e-05
2.71458819697052e-05
2.71455135252521e-05
2.71451450908005e-05
2.714477666635e-05
2.71444082519001e-05
2.71440398474505e-05
2.71436714530007e-05
2.71433030685504e-05
2.71429346940991e-05
2.71425663296465e-05
2.7142197975192e-05
2.71418296307354e-05
2.71414612962762e-05
2.7141092971814e-05
2.71407246573483e-05
2.71403563528789e-05
2.71399880584053e-05
2.7139619773927e-05
2.71392514994436e-05
2.71388832349549e-05
2.71385149804603e-05
2.71381467359594e-05
2.71377785014519e-05
2.71374102769373e-05
2.71370420624152e-05
2.71366738578852e-05
2.7136305663347e-05
2.71359374788e-05
2.7135569304244e-05
2.71352011396784e-05
2.7134832985103e-05
2.71344648405172e-05
2.71340967059207e-05
2.7133728581313e-05
2.71333604666938e-05
2.71329923620627e-05
2.71326242674191e-05
2.71322561827629e-05
2.71318881080934e-05
2.71315200434104e-05
2.71311519887134e-05
2.71307839440021e-05
2.71304159092759e-05
2.71300478845345e-05
2.71296798697775e-05
2.71293118650045e-05
2.71289438702151e-05
2.71285758854089e-05
2.71282079105854e-05
2.71278399457443e-05
2.71274719908852e-05
2.71271040460076e-05
2.71267361111111e-05
2.71263681861954e-05
2.712600027126e-05
2.71256323663045e-05
2.71252644713286e-05
2.71248965863318e-05
2.71245287113136e-05
2.71241608462738e-05
2.71237929912119e-05
2.71234251461275e-05
2.71230573110201e-05
2.71226894858894e-05
2.7122321670735e-05
2.71219538655565e-05
2.71215860703534e-05
2.71212182851254e-05
2.7120850509872e-05
2.71204827445929e-05
2.71201149892876e-05
2.71197472439557e-05
2.71193795085968e-05
2.71190117832106e-05
2.71186440677966e-05
2.71182763623544e-05
2.71179086668836e-05
2.71175409813838e-05
2.71171733058546e-05
2.71168056402956e-05
2.71164379847063e-05
2.71160703390865e-05
2.71157027034356e-05
2.71153350777532e-05
2.7114967462039e-05
2.71145998562926e-05
2.71142322605135e-05
2.71138646747014e-05
2.71134970988558e-05
2.71131295329763e-05
2.71127619770626e-05
2.71123944311142e-05
2.71120268951307e-05
2.71116593691117e-05
2.71112918530568e-05
2.71109243469656e-05
2.71105568508377e-05
2.71101893646727e-05
2.71098218884702e-05
2.71094544222298e-05
2.7109086965951e-05
2.71087195196335e-05
2.71083520832769e-05
2.71079846568807e-05
2.71076172404446e-05
2.71072498339681e-05
2.71068824374509e-05
2.71065150508925e-05
2.71061476742925e-05
2.71057803076506e-05
2.71054129509663e-05
2.71050456042392e-05
2.7104678267469e-05
2.71043109406551e-05
2.71039436237973e-05
2.7103576316895e-05
2.7103209019948e-05
2.71028417329557e-05
2.71024744559178e-05
2.71021071888339e-05
2.71017399317036e-05
2.71013726845265e-05
2.71010054473021e-05
2.71006382200301e-05
2.710027100271e-05
2.70999037953415e-05
2.70995365979242e-05
2.70991694104576e-05
2.70988022329413e-05
2.7098435065375e-05
2.70980679077582e-05
2.70977007600905e-05
2.70973336223716e-05
2.70969664946009e-05
2.70965993767782e-05
2.7096232268903e-05
2.70958651709749e-05
2.70954980829935e-05
2.70951310049584e-05
2.70947639368692e-05
2.70943968787255e-05
2.70940298305268e-05
2.70936627922729e-05
2.70932957639632e-05
2.70929287455974e-05
2.70925617371751e-05
2.70921947386958e-05
2.70918277501592e-05
2.70914607715648e-05
2.70910938029123e-05
2.70907268442012e-05
2.70903598954312e-05
2.70899929566018e-05
2.70896260277127e-05
2.70892591087634e-05
2.70888921997535e-05
2.70885253006826e-05
2.70881584115504e-05
2.70877915323564e-05
2.70874246631002e-05
2.70870578037814e-05
2.70866909543996e-05
2.70863241149544e-05
2.70859572854454e-05
2.70855904658722e-05
2.70852236562343e-05
2.70848568565315e-05
2.70844900667633e-05
2.70841232869292e-05
2.70837565170289e-05
2.7083389757062e-05
2.7083023007028e-05
2.70826562669267e-05
2.70822895367574e-05
2.708192281652e-05
2.70815561062139e-05
2.70811894058387e-05
2.70808227153941e-05
2.70804560348796e-05
2.70800893642949e-05
2.70797227036395e-05
2.70793560529131e-05
2.70789894121151e-05
2.70786227812453e-05
2.70782561603033e-05
2.70778895492885e-05
2.70775229482007e-05
2.70771563570394e-05
2.70767897758042e-05
2.70764232044947e-05
2.70760566431105e-05
2.70756900916512e-05
2.70753235501164e-05
2.70749570185057e-05
2.70745904968187e-05
2.7074223985055e-05
2.70738574832142e-05
2.70734909912959e-05
2.70731245092996e-05
2.7072758037225e-05
2.70723915750717e-05
2.70720251228393e-05
2.70716586805274e-05
2.70712922481355e-05
2.70709258256632e-05
2.70705594131103e-05
2.70701930104762e-05
2.70698266177605e-05
2.70694602349629e-05
2.7069093862083e-05
2.70687274991203e-05
2.70683611460744e-05
2.7067994802945e-05
2.70676284697316e-05
2.70672621464339e-05
2.70668958330514e-05
2.70665295295837e-05
2.70661632360305e-05
2.70657969523913e-05
2.70654306786657e-05
2.70650644148533e-05
2.70646981609538e-05
2.70643319169666e-05
2.70639656828915e-05
2.7063599458728e-05
2.70632332444757e-05
2.70628670401342e-05
2.70625008457032e-05
2.70621346611821e-05
2.70617684865706e-05
2.70614023218683e-05
2.70610361670748e-05
2.70606700221898e-05
2.70603038872127e-05
2.70599377621431e-05
2.70595716469808e-05
2.70592055417253e-05
2.70588394463761e-05
2.7058473360933e-05
2.70581072853954e-05
2.7057741219763e-05
2.70573751640353e-05
2.70570091182121e-05
2.70566430822928e-05
2.70562770562771e-05
2.70559110401645e-05
2.70555450339547e-05
2.70551790376473e-05
2.70548130512418e-05
2.70544470747379e-05
2.70540811081352e-05
2.70537151514332e-05
2.70533492046315e-05
2.70529832677298e-05
2.70526173407277e-05
2.70522514236247e-05
2.70518855164205e-05
2.70515196191146e-05
2.70511537317067e-05
2.70507878541963e-05
2.7050421986583e-05
2.70500561288665e-05
2.70496902810463e-05
2.7049324443122e-05
2.70489586150933e-05
2.70485927969597e-05
2.70482269887209e-05
2.70478611903764e-05
2.70474954019258e-05
2.70471296233687e-05
2.70467638547048e-05
2.70463980959336e-05
2.70460323470547e-05
2.70456666080677e-05
2.70453008789723e-05
2.7044935159768e-05
2.70445694504543e-05
2.70442037510311e-05
2.70438380614977e-05
2.70434723818538e-05
2.70431067120991e-05
2.70427410522331e-05
2.70423754022553e-05
2.70420097621655e-05
2.70416441319632e-05
2.7041278511648e-05
2.70409129012195e-05
2.70405473006774e-05
2.70401817100211e-05
2.70398161292503e-05
2.70394505583647e-05
2.70390849973637e-05
2.7038719446247e-05
2.70383539050143e-05
2.7037988373665e-05
2.70376228521988e-05
2.70372573406154e-05
2.70368918389142e-05
2.70365263470949e-05
2.70361608651571e-05
2.70357953931005e-05
2.70354299309245e-05
2.70350644786288e-05
2.7034699036213e-05
2.70343336036767e-05
2.70339681810194e-05
2.70336027682409e-05
2.70332373653407e-05
2.70328719723183e-05
2.70325065891735e-05
2.70321412159057e-05
2.70317758525146e-05
2.70314104989998e-05
2.70310451553609e-05
2.70306798215975e-05
2.70303144977092e-05
2.70299491836955e-05
2.70295838795562e-05
2.70292185852907e-05
2.70288533008987e-05
2.70284880263798e-05
2.70281227617336e-05
2.70277575069596e-05
2.70273922620576e-05
2.7027027027027e-05
2.70266618018675e-05
2.70262965865787e-05
2.70259313811602e-05
2.70255661856116e-05
2.70252009999324e-05
2.70248358241224e-05
2.7024470658181e-05
2.70241055021079e-05
2.70237403559027e-05
2.70233752195649e-05
2.70230100930943e-05
2.70226449764903e-05
2.70222798697526e-05
2.70219147728808e-05
2.70215496858745e-05
2.70211846087332e-05
2.70208195414567e-05
2.70204544840444e-05
2.7020089436496e-05
2.70197243988111e-05
2.70193593709893e-05
2.70189943530302e-05
2.70186293449333e-05
2.70182643466984e-05
2.70178993583249e-05
2.70175343798125e-05
2.70171694111608e-05
2.70168044523694e-05
2.70164395034378e-05
2.70160745643658e-05
2.70157096351528e-05
2.70153447157986e-05
2.70149798063026e-05
2.70146149066645e-05
2.70142500168839e-05
2.70138851369604e-05
2.70135202668936e-05
2.70131554066831e-05
2.70127905563284e-05
2.70124257158293e-05
2.70120608851852e-05
2.70116960643959e-05
2.70113312534608e-05
2.70109664523797e-05
2.7010601661152e-05
2.70102368797774e-05
2.70098721082556e-05
2.7009507346586e-05
2.70091425947683e-05
2.70087778528022e-05
2.70084131206871e-05
2.70080483984227e-05
2.70076836860087e-05
2.70073189834445e-05
2.70069542907299e-05
2.70065896078643e-05
2.70062249348475e-05
2.7005860271679e-05
2.70054956183583e-05
2.70051309748852e-05
2.70047663412592e-05
2.700440171748e-05
2.7004037103547e-05
2.70036724994599e-05
2.70033079052184e-05
2.7002943320822e-05
2.70025787462703e-05
2.70022141815629e-05
2.70018496266994e-05
2.70014850816795e-05
2.70011205465027e-05
2.70007560211686e-05
2.70003915056768e-05
2.7000027000027e-05
2.69996625042187e-05
2.69992980182515e-05
2.69989335421251e-05
2.6998569075839e-05
2.69982046193928e-05
2.69978401727862e-05
2.69974757360187e-05
2.69971113090899e-05
2.69967468919995e-05
2.6996382484747e-05
2.69960180873321e-05
2.69956536997543e-05
2.69952893220133e-05
2.69949249541086e-05
2.69945605960399e-05
2.69941962478067e-05
2.69938319094087e-05
2.69934675808454e-05
2.69931032621165e-05
2.69927389532216e-05
2.69923746541602e-05
2.6992010364932e-05
2.69916460855365e-05
2.69912818159734e-05
2.69909175562423e-05
2.69905533063428e-05
2.69901890662744e-05
2.69898248360368e-05
2.69894606156296e-05
2.69890964050524e-05
2.69887322043047e-05
2.69883680133862e-05
2.69880038322965e-05
2.69876396610352e-05
2.69872754996019e-05
2.69869113479962e-05
2.69865472062177e-05
2.6986183074266e-05
2.69858189521407e-05
2.69854548398413e-05
2.69850907373676e-05
2.69847266447191e-05
2.69843625618954e-05
2.69839984888961e-05
2.69836344257208e-05
2.69832703723691e-05
2.69829063288407e-05
2.6982542295135e-05
2.69821782712518e-05
2.69818142571907e-05
2.69814502529511e-05
2.69810862585328e-05
2.69807222739353e-05
2.69803582991582e-05
2.69799943342012e-05
2.69796303790638e-05
2.69792664337457e-05
2.69789024982464e-05
2.69785385725655e-05
2.69781746567027e-05
2.69778107506576e-05
2.69774468544297e-05
2.69770829680187e-05
2.69767190914241e-05
2.69763552246456e-05
2.69759913676828e-05
2.69756275205352e-05
2.69752636832025e-05
2.69748998556843e-05
2.69745360379801e-05
2.69741722300897e-05
2.69738084320125e-05
2.69734446437482e-05
2.69730808652964e-05
2.69727170966567e-05
2.69723533378287e-05
2.6971989588812e-05
2.69716258496062e-05
2.69712621202109e-05
2.69708984006257e-05
2.69705346908502e-05
2.69701709908841e-05
2.69698073007268e-05
2.69694436203781e-05
2.69690799498375e-05
2.69687162891046e-05
2.69683526381791e-05
2.69679889970605e-05
2.69676253657484e-05
2.69672617442425e-05
2.69668981325423e-05
2.69665345306475e-05
2.69661709385576e-05
2.69658073562722e-05
2.69654437837911e-05
2.69650802211137e-05
2.69647166682396e-05
2.69643531251685e-05
2.69639895919e-05
2.69636260684337e-05
2.69632625547691e-05
2.6962899050906e-05
2.69625355568438e-05
2.69621720725822e-05
2.69618085981208e-05
2.69614451334592e-05
2.69610816785969e-05
2.69607182335337e-05
2.69603547982691e-05
2.69599913728028e-05
2.69596279571342e-05
2.6959264551263e-05
2.69589011551889e-05
2.69585377689114e-05
2.69581743924301e-05
2.69578110257447e-05
2.69574476688547e-05
2.69570843217598e-05
2.69567209844594e-05
2.69563576569534e-05
2.69559943392412e-05
2.69556310313224e-05
2.69552677331968e-05
2.69549044448637e-05
2.6954541166323e-05
2.69541778975741e-05
2.69538146386167e-05
2.69534513894504e-05
2.69530881500748e-05
2.69527249204895e-05
2.6952361700694e-05
2.69519984906881e-05
2.69516352904713e-05
2.69512721000431e-05
2.69509089194033e-05
2.69505457485514e-05
2.6950182587487e-05
2.69498194362098e-05
2.69494562947193e-05
2.69490931630151e-05
2.69487300410968e-05
2.69483669289641e-05
2.69480038266165e-05
2.69476407340537e-05
2.69472776512753e-05
2.69469145782808e-05
2.69465515150699e-05
2.69461884616421e-05
2.69458254179971e-05
2.69454623841345e-05
2.69450993600539e-05
2.69447363457549e-05
2.6944373341237e-05
2.69440103465e-05
2.69436473615433e-05
2.69432843863667e-05
2.69429214209697e-05
2.69425584653519e-05
2.69421955195129e-05
2.69418325834523e-05
2.69414696571698e-05
2.69411067406649e-05
2.69407438339373e-05
2.69403809369864e-05
2.69400180498121e-05
2.69396551724138e-05
2.69392923047912e-05
2.69389294469438e-05
2.69385665988713e-05
2.69382037605732e-05
2.69378409320493e-05
2.6937478113299e-05
2.69371153043221e-05
2.6936752505118e-05
2.69363897156864e-05
2.69360269360269e-05
2.69356641661392e-05
2.69353014060227e-05
2.69349386556772e-05
2.69345759151022e-05
2.69342131842974e-05
2.69338504632622e-05
2.69334877519964e-05
2.69331250504996e-05
2.69327623587713e-05
2.69323996768112e-05
2.69320370046188e-05
2.69316743421939e-05
2.69313116895358e-05
2.69309490466444e-05
2.69305864135192e-05
2.69302237901597e-05
2.69298611765656e-05
2.69294985727366e-05
2.69291359786721e-05
2.69287733943719e-05
2.69284108198355e-05
2.69280482550625e-05
2.69276857000525e-05
2.69273231548052e-05
2.69269606193201e-05
2.69265980935969e-05
2.69262355776351e-05
2.69258730714343e-05
2.69255105749943e-05
2.69251480883145e-05
2.69247856113946e-05
2.69244231442341e-05
2.69240606868328e-05
2.69236982391901e-05
2.69233358013058e-05
2.69229733731793e-05
2.69226109548104e-05
2.69222485461986e-05
2.69218861473435e-05
2.69215237582447e-05
2.69211613789019e-05
2.69207990093146e-05
2.69204366494825e-05
2.69200742994051e-05
2.6919711959082e-05
2.6919349628513e-05
2.69189873076975e-05
2.69186249966352e-05
2.69182626953256e-05
2.69179004037685e-05
2.69175381219634e-05
2.69171758499098e-05
2.69168135876075e-05
2.6916451335056e-05
2.69160890922549e-05
2.69157268592038e-05
2.69153646359024e-05
2.69150024223502e-05
2.69146402185469e-05
2.6914278024492e-05
2.69139158401852e-05
2.6913553665626e-05
2.69131915008141e-05
2.69128293457491e-05
2.69124672004306e-05
2.69121050648582e-05
2.69117429390314e-05
2.691138082295e-05
2.69110187166135e-05
2.69106566200215e-05
2.69102945331737e-05
2.69099324560695e-05
2.69095703887087e-05
2.69092083310909e-05
2.69088462832156e-05
2.69084842450825e-05
2.69081222166911e-05
2.69077601980411e-05
2.69073981891321e-05
2.69070361899637e-05
2.69066742005354e-05
2.6906312220847e-05
2.6905950250898e-05
2.6905588290688e-05
2.69052263402166e-05
2.69048643994834e-05
2.69045024684881e-05
2.69041405472302e-05
2.69037786357094e-05
2.69034167339252e-05
2.69030548418773e-05
2.69026929595653e-05
2.69023310869887e-05
2.69019692241472e-05
2.69016073710404e-05
2.69012455276679e-05
2.69008836940293e-05
2.69005218701243e-05
2.69001600559523e-05
2.68997982515131e-05
2.68994364568062e-05
2.68990746718313e-05
2.68987128965879e-05
2.68983511310757e-05
2.68979893752942e-05
2.68976276292431e-05
2.6897265892922e-05
2.68969041663305e-05
2.68965424494681e-05
2.68961807423346e-05
2.68958190449295e-05
2.68954573572524e-05
2.68950956793029e-05
2.68947340110806e-05
2.68943723525852e-05
2.68940107038163e-05
2.68936490647734e-05
2.68932874354561e-05
2.68929258158641e-05
2.6892564205997e-05
2.68922026058544e-05
2.68918410154359e-05
2.68914794347411e-05
2.68911178637696e-05
2.6890756302521e-05
2.68903947509949e-05
2.6890033209191e-05
2.68896716771088e-05
2.6889310154748e-05
2.68889486421081e-05
2.68885871391888e-05
2.68882256459896e-05
2.68878641625103e-05
2.68875026887503e-05
2.68871412247093e-05
2.68867797703869e-05
2.68864183257827e-05
2.68860568908964e-05
2.68856954657275e-05
2.68853340502756e-05
2.68849726445403e-05
2.68846112485213e-05
2.68842498622182e-05
2.68838884856306e-05
2.6883527118758e-05
2.68831657616001e-05
2.68828044141565e-05
2.68824430764268e-05
2.68820817484106e-05
2.68817204301075e-05
2.68813591215172e-05
2.68809978226392e-05
2.68806365334731e-05
2.68802752540186e-05
2.68799139842753e-05
2.68795527242427e-05
2.68791914739205e-05
2.68788302333082e-05
2.68784690024056e-05
2.68781077812122e-05
2.68777465697276e-05
2.68773853679514e-05
2.68770241758832e-05
2.68766629935227e-05
2.68763018208694e-05
2.6875940657923e-05
2.68755795046831e-05
2.68752183611492e-05
2.6874857227321e-05
2.68744961031981e-05
2.687413498878e-05
2.68737738840665e-05
2.68734127890571e-05
2.68730517037515e-05
2.68726906281491e-05
2.68723295622497e-05
2.68719685060529e-05
2.68716074595582e-05
2.68712464227653e-05
2.68708853956738e-05
2.68705243782832e-05
2.68701633705933e-05
2.68698023726035e-05
2.68694413843136e-05
2.68690804057231e-05
2.68687194368316e-05
2.68683584776388e-05
2.68679975281442e-05
2.68676365883475e-05
2.68672756582483e-05
2.68669147378461e-05
2.68665538271406e-05
2.68661929261314e-05
2.68658320348181e-05
2.68654711532003e-05
2.68651102812777e-05
2.68647494190498e-05
2.68643885665162e-05
2.68640277236766e-05
2.68636668905306e-05
2.68633060670777e-05
2.68629452533176e-05
2.68625844492499e-05
2.68622236548741e-05
2.686186287019e-05
2.68615020951972e-05
2.68611413298951e-05
2.68607805742835e-05
2.68604198283619e-05
2.686005909213e-05
2.68596983655874e-05
2.68593376487336e-05
2.68589769415683e-05
2.68586162440911e-05
2.68582555563016e-05
2.68578948781994e-05
2.68575342097842e-05
2.68571735510555e-05
2.68568129020129e-05
2.68564522626561e-05
2.68560916329847e-05
2.68557310129982e-05
2.68553704026963e-05
2.68550098020786e-05
2.68546492111447e-05
2.68542886298942e-05
2.68539280583267e-05
2.68535674964419e-05
2.68532069442393e-05
2.68528464017186e-05
2.68524858688793e-05
2.68521253457211e-05
2.68517648322436e-05
2.68514043284464e-05
2.68510438343291e-05
2.68506833498913e-05
2.68503228751326e-05
2.68499624100526e-05
2.6849601954651e-05
2.68492415089274e-05
2.68488810728813e-05
2.68485206465124e-05
2.68481602298203e-05
2.68477998228045e-05
2.68474394254648e-05
2.68470790378007e-05
2.68467186598118e-05
2.68463582914978e-05
2.68459979328582e-05
2.68456375838926e-05
2.68452772446007e-05
2.68449169149821e-05
2.68445565950364e-05
2.68441962847632e-05
2.68438359841621e-05
2.68434756932328e-05
2.68431154119747e-05
2.68427551403876e-05
2.68423948784711e-05
2.68420346262247e-05
2.68416743836481e-05
2.68413141507408e-05
2.68409539275026e-05
2.6840593713933e-05
2.68402335100315e-05
2.68398733157979e-05
2.68395131312318e-05
2.68391529563327e-05
2.68387927911003e-05
2.68384326355341e-05
2.68380724896338e-05
2.6837712353399e-05
2.68373522268293e-05
2.68369921099243e-05
2.68366320026837e-05
2.68362719051069e-05
2.68359118171938e-05
2.68355517389438e-05
2.68351916703565e-05
2.68348316114316e-05
2.68344715621688e-05
2.68341115225675e-05
2.68337514926274e-05
2.68333914723482e-05
2.68330314617294e-05
2.68326714607706e-05
2.68323114694715e-05
2.68319514878317e-05
2.68315915158508e-05
2.68312315535283e-05
2.6830871600864e-05
2.68305116578573e-05
2.6830151724508e-05
2.68297918008156e-05
2.68294318867798e-05
2.68290719824001e-05
2.68287120876762e-05
2.68283522026077e-05
2.68279923271942e-05
2.68276324614353e-05
2.68272726053306e-05
2.68269127588797e-05
2.68265529220823e-05
2.68261930949379e-05
2.68258332774462e-05
2.68254734696067e-05
2.68251136714192e-05
2.68247538828831e-05
2.68243941039982e-05
2.68240343347639e-05
2.68236745751801e-05
2.68233148252461e-05
2.68229550849617e-05
2.68225953543265e-05
2.682223563334e-05
2.6821875922002e-05
2.68215162203119e-05
2.68211565282695e-05
2.68207968458743e-05
2.68204371731259e-05
2.6820077510024e-05
2.68197178565681e-05
2.6819358212758e-05
2.68189985785931e-05
2.68186389540731e-05
2.68182793391976e-05
2.68179197339662e-05
2.68175601383786e-05
2.68172005524343e-05
2.6816840976133e-05
2.68164814094743e-05
2.68161218524577e-05
2.68157623050829e-05
2.68154027673496e-05
2.68150432392572e-05
2.68146837208055e-05
2.6814324211994e-05
2.68139647128224e-05
2.68136052232903e-05
2.68132457433972e-05
2.68128862731429e-05
2.68125268125268e-05
2.68121673615487e-05
2.68118079202081e-05
2.68114484885046e-05
2.68110890664379e-05
2.68107296540075e-05
2.68103702512132e-05
2.68100108580544e-05
2.68096514745308e-05
2.68092921006421e-05
2.68089327363878e-05
2.68085733817675e-05
2.68082140367809e-05
2.68078547014275e-05
2.6807495375707e-05
2.68071360596191e-05
2.68067767531632e-05
2.6806417456339e-05
2.68060581691462e-05
2.68056988915844e-05
2.6805339623653e-05
2.68049803653519e-05
2.68046211166805e-05
2.68042618776385e-05
2.68039026482256e-05
2.68035434284412e-05
2.68031842182851e-05
2.68028250177569e-05
2.68024658268561e-05
2.68021066455823e-05
2.68017474739353e-05
2.68013883119146e-05
2.68010291595197e-05
2.68006700167504e-05
2.68003108836062e-05
2.67999517600868e-05
2.67995926461918e-05
2.67992335419207e-05
2.67988744472732e-05
2.67985153622489e-05
2.67981562868475e-05
2.67977972210684e-05
2.67974381649114e-05
2.67970791183761e-05
2.6796720081462e-05
2.67963610541688e-05
2.67960020364962e-05
2.67956430284436e-05
2.67952840300107e-05
2.67949250411972e-05
2.67945660620026e-05
2.67942070924266e-05
2.67938481324688e-05
2.67934891821287e-05
2.67931302414061e-05
2.67927713103005e-05
2.67924123888115e-05
2.67920534769387e-05
2.67916945746818e-05
2.67913356820404e-05
2.67909767990141e-05
2.67906179256025e-05
2.67902590618051e-05
2.67899002076217e-05
2.67895413630519e-05
2.67891825280952e-05
2.67888237027512e-05
2.67884648870196e-05
2.67881060809001e-05
2.67877472843921e-05
2.67873884974954e-05
2.67870297202095e-05
2.6786670952534e-05
2.67863121944686e-05
2.67859534460129e-05
2.67855947071665e-05
2.6785235977929e-05
2.67848772583e-05
2.67845185482791e-05
2.6784159847866e-05
2.67838011570602e-05
2.67834424758614e-05
2.67830838042692e-05
2.67827251422832e-05
2.6782366489903e-05
2.67820078471283e-05
2.67816492139586e-05
2.67812905903936e-05
2.67809319764328e-05
2.67805733720759e-05
2.67802147773225e-05
2.67798561921722e-05
2.67794976166247e-05
2.67791390506795e-05
2.67787804943363e-05
2.67784219475946e-05
2.67780634104542e-05
2.67777048829145e-05
2.67773463649752e-05
2.6776987856636e-05
2.67766293578964e-05
2.67762708687561e-05
2.67759123892147e-05
2.67755539192717e-05
2.67751954589268e-05
2.67748370081797e-05
2.67744785670299e-05
2.6774120135477e-05
2.67737617135207e-05
2.67734033011606e-05
2.67730448983963e-05
2.67726865052274e-05
2.67723281216535e-05
2.67719697476742e-05
2.67716113832892e-05
2.6771253028498e-05
2.67708946833003e-05
2.67705363476957e-05
2.67701780216838e-05
2.67698197052643e-05
2.67694613984367e-05
2.67691031012006e-05
2.67687448135557e-05
2.67683865355016e-05
2.67680282670378e-05
2.67676700081641e-05
2.67673117588801e-05
2.67669535191852e-05
2.67665952890792e-05
2.67662370685617e-05
2.67658788576323e-05
2.67655206562906e-05
2.67651624645362e-05
2.67648042823687e-05
2.67644461097878e-05
2.6764087946793e-05
2.6763729793384e-05
2.67633716495604e-05
2.67630135153218e-05
2.67626553906679e-05
2.67622972755981e-05
2.67619391701123e-05
2.67615810742099e-05
2.67612229878905e-05
2.67608649111539e-05
2.67605068439996e-05
2.67601487864273e-05
2.67597907384364e-05
2.67594327000268e-05
2.67590746711979e-05
2.67587166519494e-05
2.67583586422809e-05
2.6758000642192e-05
2.67576426516824e-05
2.67572846707516e-05
2.67569266993993e-05
2.67565687376251e-05
2.67562107854286e-05
2.67558528428094e-05
2.67554949097671e-05
2.67551369863014e-05
2.67547790724118e-05
2.6754421168098e-05
2.67540632733596e-05
2.67537053881963e-05
2.67533475126075e-05
2.6752989646593e-05
2.67526317901524e-05
2.67522739432852e-05
2.67519161059911e-05
2.67515582782697e-05
2.67512004601206e-05
2.67508426515435e-05
2.6750484852538e-05
2.67501270631035e-05
2.67497692832399e-05
2.67494115129467e-05
2.67490537522235e-05
2.67486960010699e-05
2.67483382594856e-05
2.67479805274702e-05
2.67476228050232e-05
2.67472650921443e-05
2.67469073888332e-05
2.67465496950893e-05
2.67461920109124e-05
2.67458343363021e-05
2.6745476671258e-05
2.67451190157796e-05
2.67447613698667e-05
2.67444037335188e-05
2.67440461067355e-05
2.67436884895165e-05
2.67433308818613e-05
2.67429732837697e-05
2.67426156952412e-05
2.67422581162753e-05
2.67419005468719e-05
2.67415429870304e-05
2.67411854367504e-05
2.67408278960317e-05
2.67404703648737e-05
2.67401128432762e-05
2.67397553312387e-05
2.67393978287609e-05
2.67390403358423e-05
2.67386828524827e-05
2.67383253786815e-05
2.67379679144385e-05
2.67376104597532e-05
2.67372530146253e-05
2.67368955790543e-05
2.67365381530399e-05
2.67361807365818e-05
2.67358233296794e-05
2.67354659323325e-05
2.67351085445407e-05
2.67347511663035e-05
2.67343937976206e-05
2.67340364384917e-05
2.67336790889162e-05
2.67333217488939e-05
2.67329644184244e-05
2.67326070975072e-05
2.6732249786142e-05
2.67318924843284e-05
2.67315351920661e-05
2.67311779093546e-05
2.67308206361935e-05
2.67304633725826e-05
2.67301061185213e-05
2.67297488740093e-05
2.67293916390463e-05
2.67290344136318e-05
2.67286771977655e-05
2.67283199914469e-05
2.67279627946758e-05
2.67276056074517e-05
2.67272484297742e-05
2.67268912616429e-05
2.67265341030575e-05
2.67261769540176e-05
2.67258198145228e-05
2.67254626845727e-05
2.6725105564167e-05
2.67247484533052e-05
2.6724391351987e-05
2.67240342602119e-05
2.67236771779797e-05
2.67233201052899e-05
2.67229630421421e-05
2.6722605988536e-05
2.67222489444712e-05
2.67218919099472e-05
2.67215348849638e-05
2.67211778695205e-05
2.67208208636169e-05
2.67204638672527e-05
2.67201068804275e-05
2.67197499031409e-05
2.67193929353925e-05
2.67190359771819e-05
2.67186790285088e-05
2.67183220893728e-05
2.67179651597734e-05
2.67176082397104e-05
2.67172513291833e-05
2.67168944281917e-05
2.67165375367352e-05
2.67161806548136e-05
2.67158237824263e-05
2.67154669195731e-05
2.67151100662535e-05
2.67147532224671e-05
2.67143963882136e-05
2.67140395634926e-05
2.67136827483037e-05
2.67133259426465e-05
2.67129691465206e-05
2.67126123599257e-05
2.67122555828614e-05
2.67118988153273e-05
2.6711542057323e-05
2.67111853088481e-05
2.67108285699022e-05
2.67104718404851e-05
2.67101151205962e-05
2.67097584102352e-05
2.67094017094017e-05
2.67090450180954e-05
2.67086883363158e-05
2.67083316640626e-05
2.67079750013354e-05
2.67076183481338e-05
2.67072617044574e-05
2.67069050703059e-05
2.67065484456789e-05
2.67061918305759e-05
2.67058352249967e-05
2.67054786289407e-05
2.67051220424077e-05
2.67047654653973e-05
2.6704408897909e-05
2.67040523399426e-05
2.67036957914975e-05
2.67033392525735e-05
2.67029827231702e-05
2.67026262032871e-05
2.67022696929239e-05
2.67019131920802e-05
2.67015567007557e-05
2.67012002189498e-05
2.67008437466624e-05
2.67004872838929e-05
2.67001308306411e-05
2.66997743869064e-05
2.66994179526886e-05
2.66990615279873e-05
2.6698705112802e-05
2.66983487071325e-05
2.66979923109782e-05
2.66976359243389e-05
2.66972795472141e-05
2.66969231796035e-05
2.66965668215068e-05
2.66962104729234e-05
2.6695854133853e-05
2.66954978042953e-05
2.66951414842499e-05
2.66947851737163e-05
2.66944288726943e-05
2.66940725811833e-05
2.66937162991832e-05
2.66933600266934e-05
2.66930037637135e-05
2.66926475102433e-05
2.66922912662823e-05
2.66919350318301e-05
2.66915788068864e-05
2.66912225914508e-05
2.66908663855229e-05
2.66905101891023e-05
2.66901540021886e-05
2.66897978247815e-05
2.66894416568805e-05
2.66890854984854e-05
2.66887293495957e-05
2.6688373210211e-05
2.66880170803309e-05
2.66876609599552e-05
2.66873048490833e-05
2.66869487477149e-05
2.66865926558497e-05
2.66862365734872e-05
2.66858805006271e-05
2.6685524437269e-05
2.66851683834125e-05
2.66848123390572e-05
2.66844563042028e-05
2.66841002788488e-05
2.6683744262995e-05
2.66833882566408e-05
2.6683032259786e-05
2.66826762724301e-05
2.66823202945728e-05
2.66819643262137e-05
2.66816083673524e-05
2.66812524179885e-05
2.66808964781217e-05
2.66805405477515e-05
2.66801846268776e-05
2.66798287154996e-05
2.66794728136172e-05
2.66791169212299e-05
2.66787610383374e-05
2.66784051649392e-05
2.66780493010351e-05
2.66776934466246e-05
2.66773376017074e-05
2.6676981766283e-05
2.66766259403511e-05
2.66762701239113e-05
2.66759143169632e-05
2.66755585195065e-05
2.66752027315408e-05
2.66748469530656e-05
2.66744911840807e-05
2.66741354245855e-05
2.66737796745799e-05
2.66734239340633e-05
2.66730682030354e-05
2.66727124814958e-05
2.66723567694441e-05
2.667200106688e-05
2.66716453738031e-05
2.6671289690213e-05
2.66709340161092e-05
2.66705783514916e-05
2.66702226963595e-05
2.66698670507128e-05
2.66695114145509e-05
2.66691557878735e-05
2.66688001706803e-05
2.66684445629709e-05
2.66680889647448e-05
2.66677333760017e-05
2.66673777967412e-05
2.6667022226963e-05
2.66666666666667e-05
2.66663111158518e-05
2.6665955574518e-05
2.6665600042665e-05
2.66652445202923e-05
2.66648890073995e-05
2.66645335039863e-05
2.66641780100524e-05
2.66638225255973e-05
2.66634670506206e-05
2.6663111585122e-05
2.66627561291011e-05
2.66624006825575e-05
2.66620452454908e-05
2.66616898179007e-05
2.66613343997867e-05
2.66609789911486e-05
2.66606235919858e-05
2.66602682022981e-05
2.66599128220851e-05
2.66595574513463e-05
2.66592020900814e-05
2.66588467382901e-05
2.66584913959719e-05
2.66581360631265e-05
2.66577807397534e-05
2.66574254258524e-05
2.6657070121423e-05
2.66567148264648e-05
2.66563595409775e-05
2.66560042649607e-05
2.6655648998414e-05
2.6655293741337e-05
2.66549384937294e-05
2.66545832555908e-05
2.66542280269208e-05
2.6653872807719e-05
2.6653517597985e-05
2.66531623977185e-05
2.66528072069191e-05
2.66524520255864e-05
2.665209685372e-05
2.66517416913195e-05
2.66513865383847e-05
2.6651031394915e-05
2.66506762609101e-05
2.66503211363697e-05
2.66499660212933e-05
2.66496109156806e-05
2.66492558195312e-05
2.66489007328448e-05
2.66485456556208e-05
2.66481905878591e-05
2.66478355295591e-05
2.66474804807205e-05
2.6647125441343e-05
2.66467704114261e-05
2.66464153909695e-05
2.66460603799728e-05
2.66457053784356e-05
2.66453503863576e-05
2.66449954037383e-05
2.66446404305774e-05
2.66442854668745e-05
2.66439305126292e-05
2.66435755678412e-05
2.66432206325101e-05
2.66428657066354e-05
2.66425107902169e-05
2.66421558832541e-05
2.66418009857466e-05
2.66414460976942e-05
2.66410912190963e-05
2.66407363499527e-05
2.66403814902629e-05
2.66400266400266e-05
2.66396717992434e-05
2.66393169679129e-05
2.66389621460348e-05
2.66386073336086e-05
2.6638252530634e-05
2.66378977371106e-05
2.6637542953038e-05
2.66371881784159e-05
2.66368334132438e-05
2.66364786575215e-05
2.66361239112484e-05
2.66357691744243e-05
2.66354144470488e-05
2.66350597291214e-05
2.66347050206419e-05
2.66343503216098e-05
2.66339956320247e-05
2.66336409518863e-05
2.66332862811942e-05
2.66329316199481e-05
2.66325769681474e-05
2.6632222325792e-05
2.66318676928813e-05
2.6631513069415e-05
2.66311584553928e-05
2.66308038508142e-05
2.66304492556789e-05
2.66300946699866e-05
2.66297400937367e-05
2.6629385526929e-05
2.6629030969563e-05
2.66286764216385e-05
2.66283218831549e-05
2.6627967354112e-05
2.66276128345094e-05
2.66272583243466e-05
2.66269038236234e-05
2.66265493323393e-05
2.66261948504939e-05
2.66258403780869e-05
2.6625485915118e-05
2.66251314615866e-05
2.66247770174925e-05
2.66244225828352e-05
2.66240681576145e-05
2.66237137418298e-05
2.6623359335481e-05
2.66230049385674e-05
2.66226505510889e-05
2.66222961730449e-05
2.66219418044352e-05
2.66215874452594e-05
2.6621233095517e-05
2.66208787552077e-05
2.66205244243312e-05
2.6620170102887e-05
2.66198157908747e-05
2.66194614882941e-05
2.66191071951447e-05
2.66187529114261e-05
2.6618398637138e-05
2.661804437228e-05
2.66176901168517e-05
2.66173358708527e-05
2.66169816342827e-05
2.66166274071412e-05
2.6616273189428e-05
2.66159189811426e-05
2.66155647822847e-05
2.66152105928538e-05
2.66148564128497e-05
2.66145022422718e-05
2.66141480811199e-05
2.66137939293936e-05
2.66134397870925e-05
2.66130856542162e-05
2.66127315307643e-05
2.66123774167365e-05
2.66120233121324e-05
2.66116692169516e-05
2.66113151311938e-05
2.66109610548585e-05
2.66106069879454e-05
2.66102529304541e-05
2.66098988823842e-05
2.66095448437354e-05
2.66091908145073e-05
2.66088367946995e-05
2.66084827843116e-05
2.66081287833433e-05
2.66077747917942e-05
2.66074208096638e-05
2.66070668369519e-05
2.6606712873658e-05
2.66063589197818e-05
2.66060049753229e-05
2.6605651040281e-05
2.66052971146555e-05
2.66049431984463e-05
2.66045892916528e-05
2.66042353942748e-05
2.66038815063118e-05
2.66035276277634e-05
2.66031737586294e-05
2.66028198989093e-05
2.66024660486027e-05
2.66021122077093e-05
2.66017583762287e-05
2.66014045541605e-05
2.66010507415043e-05
2.66006969382598e-05
2.66003431444266e-05
2.65999893600043e-05
2.65996355849925e-05
2.65992818193909e-05
2.65989280631991e-05
2.65985743164166e-05
2.65982205790433e-05
2.65978668510785e-05
2.65975131325221e-05
2.65971594233736e-05
2.65968057236326e-05
2.65964520332988e-05
2.65960983523717e-05
2.65957446808511e-05
2.65953910187365e-05
2.65950373660275e-05
2.65946837227238e-05
2.65943300888251e-05
2.65939764643308e-05
2.65936228492408e-05
2.65932692435545e-05
2.65929156472716e-05
2.65925620603917e-05
2.65922084829145e-05
2.65918549148396e-05
2.65915013561666e-05
2.65911478068951e-05
2.65907942670248e-05
2.65904407365552e-05
2.65900872154861e-05
2.6589733703817e-05
2.65893802015475e-05
2.65890267086773e-05
2.65886732252061e-05
2.65883197511333e-05
2.65879662864587e-05
2.6587612831182e-05
2.65872593853026e-05
2.65869059488202e-05
2.65865525217345e-05
2.65861991040451e-05
2.65858456957516e-05
2.65854922968536e-05
2.65851389073508e-05
2.65847855272428e-05
2.65844321565291e-05
2.65840787952095e-05
2.65837254432836e-05
2.6583372100751e-05
2.65830187676113e-05
2.65826654438641e-05
2.6582312129509e-05
2.65819588245458e-05
2.65816055289739e-05
2.65812522427932e-05
2.6580898966003e-05
2.65805456986032e-05
2.65801924405933e-05
2.65798391919729e-05
2.65794859527417e-05
2.65791327228993e-05
2.65787795024452e-05
2.65784262913793e-05
2.6578073089701e-05
2.657771989741e-05
2.65773667145059e-05
2.65770135409884e-05
2.6576660376857e-05
2.65763072221115e-05
2.65759540767514e-05
2.65756009407763e-05
2.65752478141859e-05
2.65748946969798e-05
2.65745415891576e-05
2.6574188490719e-05
2.65738354016635e-05
2.65734823219909e-05
2.65731292517007e-05
2.65727761907925e-05
2.65724231392661e-05
2.65720700971209e-05
2.65717170643567e-05
2.6571364040973e-05
2.65710110269696e-05
2.65706580223459e-05
2.65703050271017e-05
2.65699520412366e-05
2.65695990647501e-05
2.6569246097642e-05
2.65688931399118e-05
2.65685401915592e-05
2.65681872525838e-05
2.65678343229852e-05
2.6567481402763e-05
2.6567128491917e-05
2.65667755904466e-05
2.65664226983516e-05
2.65660698156315e-05
2.6565716942286e-05
2.65653640783147e-05
2.65650112237172e-05
2.65646583784933e-05
2.65643055426423e-05
2.65639527161642e-05
2.65635998990583e-05
2.65632470913244e-05
2.65628942929622e-05
2.65625415039711e-05
2.65621887243509e-05
2.65618359541011e-05
2.65614831932215e-05
2.65611304417116e-05
2.6560777699571e-05
2.65604249667995e-05
2.65600722433965e-05
2.65597195293618e-05
2.65593668246949e-05
2.65590141293955e-05
2.65586614434632e-05
2.65583087668977e-05
2.65579560996986e-05
2.65576034418654e-05
2.65572507933979e-05
2.65568981542956e-05
2.65565455245582e-05
2.65561929041853e-05
2.65558402931765e-05
2.65554876915315e-05
2.65551350992498e-05
2.65547825163312e-05
2.65544299427752e-05
2.65540773785815e-05
2.65537248237496e-05
2.65533722782793e-05
2.65530197421702e-05
2.65526672154218e-05
2.65523146980338e-05
2.65519621900058e-05
2.65516096913375e-05
2.65512572020285e-05
2.65509047220784e-05
2.65505522514868e-05
2.65501997902534e-05
2.65498473383778e-05
2.65494948958596e-05
2.65491424626985e-05
2.6548790038894e-05
2.65484376244458e-05
2.65480852193536e-05
2.65477328236169e-05
2.65473804372354e-05
2.65470280602087e-05
2.65466756925364e-05
2.65463233342182e-05
2.65459709852537e-05
2.65456186456425e-05
2.65452663153843e-05
2.65449139944787e-05
2.65445616829252e-05
2.65442093807236e-05
2.65438570878734e-05
2.65435048043744e-05
2.6543152530226e-05
2.6542800265428e-05
2.654244800998e-05
2.65420957638815e-05
2.65417435271323e-05
2.65413912997319e-05
2.654103908168e-05
2.65406868729763e-05
2.65403346736202e-05
2.65399824836116e-05
2.65396303029499e-05
2.65392781316348e-05
2.6538925969666e-05
2.65385738170431e-05
2.65382216737656e-05
2.65378695398333e-05
2.65375174152458e-05
2.65371653000027e-05
2.65368131941035e-05
2.6536461097548e-05
2.65361090103358e-05
2.65357569324665e-05
2.65354048639397e-05
2.65350528047551e-05
2.65347007549122e-05
2.65343487144108e-05
2.65339966832504e-05
2.65336446614307e-05
2.65332926489513e-05
2.65329406458118e-05
2.65325886520118e-05
2.65322366675511e-05
2.65318846924291e-05
2.65315327266456e-05
2.65311807702002e-05
2.65308288230924e-05
2.6530476885322e-05
2.65301249568885e-05
2.65297730377917e-05
2.6529421128031e-05
2.65290692276062e-05
2.65287173365168e-05
2.65283654547625e-05
2.6528013582343e-05
2.65276617192578e-05
2.65273098655065e-05
2.65269580210889e-05
2.65266061860046e-05
2.65262543602531e-05
2.65259025438341e-05
2.65255507367472e-05
2.6525198938992e-05
2.65248471505683e-05
2.65244953714756e-05
2.65241436017135e-05
2.65237918412816e-05
2.65234400901797e-05
2.65230883484073e-05
2.6522736615964e-05
2.65223848928496e-05
2.65220331790635e-05
2.65216814746055e-05
2.65213297794751e-05
2.65209780936721e-05
2.6520626417196e-05
2.65202747500464e-05
2.6519923092223e-05
2.65195714437255e-05
2.65192198045534e-05
2.65188681747063e-05
2.6518516554184e-05
2.65181649429859e-05
2.65178133411119e-05
2.65174617485614e-05
2.65171101653342e-05
2.65167585914298e-05
2.65164070268479e-05
2.6516055471588e-05
2.651570392565e-05
2.65153523890332e-05
2.65150008617375e-05
2.65146493437624e-05
2.65142978351076e-05
2.65139463357726e-05
2.65135948457572e-05
2.65132433650608e-05
2.65128918936833e-05
2.65125404316242e-05
2.6512188978883e-05
2.65118375354596e-05
2.65114861013534e-05
2.65111346765642e-05
2.65107832610914e-05
2.65104318549349e-05
2.65100804580942e-05
2.65097290705689e-05
2.65093776923587e-05
2.65090263234631e-05
2.65086749638819e-05
2.65083236136147e-05
2.6507972272661e-05
2.65076209410205e-05
2.65072696186929e-05
2.65069183056778e-05
2.65065670019747e-05
2.65062157075834e-05
2.65058644225035e-05
2.65055131467345e-05
2.65051618802762e-05
2.65048106231281e-05
2.65044593752899e-05
2.65041081367612e-05
2.65037569075416e-05
2.65034056876309e-05
2.65030544770285e-05
2.65027032757341e-05
2.65023520837474e-05
2.6502000901068e-05
2.65016497276956e-05
2.65012985636296e-05
2.65009474088699e-05
2.65005962634159e-05
2.65002451272674e-05
2.6499894000424e-05
2.64995428828853e-05
2.64991917746509e-05
2.64988406757204e-05
2.64984895860936e-05
2.649813850577e-05
2.64977874347492e-05
2.64974363730309e-05
2.64970853206147e-05
2.64967342775003e-05
2.64963832436872e-05
2.64960322191752e-05
2.64956812039638e-05
2.64953301980526e-05
2.64949792014413e-05
2.64946282141296e-05
2.6494277236117e-05
2.64939262674032e-05
2.64935753079878e-05
2.64932243578705e-05
2.64928734170508e-05
2.64925224855285e-05
2.6492171563303e-05
2.64918206503742e-05
2.64914697467415e-05
2.64911188524047e-05
2.64907679673634e-05
2.64904170916171e-05
2.64900662251656e-05
2.64897153680084e-05
2.64893645201452e-05
2.64890136815756e-05
2.64886628522992e-05
2.64883120323157e-05
2.64879612216248e-05
2.64876104202259e-05
2.64872596281189e-05
2.64869088453032e-05
2.64865580717786e-05
2.64862073075446e-05
2.64858565526009e-05
2.64855058069471e-05
2.64851550705829e-05
2.64848043435079e-05
2.64844536257217e-05
2.64841029172239e-05
2.64837522180142e-05
2.64834015280923e-05
2.64830508474576e-05
2.648270017611e-05
2.64823495140489e-05
2.64819988612741e-05
2.64816482177851e-05
2.64812975835816e-05
2.64809469586632e-05
2.64805963430296e-05
2.64802457366804e-05
2.64798951396152e-05
2.64795445518337e-05
2.64791939733355e-05
2.64788434041201e-05
2.64784928441873e-05
2.64781422935367e-05
2.64777917521679e-05
2.64774412200805e-05
2.64770906972742e-05
2.64767401837486e-05
2.64763896795033e-05
2.6476039184538e-05
2.64756886988523e-05
2.64753382224458e-05
2.64749877553182e-05
2.6474637297469e-05
2.6474286848898e-05
2.64739364096047e-05
2.64735859795889e-05
2.647323555885e-05
2.64728851473878e-05
2.64725347452019e-05
2.64721843522918e-05
2.64718339686573e-05
2.6471483594298e-05
2.64711332292135e-05
2.64707828734035e-05
2.64704325268675e-05
2.64700821896052e-05
2.64697318616162e-05
2.64693815429003e-05
2.64690312334569e-05
2.64686809332857e-05
2.64683306423864e-05
2.64679803607586e-05
2.64676300884019e-05
2.6467279825316e-05
2.64669295715004e-05
2.64665793269549e-05
2.6466229091679e-05
2.64658788656724e-05
2.64655286489348e-05
2.64651784414656e-05
2.64648282432647e-05
2.64644780543316e-05
2.64641278746659e-05
2.64637777042673e-05
2.64634275431354e-05
2.64630773912698e-05
2.64627272486702e-05
2.64623771153363e-05
2.64620269912675e-05
2.64616768764637e-05
2.64613267709243e-05
2.64609766746491e-05
2.64606265876376e-05
2.64602765098895e-05
2.64599264414045e-05
2.64595763821821e-05
2.6459226332222e-05
2.64588762915239e-05
2.64585262600873e-05
2.64581762379119e-05
2.64578262249974e-05
2.64574762213432e-05
2.64571262269492e-05
2.64567762418149e-05
2.645642626594e-05
2.6456076299324e-05
2.64557263419667e-05
2.64553763938676e-05
2.64550264550265e-05
2.64546765254428e-05
2.64543266051163e-05
2.64539766940465e-05
2.64536267922332e-05
2.64532768996759e-05
2.64529270163744e-05
2.64525771423281e-05
2.64522272775368e-05
2.6451877422e-05
2.64515275757175e-05
2.64511777386888e-05
2.64508279109136e-05
2.64504780923915e-05
2.64501282831222e-05
2.64497784831052e-05
2.64494286923402e-05
2.64490789108269e-05
2.64487291385649e-05
2.64483793755538e-05
2.64480296217932e-05
2.64476798772828e-05
2.64473301420222e-05
2.6446980416011e-05
2.64466306992489e-05
2.64462809917355e-05
2.64459312934705e-05
2.64455816044534e-05
2.6445231924684e-05
2.64448822541618e-05
2.64445325928864e-05
2.64441829408576e-05
2.64438332980749e-05
2.6443483664538e-05
2.64431340402464e-05
2.64427844252e-05
2.64424348193982e-05
2.64420852228407e-05
2.64417356355271e-05
2.64413860574571e-05
2.64410364886304e-05
2.64406869290464e-05
2.6440337378705e-05
2.64399878376056e-05
2.6439638305748e-05
2.64392887831317e-05
2.64389392697565e-05
2.64385897656219e-05
2.64382402707276e-05
2.64378907850732e-05
2.64375413086583e-05
2.64371918414826e-05
2.64368423835457e-05
2.64364929348473e-05
2.64361434953869e-05
2.64357940651642e-05
2.64354446441789e-05
2.64350952324306e-05
2.64347458299188e-05
2.64343964366434e-05
2.64340470526038e-05
2.64336976777997e-05
2.64333483122307e-05
2.64329989558965e-05
2.64326496087968e-05
2.64323002709311e-05
2.64319509422991e-05
2.64316016229003e-05
2.64312523127346e-05
2.64309030118014e-05
2.64305537201004e-05
2.64302044376313e-05
2.64298551643937e-05
2.64295059003872e-05
2.64291566456114e-05
2.64288074000661e-05
2.64284581637507e-05
2.6428108936665e-05
2.64277597188086e-05
2.64274105101812e-05
2.64270613107822e-05
2.64267121206115e-05
2.64263629396686e-05
2.64260137679532e-05
2.64256646054648e-05
2.64253154522032e-05
2.6424966308168e-05
2.64246171733587e-05
2.64242680477751e-05
2.64239189314167e-05
2.64235698242833e-05
2.64232207263743e-05
2.64228716376896e-05
2.64225225582286e-05
2.64221734879911e-05
2.64218244269767e-05
2.64214753751849e-05
2.64211263326156e-05
2.64207772992681e-05
2.64204282751423e-05
2.64200792602378e-05
2.64197302545541e-05
2.64193812580909e-05
2.64190322708479e-05
2.64186832928247e-05
2.64183343240209e-05
2.64179853644361e-05
2.641763641407e-05
2.64172874729223e-05
2.64169385409925e-05
2.64165896182803e-05
2.64162407047853e-05
2.64158918005072e-05
2.64155429054456e-05
2.64151940196001e-05
2.64148451429703e-05
2.6414496275556e-05
2.64141474173567e-05
2.64137985683721e-05
2.64134497286018e-05
2.64131008980454e-05
2.64127520767026e-05
2.6412403264573e-05
2.64120544616563e-05
2.6411705667952e-05
2.64113568834599e-05
2.64110081081795e-05
2.64106593421105e-05
2.64103105852525e-05
2.64099618376051e-05
2.64096130991681e-05
2.6409264369941e-05
2.64089156499234e-05
2.6408566939115e-05
2.64082182375155e-05
2.64078695451244e-05
2.64075208619415e-05
2.64071721879663e-05
2.64068235231984e-05
2.64064748676375e-05
2.64061262212833e-05
2.64057775841354e-05
2.64054289561934e-05
2.64050803374569e-05
2.64047317279256e-05
2.64043831275992e-05
2.64040345364772e-05
2.64036859545593e-05
2.64033373818451e-05
2.64029888183342e-05
2.64026402640264e-05
2.64022917189212e-05
2.64019431830183e-05
2.64015946563172e-05
2.64012461388178e-05
2.64008976305194e-05
2.64005491314219e-05
2.64002006415249e-05
2.63998521608279e-05
2.63995036893306e-05
2.63991552270327e-05
2.63988067739338e-05
2.63984583300335e-05
2.63981098953315e-05
2.63977614698274e-05
2.63974130535208e-05
2.63970646464113e-05
2.63967162484987e-05
2.63963678597825e-05
2.63960194802624e-05
2.6395671109938e-05
2.63953227488089e-05
2.63949743968748e-05
2.63946260541354e-05
2.63942777205902e-05
2.63939293962389e-05
2.63935810810811e-05
2.63932327751165e-05
2.63928844783446e-05
2.63925361907653e-05
2.63921879123779e-05
2.63918396431823e-05
2.63914913831781e-05
2.63911431323648e-05
2.63907948907421e-05
2.63904466583097e-05
2.63900984350672e-05
2.63897502210142e-05
2.63894020161503e-05
2.63890538204753e-05
2.63887056339887e-05
2.63883574566901e-05
2.63880092885793e-05
2.63876611296558e-05
2.63873129799193e-05
2.63869648393694e-05
2.63866167080057e-05
2.63862685858279e-05
2.63859204728357e-05
2.63855723690286e-05
2.63852242744063e-05
2.63848761889685e-05
2.63845281127147e-05
2.63841800456446e-05
2.63838319877579e-05
2.63834839390542e-05
2.6383135899533e-05
2.63827878691941e-05
2.63824398480371e-05
2.63820918360617e-05
2.63817438332674e-05
2.63813958396539e-05
2.63810478552208e-05
2.63806998799678e-05
2.63803519138945e-05
2.63800039570006e-05
2.63796560092856e-05
2.63793080707493e-05
2.63789601413912e-05
2.6378612221211e-05
2.63782643102084e-05
2.63779164083829e-05
2.63775685157342e-05
2.6377220632262e-05
2.63768727579658e-05
2.63765248928454e-05
2.63761770369003e-05
2.63758291901302e-05
2.63754813525347e-05
2.63751335241135e-05
2.63747857048661e-05
2.63744378947924e-05
2.63740900938918e-05
2.6373742302164e-05
2.63733945196086e-05
2.63730467462254e-05
2.63726989820138e-05
2.63723512269736e-05
2.63720034811045e-05
2.63716557444059e-05
2.63713080168776e-05
2.63709602985193e-05
2.63706125893305e-05
2.63702648893108e-05
2.636991719846e-05
2.63695695167776e-05
2.63692218442634e-05
2.63688741809168e-05
2.63685265267377e-05
2.63681788817255e-05
2.636783124588e-05
2.63674836192008e-05
2.63671360016875e-05
2.63667883933397e-05
2.63664407941572e-05
2.63660932041395e-05
2.63657456232862e-05
2.63653980515971e-05
2.63650504890717e-05
2.63647029357097e-05
2.63643553915107e-05
2.63640078564743e-05
2.63636603306003e-05
2.63633128138882e-05
2.63629653063377e-05
2.63626178079483e-05
2.63622703187198e-05
2.63619228386519e-05
2.6361575367744e-05
2.63612279059959e-05
2.63608804534071e-05
2.63605330099775e-05
2.63601855757065e-05
2.63598381505938e-05
2.6359490734639e-05
2.63591433278418e-05
2.63587959302019e-05
2.63584485417188e-05
2.63581011623923e-05
2.63577537922218e-05
2.63574064312072e-05
2.63570590793479e-05
2.63567117366437e-05
2.63563644030942e-05
2.63560170786991e-05
2.63556697634579e-05
2.63553224573703e-05
2.63549751604359e-05
2.63546278726544e-05
2.63542805940255e-05
2.63539333245487e-05
2.63535860642237e-05
2.63532388130501e-05
2.63528915710276e-05
2.63525443381559e-05
2.63521971144344e-05
2.6351849899863e-05
2.63515026944411e-05
2.63511554981686e-05
2.63508083110449e-05
2.63504611330698e-05
2.63501139642429e-05
2.63497668045638e-05
2.63494196540321e-05
2.63490725126476e-05
2.63487253804097e-05
2.63483782573183e-05
2.63480311433728e-05
2.6347684038573e-05
2.63473369429185e-05
2.63469898564089e-05
2.63466427790439e-05
2.63462957108231e-05
2.63459486517461e-05
2.63456016018126e-05
2.63452545610222e-05
2.63449075293746e-05
2.63445605068693e-05
2.63442134935062e-05
2.63438664892846e-05
2.63435194942044e-05
2.63431725082652e-05
2.63428255314665e-05
2.63424785638081e-05
2.63421316052895e-05
2.63417846559104e-05
2.63414377156705e-05
2.63410907845694e-05
2.63407438626067e-05
2.6340396949782e-05
2.63400500460951e-05
2.63397031515455e-05
2.63393562661329e-05
2.63390093898568e-05
2.63386625227171e-05
2.63383156647132e-05
2.63379688158449e-05
2.63376219761118e-05
2.63372751455134e-05
2.63369283240496e-05
2.63365815117198e-05
2.63362347085237e-05
2.6335887914461e-05
2.63355411295314e-05
2.63351943537343e-05
2.63348475870696e-05
2.63345008295368e-05
2.63341540811355e-05
2.63338073418655e-05
2.63334606117263e-05
2.63331138907176e-05
2.6332767178839e-05
2.63324204760902e-05
2.63320737824707e-05
2.63317270979804e-05
2.63313804226187e-05
2.63310337563853e-05
2.63306870992799e-05
2.6330340451302e-05
2.63299938124515e-05
2.63296471827278e-05
2.63293005621306e-05
2.63289539506595e-05
2.63286073483143e-05
2.63282607550945e-05
2.63279141709998e-05
2.63275675960298e-05
2.63272210301842e-05
2.63268744734625e-05
2.63265279258645e-05
2.63261813873898e-05
2.63258348580379e-05
2.63254883378087e-05
2.63251418267016e-05
2.63247953247164e-05
2.63244488318526e-05
2.63241023481099e-05
2.6323755873488e-05
2.63234094079865e-05
2.6323062951605e-05
2.63227165043432e-05
2.63223700662008e-05
2.63220236371772e-05
2.63216772172723e-05
2.63213308064856e-05
2.63209844048167e-05
2.63206380122654e-05
2.63202916288312e-05
2.63199452545139e-05
2.63195988893129e-05
2.63192525332281e-05
2.63189061862589e-05
2.63185598484051e-05
2.63182135196663e-05
2.63178672000421e-05
2.63175208895322e-05
2.63171745881362e-05
2.63168282958538e-05
2.63164820126845e-05
2.63161357386281e-05
2.63157894736842e-05
2.63154432178524e-05
2.63150969711323e-05
2.63147507335237e-05
2.63144045050261e-05
2.63140582856391e-05
2.63137120753625e-05
2.63133658741958e-05
2.63130196821387e-05
2.63126734991909e-05
2.63123273253519e-05
2.63119811606215e-05
2.63116350049992e-05
2.63112888584847e-05
2.63109427210777e-05
2.63105965927777e-05
2.63102504735845e-05
2.63099043634976e-05
2.63095582625168e-05
2.63092121706416e-05
2.63088660878716e-05
2.63085200142066e-05
2.63081739496462e-05
2.63078278941899e-05
2.63074818478375e-05
2.63071358105886e-05
2.63067897824428e-05
2.63064437633998e-05
2.63060977534593e-05
2.63057517526207e-05
2.63054057608839e-05
2.63050597782483e-05
2.63047138047138e-05
2.63043678402799e-05
2.63040218849462e-05
2.63036759387124e-05
2.63033300015782e-05
2.63029840735431e-05
2.63026381546069e-05
2.63022922447691e-05
2.63019463440295e-05
2.63016004523875e-05
2.6301254569843e-05
2.63009086963955e-05
2.63005628320446e-05
2.63002169767901e-05
2.62998711306315e-05
2.62995252935684e-05
2.62991794656007e-05
2.62988336467278e-05
2.62984878369494e-05
2.62981420362651e-05
2.62977962446747e-05
2.62974504621777e-05
2.62971046887738e-05
2.62967589244626e-05
2.62964131692437e-05
2.62960674231169e-05
2.62957216860817e-05
2.62953759581378e-05
2.62950302392848e-05
2.62946845295224e-05
2.62943388288501e-05
2.62939931372678e-05
2.62936474547749e-05
2.62933017813712e-05
2.62929561170562e-05
2.62926104618297e-05
2.62922648156912e-05
2.62919191786404e-05
2.6291573550677e-05
2.62912279318006e-05
2.62908823220107e-05
2.62905367213072e-05
2.62901911296895e-05
2.62898455471574e-05
2.62894999737105e-05
2.62891544093484e-05
2.62888088540708e-05
2.62884633078773e-05
2.62881177707676e-05
2.62877722427413e-05
2.6287426723798e-05
2.62870812139374e-05
2.62867357131591e-05
2.62863902214628e-05
2.62860447388481e-05
2.62856992653147e-05
2.62853538008622e-05
2.62850083454901e-05
2.62846628991983e-05
2.62843174619863e-05
2.62839720338538e-05
2.62836266148003e-05
2.62832812048256e-05
2.62829358039293e-05
2.6282590412111e-05
2.62822450293704e-05
2.62818996557071e-05
2.62815542911208e-05
2.6281208935611e-05
2.62808635891775e-05
2.62805182518199e-05
2.62801729235378e-05
2.62798276043309e-05
2.62794822941988e-05
2.62791369931411e-05
2.62787917011576e-05
2.62784464182478e-05
2.62781011444113e-05
2.62777558796479e-05
2.62774106239571e-05
2.62770653773387e-05
2.62767201397922e-05
2.62763749113172e-05
2.62760296919136e-05
2.62756844815807e-05
2.62753392803185e-05
2.62749940881263e-05
2.6274648905004e-05
2.62743037309511e-05
2.62739585659673e-05
2.62736134100523e-05
2.62732682632056e-05
2.62729231254269e-05
2.62725779967159e-05
2.62722328770722e-05
2.62718877664955e-05
2.62715426649853e-05
2.62711975725413e-05
2.62708524891633e-05
2.62705074148507e-05
2.62701623496033e-05
2.62698172934207e-05
2.62694722463026e-05
2.62691272082485e-05
2.62687821792582e-05
2.62684371593312e-05
2.62680921484673e-05
2.6267747146666e-05
2.6267402153927e-05
2.62670571702499e-05
2.62667121956345e-05
2.62663672300802e-05
2.62660222735869e-05
2.6265677326154e-05
2.62653323877814e-05
2.62649874584685e-05
2.62646425382151e-05
2.62642976270207e-05
2.62639527248851e-05
2.62636078318079e-05
2.62632629477886e-05
2.62629180728271e-05
2.62625732069228e-05
2.62622283500755e-05
2.62618835022848e-05
2.62615386635503e-05
2.62611938338717e-05
2.62608490132486e-05
2.62605042016807e-05
2.62601593991676e-05
2.62598146057089e-05
2.62594698213043e-05
2.62591250459535e-05
2.6258780279656e-05
2.62584355224116e-05
2.62580907742198e-05
2.62577460350803e-05
2.62574013049928e-05
2.62570565839569e-05
2.62567118719723e-05
2.62563671690385e-05
2.62560224751552e-05
2.62556777903222e-05
2.62553331145389e-05
2.62549884478051e-05
2.62546437901204e-05
2.62542991414844e-05
2.62539545018968e-05
2.62536098713573e-05
2.62532652498655e-05
2.62529206374209e-05
2.62525760340233e-05
2.62522314396724e-05
2.62518868543677e-05
2.62515422781088e-05
2.62511977108956e-05
2.62508531527275e-05
2.62505086036042e-05
2.62501640635254e-05
2.62498195324907e-05
2.62494750104998e-05
2.62491304975523e-05
2.62487859936478e-05
2.6248441498786e-05
2.62480970129666e-05
2.62477525361891e-05
2.62474080684532e-05
2.62470636097587e-05
2.6246719160105e-05
2.62463747194919e-05
2.6246030287919e-05
2.62456858653859e-05
2.62453414518923e-05
2.62449970474378e-05
2.62446526520221e-05
2.62443082656449e-05
2.62439638883057e-05
2.62436195200042e-05
2.62432751607401e-05
2.62429308105129e-05
2.62425864693224e-05
2.62422421371682e-05
2.62418978140499e-05
2.62415534999672e-05
2.62412091949197e-05
2.62408648989071e-05
2.62405206119289e-05
2.6240176333985e-05
2.62398320650748e-05
2.6239487805198e-05
2.62391435543544e-05
2.62387993125435e-05
2.62384550797649e-05
2.62381108560184e-05
2.62377666413035e-05
2.62374224356199e-05
2.62370782389673e-05
2.62367340513453e-05
2.62363898727535e-05
2.62360457031916e-05
2.62357015426593e-05
2.62353573911561e-05
2.62350132486817e-05
2.62346691152358e-05
2.6234324990818e-05
2.62339808754279e-05
2.62336367690653e-05
2.62332926717297e-05
2.62329485834208e-05
2.62326045041382e-05
2.62322604338816e-05
2.62319163726506e-05
2.62315723204449e-05
2.62312282772641e-05
2.62308842431078e-05
2.62305402179758e-05
2.62301962018676e-05
2.62298521947829e-05
2.62295081967213e-05
2.62291642076825e-05
2.62288202276662e-05
2.62284762566719e-05
2.62281322946993e-05
2.62277883417481e-05
2.62274443978179e-05
2.62271004629083e-05
2.62267565370191e-05
2.62264126201498e-05
2.62260687123e-05
2.62257248134695e-05
2.62253809236579e-05
2.62250370428648e-05
2.62246931710899e-05
2.62243493083328e-05
2.62240054545931e-05
2.62236616098706e-05
2.62233177741648e-05
2.62229739474754e-05
2.6222630129802e-05
2.62222863211443e-05
2.6221942521502e-05
2.62215987308746e-05
2.62212549492619e-05
2.62209111766634e-05
2.62205674130788e-05
2.62202236585078e-05
2.621987991295e-05
2.6219536176405e-05
2.62191924488726e-05
2.62188487303522e-05
2.62185050208437e-05
2.62181613203466e-05
2.62178176288606e-05
2.62174739463853e-05
2.62171302729203e-05
2.62167866084654e-05
2.62164429530201e-05
2.62160993065842e-05
2.62157556691572e-05
2.62154120407388e-05
2.62150684213286e-05
2.62147248109263e-05
2.62143812095315e-05
2.6214037617144e-05
2.62136940337632e-05
2.6213350459389e-05
2.62130068940208e-05
2.62126633376584e-05
2.62123197903014e-05
2.62119762519495e-05
2.62116327226023e-05
2.62112892022594e-05
2.62109456909205e-05
2.62106021885853e-05
2.62102586952533e-05
2.62099152109243e-05
2.62095717355978e-05
2.62092282692736e-05
2.62088848119513e-05
2.62085413636304e-05
2.62081979243107e-05
2.62078544939918e-05
2.62075110726734e-05
2.62071676603551e-05
2.62068242570365e-05
2.62064808627174e-05
2.62061374773972e-05
2.62057941010757e-05
2.62054507337526e-05
2.62051073754275e-05
2.62047640260999e-05
2.62044206857697e-05
2.62040773544364e-05
2.62037340320996e-05
2.6203390718759e-05
2.62030474144143e-05
2.62027041190651e-05
2.6202360832711e-05
2.62020175553518e-05
2.62016742869869e-05
2.62013310276162e-05
2.62009877772392e-05
2.62006445358556e-05
2.6200301303465e-05
2.61999580800671e-05
2.61996148656615e-05
2.61992716602478e-05
2.61989284638258e-05
2.61985852763951e-05
2.61982420979552e-05
2.61978989285059e-05
2.61975557680468e-05
2.61972126165776e-05
2.61968694740978e-05
2.61965263406072e-05
2.61961832161054e-05
2.6195840100592e-05
2.61954969940667e-05
2.61951538965291e-05
2.61948108079789e-05
2.61944677284158e-05
2.61941246578392e-05
2.61937815962491e-05
2.61934385436448e-05
2.61930955000262e-05
2.61927524653928e-05
2.61924094397444e-05
2.61920664230804e-05
2.61917234154007e-05
2.61913804167049e-05
2.61910374269925e-05
2.61906944462632e-05
2.61903514745168e-05
2.61900085117528e-05
2.61896655579708e-05
2.61893226131706e-05
2.61889796773518e-05
2.6188636750514e-05
2.61882938326568e-05
2.618795092378e-05
2.61876080238831e-05
2.61872651329658e-05
2.61869222510278e-05
2.61865793780687e-05
2.61862365140882e-05
2.61858936590859e-05
2.61855508130614e-05
2.61852079760144e-05
2.61848651479445e-05
2.61845223288514e-05
2.61841795187348e-05
2.61838367175942e-05
2.61834939254294e-05
2.618315114224e-05
2.61828083680256e-05
2.61824656027858e-05
2.61821228465204e-05
2.61817800992289e-05
2.61814373609111e-05
2.61810946315665e-05
2.61807519111949e-05
2.61804091997958e-05
2.61800664973689e-05
2.61797238039139e-05
2.61793811194303e-05
2.6179038443918e-05
2.61786957773764e-05
2.61783531198052e-05
2.61780104712042e-05
2.61776678315729e-05
2.6177325200911e-05
2.61769825792181e-05
2.61766399664939e-05
2.6176297362738e-05
2.61759547679502e-05
2.61756121821299e-05
2.61752696052769e-05
2.61749270373909e-05
2.61745844784714e-05
2.61742419285181e-05
2.61738993875308e-05
2.61735568555089e-05
2.61732143324522e-05
2.61728718183603e-05
2.61725293132328e-05
2.61721868170695e-05
2.61718443298699e-05
2.61715018516338e-05
2.61711593823606e-05
2.61708169220502e-05
2.61704744707022e-05
2.61701320283161e-05
2.61697895948917e-05
2.61694471704285e-05
2.61691047549263e-05
2.61687623483847e-05
2.61684199508034e-05
2.61680775621819e-05
2.616773518252e-05
2.61673928118172e-05
2.61670504500733e-05
2.61667080972878e-05
2.61663657534605e-05
2.6166023418591e-05
2.61656810926788e-05
2.61653387757238e-05
2.61649964677255e-05
2.61646541686835e-05
2.61643118785976e-05
2.61639695974673e-05
2.61636273252924e-05
2.61632850620724e-05
2.6162942807807e-05
2.61626005624959e-05
2.61622583261387e-05
2.61619160987351e-05
2.61615738802846e-05
2.61612316707871e-05
2.6160889470242e-05
2.61605472786491e-05
2.6160205096008e-05
2.61598629223183e-05
2.61595207575797e-05
2.61591786017919e-05
2.61588364549545e-05
2.61584943170671e-05
2.61581521881294e-05
2.61578100681411e-05
2.61574679571018e-05
2.61571258550111e-05
2.61567837618686e-05
2.61564416776742e-05
2.61560996024273e-05
2.61557575361276e-05
2.61554154787749e-05
2.61550734303687e-05
2.61547313909086e-05
2.61543893603944e-05
2.61540473388257e-05
2.61537053262021e-05
2.61533633225233e-05
2.61530213277889e-05
2.61526793419986e-05
2.6152337365152e-05
2.61519953972488e-05
2.61516534382886e-05
2.61513114882711e-05
2.6150969547196e-05
2.61506276150628e-05
2.61502856918712e-05
2.61499437776209e-05
2.61496018723115e-05
2.61492599759427e-05
2.61489180885141e-05
2.61485762100254e-05
2.61482343404762e-05
2.61478924798661e-05
2.61475506281949e-05
2.61472087854622e-05
2.61468669516675e-05
2.61465251268106e-05
2.61461833108912e-05
2.61458415039088e-05
2.61454997058631e-05
2.61451579167538e-05
2.61448161365805e-05
2.61444743653429e-05
2.61441326030406e-05
2.61437908496732e-05
2.61434491052405e-05
2.6143107369742e-05
2.61427656431774e-05
2.61424239255464e-05
2.61420822168486e-05
2.61417405170836e-05
2.61413988262512e-05
2.61410571443509e-05
2.61407154713825e-05
2.61403738073454e-05
2.61400321522395e-05
2.61396905060644e-05
2.61393488688197e-05
2.6139007240505e-05
2.613866562112e-05
2.61383240106644e-05
2.61379824091378e-05
2.61376408165399e-05
2.61372992328703e-05
2.61369576581286e-05
2.61366160923145e-05
2.61362745354277e-05
2.61359329874678e-05
2.61355914484345e-05
2.61352499183273e-05
2.61349083971461e-05
2.61345668848903e-05
2.61342253815597e-05
2.61338838871539e-05
2.61335424016725e-05
2.61332009251153e-05
2.61328594574818e-05
2.61325179987718e-05
2.61321765489848e-05
2.61318351081205e-05
2.61314936761785e-05
2.61311522531586e-05
2.61308108390603e-05
2.61304694338834e-05
2.61301280376274e-05
2.6129786650292e-05
2.61294452718769e-05
2.61291039023817e-05
2.6128762541806e-05
2.61284211901496e-05
2.6128079847412e-05
2.6127738513593e-05
2.61273971886921e-05
2.6127055872709e-05
2.61267145656434e-05
2.61263732674949e-05
2.61260319782631e-05
2.61256906979478e-05
2.61253494265486e-05
2.61250081640651e-05
2.61246669104969e-05
2.61243256658438e-05
2.61239844301053e-05
2.61236432032811e-05
2.6123301985371e-05
2.61229607763744e-05
2.61226195762911e-05
2.61222783851208e-05
2.6121937202863e-05
2.61215960295174e-05
2.61212548650837e-05
2.61209137095616e-05
2.61205725629506e-05
2.61202314252504e-05
2.61198902964608e-05
2.61195491765812e-05
2.61192080656115e-05
2.61188669635511e-05
2.61185258703999e-05
2.61181847861574e-05
2.61178437108232e-05
2.61175026443971e-05
2.61171615868787e-05
2.61168205382677e-05
2.61164794985636e-05
2.61161384677662e-05
2.6115797445875e-05
2.61154564328898e-05
2.61151154288102e-05
2.61147744336358e-05
2.61144334473664e-05
2.61140924700014e-05
2.61137515015407e-05
2.61134105419838e-05
2.61130695913305e-05
2.61127286495802e-05
2.61123877167328e-05
2.61120467927879e-05
2.6111705877745e-05
2.61113649716039e-05
2.61110240743642e-05
2.61106831860256e-05
2.61103423065876e-05
2.61100014360501e-05
2.61096605744125e-05
2.61093197216747e-05
2.61089788778361e-05
2.61086380428965e-05
2.61082972168555e-05
2.61079563997128e-05
2.6107615591468e-05
2.61072747921208e-05
2.61069340016708e-05
2.61065932201177e-05
2.61062524474612e-05
2.61059116837008e-05
2.61055709288362e-05
2.61052301828671e-05
2.61048894457932e-05
2.6104548717614e-05
2.61042079983293e-05
2.61038672879387e-05
2.61035265864418e-05
2.61031858938383e-05
2.61028452101279e-05
2.61025045353102e-05
2.61021638693848e-05
2.61018232123514e-05
2.61014825642096e-05
2.61011419249592e-05
2.61008012945997e-05
2.61004606731309e-05
2.61001200605523e-05
2.60997794568636e-05
2.60994388620645e-05
2.60990982761546e-05
2.60987576991335e-05
2.6098417131001e-05
2.60980765717567e-05
2.60977360214001e-05
2.60973954799311e-05
2.60970549473492e-05
2.60967144236541e-05
2.60963739088454e-05
2.60960334029228e-05
2.60956929058859e-05
2.60953524177344e-05
2.6095011938468e-05
2.60946714680862e-05
2.60943310065888e-05
2.60939905539754e-05
2.60936501102457e-05
2.60933096753992e-05
2.60929692494357e-05
2.60926288323549e-05
2.60922884241562e-05
2.60919480248395e-05
2.60916076344044e-05
2.60912672528505e-05
2.60909268801774e-05
2.60905865163849e-05
2.60902461614725e-05
2.608990581544e-05
2.6089565478287e-05
2.6089225150013e-05
2.60888848306179e-05
2.60885445201012e-05
2.60882042184626e-05
2.60878639257018e-05
2.60875236418183e-05
2.60871833668119e-05
2.60868431006822e-05
2.60865028434288e-05
2.60861625950515e-05
2.60858223555498e-05
2.60854821249234e-05
2.6085141903172e-05
2.60848016902951e-05
2.60844614862926e-05
2.6084121291164e-05
2.6083781104909e-05
2.60834409275272e-05
2.60831007590182e-05
2.60827605993818e-05
2.60824204486176e-05
2.60820803067253e-05
2.60817401737044e-05
2.60814000495547e-05
2.60810599342757e-05
2.60807198278672e-05
2.60803797303289e-05
2.60800396416603e-05
2.6079699561861e-05
2.60793594909309e-05
2.60790194288695e-05
2.60786793756764e-05
2.60783393313514e-05
2.6077999295894e-05
2.6077659269304e-05
2.60773192515809e-05
2.60769792427245e-05
2.60766392427344e-05
2.60762992516102e-05
2.60759592693516e-05
2.60756192959583e-05
2.60752793314298e-05
2.6074939375766e-05
2.60745994289663e-05
2.60742594910305e-05
2.60739195619582e-05
2.6073579641749e-05
2.60732397304027e-05
2.60728998279189e-05
2.60725599342971e-05
2.60722200495372e-05
2.60718801736387e-05
2.60715403066013e-05
2.60712004484246e-05
2.60708605991084e-05
2.60705207586522e-05
2.60701809270556e-05
2.60698411043185e-05
2.60695012904403e-05
2.60691614854208e-05
2.60688216892596e-05
2.60684819019564e-05
2.60681421235109e-05
2.60678023539226e-05
2.60674625931912e-05
2.60671228413164e-05
2.60667830982978e-05
2.60664433641352e-05
2.60661036388281e-05
2.60657639223762e-05
2.60654242147791e-05
2.60650845160365e-05
2.60647448261482e-05
2.60644051451136e-05
2.60640654729325e-05
2.60637258096045e-05
2.60633861551293e-05
2.60630465095065e-05
2.60627068727358e-05
2.60623672448168e-05
2.60620276257493e-05
2.60616880155328e-05
2.60613484141669e-05
2.60610088216515e-05
2.6060669237986e-05
2.60603296631702e-05
2.60599900972038e-05
2.60596505400863e-05
2.60593109918174e-05
2.60589714523968e-05
2.60586319218241e-05
2.6058292400099e-05
2.60579528872212e-05
2.60576133831902e-05
2.60572738880058e-05
2.60569344016676e-05
2.60565949241753e-05
2.60562554555285e-05
2.60559159957268e-05
2.605557654477e-05
2.60552371026576e-05
2.60548976693894e-05
2.6054558244965e-05
2.60542188293839e-05
2.6053879422646e-05
2.60535400247509e-05
2.60532006356981e-05
2.60528612554874e-05
2.60525218841184e-05
2.60521825215907e-05
2.60518431679041e-05
2.60515038230582e-05
2.60511644870526e-05
2.60508251598869e-05
2.60504858415609e-05
2.60501465320742e-05
2.60498072314265e-05
2.60494679396173e-05
2.60491286566464e-05
2.60487893825134e-05
2.6048450117218e-05
2.60481108607598e-05
2.60477716131385e-05
2.60474323743537e-05
2.60470931444051e-05
2.60467539232923e-05
2.6046414711015e-05
2.60460755075729e-05
2.60457363129656e-05
2.60453971271927e-05
2.60450579502539e-05
2.6044718782149e-05
2.60443796228774e-05
2.60440404724389e-05
2.60437013308331e-05
2.60433621980598e-05
2.60430230741184e-05
2.60426839590088e-05
2.60423448527305e-05
2.60420057552833e-05
2.60416666666667e-05
2.60413275868804e-05
2.60409885159241e-05
2.60406494537974e-05
2.60403104005e-05
2.60399713560315e-05
2.60396323203916e-05
2.603929329358e-05
2.60389542755963e-05
2.60386152664401e-05
2.60382762661112e-05
2.60379372746091e-05
2.60375982919336e-05
2.60372593180842e-05
2.60369203530606e-05
2.60365813968626e-05
2.60362424494897e-05
2.60359035109416e-05
2.60355645812179e-05
2.60352256603184e-05
2.60348867482426e-05
2.60345478449903e-05
2.6034208950561e-05
2.60338700649545e-05
2.60335311881704e-05
2.60331923202083e-05
2.60328534610679e-05
2.60325146107488e-05
2.60321757692508e-05
2.60318369365734e-05
2.60314981127164e-05
2.60311592976793e-05
2.60308204914619e-05
2.60304816940637e-05
2.60301429054846e-05
2.6029804125724e-05
2.60294653547816e-05
2.60291265926572e-05
2.60287878393503e-05
2.60284490948607e-05
2.60281103591879e-05
2.60277716323317e-05
2.60274329142917e-05
2.60270942050675e-05
2.60267555046588e-05
2.60264168130653e-05
2.60260781302865e-05
2.60257394563223e-05
2.60254007911722e-05
2.60250621348358e-05
2.60247234873129e-05
2.60243848486031e-05
2.60240462187061e-05
2.60237075976214e-05
2.60233689853488e-05
2.6023030381888e-05
2.60226917872385e-05
2.60223532014e-05
2.60220146243722e-05
2.60216760561548e-05
2.60213374967473e-05
2.60209989461495e-05
2.60206604043611e-05
2.60203218713815e-05
2.60199833472107e-05
2.6019644831848e-05
2.60193063252934e-05
2.60189678275463e-05
2.60186293386064e-05
2.60182908584735e-05
2.60179523871471e-05
2.6017613924627e-05
2.60172754709127e-05
2.60169370260039e-05
2.60165985899004e-05
2.60162601626016e-05
2.60159217441074e-05
2.60155833344173e-05
2.6015244933531e-05
2.60149065414483e-05
2.60145681581686e-05
2.60142297836917e-05
2.60138914180172e-05
2.60135530611449e-05
2.60132147130742e-05
2.6012876373805e-05
2.60125380433369e-05
2.60121997216695e-05
2.60118614088024e-05
2.60115231047354e-05
2.60111848094681e-05
2.60108465230001e-05
2.60105082453311e-05
2.60101699764608e-05
2.60098317163888e-05
2.60094934651148e-05
2.60091552226384e-05
2.60088169889593e-05
2.60084787640771e-05
2.60081405479915e-05
2.60078023407022e-05
2.60074641422088e-05
2.6007125952511e-05
2.60067877716084e-05
2.60064495995007e-05
2.60061114361875e-05
2.60057732816685e-05
2.60054351359434e-05
2.60050969990118e-05
2.60047588708734e-05
2.60044207515278e-05
2.60040826409746e-05
2.60037445392136e-05
2.60034064462445e-05
2.60030683620667e-05
2.60027302866801e-05
2.60023922200842e-05
2.60020541622788e-05
2.60017161132635e-05
2.60013780730379e-05
2.60010400416017e-05
2.60007020189545e-05
2.60003640050961e-05
2.6000026000026e-05
2.5999688003744e-05
2.59993500162496e-05
2.59990120375426e-05
2.59986740676226e-05
2.59983361064892e-05
2.59979981541421e-05
2.5997660210581e-05
2.59973222758056e-05
2.59969843498154e-05
2.59966464326102e-05
2.59963085241896e-05
2.59959706245532e-05
2.59956327337007e-05
2.59952948516319e-05
2.59949569783462e-05
2.59946191138434e-05
2.59942812581232e-05
2.59939434111852e-05
2.5993605573029e-05
2.59932677436544e-05
2.59929299230609e-05
2.59925921112483e-05
2.59922543082162e-05
2.59919165139642e-05
2.5991578728492e-05
2.59912409517992e-05
2.59909031838856e-05
2.59905654247508e-05
2.59902276743944e-05
2.59898899328161e-05
2.59895522000156e-05
2.59892144759925e-05
2.59888767607464e-05
2.59885390542771e-05
2.59882013565841e-05
2.59878636676672e-05
2.5987525987526e-05
2.59871883161601e-05
2.59868506535693e-05
2.59865129997531e-05
2.59861753547113e-05
2.59858377184434e-05
2.59855000909493e-05
2.59851624722284e-05
2.59848248622804e-05
2.59844872611051e-05
2.59841496687021e-05
2.5983812085071e-05
2.59834745102115e-05
2.59831369441233e-05
2.59827993868059e-05
2.59824618382592e-05
2.59821242984826e-05
2.5981786767476e-05
2.59814492452389e-05
2.5981111731771e-05
2.5980774227072e-05
2.59804367311415e-05
2.59800992439791e-05
2.59797617655846e-05
2.59794242959576e-05
2.59790868350977e-05
2.59787493830047e-05
2.59784119396781e-05
2.59780745051177e-05
2.5977737079323e-05
2.59773996622938e-05
2.59770622540297e-05
2.59767248545303e-05
2.59763874637954e-05
2.59760500818246e-05
2.59757127086174e-05
2.59753753441737e-05
2.59750379884931e-05
2.59747006415751e-05
2.59743633034195e-05
2.5974025974026e-05
2.59736886533941e-05
2.59733513415236e-05
2.59730140384141e-05
2.59726767440652e-05
2.59723394584767e-05
2.59720021816482e-05
2.59716649135793e-05
2.59713276542697e-05
2.5970990403719e-05
2.5970653161927e-05
2.59703159288933e-05
2.59699787046175e-05
2.59696414890992e-05
2.59693042823383e-05
2.59689670843342e-05
2.59686298950867e-05
2.59682927145955e-05
2.59679555428601e-05
2.59676183798803e-05
2.59672812256557e-05
2.59669440801859e-05
2.59666069434707e-05
2.59662698155097e-05
2.59659326963025e-05
2.59655955858487e-05
2.59652584841482e-05
2.59649213912005e-05
2.59645843070052e-05
2.59642472315621e-05
2.59639101648708e-05
2.5963573106931e-05
2.59632360577422e-05
2.59628990173043e-05
2.59625619856167e-05
2.59622249626793e-05
2.59618879484916e-05
2.59615509430533e-05
2.59612139463641e-05
2.59608769584237e-05
2.59605399792316e-05
2.59602030087875e-05
2.59598660470912e-05
2.59595290941422e-05
2.59591921499403e-05
2.5958855214485e-05
2.59585182877761e-05
2.59581813698132e-05
2.5957844460596e-05
2.59575075601241e-05
2.59571706683971e-05
2.59568337854149e-05
2.59564969111769e-05
2.59561600456828e-05
2.59558231889324e-05
2.59554863409253e-05
2.59551495016611e-05
2.59548126711395e-05
2.59544758493602e-05
2.59541390363228e-05
2.5953802232027e-05
2.59534654364724e-05
2.59531286496587e-05
2.59527918715856e-05
2.59524551022527e-05
2.59521183416596e-05
2.59517815898061e-05
2.59514448466918e-05
2.59511081123164e-05
2.59507713866795e-05
2.59504346697807e-05
2.59500979616198e-05
2.59497612621964e-05
2.59494245715101e-05
2.59490878895607e-05
2.59487512163477e-05
2.59484145518709e-05
2.59480778961298e-05
2.59477412491243e-05
2.59474046108538e-05
2.59470679813181e-05
2.59467313605169e-05
2.59463947484497e-05
2.59460581451163e-05
2.59457215505163e-05
2.59453849646494e-05
2.59450483875152e-05
2.59447118191135e-05
2.59443752594438e-05
2.59440387085058e-05
2.59437021662991e-05
2.59433656328235e-05
2.59430291080787e-05
2.59426925920641e-05
2.59423560847796e-05
2.59420195862248e-05
2.59416830963993e-05
2.59413466153028e-05
2.5941010142935e-05
2.59406736792954e-05
2.59403372243839e-05
2.59400007782e-05
2.59396643407434e-05
2.59393279120138e-05
2.59389914920108e-05
2.59386550807341e-05
2.59383186781833e-05
2.59379822843581e-05
2.59376458992582e-05
2.59373095228832e-05
2.59369731552328e-05
2.59366367963066e-05
2.59363004461044e-05
2.59359641046257e-05
2.59356277718702e-05
2.59352914478376e-05
2.59349551325276e-05
2.59346188259398e-05
2.59342825280739e-05
2.59339462389294e-05
2.59336099585062e-05
2.59332736868039e-05
2.5932937423822e-05
2.59326011695603e-05
2.59322649240185e-05
2.59319286871961e-05
2.59315924590929e-05
2.59312562397085e-05
2.59309200290426e-05
2.59305838270949e-05
2.59302476338649e-05
2.59299114493524e-05
2.5929575273557e-05
2.59292391064784e-05
2.59289029481163e-05
2.59285667984702e-05
2.59282306575399e-05
2.59278945253251e-05
2.59275584018253e-05
2.59272222870403e-05
2.59268861809697e-05
2.59265500836131e-05
2.59262139949703e-05
2.59258779150409e-05
2.59255418438245e-05
2.59252057813209e-05
2.59248697275296e-05
2.59245336824504e-05
2.59241976460829e-05
2.59238616184267e-05
2.59235255994815e-05
2.59231895892471e-05
2.59228535877229e-05
2.59225175949088e-05
2.59221816108044e-05
2.59218456354092e-05
2.59215096687231e-05
2.59211737107456e-05
2.59208377614765e-05
2.59205018209153e-05
2.59201658890617e-05
2.59198299659154e-05
2.59194940514761e-05
2.59191581457434e-05
2.5918822248717e-05
2.59184863603966e-05
2.59181504807817e-05
2.59178146098721e-05
2.59174787476674e-05
2.59171428941673e-05
2.59168070493715e-05
2.59164712132796e-05
2.59161353858913e-05
2.59157995672061e-05
2.59154637572239e-05
2.59151279559443e-05
2.59147921633669e-05
2.59144563794913e-05
2.59141206043173e-05
2.59137848378445e-05
2.59134490800726e-05
2.59131133310012e-05
2.59127775906299e-05
2.59124418589586e-05
2.59121061359867e-05
2.59117704217141e-05
2.59114347161402e-05
2.59110990192649e-05
2.59107633310877e-05
2.59104276516084e-05
2.59100919808265e-05
2.59097563187418e-05
2.59094206653539e-05
2.59090850206625e-05
2.59087493846672e-05
2.59084137573677e-05
2.59080781387637e-05
2.59077425288547e-05
2.59074069276406e-05
2.59070713351209e-05
2.59067357512953e-05
2.59064001761635e-05
2.59060646097251e-05
2.59057290519798e-05
2.59053935029273e-05
2.59050579625672e-05
2.59047224308992e-05
2.59043869079229e-05
2.5904051393638e-05
2.59037158880441e-05
2.5903380391141e-05
2.59030449029283e-05
2.59027094234057e-05
2.59023739525728e-05
2.59020384904292e-05
2.59017030369747e-05
2.59013675922089e-05
2.59010321561314e-05
2.5900696728742e-05
2.59003613100403e-05
2.59000259000259e-05
2.58996904986985e-05
2.58993551060579e-05
2.58990197221035e-05
2.58986843468352e-05
2.58983489802525e-05
2.58980136223552e-05
2.58976782731428e-05
2.58973429326151e-05
2.58970076007717e-05
2.58966722776123e-05
2.58963369631366e-05
2.58960016573441e-05
2.58956663602346e-05
2.58953310718078e-05
2.58949957920632e-05
2.58946605210006e-05
2.58943252586196e-05
2.58939900049199e-05
2.58936547599011e-05
2.58933195235629e-05
2.5892984295905e-05
2.58926490769271e-05
2.58923138666287e-05
2.58919786650096e-05
2.58916434720694e-05
2.58913082878078e-05
2.58909731122244e-05
2.5890637945319e-05
2.58903027870911e-05
2.58899676375405e-05
2.58896324966667e-05
2.58892973644695e-05
2.58889622409486e-05
2.58886271261035e-05
2.5888292019934e-05
2.58879569224397e-05
2.58876218336203e-05
2.58872867534754e-05
2.58869516820047e-05
2.58866166192079e-05
2.58862815650846e-05
2.58859465196345e-05
2.58856114828573e-05
2.58852764547525e-05
2.588494143532e-05
2.58846064245593e-05
2.58842714224701e-05
2.58839364290521e-05
2.5883601444305e-05
2.58832664682283e-05
2.58829315008218e-05
2.58825965420851e-05
2.58822615920179e-05
2.58819266506199e-05
2.58815917178907e-05
2.58812567938299e-05
2.58809218784373e-05
2.58805869717125e-05
2.58802520736552e-05
2.5879917184265e-05
2.58795823035416e-05
2.58792474314847e-05
2.58789125680939e-05
2.58785777133689e-05
2.58782428673093e-05
2.58779080299149e-05
2.58775732011852e-05
2.587723838112e-05
2.58769035697188e-05
2.58765687669815e-05
2.58762339729076e-05
2.58758991874968e-05
2.58755644107487e-05
2.58752296426631e-05
2.58748948832395e-05
2.58745601324777e-05
2.58742253903774e-05
2.58738906569381e-05
2.58735559321595e-05
2.58732212160414e-05
2.58728865085833e-05
2.5872551809785e-05
2.58722171196461e-05
2.58718824381662e-05
2.58715477653451e-05
2.58712131011823e-05
2.58708784456776e-05
2.58705437988307e-05
2.58702091606411e-05
2.58698745311085e-05
2.58695399102327e-05
2.58692052980132e-05
2.58688706944498e-05
2.58685360995421e-05
2.58682015132898e-05
2.58678669356925e-05
2.58675323667499e-05
2.58671978064616e-05
2.58668632548274e-05
2.58665287118469e-05
2.58661941775197e-05
2.58658596518455e-05
2.58655251348241e-05
2.58651906264549e-05
2.58648561267378e-05
2.58645216356723e-05
2.58641871532582e-05
2.58638526794951e-05
2.58635182143827e-05
2.58631837579206e-05
2.58628493101085e-05
2.5862514870946e-05
2.58621804404329e-05
2.58618460185688e-05
2.58615116053533e-05
2.58611772007862e-05
2.5860842804867e-05
2.58605084175955e-05
2.58601740389713e-05
2.58598396689941e-05
2.58595053076635e-05
2.58591709549792e-05
2.58588366109409e-05
2.58585022755482e-05
2.58581679488008e-05
2.58578336306984e-05
2.58574993212406e-05
2.58571650204272e-05
2.58568307282576e-05
2.58564964447317e-05
2.58561621698491e-05
2.58558279036095e-05
2.58554936460124e-05
2.58551593970577e-05
2.58548251567449e-05
2.58544909250737e-05
2.58541567020438e-05
2.58538224876548e-05
2.58534882819064e-05
2.58531540847983e-05
2.58528198963302e-05
2.58524857165016e-05
2.58521515453124e-05
2.5851817382762e-05
2.58514832288503e-05
2.58511490835768e-05
2.58508149469412e-05
2.58504808189432e-05
2.58501466995825e-05
2.58498125888587e-05
2.58494784867715e-05
2.58491443933206e-05
2.58488103085056e-05
2.58484762323261e-05
2.58481421647819e-05
2.58478081058726e-05
2.58474740555979e-05
2.58471400139575e-05
2.58468059809509e-05
2.58464719565779e-05
2.58461379408382e-05
2.58458039337314e-05
2.58454699352571e-05
2.58451359454151e-05
2.58448019642049e-05
2.58444679916264e-05
2.58441340276791e-05
2.58438000723626e-05
2.58434661256768e-05
2.58431321876211e-05
2.58427982581954e-05
2.58424643373992e-05
2.58421304252323e-05
2.58417965216942e-05
2.58414626267847e-05
2.58411287405034e-05
2.584079486285e-05
2.58404609938241e-05
2.58401271334255e-05
2.58397932816537e-05
2.58394594385085e-05
2.58391256039896e-05
2.58387917780965e-05
2.58384579608289e-05
2.58381241521866e-05
2.58377903521691e-05
2.58374565607762e-05
2.58371227780074e-05
2.58367890038626e-05
2.58364552383413e-05
2.58361214814432e-05
2.5835787733168e-05
2.58354539935153e-05
2.58351202624848e-05
2.58347865400762e-05
2.58344528262891e-05
2.58341191211233e-05
2.58337854245783e-05
2.58334517366538e-05
2.58331180573495e-05
2.58327843866651e-05
2.58324507246002e-05
2.58321170711546e-05
2.58317834263278e-05
2.58314497901195e-05
2.58311161625294e-05
2.58307825435572e-05
2.58304489332025e-05
2.5830115331465e-05
2.58297817383443e-05
2.58294481538402e-05
2.58291145779523e-05
2.58287810106802e-05
2.58284474520237e-05
2.58281139019823e-05
2.58277803605558e-05
2.58274468277438e-05
2.58271133035461e-05
2.58267797879621e-05
2.58264462809917e-05
2.58261127826345e-05
2.58257792928902e-05
2.58254458117583e-05
2.58251123392387e-05
2.58247788753309e-05
2.58244454200346e-05
2.58241119733495e-05
2.58237785352753e-05
2.58234451058116e-05
2.5823111684958e-05
2.58227782727144e-05
2.58224448690802e-05
2.58221114740552e-05
2.58217780876391e-05
2.58214447098315e-05
2.58211113406321e-05
2.58207779800405e-05
2.58204446280565e-05
2.58201112846796e-05
2.58197779499096e-05
2.58194446237461e-05
2.58191113061888e-05
2.58187779972374e-05
2.58184446968915e-05
2.58181114051507e-05
2.58177781220148e-05
2.58174448474834e-05
2.58171115815563e-05
2.58167783242329e-05
2.58164450755131e-05
2.58161118353965e-05
2.58157786038827e-05
2.58154453809714e-05
2.58151121666624e-05
2.58147789609551e-05
2.58144457638495e-05
2.58141125753449e-05
2.58137793954413e-05
2.58134462241382e-05
2.58131130614352e-05
2.58127799073321e-05
2.58124467618286e-05
2.58121136249242e-05
2.58117804966187e-05
2.58114473769117e-05
2.58111142658029e-05
2.58107811632919e-05
2.58104480693785e-05
2.58101149840623e-05
2.58097819073429e-05
2.580944883922e-05
2.58091157796934e-05
2.58087827287626e-05
2.58084496864273e-05
2.58081166526873e-05
2.58077836275421e-05
2.58074506109914e-05
2.58071176030349e-05
2.58067846036723e-05
2.58064516129032e-05
2.58061186307273e-05
2.58057856571443e-05
2.58054526921539e-05
2.58051197357556e-05
2.58047867879492e-05
2.58044538487343e-05
2.58041209181106e-05
2.58037879960778e-05
2.58034550826356e-05
2.58031221777835e-05
2.58027892815213e-05
2.58024563938487e-05
2.58021235147653e-05
2.58017906442707e-05
2.58014577823647e-05
2.58011249290469e-05
2.5800792084317e-05
2.58004592481746e-05
2.58001264206195e-05
2.57997936016512e-05
2.57994607912695e-05
2.5799127989474e-05
2.57987951962643e-05
2.57984624116403e-05
2.57981296356014e-05
2.57977968681475e-05
2.57974641092781e-05
2.57971313589929e-05
2.57967986172916e-05
2.57964658841739e-05
2.57961331596394e-05
2.57958004436878e-05
2.57954677363187e-05
2.57951350375319e-05
2.5794802347327e-05
2.57944696657037e-05
2.57941369926616e-05
2.57938043282004e-05
2.57934716723197e-05
2.57931390250193e-05
2.57928063862989e-05
2.5792473756158e-05
2.57921411345963e-05
2.57918085216135e-05
2.57914759172094e-05
2.57911433213834e-05
2.57908107341354e-05
2.5790478155465e-05
2.57901455853718e-05
2.57898130238556e-05
2.57894804709159e-05
2.57891479265525e-05
2.5788815390765e-05
2.57884828635531e-05
2.57881503449165e-05
2.57878178348548e-05
2.57874853333677e-05
2.57871528404549e-05
2.5786820356116e-05
2.57864878803507e-05
2.57861554131587e-05
2.57858229545396e-05
2.57854905044931e-05
2.57851580630189e-05
2.57848256301167e-05
2.5784493205786e-05
2.57841607900267e-05
2.57838283828383e-05
2.57834959842205e-05
2.5783163594173e-05
2.57828312126955e-05
2.57824988397876e-05
2.57821664754489e-05
2.57818341196793e-05
2.57815017724782e-05
2.57811694338455e-05
2.57808371037808e-05
2.57805047822836e-05
2.57801724693538e-05
2.5779840164991e-05
2.57795078691948e-05
2.57791755819649e-05
2.5778843303301e-05
2.57785110332027e-05
2.57781787716698e-05
2.57778465187018e-05
2.57775142742985e-05
2.57771820384596e-05
2.57768498111846e-05
2.57765175924733e-05
2.57761853823253e-05
2.57758531807403e-05
2.5775520987718e-05
2.5775188803258e-05
2.577485662736e-05
2.57745244600237e-05
2.57741923012488e-05
2.57738601510348e-05
2.57735280093816e-05
2.57731958762887e-05
2.57728637517558e-05
2.57725316357826e-05
2.57721995283687e-05
2.57718674295139e-05
2.57715353392178e-05
2.57712032574801e-05
2.57708711843004e-05
2.57705391196784e-05
2.57702070636138e-05
2.57698750161062e-05
2.57695429771553e-05
2.57692109467608e-05
2.57688789249224e-05
2.57685469116397e-05
2.57682149069123e-05
2.57678829107401e-05
2.57675509231225e-05
2.57672189440594e-05
2.57668869735503e-05
2.5766555011595e-05
2.5766223058193e-05
2.57658911133442e-05
2.5765559177048e-05
2.57652272493043e-05
2.57648953301127e-05
2.57645634194729e-05
2.57642315173844e-05
2.57638996238471e-05
2.57635677388605e-05
2.57632358624243e-05
2.57629039945383e-05
2.5762572135202e-05
2.57622402844151e-05
2.57619084421774e-05
2.57615766084884e-05
2.57612447833479e-05
2.57609129667555e-05
2.57605811587109e-05
2.57602493592138e-05
2.57599175682638e-05
2.57595857858606e-05
2.57592540120038e-05
2.57589222466932e-05
2.57585904899284e-05
2.57582587417091e-05
2.57579270020349e-05
2.57575952709055e-05
2.57572635483206e-05
2.57569318342799e-05
2.5756600128783e-05
2.57562684318296e-05
2.57559367434194e-05
2.5755605063552e-05
2.57552733922271e-05
2.57549417294443e-05
2.57546100752035e-05
2.57542784295041e-05
2.57539467923459e-05
2.57536151637286e-05
2.57532835436518e-05
2.57529519321152e-05
2.57526203291185e-05
2.57522887346613e-05
2.57519571487433e-05
2.57516255713642e-05
2.57512940025236e-05
2.57509624422213e-05
2.57506308904568e-05
2.57502993472299e-05
2.57499678125402e-05
2.57496362863875e-05
2.57493047687712e-05
2.57489732596913e-05
2.57486417591472e-05
2.57483102671387e-05
2.57479787836655e-05
2.57476473087272e-05
2.57473158423234e-05
3.8620476576681e-05
3.86199794026776e-05
3.86194822414748e-05
3.86189850930718e-05
3.86184879574682e-05
3.86179908346635e-05
3.86174937246573e-05
3.8616996627449e-05
3.86164995430381e-05
3.86160024714242e-05
3.86155054126067e-05
3.86150083665851e-05
3.86145113333591e-05
3.8614014312928e-05
3.86135173052913e-05
3.86130203104487e-05
3.86125233283995e-05
3.86120263591433e-05
3.86115294026796e-05
3.8611032459008e-05
3.86105355281278e-05
3.86100386100386e-05
3.860954170474e-05
3.86090448122313e-05
3.86085479325123e-05
3.86080510655822e-05
3.86075542114407e-05
3.86070573700872e-05
3.86065605415214e-05
3.86060637257425e-05
3.86055669227503e-05
3.86050701325441e-05
3.86045733551235e-05
3.8604076590488e-05
3.8603579838637e-05
3.86030830995702e-05
3.8602586373287e-05
3.86020896597869e-05
3.86015929590694e-05
3.86010962711341e-05
3.86005995959804e-05
3.86001029336078e-05
3.85996062840159e-05
3.85991096472041e-05
3.8598613023172e-05
3.85981164119191e-05
3.85976198134448e-05
3.85971232277488e-05
3.85966266548304e-05
3.85961300946892e-05
3.85956335473247e-05
3.85951370127364e-05
3.85946404909238e-05
3.85941439818865e-05
3.85936474856239e-05
3.85931510021355e-05
3.85926545314209e-05
3.85921580734795e-05
3.85916616283108e-05
3.85911651959145e-05
3.85906687762899e-05
3.85901723694366e-05
3.85896759753541e-05
3.85891795940418e-05
3.85886832254994e-05
3.85881868697263e-05
3.8587690526722e-05
3.8587194196486e-05
3.85866978790178e-05
3.8586201574317e-05
3.85857052823831e-05
3.85852090032154e-05
3.85847127368137e-05
3.85842164831773e-05
3.85837202423058e-05
3.85832240141986e-05
3.85827277988554e-05
3.85822315962755e-05
3.85817354064586e-05
3.8581239229404e-05
3.85807430651114e-05
3.85802469135802e-05
3.857975077481e-05
3.85792546488002e-05
3.85787585355503e-05
3.85782624350599e-05
3.85777663473285e-05
3.85772702723555e-05
3.85767742101405e-05
3.85762781606831e-05
3.85757821239826e-05
3.85752861000386e-05
3.85747900888506e-05
3.85742940904181e-05
3.85737981047407e-05
3.85733021318178e-05
3.8572806171649e-05
3.85723102242337e-05
3.85718142895715e-05
3.85713183676618e-05
3.85708224585042e-05
3.85703265620982e-05
3.85698306784433e-05
3.8569334807539e-05
3.85688389493848e-05
3.85683431039803e-05
3.85678472713248e-05
3.8567351451418e-05
3.85668556442593e-05
3.85663598498483e-05
3.85658640681844e-05
3.85653682992673e-05
3.85648725430962e-05
3.85643767996709e-05
3.85638810689908e-05
3.85633853510553e-05
3.85628896458641e-05
3.85623939534166e-05
3.85618982737124e-05
3.85614026067508e-05
3.85609069525315e-05
3.8560411311054e-05
3.85599156823177e-05
3.85594200663222e-05
3.8558924463067e-05
3.85584288725515e-05
3.85579332947754e-05
3.85574377297381e-05
3.8556942177439e-05
3.85564466378779e-05
3.8555951111054e-05
3.8555455596967e-05
3.85549600956163e-05
3.85544646070015e-05
3.8553969131122e-05
3.85534736679775e-05
3.85529782175673e-05
3.8552482779891e-05
3.85519873549482e-05
3.85514919427382e-05
3.85509965432606e-05
3.8550501156515e-05
3.85500057825009e-05
3.85495104212176e-05
3.85490150726649e-05
3.85485197368421e-05
3.85480244137488e-05
3.85475291033845e-05
3.85470338057486e-05
3.85465385208408e-05
3.85460432486605e-05
3.85455479892072e-05
3.85450527424805e-05
3.85445575084798e-05
3.85440622872047e-05
3.85435670786546e-05
3.85430718828291e-05
3.85425766997276e-05
3.85420815293498e-05
3.85415863716951e-05
3.85410912267629e-05
3.85405960945529e-05
3.85401009750646e-05
3.85396058682973e-05
3.85391107742507e-05
3.85386156929243e-05
3.85381206243176e-05
3.853762556843e-05
3.85371305252611e-05
3.85366354948104e-05
3.85361404770774e-05
3.85356454720617e-05
3.85351504797626e-05
3.85346555001798e-05
3.85341605333128e-05
3.8533665579161e-05
3.8533170637724e-05
3.85326757090012e-05
3.85321807929923e-05
3.85316858896966e-05
3.85311909991138e-05
3.85306961212433e-05
3.85302012560846e-05
3.85297064036372e-05
3.85292115639007e-05
3.85287167368746e-05
3.85282219225583e-05
3.85277271209514e-05
3.85272323320534e-05
3.85267375558638e-05
3.85262427923821e-05
3.85257480416078e-05
3.85252533035405e-05
3.85247585781796e-05
3.85242638655246e-05
3.85237691655752e-05
3.85232744783307e-05
3.85227798037906e-05
3.85222851419546e-05
3.85217904928221e-05
3.85212958563926e-05
3.85208012326656e-05
3.85203066216407e-05
3.85198120233173e-05
3.8519317437695e-05
3.85188228647733e-05
3.85183283045516e-05
3.85178337570295e-05
3.85173392222065e-05
3.85168447000822e-05
3.85163501906559e-05
3.85158556939273e-05
3.85153612098959e-05
3.85148667385611e-05
3.85143722799225e-05
3.85138778339795e-05
3.85133834007318e-05
3.85128889801787e-05
3.85123945723199e-05
3.85119001771547e-05
3.85114057946829e-05
3.85109114249037e-05
3.85104170678168e-05
3.85099227234217e-05
3.85094283917179e-05
3.85089340727049e-05
3.85084397663821e-05
3.85079454727492e-05
3.85074511918056e-05
3.85069569235509e-05
3.85064626679844e-05
3.85059684251059e-05
3.85054741949147e-05
3.85049799774104e-05
3.85044857725925e-05
3.85039915804605e-05
3.85034974010139e-05
3.85030032342523e-05
3.85025090801751e-05
3.85020149387818e-05
3.8501520810072e-05
3.85010266940452e-05
3.85005325907008e-05
3.85000385000385e-05
3.84995444220577e-05
3.84990503567579e-05
3.84985563041386e-05
3.84980622641994e-05
3.84975682369397e-05
3.84970742223591e-05
3.84965802204571e-05
3.84960862312332e-05
3.84955922546868e-05
3.84950982908176e-05
3.84946043396251e-05
3.84941104011086e-05
3.84936164752679e-05
3.84931225621022e-05
3.84926286616113e-05
3.84921347737946e-05
3.84916408986515e-05
3.84911470361817e-05
3.84906531863846e-05
3.84901593492597e-05
3.84896655248066e-05
3.84891717130247e-05
3.84886779139137e-05
3.84881841274729e-05
3.84876903537019e-05
3.84871965926002e-05
3.84867028441673e-05
3.84862091084028e-05
3.84857153853062e-05
3.84852216748768e-05
3.84847279771144e-05
3.84842342920184e-05
3.84837406195882e-05
3.84832469598235e-05
3.84827533127237e-05
3.84822596782883e-05
3.84817660565169e-05
3.84812724474089e-05
3.84807788509639e-05
3.84802852671814e-05
3.8479791696061e-05
3.8479298137602e-05
3.8478804591804e-05
3.84783110586666e-05
3.84778175381892e-05
3.84773240303714e-05
3.84768305352127e-05
3.84763370527126e-05
3.84758435828706e-05
3.84753501256861e-05
3.84748566811589e-05
3.84743632492882e-05
3.84738698300737e-05
3.84733764235149e-05
3.84728830296113e-05
3.84723896483624e-05
3.84718962797676e-05
3.84714029238266e-05
3.84709095805388e-05
3.84704162499038e-05
3.84699229319211e-05
3.84694296265901e-05
3.84689363339104e-05
3.84684430538815e-05
3.84679497865029e-05
3.84674565317741e-05
3.84669632896947e-05
3.84664700602641e-05
3.84659768434819e-05
3.84654836393476e-05
3.84649904478607e-05
3.84644972690207e-05
3.84640041028271e-05
3.84635109492794e-05
3.84630178083772e-05
3.846252468012e-05
3.84620315645072e-05
3.84615384615385e-05
3.84610453712132e-05
3.84605522935309e-05
3.84600592284912e-05
3.84595661760935e-05
3.84590731363374e-05
3.84585801092224e-05
3.84580870947479e-05
3.84575940929136e-05
3.84571011037188e-05
3.84566081271632e-05
3.84561151632462e-05
3.84556222119674e-05
3.84551292733262e-05
3.84546363473223e-05
3.8454143433955e-05
3.8453650533224e-05
3.84531576451286e-05
3.84526647696685e-05
3.84521719068432e-05
3.84516790566521e-05
3.84511862190949e-05
3.84506933941709e-05
3.84502005818797e-05
3.84497077822209e-05
3.84492149951938e-05
3.84487222207982e-05
3.84482294590334e-05
3.8447736709899e-05
3.84472439733945e-05
3.84467512495194e-05
3.84462585382733e-05
3.84457658396555e-05
3.84452731536658e-05
3.84447804803035e-05
3.84442878195681e-05
3.84437951714593e-05
3.84433025359765e-05
3.84428099131193e-05
3.8442317302887e-05
3.84418247052793e-05
3.84413321202957e-05
3.84408395479357e-05
3.84403469881988e-05
3.84398544410845e-05
3.84393619065924e-05
3.84388693847218e-05
3.84383768754725e-05
3.84378843788438e-05
3.84373918948353e-05
3.84368994234465e-05
3.84364069646769e-05
3.84359145185261e-05
3.84354220849935e-05
3.84349296640787e-05
3.84344372557812e-05
3.84339448601004e-05
3.8433452477036e-05
3.84329601065874e-05
3.84324677487541e-05
3.84319754035357e-05
3.84314830709317e-05
3.84309907509416e-05
3.84304984435648e-05
3.8430006148801e-05
3.84295138666496e-05
3.84290215971101e-05
3.84285293401822e-05
3.84280370958651e-05
3.84275448641586e-05
3.84270526450621e-05
3.84265604385751e-05
3.84260682446972e-05
3.84255760634278e-05
3.84250838947665e-05
3.84245917387128e-05
3.84240995952662e-05
3.84236074644261e-05
3.84231153461923e-05
3.8422623240564e-05
3.8422131147541e-05
3.84216390671226e-05
3.84211469993084e-05
3.84206549440979e-05
3.84201629014907e-05
3.84196708714862e-05
3.8419178854084e-05
3.84186868492835e-05
3.84181948570843e-05
3.84177028774859e-05
3.84172109104879e-05
3.84167189560897e-05
3.84162270142908e-05
3.84157350850909e-05
3.84152431684893e-05
3.84147512644856e-05
3.84142593730793e-05
3.84137674942699e-05
3.84132756280571e-05
3.84127837744401e-05
3.84122919334187e-05
3.84118001049923e-05
3.84113082891603e-05
3.84108164859224e-05
3.84103246952781e-05
3.84098329172268e-05
3.84093411517681e-05
3.84088493989015e-05
3.84083576586265e-05
3.84078659309427e-05
3.84073742158494e-05
3.84068825133464e-05
3.8406390823433e-05
3.84058991461088e-05
3.84054074813734e-05
3.84049158292261e-05
3.84044241896666e-05
3.84039325626944e-05
3.8403440948309e-05
3.84029493465098e-05
3.84024577572965e-05
3.84019661806685e-05
3.84014746166253e-05
3.84009830651665e-05
3.84004915262915e-05
3.84e-05
3.83995084862914e-05
3.83990169851652e-05
3.83985254966209e-05
3.83980340206581e-05
3.83975425572763e-05
3.8397051106475e-05
3.83965596682537e-05
3.8396068242612e-05
3.83955768295492e-05
3.83950854290651e-05
3.8394594041159e-05
3.83941026658305e-05
3.83936113030792e-05
3.83931199529044e-05
3.83926286153059e-05
3.8392137290283e-05
3.83916459778352e-05
3.83911546779622e-05
3.83906633906634e-05
3.83901721159383e-05
3.83896808537865e-05
3.83891896042075e-05
3.83886983672007e-05
3.83882071427657e-05
3.83877159309021e-05
3.83872247316093e-05
3.83867335448869e-05
3.83862423707343e-05
3.83857512091512e-05
3.83852600601369e-05
3.83847689236911e-05
3.83842777998132e-05
3.83837866885028e-05
3.83832955897593e-05
3.83828045035824e-05
3.83823134299715e-05
3.83818223689261e-05
3.83813313204457e-05
3.838084028453e-05
3.83803492611783e-05
3.83798582503902e-05
3.83793672521652e-05
3.83788762665029e-05
3.83783852934028e-05
3.83778943328643e-05
3.8377403384887e-05
3.83769124494704e-05
3.8376421526614e-05
3.83759306163174e-05
3.83754397185801e-05
3.83749488334016e-05
3.83744579607813e-05
3.83739671007189e-05
3.83734762532138e-05
3.83729854182655e-05
3.83724945958737e-05
3.83720037860377e-05
3.83715129887571e-05
3.83710222040315e-05
3.83705314318603e-05
3.83700406722431e-05
3.83695499251794e-05
3.83690591906686e-05
3.83685684687104e-05
3.83680777593043e-05
3.83675870624496e-05
3.83670963781461e-05
3.83666057063932e-05
3.83661150471903e-05
3.83656244005371e-05
3.83651337664331e-05
3.83646431448777e-05
3.83641525358705e-05
3.8363661939411e-05
3.83631713554987e-05
3.83626807841332e-05
3.83621902253139e-05
3.83616996790404e-05
3.83612091453123e-05
3.83607186241289e-05
3.83602281154899e-05
3.83597376193947e-05
3.83592471358429e-05
3.8358756664834e-05
3.83582662063675e-05
3.83577757604429e-05
3.83572853270598e-05
3.83567949062176e-05
3.8356304497916e-05
3.83558141021543e-05
3.83553237189322e-05
3.83548333482491e-05
3.83543429901046e-05
3.83538526444981e-05
3.83533623114293e-05
3.83528719908976e-05
3.83523816829025e-05
3.83518913874436e-05
3.83514011045204e-05
3.83509108341323e-05
3.8350420576279e-05
3.83499303309599e-05
3.83494400981746e-05
3.83489498779225e-05
3.83484596702032e-05
3.83479694750163e-05
3.83474792923612e-05
3.83469891222374e-05
3.83464989646445e-05
3.8346008819582e-05
3.83455186870494e-05
3.83450285670463e-05
3.83445384595721e-05
3.83440483646263e-05
3.83435582822086e-05
3.83430682123184e-05
3.83425781549551e-05
3.83420881101185e-05
3.83415980778079e-05
3.83411080580229e-05
3.8340618050763e-05
3.83401280560277e-05
3.83396380738166e-05
3.83391481041291e-05
3.83386581469649e-05
3.83381682023233e-05
3.8337678270204e-05
3.83371883506064e-05
3.833669844353e-05
3.83362085489745e-05
3.83357186669393e-05
3.83352287974239e-05
3.83347389404278e-05
3.83342490959506e-05
3.83337592639918e-05
3.83332694445509e-05
3.83327796376275e-05
3.83322898432209e-05
3.83318000613309e-05
3.83313102919568e-05
3.83308205350983e-05
3.83303307907547e-05
3.83298410589257e-05
3.83293513396108e-05
3.83288616328095e-05
3.83283719385213e-05
3.83278822567457e-05
3.83273925874823e-05
3.83269029307305e-05
3.83264132864899e-05
3.83259236547601e-05
3.83254340355404e-05
3.83249444288306e-05
3.832445483463e-05
3.83239652529382e-05
3.83234756837547e-05
3.8322986127079e-05
3.83224965829107e-05
3.83220070512493e-05
3.83215175320943e-05
3.83210280254452e-05
3.83205385313015e-05
3.83200490496628e-05
3.83195595805286e-05
3.83190701238983e-05
3.83185806797716e-05
3.8318091248148e-05
3.83176018290269e-05
3.83171124224078e-05
3.83166230282904e-05
3.83161336466742e-05
3.83156442775585e-05
3.83151549209431e-05
3.83146655768273e-05
3.83141762452107e-05
3.83136869260929e-05
3.83131976194733e-05
3.83127083253515e-05
3.8312219043727e-05
3.83117297745993e-05
3.8311240517968e-05
3.83107512738325e-05
3.83102620421924e-05
3.83097728230472e-05
3.83092836163964e-05
3.83087944222395e-05
3.83083052405762e-05
3.83078160714058e-05
3.83073269147279e-05
3.8306837770542e-05
3.83063486388477e-05
3.83058595196445e-05
3.83053704129319e-05
3.83048813187094e-05
3.83043922369765e-05
3.83039031677328e-05
3.83034141109778e-05
3.83029250667109e-05
3.83024360349318e-05
3.830194701564e-05
3.83014580088349e-05
3.83009690145161e-05
3.83004800326831e-05
3.82999910633354e-05
3.82995021064726e-05
3.82990131620942e-05
3.82985242301997e-05
3.82980353107886e-05
3.82975464038604e-05
3.82970575094147e-05
3.8296568627451e-05
3.82960797579688e-05
3.82955909009676e-05
3.8295102056447e-05
3.82946132244064e-05
3.82941244048455e-05
3.82936355977637e-05
3.82931468031605e-05
3.82926580210354e-05
3.82921692513881e-05
3.8291680494218e-05
3.82911917495246e-05
3.82907030173074e-05
3.8290214297566e-05
3.82897255902999e-05
3.82892368955087e-05
3.82887482131918e-05
3.82882595433487e-05
3.8287770885979e-05
3.82872822410823e-05
3.82867936086579e-05
3.82863049887055e-05
3.82858163812246e-05
3.82853277862147e-05
3.82848392036753e-05
3.8284350633606e-05
3.82838620760062e-05
3.82833735308755e-05
3.82828849982135e-05
3.82823964780195e-05
3.82819079702932e-05
3.82814194750341e-05
3.82809309922417e-05
3.82804425219156e-05
3.82799540640551e-05
3.827946561866e-05
3.82789771857296e-05
3.82784887652635e-05
3.82780003572613e-05
3.82775119617225e-05
3.82770235786465e-05
3.8276535208033e-05
3.82760468498813e-05
3.82755585041912e-05
3.8275070170962e-05
3.82745818501933e-05
3.82740935418846e-05
3.82736052460355e-05
3.82731169626454e-05
3.8272628691714e-05
3.82721404332406e-05
3.82716521872249e-05
3.82711639536664e-05
3.82706757325645e-05
3.82701875239189e-05
3.82696993277289e-05
3.82692111439943e-05
3.82687229727144e-05
3.82682348138888e-05
3.82677466675171e-05
3.82672585335987e-05
3.82667704121331e-05
3.826628230312e-05
3.82657942065588e-05
3.8265306122449e-05
3.82648180507902e-05
3.82643299915818e-05
3.82638419448235e-05
3.82633539105148e-05
3.82628658886551e-05
3.82623778792439e-05
3.82618898822809e-05
3.82614018977655e-05
3.82609139256973e-05
3.82604259660758e-05
3.82599380189004e-05
3.82594500841708e-05
3.82589621618864e-05
3.82584742520468e-05
3.82579863546515e-05
3.82574984697001e-05
3.82570105971919e-05
3.82565227371267e-05
3.82560348895038e-05
3.82555470543229e-05
3.82550592315834e-05
3.82545714212848e-05
3.82540836234268e-05
3.82535958380088e-05
3.82531080650303e-05
3.82526203044909e-05
3.825213255639e-05
3.82516448207273e-05
3.82511570975022e-05
3.82506693867143e-05
3.8250181688363e-05
3.8249694002448e-05
3.82492063289687e-05
3.82487186679246e-05
3.82482310193154e-05
3.82477433831404e-05
3.82472557593993e-05
3.82467681480915e-05
3.82462805492166e-05
3.82457929627741e-05
3.82453053887635e-05
3.82448178271844e-05
3.82443302780363e-05
3.82438427413187e-05
3.8243355217031e-05
3.8242867705173e-05
3.8242380205744e-05
3.82418927187436e-05
3.82414052441714e-05
3.82409177820268e-05
3.82404303323093e-05
3.82399428950186e-05
3.82394554701541e-05
3.82389680577154e-05
3.82384806577019e-05
3.82379932701132e-05
3.82375058949488e-05
3.82370185322083e-05
3.82365311818912e-05
3.82360438439969e-05
3.82355565185251e-05
3.82350692054753e-05
3.82345819048469e-05
3.82340946166395e-05
3.82336073408526e-05
3.82331200774858e-05
3.82326328265385e-05
3.82321455880104e-05
3.82316583619009e-05
3.82311711482095e-05
3.82306839469358e-05
3.82301967580793e-05
3.82297095816395e-05
3.8229222417616e-05
3.82287352660083e-05
3.82282481268158e-05
3.82277610000382e-05
3.8227273885675e-05
3.82267867837256e-05
3.82262996941896e-05
3.82258126170666e-05
3.8225325552356e-05
3.82248385000573e-05
3.82243514601702e-05
3.82238644326941e-05
3.82233774176286e-05
3.82228904149732e-05
3.82224034247273e-05
3.82219164468906e-05
3.82214294814626e-05
3.82209425284428e-05
3.82204555878306e-05
3.82199686596257e-05
3.82194817438276e-05
3.82189948404357e-05
3.82185079494497e-05
3.8218021070869e-05
3.82175342046931e-05
3.82170473509217e-05
3.82165605095541e-05
3.82160736805901e-05
3.82155868640289e-05
3.82151000598703e-05
3.82146132681137e-05
3.82141264887587e-05
3.82136397218047e-05
3.82131529672513e-05
3.82126662250981e-05
3.82121794953445e-05
3.82116927779901e-05
3.82112060730344e-05
3.82107193804769e-05
3.82102327003171e-05
3.82097460325547e-05
3.82092593771891e-05
3.82087727342198e-05
3.82082861036463e-05
3.82077994854683e-05
3.82073128796852e-05
3.82068262862965e-05
3.82063397053018e-05
3.82058531367005e-05
3.82053665804923e-05
3.82048800366767e-05
3.82043935052531e-05
3.82039069862211e-05
3.82034204795803e-05
3.82029339853301e-05
3.82024475034701e-05
3.82019610339997e-05
3.82014745769187e-05
3.82009881322264e-05
3.82005016999223e-05
3.82000152800061e-05
3.81995288724772e-05
3.81990424773352e-05
3.81985560945796e-05
3.81980697242099e-05
3.81975833662257e-05
3.81970970206264e-05
3.81966106874117e-05
3.81961243665809e-05
3.81956380581338e-05
3.81951517620697e-05
3.81946654783882e-05
3.81941792070888e-05
3.81936929481712e-05
3.81932067016347e-05
3.81927204674789e-05
3.81922342457034e-05
3.81917480363076e-05
3.81912618392912e-05
3.81907756546535e-05
3.81902894823943e-05
3.81898033225129e-05
3.81893171750089e-05
3.81888310398819e-05
3.81883449171313e-05
3.81878588067567e-05
3.81873727087576e-05
3.81868866231336e-05
3.81864005498842e-05
3.81859144890088e-05
3.81854284405071e-05
3.81849424043785e-05
3.81844563806227e-05
3.8183970369239e-05
3.81834843702271e-05
3.81829983835864e-05
3.81825124093165e-05
3.8182026447417e-05
3.81815404978873e-05
3.8181054560727e-05
3.81805686359355e-05
3.81800827235126e-05
3.81795968234575e-05
3.817911093577e-05
3.81786250604495e-05
3.81781391974955e-05
3.81776533469076e-05
3.81771675086853e-05
3.81766816828281e-05
3.81761958693356e-05
3.81757100682073e-05
3.81752242794426e-05
3.81747385030413e-05
3.81742527390026e-05
3.81737669873263e-05
3.81732812480118e-05
3.81727955210587e-05
3.81723098064664e-05
3.81718241042345e-05
3.81713384143626e-05
3.81708527368501e-05
3.81703670716967e-05
3.81698814189017e-05
3.81693957784648e-05
3.81689101503855e-05
3.81684245346633e-05
3.81679389312977e-05
3.81674533402883e-05
3.81669677616346e-05
3.81664821953361e-05
3.81659966413923e-05
3.81655110998028e-05
3.81650255705671e-05
3.81645400536848e-05
3.81640545491553e-05
3.81635690569782e-05
3.8163083577153e-05
3.81625981096793e-05
3.81621126545566e-05
3.81616272117843e-05
3.81611417813621e-05
3.81606563632895e-05
3.81601709575659e-05
3.8159685564191e-05
3.81592001831642e-05
3.8158714814485e-05
3.81582294581531e-05
3.8157744114168e-05
3.81572587825291e-05
3.81567734632359e-05
3.81562881562882e-05
3.81558028616852e-05
3.81553175794267e-05
3.8154832309512e-05
3.81543470519408e-05
3.81538618067125e-05
3.81533765738268e-05
3.81528913532831e-05
3.81524061450809e-05
3.81519209492198e-05
3.81514357656993e-05
3.8150950594519e-05
3.81504654356783e-05
3.81499802891768e-05
3.81494951550141e-05
3.81490100331896e-05
3.81485249237029e-05
3.81480398265536e-05
3.81475547417411e-05
3.81470696692649e-05
3.81465846091247e-05
3.81460995613199e-05
3.814561452585e-05
3.81451295027147e-05
3.81446444919133e-05
3.81441594934456e-05
3.81436745073109e-05
3.81431895335088e-05
3.81427045720389e-05
3.81422196229006e-05
3.81417346860935e-05
3.81412497616172e-05
3.81407648494711e-05
3.81402799496548e-05
3.81397950621679e-05
3.81393101870098e-05
3.813882532418e-05
3.81383404736782e-05
3.81378556355038e-05
3.81373708096564e-05
3.81368859961355e-05
3.81364011949406e-05
3.81359164060712e-05
3.8135431629527e-05
3.81349468653074e-05
3.81344621134119e-05
3.81339773738401e-05
3.81334926465915e-05
3.81330079316656e-05
3.81325232290621e-05
3.81320385387803e-05
3.81315538608198e-05
3.81310691951802e-05
3.8130584541861e-05
3.81300999008617e-05
3.81296152721819e-05
3.8129130655821e-05
3.81286460517787e-05
3.81281614600544e-05
3.81276768806477e-05
3.8127192313558e-05
3.8126707758785e-05
3.81262232163282e-05
3.8125738686187e-05
3.81252541683611e-05
3.812476966285e-05
3.81242851696531e-05
3.812380068877e-05
3.81233162202003e-05
3.81228317639434e-05
3.8122347319999e-05
3.81218628883665e-05
3.81213784690454e-05
3.81208940620354e-05
3.81204096673359e-05
3.81199252849464e-05
3.81194409148666e-05
3.81189565570958e-05
3.81184722116338e-05
3.81179878784799e-05
3.81175035576337e-05
3.81170192490947e-05
3.81165349528626e-05
3.81160506689367e-05
3.81155663973167e-05
3.8115082138002e-05
3.81145978909923e-05
3.81141136562869e-05
3.81136294338856e-05
3.81131452237877e-05
3.81126610259928e-05
3.81121768405005e-05
3.81116926673103e-05
3.81112085064217e-05
3.81107243578343e-05
3.81102402215475e-05
3.8109756097561e-05
3.81092719858742e-05
3.81087878864866e-05
3.81083037993979e-05
3.81078197246075e-05
3.8107335662115e-05
3.81068516119198e-05
3.81063675740216e-05
3.81058835484199e-05
3.81053995351141e-05
3.81049155341039e-05
3.81044315453887e-05
3.81039475689681e-05
3.81034636048417e-05
3.81029796530089e-05
3.81024957134692e-05
3.81020117862223e-05
3.81015278712676e-05
3.81010439686047e-05
3.81005600782332e-05
3.81000762001524e-05
3.8099592334362e-05
3.80991084808616e-05
3.80986246396505e-05
3.80981408107284e-05
3.80976569940949e-05
3.80971731897493e-05
3.80966893976913e-05
3.80962056179205e-05
3.80957218504362e-05
3.80952380952381e-05
3.80947543523257e-05
3.80942706216985e-05
3.80937869033561e-05
3.80933031972979e-05
3.80928195035236e-05
3.80923358220326e-05
3.80918521528245e-05
3.80913684958988e-05
3.80908848512551e-05
3.80904012188928e-05
3.80899175988116e-05
3.80894339910109e-05
3.80889503954903e-05
3.80884668122492e-05
3.80879832412874e-05
3.80874996826042e-05
3.80870161361992e-05
3.80865326020719e-05
3.80860490802219e-05
3.80855655706487e-05
3.80850820733519e-05
3.80845985883309e-05
3.80841151155853e-05
3.80836316551146e-05
3.80831482069184e-05
3.80826647709962e-05
3.80821813473476e-05
3.8081697935972e-05
3.8081214536869e-05
3.80807311500381e-05
3.80802477754789e-05
3.80797644131908e-05
3.80792810631735e-05
3.80787977254265e-05
3.80783143999492e-05
3.80778310867413e-05
3.80773477858022e-05
3.80768644971315e-05
3.80763812207288e-05
3.80758979565935e-05
3.80754147047252e-05
3.80749314651234e-05
3.80744482377876e-05
3.80739650227175e-05
3.80734818199124e-05
3.80729986293721e-05
3.80725154510959e-05
3.80720322850834e-05
3.80715491313342e-05
3.80710659898477e-05
3.80705828606236e-05
3.80700997436613e-05
3.80696166389604e-05
3.80691335465205e-05
3.8068650466341e-05
3.80681673984214e-05
3.80676843427614e-05
3.80672012993605e-05
3.80667182682181e-05
3.80662352493338e-05
3.80657522427072e-05
3.80652692483378e-05
3.80647862662251e-05
3.80643032963687e-05
3.8063820338768e-05
3.80633373934227e-05
3.80628544603322e-05
3.80623715394961e-05
3.80618886309139e-05
3.80614057345851e-05
3.80609228505094e-05
3.80604399786862e-05
3.8059957119115e-05
3.80594742717954e-05
3.80589914367269e-05
3.80585086139091e-05
3.80580258033415e-05
3.80575430050236e-05
3.80570602189549e-05
3.80565774451351e-05
3.80560946835636e-05
3.80556119342399e-05
3.80551291971636e-05
3.80546464723343e-05
3.80541637597514e-05
3.80536810594145e-05
3.80531983713231e-05
3.80527156954768e-05
3.80522330318751e-05
3.80517503805175e-05
3.80512677414036e-05
3.80507851145329e-05
3.80503024999049e-05
3.80498198975192e-05
3.80493373073752e-05
3.80488547294726e-05
3.80483721638109e-05
3.80478896103896e-05
3.80474070692082e-05
3.80469245402663e-05
3.80464420235634e-05
3.80459595190991e-05
3.80454770268728e-05
3.80449945468841e-05
3.80445120791326e-05
3.80440296236177e-05
3.80435471803391e-05
3.80430647492962e-05
3.80425823304886e-05
3.80420999239158e-05
3.80416175295774e-05
3.80411351474728e-05
3.80406527776017e-05
3.80401704199635e-05
3.80396880745578e-05
3.80392057413841e-05
3.8038723420442e-05
3.8038241111731e-05
3.80377588152506e-05
3.80372765310004e-05
3.80367942589799e-05
3.80363119991886e-05
3.8035829751626e-05
3.80353475162918e-05
3.80348652931854e-05
3.80343830823064e-05
3.80339008836543e-05
3.80334186972286e-05
3.80329365230289e-05
3.80324543610548e-05
3.80319722113056e-05
3.80314900737811e-05
3.80310079484807e-05
3.80305258354039e-05
3.80300437345503e-05
3.80295616459194e-05
3.80290795695108e-05
3.8028597505324e-05
3.80281154533585e-05
3.80276334136139e-05
3.80271513860897e-05
3.80266693707854e-05
3.80261873677006e-05
3.80257053768347e-05
3.80252233981875e-05
3.80247414317583e-05
3.80242594775467e-05
3.80237775355522e-05
3.80232956057745e-05
3.80228136882129e-05
3.80223317828671e-05
3.80218498897366e-05
3.8021368008821e-05
3.80208861401196e-05
3.80204042836322e-05
3.80199224393582e-05
3.80194406072972e-05
3.80189587874487e-05
3.80184769798122e-05
3.80179951843873e-05
3.80175134011735e-05
3.80170316301703e-05
3.80165498713773e-05
3.80160681247941e-05
3.80155863904201e-05
3.80151046682549e-05
3.8014622958298e-05
3.80141412605489e-05
3.80136595750073e-05
3.80131779016726e-05
3.80126962405443e-05
3.80122145916221e-05
3.80117329549054e-05
3.80112513303938e-05
3.80107697180868e-05
3.80102881179839e-05
3.80098065300848e-05
3.80093249543888e-05
3.80088433908956e-05
3.80083618396047e-05
3.80078803005156e-05
3.80073987736279e-05
3.80069172589411e-05
3.80064357564548e-05
3.80059542661684e-05
3.80054727880815e-05
3.80049913221936e-05
3.80045098685044e-05
3.80040284270133e-05
3.80035469977198e-05
3.80030655806235e-05
3.80025841757239e-05
3.80021027830207e-05
3.80016214025132e-05
3.8001140034201e-05
3.80006586780838e-05
3.80001773341609e-05
3.7999696002432e-05
3.79992146828966e-05
3.79987333755542e-05
3.79982520804043e-05
3.79977707974465e-05
3.79972895266804e-05
3.79968082681055e-05
3.79963270217212e-05
3.79958457875272e-05
3.7995364565523e-05
3.79948833557081e-05
3.7994402158082e-05
3.79939209726444e-05
3.79934397993946e-05
3.79929586383324e-05
3.79924774894571e-05
3.79919963527684e-05
3.79915152282657e-05
3.79910341159486e-05
3.79905530158167e-05
3.79900719278695e-05
3.79895908521065e-05
3.79891097885273e-05
3.79886287371314e-05
3.79881476979183e-05
3.79876666708875e-05
3.79871856560387e-05
3.79867046533713e-05
3.79862236628849e-05
3.79857426845791e-05
3.79852617184532e-05
3.7984780764507e-05
3.79842998227399e-05
3.79838188931515e-05
3.79833379757413e-05
3.79828570705088e-05
3.79823761774537e-05
3.79818952965753e-05
3.79814144278733e-05
3.79809335713472e-05
3.79804527269965e-05
3.79799718948208e-05
3.79794910748196e-05
3.79790102669924e-05
3.79785294713389e-05
3.79780486878584e-05
3.79775679165506e-05
3.7977087157415e-05
3.79766064104512e-05
3.79761256756586e-05
3.79756449530368e-05
3.79751642425853e-05
3.79746835443038e-05
3.79742028581917e-05
3.79737221842485e-05
3.79732415224738e-05
3.79727608728672e-05
3.79722802354281e-05
3.79717996101562e-05
3.79713189970509e-05
3.79708383961118e-05
3.79703578073384e-05
3.79698772307303e-05
3.7969396666287e-05
3.7968916114008e-05
3.79684355738929e-05
3.79679550459412e-05
3.79674745301525e-05
3.79669940265263e-05
3.79665135350621e-05
3.79660330557594e-05
3.79655525886179e-05
3.79650721336371e-05
3.79645916908164e-05
3.79641112601554e-05
3.79636308416537e-05
3.79631504353108e-05
3.79626700411262e-05
3.79621896590995e-05
3.79617092892303e-05
3.79612289315179e-05
3.79607485859621e-05
3.79602682525623e-05
3.79597879313181e-05
3.7959307622229e-05
3.79588273252945e-05
3.79583470405142e-05
3.79578667678876e-05
3.79573865074143e-05
3.79569062590938e-05
3.79564260229257e-05
3.79559457989094e-05
3.79554655870445e-05
3.79549853873306e-05
3.79545051997672e-05
3.79540250243538e-05
3.795354486109e-05
3.79530647099753e-05
3.79525845710093e-05
3.79521044441914e-05
3.79516243295213e-05
3.79511442269984e-05
3.79506641366224e-05
3.79501840583927e-05
3.79497039923089e-05
3.79492239383705e-05
3.7948743896577e-05
3.79482638669281e-05
3.79477838494232e-05
3.79473038440619e-05
3.79468238508437e-05
3.79463438697681e-05
3.79458639008348e-05
3.79453839440432e-05
3.79449039993929e-05
3.79444240668834e-05
3.79439441465142e-05
3.7943464238285e-05
3.79429843421951e-05
3.79425044582443e-05
3.79420245864319e-05
3.79415447267576e-05
3.79410648792209e-05
3.79405850438214e-05
3.79401052205585e-05
3.79396254094318e-05
3.79391456104409e-05
3.79386658235852e-05
3.79381860488644e-05
3.79377062862779e-05
3.79372265358254e-05
3.79367467975063e-05
3.79362670713202e-05
3.79357873572666e-05
3.79353076553451e-05
3.79348279655552e-05
3.79343482878964e-05
3.79338686223683e-05
3.79333889689705e-05
3.79329093277024e-05
3.79324296985636e-05
3.79319500815537e-05
3.79314704766721e-05
3.79309908839185e-05
3.79305113032924e-05
3.79300317347932e-05
3.79295521784206e-05
3.79290726341741e-05
3.79285931020532e-05
3.79281135820575e-05
3.79276340741865e-05
3.79271545784397e-05
3.79266750948167e-05
3.7926195623317e-05
3.79257161639402e-05
3.79252367166858e-05
3.79247572815534e-05
3.79242778585424e-05
3.79237984476525e-05
3.79233190488832e-05
3.79228396622339e-05
3.79223602877043e-05
3.79218809252939e-05
3.79214015750022e-05
3.79209222368288e-05
3.79204429107732e-05
3.79199635968349e-05
3.79194842950136e-05
3.79190050053087e-05
3.79185257277197e-05
3.79180464622463e-05
3.79175672088879e-05
3.79170879676441e-05
3.79166087385144e-05
3.79161295214984e-05
3.79156503165957e-05
3.79151711238057e-05
3.7914691943128e-05
3.79142127745621e-05
3.79137336181076e-05
3.7913254473764e-05
3.79127753415309e-05
3.79122962214078e-05
3.79118171133942e-05
3.79113380174898e-05
3.79108589336939e-05
3.79103798620062e-05
3.79099008024262e-05
3.79094217549535e-05
3.79089427195876e-05
3.79084636963279e-05
3.79079846851742e-05
3.79075056861259e-05
3.79070266991825e-05
3.79065477243436e-05
3.79060687616087e-05
3.79055898109775e-05
3.79051108724493e-05
3.79046319460238e-05
3.79041530317005e-05
3.7903674129479e-05
3.79031952393587e-05
3.79027163613392e-05
3.79022374954201e-05
3.7901758641601e-05
3.79012797998812e-05
3.79008009702605e-05
3.79003221527383e-05
3.78998433473142e-05
3.78993645539876e-05
3.78988857727583e-05
3.78984070036256e-05
3.78979282465892e-05
3.78974495016485e-05
3.78969707688032e-05
3.78964920480528e-05
3.78960133393967e-05
3.78955346428346e-05
3.7895055958366e-05
3.78945772859904e-05
3.78940986257074e-05
3.78936199775165e-05
3.78931413414172e-05
3.78926627174092e-05
3.78921841054918e-05
3.78917055056648e-05
3.78912269179276e-05
3.78907483422798e-05
3.78902697787208e-05
3.78897912272503e-05
3.78893126878678e-05
3.78888341605729e-05
3.7888355645365e-05
3.78878771422437e-05
3.78873986512086e-05
3.78869201722592e-05
3.7886441705395e-05
3.78859632506156e-05
3.78854848079206e-05
3.78850063773094e-05
3.78845279587816e-05
3.78840495523368e-05
3.78835711579745e-05
3.78830927756942e-05
3.78826144054955e-05
3.78821360473779e-05
3.7881657701341e-05
3.78811793673843e-05
3.78807010455073e-05
3.78802227357097e-05
3.78797444379909e-05
3.78792661523504e-05
3.78787878787879e-05
3.78783096173028e-05
3.78778313678948e-05
3.78773531305632e-05
3.78768749053078e-05
3.7876396692128e-05
3.78759184910234e-05
3.78754403019935e-05
3.78749621250379e-05
3.7874483960156e-05
3.78740058073476e-05
3.7873527666612e-05
3.78730495379488e-05
3.78725714213576e-05
3.78720933168379e-05
3.78716152243893e-05
3.78711371440113e-05
3.78706590757034e-05
3.78701810194653e-05
3.78697029752963e-05
3.78692249431962e-05
3.78687469231643e-05
3.78682689152003e-05
3.78677909193037e-05
3.78673129354741e-05
3.7866834963711e-05
3.78663570040138e-05
3.78658790563823e-05
3.78654011208159e-05
3.78649231973141e-05
3.78644452858766e-05
3.78639673865028e-05
3.78634894991922e-05
3.78630116239446e-05
3.78625337607593e-05
3.78620559096359e-05
3.7861578070574e-05
3.78611002435731e-05
3.78606224286327e-05
3.78601446257525e-05
3.78596668349319e-05
3.78591890561704e-05
3.78587112894677e-05
3.78582335348233e-05
3.78577557922366e-05
3.78572780617074e-05
3.7856800343235e-05
3.78563226368191e-05
3.78558449424591e-05
3.78553672601547e-05
3.78548895899054e-05
3.78544119317106e-05
3.78539342855701e-05
3.78534566514832e-05
3.78529790294496e-05
3.78525014194688e-05
3.78520238215403e-05
3.78515462356637e-05
3.78510686618386e-05
3.78505911000643e-05
3.78501135503407e-05
3.7849636012667e-05
3.7849158487043e-05
3.78486809734681e-05
3.78482034719419e-05
3.78477259824639e-05
3.78472485050337e-05
3.78467710396508e-05
3.78462935863148e-05
3.78458161450252e-05
3.78453387157815e-05
3.78448612985833e-05
3.78443838934302e-05
3.78439065003217e-05
3.78434291192573e-05
3.78429517502365e-05
3.7842474393259e-05
3.78419970483242e-05
3.78415197154318e-05
3.78410423945812e-05
3.78405650857719e-05
3.78400877890037e-05
3.78396105042759e-05
3.78391332315881e-05
3.78386559709399e-05
3.78381787223308e-05
3.78377014857604e-05
3.78372242612282e-05
3.78367470487337e-05
3.78362698482766e-05
3.78357926598562e-05
3.78353154834723e-05
3.78348383191242e-05
3.78343611668117e-05
3.78338840265342e-05
3.78334068982912e-05
3.78329297820823e-05
3.78324526779071e-05
3.78319755857651e-05
3.78314985056558e-05
3.78310214375788e-05
3.78305443815336e-05
3.78300673375199e-05
3.7829590305537e-05
3.78291132855846e-05
3.78286362776622e-05
3.78281592817694e-05
3.78276822979056e-05
3.78272053260705e-05
3.78267283662636e-05
3.78262514184844e-05
3.78257744827325e-05
3.78252975590075e-05
3.78248206473088e-05
3.7824343747636e-05
3.78238668599887e-05
3.78233899843663e-05
3.78229131207686e-05
3.78224362691949e-05
3.78219594296449e-05
3.7821482602118e-05
3.78210057866139e-05
3.7820528983132e-05
3.7820052191672e-05
3.78195754122334e-05
3.78190986448156e-05
3.78186218894183e-05
3.78181451460411e-05
3.78176684146833e-05
3.78171916953447e-05
3.78167149880247e-05
3.78162382927229e-05
3.78157616094388e-05
3.7815284938172e-05
3.7814808278922e-05
3.78143316316884e-05
3.78138549964707e-05
3.78133783732685e-05
3.78129017620812e-05
3.78124251629085e-05
3.78119485757499e-05
3.7811472000605e-05
3.78109954374732e-05
3.78105188863542e-05
3.78100423472474e-05
3.78095658201525e-05
3.78090893050689e-05
3.78086128019963e-05
3.78081363109341e-05
3.78076598318819e-05
3.78071833648393e-05
3.78067069098058e-05
3.78062304667809e-05
3.78057540357642e-05
3.78052776167553e-05
3.78048012097536e-05
3.78043248147588e-05
3.78038484317704e-05
3.78033720607878e-05
3.78028957018108e-05
3.78024193548387e-05
3.78019430198712e-05
3.78014666969078e-05
3.78009903859481e-05
3.78005140869916e-05
3.78000378000378e-05
3.77995615250863e-05
3.77990852621367e-05
3.77986090111884e-05
3.77981327722411e-05
3.77976565452942e-05
3.77971803303474e-05
3.77967041274001e-05
3.77962279364519e-05
3.77957517575025e-05
3.77952755905512e-05
3.77947994355977e-05
3.77943232926414e-05
3.77938471616821e-05
3.77933710427191e-05
3.77928949357521e-05
3.77924188407805e-05
3.7791942757804e-05
3.77914666868221e-05
3.77909906278343e-05
3.77905145808402e-05
3.77900385458393e-05
3.77895625228312e-05
3.77890865118154e-05
3.77886105127914e-05
3.77881345257589e-05
3.77876585507173e-05
3.77871825876663e-05
3.77867066366052e-05
3.77862306975338e-05
3.77857547704515e-05
3.7785278855358e-05
3.77848029522526e-05
3.7784327061135e-05
3.77838511820048e-05
3.77833753148615e-05
3.77828994597045e-05
3.77824236165336e-05
3.77819477853482e-05
3.77814719661478e-05
3.77809961589321e-05
3.77805203637005e-05
3.77800445804526e-05
3.7779568809188e-05
3.77790930499062e-05
3.77786173026067e-05
3.77781415672892e-05
3.77776658439531e-05
3.77771901325979e-05
3.77767144332234e-05
3.77762387458289e-05
3.7775763070414e-05
3.77752874069784e-05
3.77748117555214e-05
3.77743361160428e-05
3.77738604885419e-05
3.77733848730185e-05
3.77729092694719e-05
3.77724336779019e-05
3.77719580983078e-05
3.77714825306893e-05
3.7771006975046e-05
3.77705314313772e-05
3.77700558996827e-05
3.7769580379962e-05
3.77691048722145e-05
3.77686293764399e-05
3.77681538926377e-05
3.77676784208075e-05
3.77672029609487e-05
3.7766727513061e-05
3.77662520771439e-05
3.77657766531969e-05
3.77653012412196e-05
3.77648258412115e-05
3.77643504531722e-05
3.77638750771012e-05
3.77633997129982e-05
3.77629243608625e-05
3.77624490206938e-05
3.77619736924917e-05
3.77614983762556e-05
3.77610230719851e-05
3.77605477796798e-05
3.77600724993392e-05
3.77595972309629e-05
3.77591219745503e-05
3.77586467301012e-05
3.77581714976149e-05
3.77576962770912e-05
3.77572210685294e-05
3.77567458719291e-05
3.775627068729e-05
3.77557955146115e-05
3.77553203538932e-05
3.77548452051347e-05
3.77543700683354e-05
3.7753894943495e-05
3.7753419830613e-05
3.77529447296889e-05
3.77524696407223e-05
3.77519945637128e-05
3.77515194986598e-05
3.7751044445563e-05
3.77505694044218e-05
3.77500943752359e-05
3.77496193580048e-05
3.7749144352728e-05
3.77486693594051e-05
3.77481943780356e-05
3.77477194086191e-05
3.77472444511551e-05
3.77467695056431e-05
3.77462945720828e-05
3.77458196504737e-05
3.77453447408153e-05
3.77448698431072e-05
3.77443949573488e-05
3.77439200835399e-05
3.77434452216798e-05
3.77429703717683e-05
3.77424955338047e-05
3.77420207077887e-05
3.77415458937198e-05
3.77410710915976e-05
3.77405963014216e-05
3.77401215231913e-05
3.77396467569064e-05
3.77391720025663e-05
3.77386972601706e-05
3.77382225297189e-05
3.77377478112106e-05
3.77372731046455e-05
3.77367984100229e-05
3.77363237273425e-05
3.77358490566038e-05
3.77353743978063e-05
3.77348997509497e-05
3.77344251160334e-05
3.7733950493057e-05
3.773347588202e-05
3.7733001282922e-05
3.77325266957626e-05
3.77320521205413e-05
3.77315775572577e-05
3.77311030059112e-05
3.77306284665015e-05
3.77301539390281e-05
3.77296794234905e-05
3.77292049198883e-05
3.77287304282211e-05
3.77282559484884e-05
3.77277814806897e-05
3.77273070248246e-05
3.77268325808926e-05
3.77263581488934e-05
3.77258837288263e-05
3.77254093206911e-05
3.77249349244873e-05
3.77244605402143e-05
3.77239861678717e-05
3.77235118074592e-05
3.77230374589762e-05
3.77225631224223e-05
3.7722088797797e-05
3.77216144851e-05
3.77211401843306e-05
3.77206658954886e-05
3.77201916185734e-05
3.77197173535846e-05
3.77192431005218e-05
3.77187688593844e-05
3.77182946301721e-05
3.77178204128844e-05
3.77173462075208e-05
3.7716872014081e-05
3.77163978325643e-05
3.77159236629705e-05
3.7715449505299e-05
3.77149753595494e-05
3.77145012257213e-05
3.77140271038141e-05
3.77135529938276e-05
3.7713078895761e-05
3.77126048096142e-05
3.77121307353865e-05
3.77116566730776e-05
3.7711182622687e-05
3.77107085842143e-05
3.7710234557659e-05
3.77097605430206e-05
3.77092865402987e-05
3.77088125494928e-05
3.77083385706026e-05
3.77078646036275e-05
3.77073906485671e-05
3.7706916705421e-05
3.77064427741887e-05
3.77059688548697e-05
3.77054949474637e-05
3.77050210519701e-05
3.77045471683885e-05
3.77040732967185e-05
3.77035994369596e-05
3.77031255891113e-05
3.77026517531733e-05
3.7702177929145e-05
3.77017041170261e-05
3.7701230316816e-05
3.77007565285143e-05
3.77002827521206e-05
3.76998089876345e-05
3.76993352350554e-05
3.76988614943829e-05
3.76983877656166e-05
3.7697914048756e-05
3.76974403438007e-05
3.76969666507502e-05
3.76964929696041e-05
3.76960193003619e-05
3.76955456430232e-05
3.76950719975875e-05
3.76945983640544e-05
3.76941247424235e-05
3.76936511326942e-05
3.76931775348662e-05
3.7692703948939e-05
3.7692230374912e-05
3.7691756812785e-05
3.76912832625575e-05
3.76908097242289e-05
3.76903361977989e-05
3.7689862683267e-05
3.76893891806327e-05
3.76889156898956e-05
3.76884422110553e-05
3.76879687441113e-05
3.76874952890631e-05
3.76870218459103e-05
3.76865484146525e-05
3.76860749952892e-05
3.768560158782e-05
3.76851281922444e-05
3.7684654808562e-05
3.76841814367722e-05
3.76837080768748e-05
3.76832347288691e-05
3.76827613927549e-05
3.76822880685315e-05
3.76818147561987e-05
3.76813414557558e-05
3.76808681672026e-05
3.76803948905385e-05
3.7679921625763e-05
3.76794483728758e-05
3.76789751318764e-05
3.76785019027643e-05
3.76780286855392e-05
3.76775554802004e-05
3.76770822867477e-05
3.76766091051805e-05
3.76761359354985e-05
3.7675662777701e-05
3.76751896317878e-05
3.76747164977584e-05
3.76742433756122e-05
3.76737702653489e-05
3.76732971669681e-05
3.76728240804692e-05
3.76723510058518e-05
3.76718779431155e-05
3.76714048922598e-05
3.76709318532843e-05
3.76704588261885e-05
3.7669985810972e-05
3.76695128076344e-05
3.76690398161751e-05
3.76685668365938e-05
3.76680938688899e-05
3.76676209130631e-05
3.76671479691129e-05
3.76666750370389e-05
3.76662021168406e-05
3.76657292085175e-05
3.76652563120692e-05
3.76647834274953e-05
3.76643105547953e-05
3.76638376939688e-05
3.76633648450153e-05
3.76628920079343e-05
3.76624191827255e-05
3.76619463693884e-05
3.76614735679225e-05
3.76610007783274e-05
3.76605280006026e-05
3.76600552347477e-05
3.76595824807622e-05
3.76591097386458e-05
3.76586370083979e-05
3.76581642900181e-05
3.76576915835059e-05
3.7657218888861e-05
3.76567462060828e-05
3.7656273535171e-05
3.7655800876125e-05
3.76553282289444e-05
3.76548555936288e-05
3.76543829701777e-05
3.76539103585907e-05
3.76534377588674e-05
3.76529651710072e-05
3.76524925950098e-05
3.76520200308747e-05
3.76515474786014e-05
3.76510749381895e-05
3.76506024096386e-05
3.76501298929481e-05
3.76496573881178e-05
3.7649184895147e-05
3.76487124140354e-05
3.76482399447826e-05
3.7647767487388e-05
3.76472950418512e-05
3.76468226081719e-05
3.76463501863494e-05
3.76458777763835e-05
3.76454053782736e-05
3.76449329920193e-05
3.76444606176201e-05
3.76439882550757e-05
3.76435159043855e-05
3.76430435655491e-05
3.76425712385661e-05
3.7642098923436e-05
3.76416266201583e-05
3.76411543287328e-05
3.76406820491587e-05
3.76402097814358e-05
3.76397375255637e-05
3.76392652815417e-05
3.76387930493695e-05
3.76383208290467e-05
3.76378486205728e-05
3.76373764239474e-05
3.763690423917e-05
3.76364320662401e-05
3.76359599051574e-05
3.76354877559213e-05
3.76350156185315e-05
3.76345434929874e-05
3.76340713792887e-05
3.76335992774349e-05
3.76331271874255e-05
3.76326551092601e-05
3.76321830429383e-05
3.76317109884596e-05
3.76312389458236e-05
3.76307669150297e-05
3.76302948960777e-05
3.76298228889669e-05
3.76293508936971e-05
3.76288789102677e-05
3.76284069386782e-05
3.76279349789284e-05
3.76274630310176e-05
3.76269910949454e-05
3.76265191707115e-05
3.76260472583154e-05
3.76255753577565e-05
3.76251034690345e-05
3.7624631592149e-05
3.76241597270994e-05
3.76236878738854e-05
3.76232160325065e-05
3.76227442029622e-05
3.76222723852521e-05
3.76218005793757e-05
3.76213287853327e-05
3.76208570031225e-05
3.76203852327448e-05
3.7619913474199e-05
3.76194417274848e-05
3.76189699926016e-05
3.76184982695491e-05
3.76180265583268e-05
3.76175548589342e-05
3.76170831713709e-05
3.76166114956365e-05
3.76161398317305e-05
3.76156681796524e-05
3.76151965394019e-05
3.76147249109785e-05
3.76142532943817e-05
3.76137816896111e-05
3.76133100966662e-05
3.76128385155466e-05
3.76123669462519e-05
3.76118953887816e-05
3.76114238431353e-05
3.76109523093125e-05
3.76104807873127e-05
3.76100092771356e-05
3.76095377787807e-05
3.76090662922475e-05
3.76085948175356e-05
3.76081233546446e-05
3.7607651903574e-05
3.76071804643233e-05
3.76067090368922e-05
3.76062376212801e-05
3.76057662174867e-05
3.76052948255114e-05
3.76048234453539e-05
3.76043520770137e-05
3.76038807204904e-05
3.76034093757834e-05
3.76029380428924e-05
3.7602466721817e-05
3.76019954125566e-05
3.76015241151108e-05
3.76010528294792e-05
3.76005815556614e-05
3.76001102936569e-05
3.75996390434652e-05
3.75991678050859e-05
3.75986965785186e-05
3.75982253637628e-05
3.75977541608181e-05
3.75972829696841e-05
3.75968117903602e-05
3.7596340622846e-05
3.75958694671412e-05
3.75953983232452e-05
3.75949271911577e-05
3.75944560708781e-05
3.7593984962406e-05
3.7593513865741e-05
3.75930427808827e-05
3.75925717078305e-05
3.75921006465841e-05
3.7591629597143e-05
3.75911585595068e-05
3.7590687533675e-05
3.75902165196472e-05
3.75897455174228e-05
3.75892745270016e-05
3.75888035483831e-05
3.75883325815667e-05
3.75878616265521e-05
3.75873906833388e-05
3.75869197519263e-05
3.75864488323143e-05
3.75859779245023e-05
3.75855070284898e-05
3.75850361442764e-05
3.75845652718617e-05
3.75840944112452e-05
3.75836235624264e-05
3.7583152725405e-05
3.75826819001804e-05
3.75822110867523e-05
3.75817402851201e-05
3.75812694952835e-05
3.75807987172421e-05
3.75803279509953e-05
3.75798571965427e-05
3.75793864538838e-05
3.75789157230183e-05
3.75784450039457e-05
3.75779742966656e-05
3.75775036011774e-05
3.75770329174808e-05
3.75765622455754e-05
3.75760915854606e-05
3.7575620937136e-05
3.75751503006012e-05
3.75746796758558e-05
3.75742090628992e-05
3.75737384617311e-05
3.75732678723511e-05
3.75727972947586e-05
3.75723267289532e-05
3.75718561749346e-05
3.75713856327021e-05
3.75709151022555e-05
3.75704445835942e-05
3.75699740767179e-05
3.7569503581626e-05
3.75690330983182e-05
3.75685626267939e-05
3.75680921670528e-05
3.75676217190944e-05
3.75671512829182e-05
3.75666808585239e-05
3.75662104459109e-05
3.75657400450789e-05
3.75652696560273e-05
3.75647992787559e-05
3.7564328913264e-05
3.75638585595512e-05
3.75633882176172e-05
3.75629178874615e-05
3.75624475690836e-05
3.75619772624831e-05
3.75615069676595e-05
3.75610366846125e-05
3.75605664133415e-05
3.75600961538462e-05
3.7559625906126e-05
3.75591556701805e-05
3.75586854460094e-05
3.75582152336121e-05
3.75577450329882e-05
3.75572748441373e-05
3.75568046670589e-05
3.75563345017526e-05
3.7555864348218e-05
3.75553942064545e-05
3.75549240764618e-05
3.75544539582394e-05
3.75539838517869e-05
3.75535137571039e-05
3.75530436741898e-05
3.75525736030443e-05
3.75521035436668e-05
3.75516334960571e-05
3.75511634602145e-05
3.75506934361388e-05
3.75502234238294e-05
3.75497534232859e-05
3.75492834345078e-05
3.75488134574947e-05
3.75483434922463e-05
3.75478735387619e-05
3.75474035970413e-05
3.75469336670839e-05
3.75464637488892e-05
3.7545993842457e-05
3.75455239477867e-05
3.75450540648779e-05
3.75445841937301e-05
3.75441143343429e-05
3.75436444867158e-05
3.75431746508485e-05
3.75427048267404e-05
3.75422350143912e-05
3.75417652138003e-05
3.75412954249675e-05
3.75408256478921e-05
3.75403558825738e-05
3.75398861290121e-05
3.75394163872066e-05
3.75389466571568e-05
3.75384769388623e-05
3.75380072323227e-05
3.75375375375375e-05
3.75370678545063e-05
3.75365981832286e-05
3.75361285237041e-05
3.75356588759321e-05
3.75351892399124e-05
3.75347196156445e-05
3.75342500031279e-05
3.75337804023621e-05
3.75333108133468e-05
3.75328412360816e-05
3.75323716705659e-05
3.75319021167993e-05
3.75314325747814e-05
3.75309630445117e-05
3.75304935259899e-05
3.75300240192154e-05
3.75295545241878e-05
3.75290850409067e-05
3.75286155693716e-05
3.75281461095822e-05
3.75276766615379e-05
3.75272072252383e-05
3.7526737800683e-05
3.75262683878715e-05
3.75257989868034e-05
3.75253295974783e-05
3.75248602198957e-05
3.75243908540551e-05
3.75239214999562e-05
3.75234521575985e-05
3.75229828269815e-05
3.75225135081049e-05
3.75220442009681e-05
3.75215749055707e-05
3.75211056219123e-05
3.75206363499925e-05
3.75201670898108e-05
3.75196978413667e-05
3.75192286046599e-05
3.75187593796898e-05
3.75182901664561e-05
3.75178209649584e-05
3.7517351775196e-05
3.75168825971687e-05
3.7516413430876e-05
3.75159442763174e-05
3.75154751334926e-05
3.7515006002401e-05
3.75145368830422e-05
3.75140677754158e-05
3.75135986795213e-05
3.75131295953584e-05
3.75126605229265e-05
3.75121914622252e-05
3.75117224132541e-05
3.75112533760128e-05
3.75107843505008e-05
3.75103153367176e-05
3.75098463346629e-05
3.75093773443361e-05
3.75089083657369e-05
3.75084393988647e-05
3.75079704437193e-05
3.75075015003001e-05
3.75070325686066e-05
3.75065636486385e-05
3.75060947403953e-05
3.75056258438766e-05
3.75051569590819e-05
3.75046880860107e-05
3.75042192246628e-05
3.75037503750375e-05
3.75032815371345e-05
3.75028127109533e-05
3.75023438964935e-05
3.75018750937547e-05
3.75014063027364e-05
3.75009375234381e-05
3.75004687558594e-05
3.75e-05
3.74995312558593e-05
3.74990625234369e-05
3.74985938027324e-05
3.74981250937453e-05
3.74976563964752e-05
3.74971877109217e-05
3.74967190370843e-05
3.74962503749625e-05
3.7495781724556e-05
3.74953130858643e-05
3.74948444588869e-05
3.74943758436235e-05
3.74939072400735e-05
3.74934386482366e-05
3.74929700681122e-05
3.74925014997001e-05
3.74920329429996e-05
3.74915643980104e-05
3.74910958647321e-05
3.74906273431642e-05
3.74901588333063e-05
3.74896903351578e-05
3.74892218487185e-05
3.74887533739878e-05
3.74882849109653e-05
3.74878164596506e-05
3.74873480200432e-05
3.74868795921427e-05
3.74864111759487e-05
3.74859427714607e-05
3.74854743786783e-05
3.7485005997601e-05
3.74845376282284e-05
3.748406927056e-05
3.74836009245955e-05
3.74831325903343e-05
3.74826642677762e-05
3.74821959569205e-05
3.74817276577668e-05
3.74812593703148e-05
3.7480791094564e-05
3.7480322830514e-05
3.74798545781642e-05
3.74793863375144e-05
3.74789181085639e-05
3.74784498913125e-05
3.74779816857596e-05
3.74775134919049e-05
3.74770453097478e-05
3.74765771392879e-05
3.74761089805249e-05
3.74756408334583e-05
3.74751726980875e-05
3.74747045744123e-05
3.74742364624321e-05
3.74737683621465e-05
3.74733002735551e-05
3.74728321966574e-05
3.74723641314531e-05
3.74718960779415e-05
3.74714280361225e-05
3.74709600059954e-05
3.74704919875598e-05
3.74700239808153e-05
3.74695559857616e-05
3.7469088002398e-05
3.74686200307243e-05
3.74681520707399e-05
3.74676841224444e-05
3.74672161858374e-05
3.74667482609184e-05
3.74662803476871e-05
3.74658124461429e-05
3.74653445562854e-05
3.74648766781143e-05
3.7464408811629e-05
3.74639409568291e-05
3.74634731137141e-05
3.74630052822837e-05
3.74625374625375e-05
3.74620696544748e-05
3.74616018580955e-05
3.74611340733988e-05
3.74606663003846e-05
3.74601985390523e-05
3.74597307894014e-05
3.74592630514316e-05
3.74587953251423e-05
3.74583276105333e-05
3.74578599076039e-05
3.74573922163539e-05
3.74569245367827e-05
3.74564568688899e-05
3.74559892126751e-05
3.74555215681378e-05
3.74550539352777e-05
3.74545863140942e-05
3.74541187045869e-05
3.74536511067554e-05
3.74531835205993e-05
3.7452715946118e-05
3.74522483833113e-05
3.74517808321786e-05
3.74513132927195e-05
3.74508457649335e-05
3.74503782488203e-05
3.74499107443794e-05
3.74494432516103e-05
3.74489757705127e-05
3.7448508301086e-05
3.74480408433299e-05
3.74475733972439e-05
3.74471059628275e-05
3.74466385400804e-05
3.74461711290021e-05
3.74457037295921e-05
3.744523634185e-05
3.74447689657755e-05
3.7444301601368e-05
3.74438342486271e-05
3.74433669075523e-05
3.74428995781433e-05
3.74424322603996e-05
3.74419649543208e-05
3.74414976599064e-05
3.7441030377156e-05
3.74405631060691e-05
3.74400958466454e-05
3.74396285988843e-05
3.74391613627855e-05
3.74386941383485e-05
3.74382269255728e-05
3.74377597244581e-05
3.74372925350039e-05
3.74368253572097e-05
3.74363581910752e-05
3.74358910365998e-05
3.74354238937832e-05
3.74349567626249e-05
3.74344896431245e-05
3.74340225352816e-05
3.74335554390956e-05
3.74330883545662e-05
3.7432621281693e-05
3.74321542204754e-05
3.74316871709131e-05
3.74312201330056e-05
3.74307531067525e-05
3.74302860921534e-05
3.74298190892077e-05
3.74293520979152e-05
3.74288851182753e-05
3.74284181502876e-05
3.74279511939516e-05
3.7427484249267e-05
3.74270173162333e-05
3.74265503948501e-05
3.74260834851169e-05
3.74256165870333e-05
3.74251497005988e-05
3.7424682825813e-05
3.74242159626756e-05
3.7423749111186e-05
3.74232822713437e-05
3.74228154431485e-05
3.74223486265998e-05
3.74218818216972e-05
3.74214150284403e-05
3.74209482468286e-05
3.74204814768617e-05
3.74200147185391e-05
3.74195479718605e-05
3.74190812368254e-05
3.74186145134333e-05
3.74181478016838e-05
3.74176811015765e-05
3.7417214413111e-05
3.74167477362868e-05
3.74162810711034e-05
3.74158144175605e-05
3.74153477756576e-05
3.74148811453942e-05
3.741441452677e-05
3.74139479197845e-05
3.74134813244372e-05
3.74130147407278e-05
3.74125481686558e-05
3.74120816082207e-05
3.74116150594221e-05
3.74111485222596e-05
3.74106819967328e-05
3.74102154828412e-05
3.74097489805843e-05
3.74092824899618e-05
3.74088160109733e-05
3.74083495436181e-05
3.74078830878961e-05
3.74074166438066e-05
3.74069502113493e-05
3.74064837905237e-05
3.74060173813294e-05
3.7405550983766e-05
3.7405084597833e-05
3.740461822353e-05
3.74041518608566e-05
3.74036855098122e-05
3.74032191703966e-05
3.74027528426092e-05
3.74022865264497e-05
3.74018202219175e-05
3.74013539290122e-05
3.74008876477335e-05
3.74004213780809e-05
3.73999551200539e-05
3.73994888736521e-05
3.7399022638875e-05
3.73985564157224e-05
3.73980902041936e-05
3.73976240042883e-05
3.7397157816006e-05
3.73966916393463e-05
3.73962254743088e-05
3.7395759320893e-05
3.73952931790985e-05
3.73948270489249e-05
3.73943609303717e-05
3.73938948234385e-05
3.73934287281248e-05
3.73929626444303e-05
3.73924965723545e-05
3.73920305118969e-05
3.73915644630571e-05
3.73910984258348e-05
3.73906324002293e-05
3.73901663862404e-05
3.73897003838676e-05
3.73892343931104e-05
3.73887684139684e-05
3.73883024464413e-05
3.73878364905284e-05
3.73873705462295e-05
3.7386904613544e-05
3.73864386924716e-05
3.73859727830118e-05
3.73855068851642e-05
3.73850409989283e-05
3.73845751243037e-05
3.738410926129e-05
3.73836434098867e-05
3.73831775700935e-05
3.73827117419098e-05
3.73822459253352e-05
3.73817801203693e-05
3.73813143270117e-05
3.7380848545262e-05
3.73803827751196e-05
3.73799170165842e-05
3.73794512696554e-05
3.73789855343326e-05
3.73785198106155e-05
3.73780540985036e-05
3.73775883979966e-05
3.73771227090939e-05
3.73766570317951e-05
3.73761913660998e-05
3.73757257120076e-05
3.7375260069518e-05
3.73747944386306e-05
3.7374328819345e-05
3.73738632116606e-05
3.73733976155772e-05
3.73729320310943e-05
3.73724664582114e-05
3.7372000896928e-05
3.73715353472438e-05
3.73710698091584e-05
3.73706042826712e-05
3.7370138767782e-05
3.73696732644901e-05
3.73692077727952e-05
3.73687422926969e-05
3.73682768241947e-05
3.73678113672882e-05
3.7367345921977e-05
3.73668804882606e-05
3.73664150661386e-05
3.73659496556105e-05
3.7365484256676e-05
3.73650188693345e-05
3.73645534935858e-05
3.73640881294292e-05
3.73636227768644e-05
3.7363157435891e-05
3.73626921065086e-05
3.73622267887166e-05
3.73617614825147e-05
3.73612961879024e-05
3.73608309048793e-05
3.7360365633445e-05
3.7359900373599e-05
3.73594351253409e-05
3.73589698886703e-05
3.73585046635867e-05
3.73580394500897e-05
3.73575742481788e-05
3.73571090578537e-05
3.73566438791139e-05
3.7356178711959e-05
3.73557135563885e-05
3.73552484124019e-05
3.7354783279999e-05
3.73543181591792e-05
3.73538530499421e-05
3.73533879522873e-05
3.73529228662143e-05
3.73524577917227e-05
3.73519927288121e-05
3.7351527677482e-05
3.7351062637732e-05
3.73505976095618e-05
3.73501325929707e-05
3.73496675879585e-05
3.73492025945246e-05
3.73487376126687e-05
3.73482726423903e-05
3.7347807683689e-05
3.73473427365643e-05
3.73468778010158e-05
3.73464128770432e-05
3.73459479646458e-05
3.73454830638234e-05
3.73450181745755e-05
3.73445532969016e-05
3.73440884308014e-05
3.73436235762743e-05
3.73431587333201e-05
3.73426939019381e-05
3.7342229082128e-05
3.73417642738894e-05
3.73412994772218e-05
3.73408346921248e-05
3.7340369918598e-05
3.73399051566409e-05
3.73394404062531e-05
3.73389756674342e-05
3.73385109401837e-05
3.73380462245012e-05
3.73375815203863e-05
3.73371168278386e-05
3.73366521468575e-05
3.73361874774427e-05
3.73357228195938e-05
3.73352581733103e-05
3.73347935385917e-05
3.73343289154377e-05
3.73338643038479e-05
3.73333997038217e-05
3.73329351153588e-05
3.73324705384587e-05
3.7332005973121e-05
3.73315414193452e-05
3.7331076877131e-05
3.73306123464779e-05
3.73301478273854e-05
3.73296833198532e-05
3.73292188238807e-05
3.73287543394677e-05
3.73282898666136e-05
3.7327825405318e-05
3.73273609555804e-05
3.73268965174006e-05
3.73264320907779e-05
3.7325967675712e-05
3.73255032722025e-05
3.73250388802488e-05
3.73245744998507e-05
3.73241101310076e-05
3.73236457737192e-05
3.73231814279849e-05
3.73227170938044e-05
3.73222527711773e-05
3.7321788460103e-05
3.73213241605812e-05
3.73208598726115e-05
3.73203955961933e-05
3.73199313313263e-05
3.73194670780101e-05
3.73190028362442e-05
3.73185386060282e-05
3.73180743873616e-05
3.73176101802441e-05
3.73171459846751e-05
3.73166818006543e-05
3.73162176281812e-05
3.73157534672554e-05
3.73152893178765e-05
3.7314825180044e-05
3.73143610537576e-05
3.73138969390167e-05
3.73134328358209e-05
3.73129687441698e-05
3.73125046640631e-05
3.73120405955002e-05
3.73115765384807e-05
3.73111124930042e-05
3.73106484590702e-05
3.73101844366784e-05
3.73097204258283e-05
3.73092564265194e-05
3.73087924387514e-05
3.73083284625238e-05
3.73078644978361e-05
3.7307400544688e-05
3.73069366030791e-05
3.73064726730088e-05
3.73060087544767e-05
3.73055448474825e-05
3.73050809520257e-05
3.73046170681058e-05
3.73041531957225e-05
3.73036893348752e-05
3.73032254855637e-05
3.73027616477873e-05
3.73022978215458e-05
3.73018340068387e-05
3.73013702036655e-05
3.73009064120258e-05
3.73004426319192e-05
3.72999788633453e-05
3.72995151063036e-05
3.72990513607937e-05
3.72985876268152e-05
3.72981239043676e-05
3.72976601934505e-05
3.72971964940635e-05
3.72967328062062e-05
3.7296269129878e-05
3.72958054650787e-05
3.72953418118077e-05
3.72948781700646e-05
3.72944145398491e-05
3.72939509211606e-05
3.72934873139987e-05
3.72930237183631e-05
3.72925601342532e-05
3.72920965616687e-05
3.72916330006091e-05
3.7291169451074e-05
3.72907059130629e-05
3.72902423865755e-05
3.72897788716113e-05
3.72893153681698e-05
3.72888518762507e-05
3.72883883958535e-05
3.72879249269778e-05
3.72874614696231e-05
3.72869980237891e-05
3.72865345894753e-05
3.72860711666812e-05
3.72856077554064e-05
3.72851443556506e-05
3.72846809674132e-05
3.72842175906939e-05
3.72837542254921e-05
3.72832908718076e-05
3.72828275296398e-05
3.72823641989884e-05
3.72819008798529e-05
3.72814375722328e-05
3.72809742761277e-05
3.72805109915373e-05
3.72800477184611e-05
3.72795844568986e-05
3.72791212068494e-05
3.72786579683131e-05
3.72781947412893e-05
3.72777315257776e-05
3.72772683217774e-05
3.72768051292884e-05
3.72763419483101e-05
3.72758787788422e-05
3.72754156208842e-05
3.72749524744356e-05
3.72744893394961e-05
3.72740262160651e-05
3.72735631041423e-05
3.72731000037273e-05
3.72726369148196e-05
3.72721738374188e-05
3.72717107715244e-05
3.72712477171361e-05
3.72707846742533e-05
3.72703216428758e-05
3.7269858623003e-05
3.72693956146344e-05
3.72689326177698e-05
3.72684696324087e-05
3.72680066585505e-05
3.7267543696195e-05
3.72670807453416e-05
3.726661780599e-05
3.72661548781397e-05
3.72656919617902e-05
3.72652290569413e-05
3.72647661635923e-05
3.7264303281743e-05
3.72638404113928e-05
3.72633775525414e-05
3.72629147051882e-05
3.7262451869333e-05
3.72619890449752e-05
3.72615262321145e-05
3.72610634307503e-05
3.72606006408823e-05
3.72601378625101e-05
3.72596750956332e-05
3.72592123402511e-05
3.72587495963635e-05
3.725828686397e-05
3.725782414307e-05
3.72573614336633e-05
3.72568987357492e-05
3.72564360493275e-05
3.72559733743977e-05
3.72555107109593e-05
3.7255048059012e-05
3.72545854185553e-05
3.72541227895887e-05
3.72536601721119e-05
3.72531975661244e-05
3.72527349716258e-05
3.72522723886157e-05
3.72518098170936e-05
3.72513472570591e-05
3.72508847085118e-05
3.72504221714513e-05
3.7249959645877e-05
3.72494971317887e-05
3.72490346291859e-05
3.7248572138068e-05
3.72481096584348e-05
3.72476471902858e-05
3.72471847336205e-05
3.72467222884386e-05
3.72462598547396e-05
3.7245797432523e-05
3.72453350217885e-05
3.72448726225356e-05
3.72444102347639e-05
3.7243947858473e-05
3.72434854936624e-05
3.72430231403317e-05
3.72425607984805e-05
3.72420984681083e-05
3.72416361492148e-05
3.72411738417995e-05
3.72407115458619e-05
3.72402492614017e-05
3.72397869884184e-05
3.72393247269116e-05
3.72388624768809e-05
3.72384002383258e-05
3.72379380112459e-05
3.72374757956407e-05
3.723701359151e-05
3.72365513988531e-05
3.72360892176698e-05
3.72356270479595e-05
3.72351648897219e-05
3.72347027429564e-05
3.72342406076628e-05
3.72337784838405e-05
3.72333163714892e-05
3.72328542706084e-05
3.72323921811976e-05
3.72319301032566e-05
3.72314680367847e-05
3.72310059817816e-05
3.72305439382469e-05
3.72300819061802e-05
3.7229619885581e-05
3.72291578764488e-05
3.72286958787834e-05
3.72282338925841e-05
3.72277719178507e-05
3.72273099545827e-05
3.72268480027796e-05
3.72263860624411e-05
3.72259241335666e-05
3.72254622161558e-05
3.72250003102083e-05
3.72245384157236e-05
3.72240765327014e-05
3.7223614661141e-05
3.72231528010423e-05
3.72226909524046e-05
3.72222291152276e-05
3.72217672895109e-05
3.7221305475254e-05
3.72208436724566e-05
3.72203818811181e-05
3.72199201012382e-05
3.72194583328164e-05
3.72189965758523e-05
3.72185348303455e-05
3.72180730962956e-05
3.7217611373702e-05
3.72171496625645e-05
3.72166879628826e-05
3.72162262746557e-05
3.72157645978837e-05
3.72153029325659e-05
3.72148412787019e-05
3.72143796362915e-05
3.7213918005334e-05
3.72134563858291e-05
3.72129947777764e-05
3.72125331811754e-05
3.72120715960257e-05
3.7211610022327e-05
3.72111484600786e-05
3.72106869092803e-05
3.72102253699317e-05
3.72097638420321e-05
3.72093023255814e-05
3.7208840820579e-05
3.72083793270244e-05
3.72079178449174e-05
3.72074563742574e-05
3.7206994915044e-05
3.72065334672769e-05
3.72060720309554e-05
3.72056106060794e-05
3.72051491926483e-05
3.72046877906616e-05
3.72042264001191e-05
3.72037650210201e-05
3.72033036533644e-05
3.72028422971515e-05
3.7202380952381e-05
3.72019196190523e-05
3.72014582971653e-05
3.72009969867192e-05
3.72005356877139e-05
3.72000744001488e-05
3.71996131240235e-05
3.71991518593376e-05
3.71986906060907e-05
3.71982293642823e-05
3.7197768133912e-05
3.71973069149794e-05
3.7196845707484e-05
3.71963845114255e-05
3.71959233268034e-05
3.71954621536173e-05
3.71950009918667e-05
3.71945398415513e-05
3.71940787026705e-05
3.71936175752241e-05
3.71931564592115e-05
3.71926953546324e-05
3.71922342614862e-05
3.71917731797726e-05
3.71913121094912e-05
3.71908510506415e-05
3.71903900032232e-05
3.71899289672357e-05
3.71894679426786e-05
3.71890069295516e-05
3.71885459278542e-05
3.7188084937586e-05
3.71876239587465e-05
3.71871629913354e-05
3.71867020353522e-05
3.71862410907964e-05
3.71857801576677e-05
3.71853192359656e-05
3.71848583256898e-05
3.71843974268397e-05
3.7183936539415e-05
3.71834756634152e-05
3.71830147988399e-05
3.71825539456887e-05
3.71820931039611e-05
3.71816322736568e-05
3.71811714547753e-05
3.71807106473162e-05
3.7180249851279e-05
3.71797890666634e-05
3.71793282934688e-05
3.7178867531695e-05
3.71784067813414e-05
3.71779460424076e-05
3.71774853148933e-05
3.71770245987979e-05
3.71765638941211e-05
3.71761032008625e-05
3.71756425190215e-05
3.71751818485979e-05
3.71747211895911e-05
3.71742605420007e-05
3.71737999058264e-05
3.71733392810676e-05
3.7172878667724e-05
3.71724180657952e-05
3.71719574752806e-05
3.717149689618e-05
3.71710363284928e-05
3.71705757722187e-05
3.71701152273572e-05
3.71696546939079e-05
3.71691941718704e-05
3.71687336612442e-05
3.71682731620289e-05
3.71678126742241e-05
3.71673521978294e-05
3.71668917328444e-05
3.71664312792686e-05
3.71659708371015e-05
3.71655104063429e-05
3.71650499869922e-05
3.71645895790491e-05
3.7164129182513e-05
3.71636687973837e-05
3.71632084236606e-05
3.71627480613433e-05
3.71622877104315e-05
3.71618273709246e-05
3.71613670428223e-05
3.71609067261241e-05
3.71604464208297e-05
3.71599861269385e-05
3.71595258444502e-05
3.71590655733644e-05
3.71586053136806e-05
3.71581450653983e-05
3.71576848285173e-05
3.7157224603037e-05
3.7156764388957e-05
3.71563041862769e-05
3.71558439949963e-05
3.71553838151148e-05
3.71549236466319e-05
3.71544634895472e-05
3.71540033438603e-05
3.71535432095708e-05
3.71530830866781e-05
3.7152622975182e-05
3.7152162875082e-05
3.71517027863777e-05
3.71512427090686e-05
3.71507826431543e-05
3.71503225886345e-05
3.71498625455086e-05
3.71494025137762e-05
3.7148942493437e-05
3.71484824844905e-05
3.71480224869363e-05
3.71475625007739e-05
3.7147102526003e-05
3.71466425626231e-05
3.71461826106337e-05
3.71457226700345e-05
3.71452627408251e-05
3.7144802823005e-05
3.71443429165738e-05
3.71438830215311e-05
3.71434231378764e-05
3.71429632656093e-05
3.71425034047295e-05
3.71420435552364e-05
3.71415837171297e-05
3.71411238904089e-05
3.71406640750737e-05
3.71402042711235e-05
3.7139744478558e-05
3.71392846973767e-05
3.71388249275793e-05
3.71383651691653e-05
3.71379054221342e-05
3.71374456864857e-05
3.71369859622193e-05
3.71365262493346e-05
3.71360665478313e-05
3.71356068577087e-05
3.71351471789667e-05
3.71346875116046e-05
3.71342278556221e-05
3.71337682110188e-05
3.71333085777943e-05
3.71328489559481e-05
3.71323893454797e-05
3.71319297463889e-05
3.71314701586751e-05
3.7131010582338e-05
3.71305510173771e-05
3.7130091463792e-05
3.71296319215822e-05
3.71291723907474e-05
3.71287128712871e-05
3.7128253363201e-05
3.71277938664885e-05
3.71273343811492e-05
3.71268749071828e-05
3.71264154445888e-05
3.71259559933668e-05
3.71254965535164e-05
3.71250371250371e-05
3.71245777079286e-05
3.71241183021903e-05
3.7123658907822e-05
3.7123199524823e-05
3.71227401531932e-05
3.71222807929319e-05
3.71218214440389e-05
3.71213621065136e-05
3.71209027803556e-05
3.71204434655646e-05
3.71199841621401e-05
3.71195248700817e-05
3.71190655893889e-05
3.71186063200614e-05
3.71181470620987e-05
3.71176878155003e-05
3.7117228580266e-05
3.71167693563952e-05
3.71163101438876e-05
3.71158509427426e-05
3.711539175296e-05
3.71149325745392e-05
3.71144734074798e-05
3.71140142517815e-05
3.71135551074437e-05
3.71130959744662e-05
3.71126368528484e-05
3.71121777425899e-05
3.71117186436904e-05
3.71112595561493e-05
3.71108004799664e-05
3.7110341415141e-05
3.71098823616729e-05
3.71094233195616e-05
3.71089642888067e-05
3.71085052694077e-05
3.71080462613643e-05
3.71075872646761e-05
3.71071282793425e-05
3.71066693053632e-05
3.71062103427377e-05
3.71057513914657e-05
3.71052924515467e-05
3.71048335229803e-05
3.7104374605766e-05
3.71039156999035e-05
3.71034568053924e-05
3.71029979222321e-05
3.71025390504224e-05
3.71020801899627e-05
3.71016213408526e-05
3.71011625030918e-05
3.71007036766797e-05
3.71002448616161e-05
3.70997860579004e-05
3.70993272655323e-05
3.70988684845112e-05
3.70984097148369e-05
3.70979509565088e-05
3.70974922095266e-05
3.70970334738899e-05
3.70965747495981e-05
3.7096116036651e-05
3.7095657335048e-05
3.70951986447887e-05
3.70947399658728e-05
3.70942812982998e-05
3.70938226420693e-05
3.70933639971809e-05
3.70929053636341e-05
3.70924467414286e-05
3.70919881305638e-05
3.70915295310394e-05
3.7091070942855e-05
3.70906123660102e-05
3.70901538005044e-05
3.70896952463374e-05
3.70892367035086e-05
3.70887781720178e-05
3.70883196518643e-05
3.70878611430479e-05
3.70874026455681e-05
3.70869441594244e-05
3.70864856846165e-05
3.7086027221144e-05
3.70855687690064e-05
3.70851103282032e-05
3.70846518987342e-05
3.70841934805988e-05
3.70837350737966e-05
3.70832766783273e-05
3.70828182941904e-05
3.70823599213854e-05
3.7081901559912e-05
3.70814432097697e-05
3.70809848709582e-05
3.70805265434769e-05
3.70800682273255e-05
3.70796099225036e-05
3.70791516290107e-05
3.70786933468465e-05
3.70782350760104e-05
3.70777768165021e-05
3.70773185683211e-05
3.70768603314671e-05
3.70764021059396e-05
3.70759438917382e-05
3.70754856888625e-05
3.70750274973121e-05
3.70745693170864e-05
3.70741111481852e-05
3.7073652990608e-05
3.70731948443544e-05
3.70727367094239e-05
3.70722785858161e-05
3.70718204735307e-05
3.70713623725672e-05
3.70709042829251e-05
3.70704462046042e-05
3.70699881376038e-05
3.70695300819237e-05
3.70690720375633e-05
3.70686140045224e-05
3.70681559828004e-05
3.70676979723969e-05
3.70672399733116e-05
3.7066781985544e-05
3.70663240090936e-05
3.70658660439601e-05
3.70654080901431e-05
3.70649501476421e-05
3.70644922164566e-05
3.70640342965864e-05
3.70635763880309e-05
3.70631184907898e-05
3.70626606048626e-05
3.70622027302489e-05
3.70617448669483e-05
3.70612870149604e-05
3.70608291742847e-05
3.70603713449209e-05
3.70599135268684e-05
3.7059455720127e-05
3.70589979246961e-05
3.70585401405754e-05
3.70580823677644e-05
3.70576246062627e-05
3.705716685607e-05
3.70567091171857e-05
3.70562513896094e-05
3.70557936733408e-05
3.70553359683794e-05
3.70548782747249e-05
3.70544205923767e-05
3.70539629213344e-05
3.70535052615977e-05
3.70530476131662e-05
3.70525899760393e-05
3.70521323502168e-05
3.70516747356981e-05
3.70512171324828e-05
3.70507595405706e-05
3.7050301959961e-05
3.70498443906536e-05
3.70493868326479e-05
3.70489292859436e-05
3.70484717505403e-05
3.70480142264375e-05
3.70475567136347e-05
3.70470992121317e-05
3.70466417219279e-05
3.7046184243023e-05
3.70457267754165e-05
3.7045269319108e-05
3.7044811874097e-05
3.70443544403833e-05
3.70438970179663e-05
3.70434396068456e-05
3.70429822070209e-05
3.70425248184916e-05
3.70420674412575e-05
3.70416100753179e-05
3.70411527206727e-05
3.70406953773212e-05
3.70402380452632e-05
3.70397807244981e-05
3.70393234150256e-05
3.70388661168453e-05
3.70384088299567e-05
3.70379515543594e-05
3.7037494290053e-05
3.7037037037037e-05
3.70365797953112e-05
3.70361225648749e-05
3.70356653457279e-05
3.70352081378697e-05
3.70347509412999e-05
3.70342937560181e-05
3.70338365820238e-05
3.70333794193166e-05
3.70329222678962e-05
3.7032465127762e-05
3.70320079989137e-05
3.70315508813509e-05
3.70310937750731e-05
3.703063668008e-05
3.7030179596371e-05
3.70297225239459e-05
3.70292654628041e-05
3.70288084129453e-05
3.7028351374369e-05
3.70278943470748e-05
3.70274373310623e-05
3.70269803263311e-05
3.70265233328808e-05
3.70260663507109e-05
3.7025609379821e-05
3.70251524202108e-05
3.70246954718797e-05
3.70242385348275e-05
3.70237816090535e-05
3.70233246945576e-05
3.70228677913391e-05
3.70224108993978e-05
3.70219540187331e-05
3.70214971493447e-05
3.70210402912322e-05
3.70205834443951e-05
3.7020126608833e-05
3.70196697845455e-05
3.70192129715322e-05
3.70187561697927e-05
3.70182993793265e-05
3.70178426001333e-05
3.70173858322125e-05
3.70169290755639e-05
3.70164723301869e-05
3.70160155960812e-05
3.70155588732464e-05
3.7015102161682e-05
3.70146454613876e-05
3.70141887723627e-05
3.70137320946071e-05
3.70132754281202e-05
3.70128187729017e-05
3.70123621289511e-05
3.7011905496268e-05
3.7011448874852e-05
3.70109922647026e-05
3.70105356658195e-05
3.70100790782023e-05
3.70096225018505e-05
3.70091659367637e-05
3.70087093829414e-05
3.70082528403834e-05
3.70077963090891e-05
3.70073397890582e-05
3.70068832802901e-05
3.70064267827846e-05
3.70059702965412e-05
3.70055138215594e-05
3.70050573578389e-05
3.70046009053792e-05
3.700414446418e-05
3.70036880342407e-05
3.70032316155611e-05
3.70027752081406e-05
3.70023188119789e-05
3.70018624270755e-05
3.700140605343e-05
3.70009496910421e-05
3.70004933399112e-05
3.7000037000037e-05
3.69995806714191e-05
3.6999124354057e-05
3.69986680479503e-05
3.69982117530986e-05
3.69977554695015e-05
3.69972991971586e-05
3.69968429360695e-05
3.69963866862336e-05
3.69959304476508e-05
3.69954742203204e-05
3.69950180042421e-05
3.69945617994155e-05
3.69941056058401e-05
3.69936494235156e-05
3.69931932524416e-05
3.69927370926175e-05
3.6992280944043e-05
3.69918248067177e-05
3.69913686806412e-05
3.6990912565813e-05
3.69904564622327e-05
3.69900003699e-05
3.69895442888144e-05
3.69890882189754e-05
3.69886321603827e-05
3.69881761130359e-05
3.69877200769345e-05
3.69872640520781e-05
3.69868080384663e-05
3.69863520360987e-05
3.69858960449749e-05
3.69854400650944e-05
3.69849840964568e-05
3.69845281390618e-05
3.69840721929089e-05
3.69836162579977e-05
3.69831603343278e-05
3.69827044218987e-05
3.69822485207101e-05
3.69817926307615e-05
3.69813367520525e-05
3.69808808845827e-05
3.69804250283517e-05
3.6979969183359e-05
3.69795133496043e-05
3.69790575270872e-05
3.69786017158071e-05
3.69781459157638e-05
3.69776901269567e-05
3.69772343493856e-05
3.69767785830498e-05
3.69763228279492e-05
3.69758670840831e-05
3.69754113514513e-05
3.69749556300532e-05
3.69744999198886e-05
3.69740442209569e-05
3.69735885332577e-05
3.69731328567907e-05
3.69726771915554e-05
3.69722215375515e-05
3.69717658947784e-05
3.69713102632357e-05
3.69708546429232e-05
3.69703990338402e-05
3.69699434359865e-05
3.69694878493617e-05
3.69690322739652e-05
3.69685767097967e-05
3.69681211568557e-05
3.6967665615142e-05
3.69672100846549e-05
3.69667545653942e-05
3.69662990573594e-05
3.696584356055e-05
3.69653880749658e-05
3.69649326006062e-05
3.69644771374709e-05
3.69640216855594e-05
3.69635662448713e-05
3.69631108154062e-05
3.69626553971637e-05
3.69621999901434e-05
3.69617445943449e-05
3.69612892097676e-05
3.69608338364113e-05
3.69603784742756e-05
3.69599231233599e-05
3.69594677836639e-05
3.69590124551872e-05
3.69585571379293e-05
3.69581018318899e-05
3.69576465370685e-05
3.69571912534647e-05
3.69567359810781e-05
3.69562807199083e-05
3.69558254699549e-05
3.69553702312174e-05
3.69549150036955e-05
3.69544597873887e-05
3.69540045822966e-05
3.69535493884188e-05
3.69530942057548e-05
3.69526390343044e-05
3.6952183874067e-05
3.69517287250422e-05
3.69512735872296e-05
3.69508184606289e-05
3.69503633452396e-05
3.69499082410612e-05
3.69494531480934e-05
3.69489980663358e-05
3.69485429957879e-05
3.69480879364493e-05
3.69476328883196e-05
3.69471778513984e-05
3.69467228256854e-05
3.69462678111799e-05
3.69458128078818e-05
3.69453578157904e-05
3.69449028349055e-05
3.69444478652267e-05
3.69439929067534e-05
3.69435379594853e-05
3.69430830234219e-05
3.69426280985629e-05
3.69421731849079e-05
3.69417182824564e-05
3.6941263391208e-05
3.69408085111623e-05
3.69403536423189e-05
3.69398987846773e-05
3.69394439382373e-05
3.69389891029982e-05
3.69385342789598e-05
3.69380794661216e-05
3.69376246644832e-05
3.69371698740442e-05
3.69367150948042e-05
3.69362603267628e-05
3.69358055699195e-05
3.69353508242739e-05
3.69348960898257e-05
3.69344413665743e-05
3.69339866545195e-05
3.69335319536607e-05
3.69330772639976e-05
3.69326225855298e-05
3.69321679182568e-05
3.69317132621782e-05
3.69312586172937e-05
3.69308039836027e-05
3.6930349361105e-05
3.69298947498e-05
3.69294401496873e-05
3.69289855607666e-05
3.69285309830375e-05
3.69280764164995e-05
3.69276218611521e-05
3.69271673169951e-05
3.6926712784028e-05
3.69262582622503e-05
3.69258037516617e-05
3.69253492522617e-05
3.69248947640499e-05
3.6924440287026e-05
3.69239858211894e-05
3.69235313665399e-05
3.69230769230769e-05
3.69226224908001e-05
3.69221680697091e-05
3.69217136598033e-05
3.69212592610825e-05
3.69208048735462e-05
3.69203504971941e-05
3.69198961320255e-05
3.69194417780403e-05
3.69189874352379e-05
3.6918533103618e-05
3.69180787831801e-05
3.69176244739239e-05
3.69171701758488e-05
3.69167158889545e-05
3.69162616132406e-05
3.69158073487067e-05
3.69153530953524e-05
3.69148988531771e-05
3.69144446221807e-05
3.69139904023625e-05
3.69135361937222e-05
3.69130819962595e-05
3.69126278099738e-05
3.69121736348648e-05
3.6911719470932e-05
3.69112653181751e-05
3.69108111765936e-05
3.69103570461872e-05
3.69099029269553e-05
3.69094488188976e-05
3.69089947220138e-05
3.69085406363032e-05
3.69080865617657e-05
3.69076324984007e-05
3.69071784462078e-05
3.69067244051866e-05
3.69062703753368e-05
3.69058163566578e-05
3.69053623491493e-05
3.69049083528109e-05
3.69044543676422e-05
3.69040003936427e-05
3.6903546430812e-05
3.69030924791498e-05
3.69026385386555e-05
3.69021846093289e-05
3.69017306911694e-05
3.69012767841767e-05
3.69008228883504e-05
3.690036900369e-05
3.68999151301952e-05
3.68994612678655e-05
3.68990074167005e-05
3.68985535766998e-05
3.6898099747863e-05
3.68976459301897e-05
3.68971921236794e-05
3.68967383283318e-05
3.68962845441464e-05
3.68958307711229e-05
3.68953770092607e-05
3.68949232585596e-05
3.68944695190191e-05
3.68940157906388e-05
3.68935620734182e-05
3.6893108367357e-05
3.68926546724547e-05
3.6892200988711e-05
3.68917473161254e-05
3.68912936546975e-05
3.68908400044269e-05
3.68903863653132e-05
3.6889932737356e-05
3.68894791205548e-05
3.68890255149093e-05
3.68885719204191e-05
3.68881183370836e-05
3.68876647649026e-05
3.68872112038756e-05
3.68867576540022e-05
3.6886304115282e-05
3.68858505877146e-05
3.68853970712995e-05
3.68849435660363e-05
3.68844900719248e-05
3.68840365889643e-05
3.68835831171546e-05
3.68831296564951e-05
3.68826762069856e-05
3.68822227686255e-05
3.68817693414145e-05
3.68813159253522e-05
3.68808625204381e-05
3.68804091266719e-05
3.68799557440531e-05
3.68795023725813e-05
3.68790490122561e-05
3.68785956630772e-05
3.68781423250439e-05
3.68776889981561e-05
3.68772356824132e-05
3.68767823778149e-05
3.68763290843608e-05
3.68758758020503e-05
3.68754225308832e-05
3.68749692708589e-05
3.68745160219772e-05
3.68740627842376e-05
3.68736095576396e-05
3.68731563421829e-05
3.6872703137867e-05
3.68722499446916e-05
3.68717967626562e-05
3.68713435917605e-05
3.68708904320039e-05
3.68704372833862e-05
3.68699841459068e-05
3.68695310195654e-05
3.68690779043616e-05
3.6868624800295e-05
3.6868171707365e-05
3.68677186255714e-05
3.68672655549138e-05
3.68668124953916e-05
3.68663594470046e-05
3.68659064097523e-05
3.68654533836342e-05
3.686500036865e-05
3.68645473647993e-05
3.68640943720816e-05
3.68636413904966e-05
3.68631884200437e-05
3.68627354607228e-05
3.68622825125332e-05
3.68618295754746e-05
3.68613766495466e-05
3.68609237347488e-05
3.68604708310808e-05
3.68600179385421e-05
3.68595650571323e-05
3.68591121868511e-05
3.68586593276981e-05
3.68582064796727e-05
3.68577536427747e-05
3.68573008170035e-05
3.68568480023588e-05
3.68563951988403e-05
3.68559424064473e-05
3.68554896251797e-05
3.68550368550369e-05
3.68545840960185e-05
3.68541313481241e-05
3.68536786113534e-05
3.68532258857059e-05
3.68527731711811e-05
3.68523204677788e-05
3.68518677754984e-05
3.68514150943396e-05
3.6850962424302e-05
3.68505097653851e-05
3.68500571175885e-05
3.68496044809119e-05
3.68491518553548e-05
3.68486992409168e-05
3.68482466375975e-05
3.68477940453965e-05
3.68473414643133e-05
3.68468888943477e-05
3.68464363354991e-05
3.68459837877671e-05
3.68455312511514e-05
3.68450787256515e-05
3.68446262112671e-05
3.68441737079976e-05
3.68437212158428e-05
3.68432687348022e-05
3.68428162648753e-05
3.68423638060618e-05
3.68419113583613e-05
3.68414589217733e-05
3.68410064962975e-05
3.68405540819334e-05
3.68401016786806e-05
3.68396492865388e-05
3.68391969055075e-05
3.68387445355862e-05
3.68382921767747e-05
3.68378398290724e-05
3.6837387492479e-05
3.68369351669941e-05
3.68364828526172e-05
3.6836030549348e-05
3.6835578257186e-05
3.68351259761308e-05
3.68346737061821e-05
3.68342214473393e-05
3.68337691996022e-05
3.68333169629702e-05
3.68328647374431e-05
3.68324125230203e-05
3.68319603197014e-05
3.68315081274861e-05
3.6831055946374e-05
3.68306037763646e-05
3.68301516174575e-05
3.68296994696523e-05
3.68292473329487e-05
3.68287952073461e-05
3.68283430928443e-05
3.68278909894427e-05
3.6827438897141e-05
3.68269868159387e-05
3.68265347458355e-05
3.6826082686831e-05
3.68256306389247e-05
3.68251786021162e-05
3.68247265764052e-05
3.68242745617911e-05
3.68238225582737e-05
3.68233705658525e-05
3.6822918584527e-05
3.68224666142969e-05
3.68220146551618e-05
3.68215627071213e-05
3.68211107701749e-05
3.68206588443223e-05
3.68202069295629e-05
3.68197550258966e-05
3.68193031333227e-05
3.68188512518409e-05
3.68183993814509e-05
3.68179475221521e-05
3.68174956739443e-05
3.68170438368269e-05
3.68165920107995e-05
3.68161401958619e-05
3.68156883920134e-05
3.68152365992539e-05
3.68147848175827e-05
3.68143330469996e-05
3.68138812875041e-05
3.68134295390959e-05
3.68129778017744e-05
3.68125260755393e-05
3.68120743603902e-05
3.68116226563267e-05
3.68111709633483e-05
3.68107192814548e-05
3.68102676106455e-05
3.68098159509202e-05
3.68093643022785e-05
3.68089126647199e-05
3.6808461038244e-05
3.68080094228504e-05
3.68075578185387e-05
3.68071062253086e-05
3.68066546431595e-05
3.68062030720911e-05
3.6805751512103e-05
3.68052999631947e-05
3.68048484253659e-05
3.68043968986162e-05
3.68039453829451e-05
3.68034938783522e-05
3.68030423848371e-05
3.68025909023995e-05
3.68021394310389e-05
3.68016879707549e-05
3.68012365215471e-05
3.68007850834151e-05
3.68003336563585e-05
3.67998822403768e-05
3.67994308354697e-05
3.67989794416368e-05
3.67985280588776e-05
3.67980766871918e-05
3.67976253265789e-05
3.67971739770386e-05
3.67967226385703e-05
3.67962713111738e-05
3.67958199948486e-05
3.67953686895943e-05
3.67949173954104e-05
3.67944661122967e-05
3.67940148402527e-05
3.67935635792779e-05
3.67931123293719e-05
3.67926610905345e-05
3.67922098627651e-05
3.67917586460633e-05
3.67913074404287e-05
3.6790856245861e-05
3.67904050623597e-05
3.67899538899245e-05
3.67895027285548e-05
3.67890515782503e-05
3.67886004390106e-05
3.67881493108353e-05
3.6787698193724e-05
3.67872470876763e-05
3.67867959926917e-05
3.67863449087699e-05
3.67858938359104e-05
3.67854427741129e-05
3.67849917233769e-05
3.6784540683702e-05
3.67840896550879e-05
3.6783638637534e-05
3.67831876310401e-05
3.67827366356057e-05
3.67822856512304e-05
3.67818346779137e-05
3.67813837156554e-05
3.67809327644549e-05
3.67804818243119e-05
3.67800308952259e-05
3.67795799771967e-05
3.67791290702236e-05
3.67786781743064e-05
3.67782272894446e-05
3.67777764156379e-05
3.67773255528858e-05
3.67768747011879e-05
3.67764238605438e-05
3.67759730309531e-05
3.67755222124154e-05
3.67750714049303e-05
3.67746206084974e-05
3.67741698231162e-05
3.67737190487865e-05
3.67732682855077e-05
3.67728175332794e-05
3.67723667921013e-05
3.67719160619729e-05
3.67714653428939e-05
3.67710146348638e-05
3.67705639378823e-05
3.67701132519488e-05
3.67696625770631e-05
3.67692119132247e-05
3.67687612604331e-05
3.67683106186881e-05
3.67678599879892e-05
3.67674093683359e-05
3.67669587597279e-05
3.67665081621648e-05
3.67660575756462e-05
3.67656070001716e-05
3.67651564357406e-05
3.67647058823529e-05
3.67642553400081e-05
3.67638048087057e-05
3.67633542884453e-05
3.67629037792265e-05
3.6762453281049e-05
3.67620027939122e-05
3.67615523178159e-05
3.67611018527595e-05
3.67606513987428e-05
3.67602009557652e-05
3.67597505238264e-05
3.6759300102926e-05
3.67588496930636e-05
3.67583992942387e-05
3.6757948906451e-05
3.67574985297001e-05
3.67570481639854e-05
3.67565978093068e-05
3.67561474656636e-05
3.67556971330556e-05
3.67552468114823e-05
3.67547965009434e-05
3.67543462014383e-05
3.67538959129668e-05
3.67534456355283e-05
3.67529953691226e-05
3.67525451137491e-05
3.67520948694076e-05
3.67516446360975e-05
3.67511944138184e-05
3.67507442025701e-05
3.6750294002352e-05
3.67498438131638e-05
3.6749393635005e-05
3.67489434678753e-05
3.67484933117742e-05
3.67480431667014e-05
3.67475930326564e-05
3.67471429096388e-05
3.67466927976482e-05
3.67462426966843e-05
3.67457926067465e-05
3.67453425278346e-05
3.67448924599481e-05
3.67444424030865e-05
3.67439923572496e-05
3.67435423224368e-05
3.67430922986479e-05
3.67426422858823e-05
3.67421922841396e-05
3.67417422934196e-05
3.67412923137216e-05
3.67408423450455e-05
3.67403923873907e-05
3.67399424407568e-05
3.67394925051435e-05
3.67390425805503e-05
3.67385926669769e-05
3.67381427644228e-05
3.67376928728876e-05
3.67372429923709e-05
3.67367931228723e-05
3.67363432643915e-05
3.67358934169279e-05
3.67354435804812e-05
3.67349937550511e-05
3.6734543940637e-05
3.67340941372386e-05
3.67336443448555e-05
3.67331945634872e-05
3.67327447931334e-05
3.67322950337937e-05
3.67318452854677e-05
3.67313955481549e-05
3.67309458218549e-05
3.67304961065674e-05
3.6730046402292e-05
3.67295967090281e-05
3.67291470267755e-05
3.67286973555338e-05
3.67282476953025e-05
3.67277980460811e-05
3.67273484078694e-05
3.6726898780667e-05
3.67264491644733e-05
3.6725999559288e-05
3.67255499651107e-05
3.6725100381941e-05
3.67246508097785e-05
3.67242012486228e-05
3.67237516984735e-05
3.67233021593302e-05
3.67228526311924e-05
3.67224031140598e-05
3.67219536079319e-05
3.67215041128085e-05
3.67210546286889e-05
3.6720605155573e-05
3.67201556934601e-05
3.67197062423501e-05
3.67192568022423e-05
3.67188073731365e-05
3.67183579550322e-05
3.67179085479291e-05
3.67174591518267e-05
3.67170097667246e-05
3.67165603926224e-05
3.67161110295198e-05
3.67156616774162e-05
3.67152123363113e-05
3.67147630062048e-05
3.67143136870961e-05
3.6713864378985e-05
3.67134150818709e-05
3.67129657957535e-05
3.67125165206324e-05
3.67120672565072e-05
3.67116180033775e-05
3.67111687612428e-05
3.67107195301028e-05
3.6710270309957e-05
3.67098211008052e-05
3.67093719026467e-05
3.67089227154814e-05
3.67084735393087e-05
3.67080243741282e-05
3.67075752199396e-05
3.67071260767424e-05
3.67066769445362e-05
3.67062278233207e-05
3.67057787130954e-05
3.67053296138599e-05
3.67048805256139e-05
3.67044314483569e-05
3.67039823820885e-05
3.67035333268083e-05
3.67030842825159e-05
3.67026352492109e-05
3.67021862268929e-05
3.67017372155615e-05
3.67012882152164e-05
3.6700839225857e-05
3.6700390247483e-05
3.6699941280094e-05
3.66994923236895e-05
3.66990433782693e-05
3.66985944438328e-05
3.66981455203797e-05
3.66976966079096e-05
3.6697247706422e-05
3.66967988159166e-05
3.6696349936393e-05
3.66959010678507e-05
3.66954522102894e-05
3.66950033637086e-05
3.6694554528108e-05
3.66941057034872e-05
3.66936568898456e-05
3.66932080871831e-05
3.6692759295499e-05
3.66923105147931e-05
3.66918617450649e-05
3.66914129863141e-05
3.66909642385402e-05
3.66905155017428e-05
3.66900667759215e-05
3.6689618061076e-05
3.66891693572058e-05
3.66887206643104e-05
3.66882719823896e-05
3.66878233114429e-05
3.66873746514699e-05
3.66869260024703e-05
3.66864773644435e-05
3.66860287373892e-05
3.6685580121307e-05
3.66851315161965e-05
3.66846829220573e-05
3.6684234338889e-05
3.66837857666911e-05
3.66833372054634e-05
3.66828886552053e-05
3.66824401159165e-05
3.66819915875966e-05
3.66815430702452e-05
3.66810945638618e-05
3.66806460684461e-05
3.66801975839977e-05
3.66797491105161e-05
3.6679300648001e-05
3.66788521964519e-05
3.66784037558685e-05
3.66779553262504e-05
3.66775069075971e-05
3.66770584999083e-05
3.66766101031835e-05
3.66761617174224e-05
3.66757133426245e-05
3.66752649787895e-05
3.66748166259169e-05
3.66743682840063e-05
3.66739199530574e-05
3.66734716330697e-05
3.66730233240428e-05
3.66725750259764e-05
3.667212673887e-05
3.66716784627232e-05
3.66712301975357e-05
3.6670781943307e-05
3.66703337000367e-05
3.66698854677244e-05
3.66694372463697e-05
3.66689890359723e-05
3.66685408365316e-05
3.66680926480474e-05
3.66676444705192e-05
3.66671963039466e-05
3.66667481483292e-05
3.66663000036666e-05
3.66658518699584e-05
3.66654037472043e-05
3.66649556354037e-05
3.66645075345563e-05
3.66640594446617e-05
3.66636113657195e-05
3.66631632977293e-05
3.66627152406907e-05
3.66622671946033e-05
3.66618191594667e-05
3.66613711352805e-05
3.66609231220442e-05
3.66604751197576e-05
3.66600271284201e-05
3.66595791480314e-05
3.66591311785911e-05
3.66586832200987e-05
3.6658235272554e-05
3.66577873359564e-05
3.66573394103056e-05
3.66568914956012e-05
3.66564435918427e-05
3.66559956990298e-05
3.66555478171621e-05
3.66550999462392e-05
3.66546520862606e-05
3.6654204237226e-05
3.6653756399135e-05
3.66533085719871e-05
3.6652860755782e-05
3.66524129505192e-05
3.66519651561985e-05
3.66515173728192e-05
3.66510696003812e-05
3.66506218388839e-05
3.66501740883269e-05
3.66497263487099e-05
3.66492786200325e-05
3.66488309022942e-05
3.66483831954947e-05
3.66479354996335e-05
3.66474878147103e-05
3.66470401407246e-05
3.66465924776761e-05
3.66461448255644e-05
3.66456971843889e-05
3.66452495541495e-05
3.66448019348455e-05
3.66443543264768e-05
3.66439067290427e-05
3.66434591425431e-05
3.66430115669773e-05
3.66425640023451e-05
3.66421164486461e-05
3.66416689058798e-05
3.66412213740458e-05
3.66407738531438e-05
3.66403263431733e-05
3.6639878844134e-05
3.66394313560254e-05
3.66389838788471e-05
3.66385364125988e-05
3.663808895728e-05
3.66376415128903e-05
3.66371940794294e-05
3.66367466568969e-05
3.66362992452922e-05
3.66358518446151e-05
3.66354044548652e-05
3.6634957076042e-05
3.66345097081451e-05
3.66340623511741e-05
3.66336150051287e-05
3.66331676700084e-05
3.66327203458129e-05
3.66322730325417e-05
3.66318257301944e-05
3.66313784387707e-05
3.663093115827e-05
3.66304838886922e-05
3.66300366300366e-05
3.6629589382303e-05
3.6629142145491e-05
3.66286949196e-05
3.66282477046298e-05
3.66278005005799e-05
3.662735330745e-05
3.66269061252396e-05
3.66264589539483e-05
3.66260117935758e-05
3.66255646441216e-05
3.66251175055853e-05
3.66246703779666e-05
3.6624223261265e-05
3.66237761554801e-05
3.66233290606116e-05
3.6622881976659e-05
3.6622434903622e-05
3.66219878415e-05
3.66215407902929e-05
3.662109375e-05
3.66206467206211e-05
3.66201997021557e-05
3.66197526946035e-05
3.6619305697964e-05
3.66188587122368e-05
3.66184117374216e-05
3.66179647735179e-05
3.66175178205253e-05
3.66170708784435e-05
3.66166239472721e-05
3.66161770270105e-05
3.66157301176585e-05
3.66152832192157e-05
3.66148363316816e-05
3.66143894550558e-05
3.6613942589338e-05
3.66134957345277e-05
3.66130488906246e-05
3.66126020576282e-05
3.66121552355382e-05
3.66117084243541e-05
3.66112616240756e-05
3.66108148347022e-05
3.66103680562335e-05
3.66099212886692e-05
3.66094745320089e-05
3.66090277862521e-05
3.66085810513984e-05
3.66081343274476e-05
3.6607687614399e-05
3.66072409122524e-05
3.66067942210074e-05
3.66063475406636e-05
3.66059008712204e-05
3.66054542126777e-05
3.66050075650349e-05
3.66045609282917e-05
3.66041143024476e-05
3.66036676875023e-05
3.66032210834553e-05
3.66027744903064e-05
3.66023279080549e-05
3.66018813367007e-05
3.66014347762432e-05
3.66009882266821e-05
3.6600541688017e-05
3.66000951602474e-05
3.6599648643373e-05
3.65992021373934e-05
3.65987556423082e-05
3.65983091581169e-05
3.65978626848192e-05
3.65974162224147e-05
3.6596969770903e-05
3.65965233302836e-05
3.65960769005563e-05
3.65956304817205e-05
3.65951840737759e-05
3.65947376767221e-05
3.65942912905587e-05
3.65938449152853e-05
3.65933985509014e-05
3.65929521974068e-05
3.65925058548009e-05
3.65920595230835e-05
3.6591613202254e-05
3.65911668923122e-05
3.65907205932575e-05
3.65902743050897e-05
3.65898280278083e-05
3.65893817614128e-05
3.6588935505903e-05
3.65884892612784e-05
3.65880430275386e-05
3.65875968046832e-05
3.65871505927118e-05
3.65867043916241e-05
3.65862582014195e-05
3.65858120220978e-05
3.65853658536585e-05
3.65849196961013e-05
3.65844735494256e-05
3.65840274136312e-05
3.65835812887176e-05
3.65831351746845e-05
3.65826890715314e-05
3.65822429792579e-05
3.65817968978636e-05
3.65813508273482e-05
3.65809047677113e-05
3.65804587189523e-05
3.65800126810711e-05
3.6579566654067e-05
3.65791206379399e-05
3.65786746326891e-05
3.65782286383145e-05
3.65777826548155e-05
3.65773366821917e-05
3.65768907204428e-05
3.65764447695684e-05
3.6575998829568e-05
3.65755529004413e-05
3.65751069821879e-05
3.65746610748074e-05
3.65742151782993e-05
3.65737692926633e-05
3.6573323417899e-05
3.6572877554006e-05
3.65724317009838e-05
3.65719858588321e-05
3.65715400275506e-05
3.65710942071387e-05
3.65706483975961e-05
3.65702025989224e-05
3.65697568111172e-05
3.65693110341801e-05
3.65688652681107e-05
3.65684195129087e-05
3.65679737685735e-05
3.65675280351048e-05
3.65670823125023e-05
3.65666366007655e-05
3.6566190899894e-05
3.65657452098874e-05
3.65652995307453e-05
3.65648538624674e-05
3.65644082050532e-05
3.65639625585023e-05
3.65635169228144e-05
3.6563071297989e-05
3.65626256840258e-05
3.65621800809243e-05
3.65617344886841e-05
3.65612889073049e-05
3.65608433367863e-05
3.65603977771278e-05
3.65599522283291e-05
3.65595066903897e-05
3.65590611633093e-05
3.65586156470875e-05
3.65581701417238e-05
3.6557724647218e-05
3.65572791635695e-05
3.65568336907779e-05
3.6556388228843e-05
3.65559427777642e-05
3.65554973375413e-05
3.65550519081737e-05
3.65546064896611e-05
3.65541610820032e-05
3.65537156851994e-05
3.65532702992494e-05
3.65528249241529e-05
3.65523795599094e-05
3.65519342065184e-05
3.65514888639797e-05
3.65510435322928e-05
3.65505982114574e-05
3.6550152901473e-05
3.65497076023392e-05
3.65492623140556e-05
3.65488170366219e-05
3.65483717700376e-05
3.65479265143024e-05
3.65474812694158e-05
3.65470360353775e-05
3.65465908121871e-05
3.65461455998441e-05
3.65457003983481e-05
3.65452552076989e-05
3.65448100278959e-05
3.65443648589388e-05
3.65439197008271e-05
3.65434745535605e-05
3.65430294171387e-05
3.65425842915611e-05
3.65421391768274e-05
3.65416940729372e-05
3.65412489798901e-05
3.65408038976858e-05
3.65403588263237e-05
3.65399137658035e-05
3.65394687161249e-05
3.65390236772873e-05
3.65385786492905e-05
3.65381336321341e-05
3.65376886258175e-05
3.65372436303405e-05
3.65367986457027e-05
3.65363536719035e-05
3.65359087089428e-05
3.653546375682e-05
3.65350188155347e-05
3.65345738850866e-05
3.65341289654752e-05
3.65336840567003e-05
3.65332391587613e-05
3.65327942716579e-05
3.65323493953896e-05
3.65319045299562e-05
3.65314596753571e-05
3.6531014831592e-05
3.65305699986605e-05
3.65301251765623e-05
3.65296803652968e-05
3.65292355648637e-05
3.65287907752627e-05
3.65283459964933e-05
3.65279012285551e-05
3.65274564714477e-05
3.65270117251708e-05
3.65265669897239e-05
3.65261222651066e-05
3.65256775513186e-05
3.65252328483594e-05
3.65247881562287e-05
3.6524343474926e-05
3.6523898804451e-05
3.65234541448033e-05
3.65230094959825e-05
3.65225648579881e-05
3.65221202308198e-05
3.65216756144772e-05
3.65212310089599e-05
3.65207864142675e-05
3.65203418303995e-05
3.65198972573557e-05
3.65194526951356e-05
3.65190081437388e-05
3.65185636031649e-05
3.65181190734136e-05
3.65176745544844e-05
3.65172300463769e-05
3.65167855490907e-05
3.65163410626255e-05
3.65158965869809e-05
3.65154521221564e-05
3.65150076681516e-05
3.65145632249662e-05
3.65141187925998e-05
3.6513674371052e-05
3.65132299603223e-05
3.65127855604104e-05
3.65123411713159e-05
3.65118967930384e-05
3.65114524255775e-05
3.65110080689328e-05
3.65105637231039e-05
3.65101193880904e-05
3.65096750638919e-05
3.65092307505081e-05
3.65087864479385e-05
3.65083421561827e-05
3.65078978752403e-05
3.6507453605111e-05
3.65070093457944e-05
3.650656509729e-05
3.65061208595975e-05
3.65056766327164e-05
3.65052324166464e-05
3.65047882113871e-05
3.6504344016938e-05
3.65038998332989e-05
3.65034556604692e-05
3.65030114984486e-05
3.65025673472368e-05
3.65021232068332e-05
3.65016790772376e-05
3.65012349584494e-05
3.65007908504684e-05
3.65003467532942e-05
3.64999026669262e-05
3.64994585913642e-05
3.64990145266078e-05
3.64985704726565e-05
3.64981264295099e-05
3.64976823971678e-05
3.64972383756296e-05
3.6496794364895e-05
3.64963503649635e-05
3.64959063758348e-05
3.64954623975086e-05
3.64950184299843e-05
3.64945744732616e-05
3.64941305273402e-05
3.64936865922195e-05
3.64932426678993e-05
3.64927987543791e-05
3.64923548516586e-05
3.64919109597373e-05
3.64914670786148e-05
3.64910232082908e-05
3.64905793487648e-05
3.64901355000365e-05
3.64896916621055e-05
3.64892478349713e-05
3.64888040186336e-05
3.6488360213092e-05
3.64879164183461e-05
3.64874726343955e-05
3.64870288612398e-05
3.64865850988786e-05
3.64861413473116e-05
3.64856976065382e-05
3.64852538765582e-05
3.64848101573711e-05
3.64843664489766e-05
3.64839227513742e-05
3.64834790645636e-05
3.64830353885443e-05
3.6482591723316e-05
3.64821480688783e-05
3.64817044252307e-05
3.6481260792373e-05
3.64808171703046e-05
3.64803735590252e-05
3.64799299585345e-05
3.64794863688319e-05
3.64790427899172e-05
3.64785992217899e-05
3.64781556644496e-05
3.6477712117896e-05
3.64772685821286e-05
3.6476825057147e-05
3.64763815429509e-05
3.64759380395399e-05
3.64754945469136e-05
3.64750510650715e-05
3.64746075940133e-05
3.64741641337386e-05
3.6473720684247e-05
3.64732772455381e-05
3.64728338176115e-05
3.64723904004668e-05
3.64719469941037e-05
3.64715035985217e-05
3.64710602137204e-05
3.64706168396995e-05
3.64701734764585e-05
3.64697301239971e-05
3.64692867823148e-05
3.64688434514113e-05
3.64684001312862e-05
3.64679568219391e-05
3.64675135233696e-05
3.64670702355773e-05
3.64666269585618e-05
3.64661836923227e-05
3.64657404368596e-05
3.64652971921721e-05
3.64648539582599e-05
3.64644107351225e-05
3.64639675227596e-05
3.64635243211707e-05
3.64630811303555e-05
3.64626379503136e-05
3.64621947810445e-05
3.64617516225479e-05
3.64613084748235e-05
3.64608653378707e-05
3.64604222116892e-05
3.64599790962787e-05
3.64595359916386e-05
3.64590928977687e-05
3.64586498146685e-05
3.64582067423377e-05
3.64577636807758e-05
3.64573206299825e-05
3.64568775899573e-05
3.64564345607e-05
3.645599154221e-05
3.64555485344869e-05
3.64551055375305e-05
3.64546625513403e-05
3.64542195759159e-05
3.64537766112569e-05
3.6453333657363e-05
3.64528907142336e-05
3.64524477818686e-05
3.64520048602673e-05
3.64515619494295e-05
3.64511190493548e-05
3.64506761600428e-05
3.6450233281493e-05
3.64497904137051e-05
3.64493475566787e-05
3.64489047104135e-05
3.64484618749089e-05
3.64480190501646e-05
3.64475762361803e-05
3.64471334329555e-05
3.64466906404898e-05
3.64462478587829e-05
3.64458050878344e-05
3.64453623276438e-05
3.64449195782108e-05
3.6444476839535e-05
3.64440341116159e-05
3.64435913944533e-05
3.64431486880466e-05
3.64427059923956e-05
3.64422633074998e-05
3.64418206333588e-05
3.64413779699723e-05
3.64409353173398e-05
3.6440492675461e-05
3.64400500443354e-05
3.64396074239627e-05
3.64391648143425e-05
3.64387222154743e-05
3.64382796273579e-05
3.64378370499927e-05
3.64373944833785e-05
3.64369519275148e-05
3.64365093824012e-05
3.64360668480373e-05
3.64356243244228e-05
3.64351818115572e-05
3.64347393094402e-05
3.64342968180714e-05
3.64338543374504e-05
3.64334118675767e-05
3.643296940845e-05
3.643252696007e-05
3.64320845224361e-05
3.64316420955481e-05
3.64311996794054e-05
3.64307572740079e-05
3.64303148793549e-05
3.64298724954463e-05
3.64294301222815e-05
3.64289877598601e-05
3.64285454081819e-05
3.64281030672463e-05
3.6427660737053e-05
3.64272184176016e-05
3.64267761088918e-05
3.6426333810923e-05
3.6425891523695e-05
3.64254492472074e-05
3.64250069814597e-05
3.64245647264515e-05
3.64241224821825e-05
3.64236802486523e-05
3.64232380258605e-05
3.64227958138067e-05
3.64223536124904e-05
3.64219114219114e-05
3.64214692420692e-05
3.64210270729635e-05
3.64205849145937e-05
3.64201427669596e-05
3.64197006300608e-05
3.64192585038969e-05
3.64188163884674e-05
3.6418374283772e-05
3.64179321898103e-05
3.64174901065819e-05
3.64170480340864e-05
3.64166059723234e-05
3.64161639212925e-05
3.64157218809934e-05
3.64152798514257e-05
3.64148378325889e-05
3.64143958244826e-05
3.64139538271066e-05
3.64135118404603e-05
3.64130698645434e-05
3.64126278993555e-05
3.64121859448962e-05
3.64117440011652e-05
3.6411302068162e-05
3.64108601458862e-05
3.64104182343375e-05
3.64099763335154e-05
3.64095344434196e-05
3.64090925640497e-05
3.64086506954052e-05
3.64082088374859e-05
3.64077669902913e-05
3.64073251538209e-05
3.64068833280746e-05
3.64064415130517e-05
3.6405999708752e-05
3.64055579151751e-05
3.64051161323205e-05
3.64046743601878e-05
3.64042325987768e-05
3.6403790848087e-05
3.64033491081179e-05
3.64029073788693e-05
3.64024656603407e-05
3.64020239525318e-05
3.6401582255442e-05
3.64011405690712e-05
3.64006988934188e-05
3.64002572284844e-05
3.63998155742678e-05
3.63993739307684e-05
3.63989322979859e-05
3.639849067592e-05
3.63980490645701e-05
3.6397607463936e-05
3.63971658740173e-05
3.63967242948135e-05
3.63962827263242e-05
3.63958411685491e-05
3.63953996214878e-05
3.63949580851399e-05
3.6394516559505e-05
3.63940750445827e-05
3.63936335403727e-05
3.63931920468744e-05
3.63927505640876e-05
3.63923090920119e-05
3.63918676306468e-05
3.6391426179992e-05
3.63909847400471e-05
3.63905433108116e-05
3.63901018922853e-05
3.63896604844677e-05
3.63892190873584e-05
3.6388777700957e-05
3.63883363252632e-05
3.63878949602766e-05
3.63874536059967e-05
3.63870122624231e-05
3.63865709295556e-05
3.63861296073937e-05
3.63856882959369e-05
3.6385246995185e-05
3.63848057051375e-05
3.63843644257941e-05
3.63839231571543e-05
3.63834818992178e-05
3.63830406519841e-05
3.63825994154529e-05
3.63821581896238e-05
3.63817169744964e-05
3.63812757700703e-05
3.63808345763452e-05
3.63803933933206e-05
3.63799522209961e-05
3.63795110593714e-05
3.6379069908446e-05
3.63786287682196e-05
3.63781876386918e-05
3.63777465198623e-05
3.63773054117305e-05
3.63768643142961e-05
3.63764232275588e-05
3.63759821515181e-05
3.63755410861737e-05
3.63751000315251e-05
3.6374658987572e-05
3.6374217954314e-05
3.63737769317507e-05
3.63733359198817e-05
3.63728949187066e-05
3.6372453928225e-05
3.63720129484366e-05
3.63715719793409e-05
3.63711310209376e-05
3.63706900732263e-05
3.63702491362066e-05
3.6369808209878e-05
3.63693672942403e-05
3.6368926389293e-05
3.63684854950357e-05
3.63680446114681e-05
3.63676037385897e-05
3.63671628764001e-05
3.63667220248991e-05
3.63662811840861e-05
3.63658403539608e-05
3.63653995345229e-05
3.63649587257718e-05
3.63645179277073e-05
3.6364077140329e-05
3.63636363636364e-05
3.63631955976291e-05
3.63627548423069e-05
3.63623140976692e-05
3.63618733637157e-05
3.6361432640446e-05
3.63609919278598e-05
3.63605512259566e-05
3.6360110534736e-05
3.63596698541977e-05
3.63592291843413e-05
3.63587885251663e-05
3.63583478766725e-05
3.63579072388593e-05
3.63574666117265e-05
3.63570259952736e-05
3.63565853895002e-05
3.6356144794406e-05
3.63557042099905e-05
3.63552636362535e-05
3.63548230731944e-05
3.63543825208129e-05
3.63539419791086e-05
3.63535014480811e-05
3.63530609277301e-05
3.63526204180551e-05
3.63521799190558e-05
3.63517394307318e-05
3.63512989530826e-05
3.63508584861079e-05
3.63504180298073e-05
3.63499775841805e-05
3.6349537149227e-05
3.63490967249464e-05
3.63486563113384e-05
3.63482159084025e-05
3.63477755161384e-05
3.63473351345457e-05
3.6346894763624e-05
3.63464544033729e-05
3.63460140537921e-05
3.63455737148811e-05
3.63451333866395e-05
3.6344693069067e-05
3.63442527621632e-05
3.63438124659277e-05
3.634337218036e-05
3.63429319054599e-05
3.63424916412269e-05
3.63420513876607e-05
3.63416111447608e-05
3.63411709125268e-05
3.63407306909584e-05
3.63402904800552e-05
3.63398502798169e-05
3.63394100902429e-05
3.63389699113329e-05
3.63385297430866e-05
3.63380895855035e-05
3.63376494385833e-05
3.63372093023256e-05
3.63367691767299e-05
3.6336329061796e-05
3.63358889575233e-05
3.63354488639116e-05
3.63350087809605e-05
3.63345687086694e-05
3.63341286470382e-05
3.63336885960663e-05
3.63332485557534e-05
3.63328085260991e-05
3.6332368507103e-05
3.63319284987647e-05
3.63314885010839e-05
3.63310485140601e-05
3.6330608537693e-05
3.63301685719822e-05
3.63297286169272e-05
3.63292886725278e-05
3.63288487387835e-05
3.63284088156939e-05
3.63279689032586e-05
3.63275290014773e-05
3.63270891103496e-05
3.6326649229875e-05
3.63262093600533e-05
3.63257695008839e-05
3.63253296523666e-05
3.63248898145009e-05
3.63244499872864e-05
3.63240101707228e-05
3.63235703648097e-05
3.63231305695467e-05
3.63226907849333e-05
3.63222510109693e-05
3.63218112476542e-05
3.63213714949877e-05
3.63209317529692e-05
3.63204920215986e-05
3.63200523008753e-05
3.6319612590799e-05
3.63191728913694e-05
3.63187332025859e-05
3.63182935244483e-05
3.63178538569561e-05
3.63174142001089e-05
3.63169745539065e-05
3.63165349183483e-05
3.6316095293434e-05
3.63156556791633e-05
3.63152160755357e-05
3.63147764825507e-05
3.63143369002082e-05
3.63138973285076e-05
3.63134577674486e-05
3.63130182170308e-05
3.63125786772538e-05
3.63121391481172e-05
3.63116996296207e-05
3.63112601217638e-05
3.63108206245461e-05
3.63103811379673e-05
3.63099416620271e-05
3.63095021967249e-05
3.63090627420604e-05
3.63086232980333e-05
3.63081838646431e-05
3.63077444418895e-05
3.6307305029772e-05
3.63068656282903e-05
3.6306426237444e-05
3.63059868572328e-05
3.63055474876561e-05
3.63051081287137e-05
3.63046687804052e-05
3.63042294427301e-05
3.63037901156881e-05
3.63033507992788e-05
3.63029114935018e-05
3.63024721983567e-05
3.63020329138432e-05
3.63015936399608e-05
3.63011543767092e-05
3.63007151240879e-05
3.63002758820967e-05
3.62998366507351e-05
3.62993974300027e-05
3.62989582198991e-05
3.6298519020424e-05
3.62980798315769e-05
3.62976406533575e-05
3.62972014857654e-05
3.62967623288003e-05
3.62963231824616e-05
3.62958840467491e-05
3.62954449216623e-05
3.62950058072009e-05
3.62945667033645e-05
3.62941276101527e-05
3.62936885275651e-05
3.62932494556013e-05
3.62928103942609e-05
3.62923713435436e-05
3.62919323034489e-05
3.62914932739766e-05
3.62910542551261e-05
3.62906152468972e-05
3.62901762492893e-05
3.62897372623022e-05
3.62892982859355e-05
3.62888593201887e-05
3.62884203650615e-05
3.62879814205535e-05
3.62875424866643e-05
3.62871035633936e-05
3.62866646507409e-05
3.62862257487058e-05
3.6285786857288e-05
3.62853479764871e-05
3.62849091063027e-05
3.62844702467344e-05
3.62840313977818e-05
3.62835925594446e-05
3.62831537317224e-05
3.62827149146147e-05
3.62822761081212e-05
3.62818373122415e-05
3.62813985269752e-05
3.6280959752322e-05
3.62805209882814e-05
3.62800822348531e-05
3.62796434920366e-05
3.62792047598317e-05
3.62787660382378e-05
3.62783273272547e-05
3.62778886268819e-05
3.62774499371191e-05
3.62770112579658e-05
3.62765725894217e-05
3.62761339314865e-05
3.62756952841596e-05
3.62752566474408e-05
3.62748180213296e-05
3.62743794058257e-05
3.62739408009286e-05
3.6273502206638e-05
3.62730636229536e-05
3.62726250498749e-05
3.62721864874015e-05
3.6271747935533e-05
3.62713093942691e-05
3.62708708636094e-05
3.62704323435535e-05
3.6269993834101e-05
3.62695553352516e-05
3.62691168470048e-05
3.62686783693602e-05
3.62682399023175e-05
3.62678014458763e-05
3.62673630000363e-05
3.62669245647969e-05
3.62664861401579e-05
3.62660477261188e-05
3.62656093226793e-05
3.6265170929839e-05
3.62647325475975e-05
3.62642941759544e-05
3.62638558149093e-05
3.62634174644619e-05
3.62629791246117e-05
3.62625407953584e-05
3.62621024767016e-05
3.62616641686409e-05
3.6261225871176e-05
3.62607875843063e-05
3.62603493080317e-05
3.62599110423516e-05
3.62594727872657e-05
3.62590345427736e-05
3.62585963088749e-05
3.62581580855693e-05
3.62577198728563e-05
3.62572816707355e-05
3.62568434792067e-05
3.62564052982694e-05
3.62559671279231e-05
3.62555289681676e-05
3.62550908190025e-05
3.62546526804273e-05
3.62542145524417e-05
3.62537764350453e-05
3.62533383282377e-05
3.62529002320186e-05
3.62524621463874e-05
3.6252024071344e-05
3.62515860068878e-05
3.62511479530185e-05
3.62507099097357e-05
3.62502718770391e-05
3.62498338549282e-05
3.62493958434026e-05
3.6248957842462e-05
3.6248519852106e-05
3.62480818723343e-05
3.62476439031463e-05
3.62472059445418e-05
3.62467679965203e-05
3.62463300590815e-05
3.6245892132225e-05
3.62454542159504e-05
3.62450163102573e-05
3.62445784151454e-05
3.62441405306142e-05
3.62437026566634e-05
3.62432647932926e-05
3.62428269405014e-05
3.62423890982894e-05
3.62419512666562e-05
3.62415134456015e-05
3.62410756351249e-05
3.62406378352259e-05
3.62402000459043e-05
3.62397622671595e-05
3.62393244989913e-05
3.62388867413993e-05
3.6238448994383e-05
3.62380112579422e-05
3.62375735320763e-05
3.6237135816785e-05
3.6236698112068e-05
3.62362604179249e-05
3.62358227343552e-05
3.62353850613586e-05
3.62349473989347e-05
3.62345097470831e-05
3.62340721058035e-05
3.62336344750954e-05
3.62331968549585e-05
3.62327592453924e-05
3.62323216463967e-05
3.6231884057971e-05
3.6231446480115e-05
3.62310089128282e-05
3.62305713561103e-05
3.62301338099609e-05
3.62296962743796e-05
3.6229258749366e-05
3.62288212349198e-05
3.62283837310405e-05
3.62279462377278e-05
3.62275087549813e-05
3.62270712828006e-05
3.62266338211853e-05
3.62261963701351e-05
3.62257589296496e-05
3.62253214997283e-05
3.62248840803709e-05
3.62244466715771e-05
3.62240092733464e-05
3.62235718856784e-05
3.62231345085728e-05
3.62226971420292e-05
3.62222597860472e-05
3.62218224406264e-05
3.62213851057664e-05
3.62209477814669e-05
3.62205104677275e-05
3.62200731645478e-05
3.62196358719274e-05
3.62191985898659e-05
3.62187613183629e-05
3.62183240574181e-05
3.62178868070311e-05
3.62174495672015e-05
3.62170123379289e-05
3.62165751192129e-05
3.62161379110532e-05
3.62157007134493e-05
3.62152635264009e-05
3.62148263499077e-05
3.62143891839691e-05
3.62139520285849e-05
3.62135148837546e-05
3.62130777494779e-05
3.62126406257544e-05
3.62122035125837e-05
3.62117664099655e-05
3.62113293178993e-05
3.62108922363847e-05
3.62104551654214e-05
3.6210018105009e-05
3.62095810551472e-05
3.62091440158355e-05
3.62087069870735e-05
3.62082699688609e-05
3.62078329611973e-05
3.62073959640823e-05
3.62069589775155e-05
3.62065220014965e-05
3.62060850360251e-05
3.62056480811006e-05
3.62052111367229e-05
3.62047742028916e-05
3.62043372796061e-05
3.62039003668662e-05
3.62034634646715e-05
3.62030265730215e-05
3.6202589691916e-05
3.62021528213544e-05
3.62017159613366e-05
3.6201279111862e-05
3.62008422729302e-05
3.6200405444541e-05
3.61999686266939e-05
3.61995318193885e-05
3.61990950226244e-05
3.61986582364014e-05
3.61982214607189e-05
3.61977846955766e-05
3.61973479409742e-05
3.61969111969112e-05
3.61964744633873e-05
3.6196037740402e-05
3.61956010279551e-05
3.6195164326046e-05
3.61947276346746e-05
3.61942909538402e-05
3.61938542835427e-05
3.61934176237815e-05
3.61929809745563e-05
3.61925443358668e-05
3.61921077077125e-05
3.61916710900931e-05
3.61912344830082e-05
3.61907978864574e-05
3.61903613004403e-05
3.61899247249566e-05
3.61894881600058e-05
3.61890516055876e-05
3.61886150617016e-05
3.61881785283474e-05
3.61877420055247e-05
3.6187305493233e-05
3.6186868991472e-05
3.61864325002412e-05
3.61859960195404e-05
3.61855595493692e-05
3.6185123089727e-05
3.61846866406137e-05
3.61842502020287e-05
3.61838137739718e-05
3.61833773564424e-05
3.61829409494404e-05
3.61825045529652e-05
3.61820681670164e-05
3.61816317915938e-05
3.61811954266969e-05
3.61807590723253e-05
3.61803227284787e-05
3.61798863951567e-05
3.61794500723589e-05
3.61790137600849e-05
3.61785774583343e-05
3.61781411671068e-05
3.6177704886402e-05
3.61772686162195e-05
3.61768323565589e-05
3.61763961074198e-05
3.61759598688019e-05
3.61755236407047e-05
3.61750874231279e-05
3.61746512160712e-05
3.61742150195341e-05
3.61737788335162e-05
3.61733426580172e-05
3.61729064930367e-05
3.61724703385743e-05
3.61720341946297e-05
3.61715980612023e-05
3.6171161938292e-05
3.61707258258982e-05
3.61702897240207e-05
3.6169853632659e-05
3.61694175518127e-05
3.61689814814815e-05
3.6168545421665e-05
3.61681093723627e-05
3.61676733335745e-05
3.61672373052997e-05
3.61668012875381e-05
3.61663652802893e-05
3.61659292835529e-05
3.61654932973286e-05
3.61650573216159e-05
3.61646213564144e-05
3.61641854017238e-05
3.61637494575438e-05
3.61633135238738e-05
3.61628776007136e-05
3.61624416880628e-05
3.61620057859209e-05
3.61615698942877e-05
3.61611340131626e-05
3.61606981425455e-05
3.61602622824358e-05
3.61598264328331e-05
3.61593905937372e-05
3.61589547651476e-05
3.61585189470639e-05
3.61580831394858e-05
3.61576473424129e-05
3.61572115558448e-05
3.61567757797811e-05
3.61563400142215e-05
3.61559042591655e-05
3.61554685146128e-05
3.61550327805631e-05
3.61545970570158e-05
3.61541613439707e-05
3.61537256414273e-05
3.61532899493854e-05
3.61528542678444e-05
3.61524185968041e-05
3.61519829362641e-05
3.61515472862238e-05
3.61511116466831e-05
3.61506760176415e-05
3.61502403990987e-05
3.61498047910541e-05
3.61493691935076e-05
3.61489336064586e-05
3.61484980299069e-05
3.61480624638519e-05
3.61476269082935e-05
3.61471913632311e-05
3.61467558286644e-05
3.6146320304593e-05
3.61458847910165e-05
3.61454492879346e-05
3.61450137953469e-05
3.6144578313253e-05
3.61441428416525e-05
3.6143707380545e-05
3.61432719299302e-05
3.61428364898077e-05
3.61424010601771e-05
3.6141965641038e-05
3.614153023239e-05
3.61410948342328e-05
3.6140659446566e-05
3.61402240693892e-05
3.61397887027021e-05
3.61393533465041e-05
3.61389180007951e-05
3.61384826655745e-05
3.6138047340842e-05
3.61376120265973e-05
3.61371767228399e-05
3.61367414295695e-05
3.61363061467857e-05
3.61358708744881e-05
3.61354356126763e-05
3.613500036135e-05
3.61345651205088e-05
3.61341298901522e-05
3.613369467028e-05
3.61332594608918e-05
3.61328242619871e-05
3.61323890735655e-05
3.61319538956268e-05
3.61315187281705e-05
3.61310835711963e-05
3.61306484247037e-05
3.61302132886924e-05
3.61297781631621e-05
3.61293430481122e-05
3.61289079435426e-05
3.61284728494527e-05
3.61280377658421e-05
3.61276026927107e-05
3.61271676300578e-05
3.61267325778832e-05
3.61262975361865e-05
3.61258625049673e-05
3.61254274842252e-05
3.61249924739599e-05
3.61245574741709e-05
3.6124122484858e-05
3.61236875060206e-05
3.61232525376585e-05
3.61228175797712e-05
3.61223826323584e-05
3.61219476954197e-05
3.61215127689548e-05
3.61210778529631e-05
3.61206429474445e-05
3.61202080523984e-05
3.61197731678245e-05
3.61193382937225e-05
3.61189034300919e-05
3.61184685769323e-05
3.61180337342435e-05
3.6117598902025e-05
3.61171640802764e-05
3.61167292689974e-05
3.61162944681876e-05
3.61158596778465e-05
3.61154248979739e-05
3.61149901285694e-05
3.61145553696325e-05
3.61141206211629e-05
3.61136858831602e-05
3.6113251155624e-05
3.6112816438554e-05
3.61123817319498e-05
3.6111947035811e-05
3.61115123501372e-05
3.61110776749281e-05
3.61106430101832e-05
3.61102083559022e-05
3.61097737120847e-05
3.61093390787304e-05
3.61089044558388e-05
3.61084698434096e-05
3.61080352414424e-05
3.61076006499368e-05
3.61071660688925e-05
3.6106731498309e-05
3.6106296938186e-05
3.61058623885231e-05
3.610542784932e-05
3.61049933205762e-05
3.61045588022914e-05
3.61041242944652e-05
3.61036897970973e-05
3.61032553101871e-05
3.61028208337345e-05
3.61023863677389e-05
3.61019519122001e-05
3.61015174671175e-05
3.6101083032491e-05
3.610064860832e-05
3.61002141946042e-05
3.60997797913433e-05
3.60993453985368e-05
3.60989110161843e-05
3.60984766442856e-05
3.60980422828402e-05
3.60976079318477e-05
3.60971735913078e-05
3.60967392612201e-05
3.60963049415841e-05
3.60958706323997e-05
3.60954363336662e-05
3.60950020453834e-05
3.6094567767551e-05
3.60941335001684e-05
3.60936992432354e-05
3.60932649967516e-05
3.60928307607166e-05
3.60923965351299e-05
3.60919623199913e-05
3.60915281153004e-05
3.60910939210567e-05
3.609065973726e-05
3.60902255639098e-05
3.60897914010057e-05
3.60893572485474e-05
3.60889231065345e-05
3.60884889749666e-05
3.60880548538434e-05
3.60876207431644e-05
3.60871866429293e-05
3.60867525531377e-05
3.60863184737893e-05
3.60858844048836e-05
3.60854503464203e-05
3.6085016298399e-05
3.60845822608194e-05
3.60841482336809e-05
3.60837142169834e-05
3.60832802107264e-05
3.60828462149094e-05
3.60824122295323e-05
3.60819782545944e-05
3.60815442900956e-05
3.60811103360354e-05
3.60806763924134e-05
3.60802424592293e-05
3.60798085364827e-05
3.60793746241732e-05
3.60789407223004e-05
3.6078506830864e-05
3.60780729498635e-05
3.60776390792987e-05
3.6077205219169e-05
3.60767713694742e-05
3.60763375302139e-05
3.60759037013877e-05
3.60754698829952e-05
3.60750360750361e-05
3.60746022775099e-05
3.60741684904163e-05
3.60737347137549e-05
3.60733009475254e-05
3.60728671917273e-05
3.60724334463603e-05
3.6071999711424e-05
3.6071565986918e-05
3.6071132272842e-05
3.60706985691956e-05
3.60702648759784e-05
3.606983119319e-05
3.60693975208301e-05
3.60689638588982e-05
3.6068530207394e-05
3.60680965663172e-05
3.60676629356673e-05
3.6067229315444e-05
3.60667957056469e-05
3.60663621062756e-05
3.60659285173297e-05
3.60654949388089e-05
3.60650613707128e-05
3.6064627813041e-05
3.60641942657931e-05
3.60637607289688e-05
3.60633272025677e-05
3.60628936865894e-05
3.60624601810336e-05
3.60620266858997e-05
3.60615932011876e-05
3.60611597268968e-05
3.60607262630269e-05
3.60602928095776e-05
3.60598593665485e-05
3.60594259339391e-05
3.60589925117492e-05
3.60585590999784e-05
3.60581256986262e-05
3.60576923076923e-05
3.60572589271764e-05
3.6056825557078e-05
3.60563921973967e-05
3.60559588481323e-05
3.60555255092843e-05
3.60550921808523e-05
3.60546588628361e-05
3.60542255552351e-05
3.6053792258049e-05
3.60533589712775e-05
3.60529256949201e-05
3.60524924289766e-05
3.60520591734465e-05
3.60516259283294e-05
3.60511926936249e-05
3.60507594693328e-05
3.60503262554526e-05
3.60498930519839e-05
3.60494598589264e-05
3.60490266762797e-05
3.60485935040434e-05
3.60481603422172e-05
3.60477271908006e-05
3.60472940497933e-05
3.6046860919195e-05
3.60464277990051e-05
3.60459946892234e-05
3.60455615898496e-05
3.60451285008831e-05
3.60446954223237e-05
3.60442623541709e-05
3.60438292964245e-05
3.60433962490839e-05
3.60429632121489e-05
3.6042530185619e-05
3.6042097169494e-05
3.60416641637733e-05
3.60412311684567e-05
3.60407981835438e-05
3.60403652090341e-05
3.60399322449274e-05
3.60394992912232e-05
3.60390663479211e-05
3.60386334150209e-05
3.60382004925221e-05
3.60377675804243e-05
3.60373346787272e-05
3.60369017874303e-05
3.60364689065334e-05
3.6036036036036e-05
3.60356031759378e-05
3.60351703262384e-05
3.60347374869374e-05
3.60343046580345e-05
3.60338718395292e-05
3.60334390314212e-05
3.60330062337101e-05
3.60325734463955e-05
3.60321406694772e-05
3.60317079029546e-05
3.60312751468274e-05
3.60308424010953e-05
3.60304096657579e-05
3.60299769408148e-05
3.60295442262655e-05
3.60291115221099e-05
3.60286788283474e-05
3.60282461449777e-05
3.60278134720004e-05
3.60273808094152e-05
3.60269481572216e-05
3.60265155154194e-05
3.6026082884008e-05
3.60256502629872e-05
3.60252176523566e-05
3.60247850521159e-05
3.60243524622645e-05
3.60239198828022e-05
3.60234873137286e-05
3.60230547550432e-05
3.60226222067458e-05
3.6022189668836e-05
3.60217571413134e-05
3.60213246241775e-05
3.60208921174281e-05
3.60204596210648e-05
3.60200271350871e-05
3.60195946594948e-05
3.60191621942874e-05
3.60187297394645e-05
3.60182972950259e-05
3.6017864860971e-05
3.60174324372997e-05
3.60170000240113e-05
3.60165676211057e-05
3.60161352285824e-05
3.6015702846441e-05
3.60152704746813e-05
3.60148381133027e-05
3.60144057623049e-05
3.60139734216876e-05
3.60135410914504e-05
3.60131087715929e-05
3.60126764621147e-05
3.60122441630154e-05
3.60118118742948e-05
3.60113795959523e-05
3.60109473279877e-05
3.60105150704006e-05
3.60100828231905e-05
3.60096505863571e-05
3.60092183599001e-05
3.60087861438191e-05
3.60083539381136e-05
3.60079217427834e-05
3.6007489557828e-05
3.60070573832471e-05
3.60066252190403e-05
3.60061930652072e-05
3.60057609217475e-05
3.60053287886607e-05
3.60048966659466e-05
3.60044645536046e-05
3.60040324516346e-05
3.6003600360036e-05
3.60031682788085e-05
3.60027362079518e-05
3.60023041474654e-05
3.60018720973491e-05
3.60014400576023e-05
3.60010080282248e-05
3.60005760092161e-05
3.6000144000576e-05
3.5999712002304e-05
3.59992800143997e-05
3.59988480368628e-05
3.59984160696929e-05
3.59979841128897e-05
3.59975521664527e-05
3.59971202303816e-05
3.5996688304676e-05
3.59962563893355e-05
3.59958244843598e-05
3.59953925897485e-05
3.59949607055012e-05
3.59945288316176e-05
3.59940969680972e-05
3.59936651149398e-05
3.59932332721448e-05
3.59928014397121e-05
3.59923696176411e-05
3.59919378059315e-05
3.59915060045829e-05
3.5991074213595e-05
3.59906424329674e-05
3.59902106626997e-05
3.59897789027916e-05
3.59893471532426e-05
3.59889154140525e-05
3.59884836852207e-05
3.5988051966747e-05
3.5987620258631e-05
3.59871885608723e-05
3.59867568734706e-05
3.59863251964254e-05
3.59858935297363e-05
3.59854618734031e-05
3.59850302274254e-05
3.59845985918027e-05
3.59841669665347e-05
3.59837353516211e-05
3.59833037470614e-05
3.59828721528552e-05
3.59824405690023e-05
3.59820089955022e-05
3.59815774323546e-05
3.59811458795591e-05
3.59807143371153e-05
3.59802828050228e-05
3.59798512832814e-05
3.59794197718905e-05
3.59789882708498e-05
3.5978556780159e-05
3.59781252998177e-05
3.59776938298255e-05
3.5977262370182e-05
3.59768309208869e-05
3.59763994819398e-05
3.59759680533404e-05
3.59755366350881e-05
3.59751052271828e-05
3.59746738296239e-05
3.59742424424112e-05
3.59738110655443e-05
3.59733796990227e-05
3.59729483428462e-05
3.59725169970143e-05
3.59720856615267e-05
3.59716543363829e-05
3.59712230215827e-05
3.59707917171257e-05
3.59703604230114e-05
3.59699291392396e-05
3.59694978658098e-05
3.59690666027217e-05
3.59686353499748e-05
3.59682041075689e-05
3.59677728755035e-05
3.59673416537784e-05
3.5966910442393e-05
3.59664792413471e-05
3.59660480506402e-05
3.5965616870272e-05
3.59651857002422e-05
3.59647545405503e-05
3.59643233911959e-05
3.59638922521788e-05
3.59634611234985e-05
3.59630300051547e-05
3.5962598897147e-05
3.59621677994749e-05
3.59617367121383e-05
3.59613056351366e-05
3.59608745684695e-05
3.59604435121367e-05
3.59600124661377e-05
3.59595814304721e-05
3.59591504051398e-05
3.59587193901401e-05
3.59582883854729e-05
3.59578573911376e-05
3.5957426407134e-05
3.59569954334616e-05
3.59565644701201e-05
3.59561335171091e-05
3.59557025744283e-05
3.59552716420773e-05
3.59548407200556e-05
3.5954409808363e-05
3.5953978906999e-05
3.59535480159634e-05
3.59531171352556e-05
3.59526862648754e-05
3.59522554048224e-05
3.59518245550962e-05
3.59513937156964e-05
3.59509628866226e-05
3.59505320678746e-05
3.59501012594519e-05
3.59496704613541e-05
3.59492396735809e-05
3.59488088961319e-05
3.59483781290067e-05
3.5947947372205e-05
3.59475166257264e-05
3.59470858895706e-05
3.5946655163737e-05
3.59462244482255e-05
3.59457937430355e-05
3.59453630481668e-05
3.59449323636189e-05
3.59445016893916e-05
3.59440710254843e-05
3.59436403718969e-05
3.59432097286288e-05
3.59427790956797e-05
3.59423484730492e-05
3.5941917860737e-05
3.59414872587428e-05
3.5941056667066e-05
3.59406260857064e-05
3.59401955146636e-05
3.59397649539372e-05
3.59393344035268e-05
3.59389038634322e-05
3.59384733336528e-05
3.59380428141883e-05
3.59376123050385e-05
3.59371818062028e-05
3.59367513176809e-05
3.59363208394725e-05
3.59358903715771e-05
3.59354599139945e-05
3.59350294667242e-05
3.59345990297658e-05
3.59341686031191e-05
3.59337381867836e-05
3.59333077807589e-05
3.59328773850447e-05
3.59324469996407e-05
3.59320166245464e-05
3.59315862597614e-05
3.59311559052855e-05
3.59307255611182e-05
3.59302952272591e-05
3.5929864903708e-05
3.59294345904643e-05
3.59290042875278e-05
3.59285739948981e-05
3.59281437125749e-05
3.59277134405576e-05
3.5927283178846e-05
3.59268529274397e-05
3.59264226863384e-05
3.59259924555416e-05
3.5925562235049e-05
3.59251320248602e-05
3.59247018249749e-05
3.59242716353926e-05
3.5923841456113e-05
3.59234112871358e-05
3.59229811284606e-05
3.59225509800869e-05
3.59221208420145e-05
3.5921690714243e-05
3.59212605967719e-05
3.59208304896009e-05
3.59204003927297e-05
3.59199703061579e-05
3.59195402298851e-05
3.59191101639109e-05
3.5918680108235e-05
3.59182500628569e-05
3.59178200277764e-05
3.59173900029931e-05
3.59169599885066e-05
3.59165299843164e-05
3.59160999904224e-05
3.5915670006824e-05
3.59152400335209e-05
3.59148100705127e-05
3.59143801177992e-05
3.59139501753798e-05
3.59135202432542e-05
3.59130903214222e-05
3.59126604098832e-05
3.59122305086369e-05
3.5911800617683e-05
3.5911370737021e-05
3.59109408666507e-05
3.59105110065716e-05
3.59100811567834e-05
3.59096513172857e-05
3.59092214880781e-05
3.59087916691603e-05
3.59083618605319e-05
3.59079320621925e-05
3.59075022741418e-05
3.59070724963794e-05
3.59066427289048e-05
3.59062129717179e-05
3.59057832248181e-05
3.59053534882051e-05
3.59049237618785e-05
3.59044940458381e-05
3.59040643400833e-05
3.59036346446139e-05
3.59032049594294e-05
3.59027752845295e-05
3.59023456199138e-05
3.5901915965582e-05
3.59014863215337e-05
3.59010566877685e-05
3.59006270642861e-05
3.5900197451086e-05
3.58997678481679e-05
3.58993382555315e-05
3.58989086731763e-05
3.58984791011021e-05
3.58980495393084e-05
3.58976199877948e-05
3.5897190446561e-05
3.58967609156067e-05
3.58963313949314e-05
3.58959018845348e-05
3.58954723844166e-05
3.58950428945763e-05
3.58946134150135e-05
3.5894183945728e-05
3.58937544867193e-05
3.58933250379871e-05
3.5892895599531e-05
3.58924661713506e-05
3.58920367534456e-05
3.58916073458156e-05
3.58911779484603e-05
3.58907485613792e-05
3.58903191845719e-05
3.58898898180383e-05
3.58894604617777e-05
3.588903111579e-05
3.58886017800747e-05
3.58881724546314e-05
3.58877431394598e-05
3.58873138345595e-05
3.58868845399301e-05
3.58864552555714e-05
3.58860259814828e-05
3.58855967176641e-05
3.58851674641148e-05
3.58847382208347e-05
3.58843089878233e-05
3.58838797650802e-05
3.58834505526051e-05
3.58830213503977e-05
3.58825921584575e-05
3.58821629767842e-05
3.58817338053775e-05
3.58813046442369e-05
3.5880875493362e-05
3.58804463527526e-05
3.58800172224083e-05
3.58795881023286e-05
3.58791589925132e-05
3.58787298929618e-05
3.58783008036739e-05
3.58778717246493e-05
3.58774426558875e-05
3.58770135973882e-05
3.58765845491509e-05
3.58761555111754e-05
3.58757264834613e-05
3.58752974660082e-05
3.58748684588157e-05
3.58744394618834e-05
3.58740104752111e-05
3.58735814987982e-05
3.58731525326446e-05
3.58727235767497e-05
3.58722946311132e-05
3.58718656957348e-05
3.58714367706141e-05
3.58710078557507e-05
3.58705789511443e-05
3.58701500567944e-05
3.58697211727008e-05
3.58692922988629e-05
3.58688634352806e-05
3.58684345819534e-05
3.58680057388809e-05
3.58675769060628e-05
3.58671480834987e-05
3.58667192711883e-05
3.58662904691311e-05
3.58658616773268e-05
3.5865432895775e-05
3.58650041244755e-05
3.58645753634277e-05
3.58641466126314e-05
3.58637178720861e-05
3.58632891417915e-05
3.58628604217472e-05
3.58624317119529e-05
3.58620030124083e-05
3.58615743231128e-05
3.58611456440662e-05
3.58607169752681e-05
3.58602883167181e-05
3.58598596684158e-05
3.5859431030361e-05
3.58590024025532e-05
3.5858573784992e-05
3.58581451776771e-05
3.58577165806081e-05
3.58572879937847e-05
3.58568594172065e-05
3.58564308508731e-05
3.58560022947841e-05
3.58555737489393e-05
3.58551452133381e-05
3.58547166879803e-05
3.58542881728655e-05
3.58538596679933e-05
3.58534311733633e-05
3.58530026889752e-05
3.58525742148286e-05
3.58521457509232e-05
3.58517172972585e-05
3.58512888538343e-05
3.58508604206501e-05
3.58504319977056e-05
3.58500035850004e-05
3.58495751825341e-05
3.58491467903064e-05
3.58487184083169e-05
3.58482900365653e-05
3.58478616750511e-05
3.5847433323774e-05
3.58470049827337e-05
3.58465766519297e-05
3.58461483313618e-05
3.58457200210295e-05
3.58452917209325e-05
3.58448634310703e-05
3.58444351514427e-05
3.58440068820493e-05
3.58435786228897e-05
3.58431503739635e-05
3.58427221352704e-05
3.584229390681e-05
3.5841865688582e-05
3.58414374805859e-05
3.58410092828214e-05
3.58405810952882e-05
3.58401529179858e-05
3.58397247509139e-05
3.58392965940722e-05
3.58388684474602e-05
3.58384403110777e-05
3.58380121849241e-05
3.58375840689993e-05
3.58371559633028e-05
3.58367278678341e-05
3.58362997825931e-05
3.58358717075793e-05
3.58354436427923e-05
3.58350155882318e-05
3.58345875438974e-05
3.58341595097887e-05
3.58337314859054e-05
3.58333034722471e-05
3.58328754688135e-05
3.58324474756041e-05
3.58320194926186e-05
3.58315915198567e-05
3.58311635573179e-05
3.5830735605002e-05
3.58303076629085e-05
3.5829879731037e-05
3.58294518093873e-05
3.58290238979589e-05
3.58285959967515e-05
3.58281681057648e-05
3.58277402249982e-05
3.58273123544515e-05
3.58268844941244e-05
3.58264566440164e-05
3.58260288041272e-05
3.58256009744563e-05
3.58251731550036e-05
3.58247453457685e-05
3.58243175467507e-05
3.58238897579499e-05
3.58234619793657e-05
3.58230342109977e-05
3.58226064528455e-05
3.58221787049088e-05
3.58217509671873e-05
3.58213232396805e-05
3.58208955223881e-05
3.58204678153097e-05
3.58200401184449e-05
3.58196124317935e-05
3.5819184755355e-05
3.5818757089129e-05
3.58183294331152e-05
3.58179017873133e-05
3.58174741517228e-05
3.58170465263434e-05
3.58166189111748e-05
3.58161913062165e-05
3.58157637114682e-05
3.58153361269295e-05
3.58149085526002e-05
3.58144809884797e-05
3.58140534345677e-05
3.58136258908639e-05
3.5813198357368e-05
3.58127708340794e-05
3.5812343320998e-05
3.58119158181232e-05
3.58114883254548e-05
3.58110608429924e-05
3.58106333707355e-05
3.5810205908684e-05
3.58097784568373e-05
3.58093510151951e-05
3.58089235837571e-05
3.58084961625228e-05
3.5808068751492e-05
3.58076413506642e-05
3.58072139600392e-05
3.58067865796164e-05
3.58063592093956e-05
3.58059318493764e-05
3.58055044995584e-05
3.58050771599413e-05
3.58046498305247e-05
3.58042225113082e-05
3.58037952022914e-05
3.58033679034741e-05
3.58029406148558e-05
3.58025133364362e-05
3.58020860682149e-05
3.58016588101915e-05
3.58012315623657e-05
3.58008043247372e-05
3.58003770973054e-05
3.57999498800702e-05
3.5799522673031e-05
3.57990954761876e-05
3.57986682895396e-05
3.57982411130866e-05
3.57978139468283e-05
3.57973867907643e-05
3.57969596448942e-05
3.57965325092176e-05
3.57961053837343e-05
3.57956782684437e-05
3.57952511633457e-05
3.57948240684397e-05
3.57943969837255e-05
3.57939699092026e-05
3.57935428448708e-05
3.57931157907296e-05
3.57926887467787e-05
3.57922617130176e-05
3.57918346894462e-05
3.57914076760639e-05
3.57909806728704e-05
3.57905536798654e-05
3.57901266970485e-05
3.57896997244193e-05
3.57892727619775e-05
3.57888458097226e-05
3.57884188676544e-05
3.57879919357725e-05
3.57875650140764e-05
3.57871381025659e-05
3.57867112012406e-05
3.57862843101001e-05
3.5785857429144e-05
3.5785430558372e-05
3.57850036977837e-05
3.57845768473788e-05
3.57841500071568e-05
3.57837231771175e-05
3.57832963572604e-05
3.57828695475853e-05
3.57824427480916e-05
3.57820159587791e-05
3.57815891796474e-05
3.57811624106962e-05
3.5780735651925e-05
3.57803089033335e-05
3.57798821649214e-05
3.57794554366883e-05
3.57790287186337e-05
3.57786020107574e-05
3.5778175313059e-05
3.57777486255382e-05
3.57773219481944e-05
3.57768952810275e-05
3.5776468624037e-05
3.57760419772226e-05
3.57756153405839e-05
3.57751887141205e-05
3.57747620978321e-05
3.57743354917182e-05
3.57739088957787e-05
3.5773482310013e-05
3.57730557344208e-05
3.57726291690018e-05
3.57722026137556e-05
3.57717760686818e-05
3.57713495337801e-05
3.577092300905e-05
3.57704964944913e-05
3.57700699901036e-05
3.57696434958865e-05
3.57692170118396e-05
3.57687905379626e-05
3.57683640742551e-05
3.57679376207168e-05
3.57675111773472e-05
3.57670847441461e-05
3.57666583211131e-05
3.57662319082477e-05
3.57658055055497e-05
3.57653791130186e-05
3.57649527306541e-05
3.57645263584559e-05
3.57640999964236e-05
3.57636736445568e-05
3.57632473028551e-05
3.57628209713182e-05
3.57623946499458e-05
3.57619683387374e-05
3.57615420376927e-05
3.57611157468113e-05
3.57606894660929e-05
3.57602631955371e-05
3.57598369351436e-05
3.57594106849119e-05
3.57589844448418e-05
3.57585582149328e-05
3.57581319951846e-05
3.57577057855968e-05
3.57572795861691e-05
3.57568533969011e-05
3.57564272177924e-05
3.57560010488427e-05
3.57555748900516e-05
3.57551487414188e-05
3.57547226029438e-05
3.57542964746264e-05
3.57538703564661e-05
3.57534442484626e-05
3.57530181506155e-05
3.57525920629246e-05
3.57521659853893e-05
3.57517399180093e-05
3.57513138607844e-05
3.5750887813714e-05
3.57504617767979e-05
3.57500357500358e-05
3.57496097334271e-05
3.57491837269716e-05
3.57487577306689e-05
3.57483317445186e-05
3.57479057685204e-05
3.57474798026739e-05
3.57470538469788e-05
3.57466279014346e-05
3.57462019660411e-05
3.57457760407978e-05
3.57453501257045e-05
3.57449242207607e-05
3.5744498325966e-05
3.57440724413201e-05
3.57436465668227e-05
3.57432207024734e-05
3.57427948482718e-05
3.57423690042176e-05
3.57419431703104e-05
3.57415173465498e-05
3.57410915329354e-05
3.5740665729467e-05
3.57402399361441e-05
3.57398141529664e-05
3.57393883799335e-05
3.57389626170451e-05
3.57385368643008e-05
3.57381111217002e-05
3.5737685389243e-05
3.57372596669287e-05
3.57368339547572e-05
3.57364082527279e-05
3.57359825608405e-05
3.57355568790947e-05
3.57351312074901e-05
3.57347055460263e-05
3.5734279894703e-05
3.57338542535198e-05
3.57334286224763e-05
3.57330030015722e-05
3.57325773908072e-05
3.57321517901808e-05
3.57317261996927e-05
3.57313006193425e-05
3.573087504913e-05
3.57304494890546e-05
3.5730023939116e-05
3.5729598399314e-05
3.57291728696481e-05
3.57287473501179e-05
3.57283218407231e-05
3.57278963414634e-05
3.57274708523384e-05
3.57270453733476e-05
3.57266199044908e-05
3.57261944457676e-05
3.57257689971777e-05
3.57253435587206e-05
3.57249181303959e-05
3.57244927122035e-05
3.57240673041428e-05
3.57236419062135e-05
3.57232165184153e-05
3.57227911407478e-05
3.57223657732106e-05
3.57219404158034e-05
3.57215150685258e-05
3.57210897313774e-05
3.57206644043579e-05
3.5720239087467e-05
3.57198137807042e-05
3.57193884840692e-05
3.57189631975616e-05
3.57185379211811e-05
3.57181126549273e-05
3.57176873987999e-05
3.57172621527984e-05
3.57168369169226e-05
3.57164116911721e-05
3.57159864755465e-05
3.57155612700454e-05
3.57151360746684e-05
3.57147108894154e-05
3.57142857142857e-05
3.57138605492792e-05
3.57134353943954e-05
3.57130102496339e-05
3.57125851149945e-05
3.57121599904768e-05
3.57117348760803e-05
3.57113097718047e-05
3.57108846776497e-05
3.5710459593615e-05
3.57100345197e-05
3.57096094559046e-05
3.57091844022283e-05
3.57087593586707e-05
3.57083343252315e-05
3.57079093019104e-05
3.57074842887069e-05
3.57070592856208e-05
3.57066342926516e-05
3.5706209309799e-05
3.57057843370626e-05
3.57053593744421e-05
3.57049344219371e-05
3.57045094795473e-05
3.57040845472722e-05
3.57036596251116e-05
3.5703234713065e-05
3.57028098111321e-05
3.57023849193126e-05
3.57019600376061e-05
3.57015351660121e-05
3.57011103045305e-05
3.57006854531607e-05
3.57002606119025e-05
3.56998357807554e-05
3.56994109597192e-05
3.56989861487934e-05
3.56985613479777e-05
3.56981365572717e-05
3.56977117766751e-05
3.56972870061875e-05
3.56968622458086e-05
3.56964374955379e-05
3.56960127553752e-05
3.56955880253201e-05
3.56951633053721e-05
3.5694738595531e-05
3.56943138957964e-05
3.56938892061679e-05
3.56934645266452e-05
3.56930398572278e-05
3.56926151979155e-05
3.56921905487079e-05
3.56917659096047e-05
3.56913412806053e-05
3.56909166617096e-05
3.56904920529171e-05
3.56900674542275e-05
3.56896428656404e-05
3.56892182871555e-05
3.56887937187723e-05
3.56883691604906e-05
3.568794461231e-05
3.568752007423e-05
3.56870955462505e-05
3.56866710283709e-05
3.5686246520591e-05
3.56858220229103e-05
3.56853975353285e-05
3.56849730578453e-05
3.56845485904603e-05
3.56841241331732e-05
3.56836996859834e-05
3.56832752488908e-05
3.5682850821895e-05
3.56824264049955e-05
3.56820019981921e-05
3.56815776014844e-05
3.56811532148719e-05
3.56807288383544e-05
3.56803044719315e-05
3.56798801156028e-05
3.5679455769368e-05
3.56790314332267e-05
3.56786071071785e-05
3.56781827912232e-05
3.56777584853602e-05
3.56773341895894e-05
3.56769099039102e-05
3.56764856283224e-05
3.56760613628255e-05
3.56756371074193e-05
3.56752128621034e-05
3.56747886268774e-05
3.56743644017409e-05
3.56739401866936e-05
3.56735159817352e-05
3.56730917868652e-05
3.56726676020833e-05
3.56722434273891e-05
3.56718192627824e-05
3.56713951082627e-05
3.56709709638296e-05
3.56705468294829e-05
3.56701227052221e-05
3.56696985910469e-05
3.56692744869569e-05
3.56688503929518e-05
3.56684263090312e-05
3.56680022351948e-05
3.56675781714422e-05
3.56671541177729e-05
3.56667300741868e-05
3.56663060406834e-05
3.56658820172623e-05
3.56654580039232e-05
3.56650340006657e-05
3.56646100074896e-05
3.56641860243943e-05
3.56637620513796e-05
3.56633380884451e-05
3.56629141355904e-05
3.56624901928152e-05
3.56620662601191e-05
3.56616423375018e-05
3.56612184249629e-05
3.5660794522502e-05
3.56603706301187e-05
3.56599467478129e-05
3.56595228755839e-05
3.56590990134316e-05
3.56586751613555e-05
3.56582513193553e-05
3.56578274874306e-05
3.56574036655811e-05
3.56569798538064e-05
3.56565560521061e-05
3.56561322604799e-05
3.56557084789275e-05
3.56552847074484e-05
3.56548609460423e-05
3.56544371947089e-05
3.56540134534477e-05
3.56535897222585e-05
3.56531660011409e-05
3.56527422900945e-05
3.56523185891189e-05
3.56518948982138e-05
3.56514712173789e-05
3.56510475466137e-05
3.5650623885918e-05
3.56502002352913e-05
3.56497765947333e-05
3.56493529642437e-05
3.5648929343822e-05
3.5648505733468e-05
3.56480821331812e-05
3.56476585429614e-05
3.56472349628081e-05
3.56468113927209e-05
3.56463878326996e-05
3.56459642827438e-05
3.56455407428531e-05
3.56451172130271e-05
3.56446936932655e-05
3.5644270183568e-05
3.56438466839341e-05
3.56434231943636e-05
3.5642999714856e-05
3.5642576245411e-05
3.56421527860283e-05
3.56417293367074e-05
3.56413058974481e-05
3.56408824682499e-05
3.56404590491126e-05
3.56400356400356e-05
3.56396122410188e-05
3.56391888520617e-05
3.5638765473164e-05
3.56383421043253e-05
3.56379187455453e-05
3.56374953968235e-05
3.56370720581597e-05
3.56366487295535e-05
3.56362254110045e-05
3.56358021025123e-05
3.56353788040767e-05
3.56349555156972e-05
3.56345322373735e-05
3.56341089691052e-05
3.5633685710892e-05
3.56332624627335e-05
3.56328392246294e-05
3.56324159965793e-05
3.56319927785828e-05
3.56315695706396e-05
3.56311463727493e-05
3.56307231849116e-05
3.56303000071261e-05
3.56298768393924e-05
3.56294536817102e-05
3.56290305340792e-05
3.56286073964989e-05
3.5628184268969e-05
3.56277611514892e-05
3.56273380440591e-05
3.56269149466784e-05
3.56264918593466e-05
3.56260687820635e-05
3.56256457148286e-05
3.56252226576416e-05
3.56247996105022e-05
3.562437657341e-05
3.56239535463646e-05
3.56235305293657e-05
3.56231075224129e-05
3.56226845255058e-05
3.56222615386442e-05
3.56218385618276e-05
3.56214155950557e-05
3.56209926383282e-05
3.56205696916446e-05
3.56201467550046e-05
3.56197238284079e-05
3.56193009118541e-05
3.56188780053428e-05
3.56184551088737e-05
3.56180322224465e-05
3.56176093460607e-05
3.5617186479716e-05
3.56167636234121e-05
3.56163407771486e-05
3.56159179409251e-05
3.56154951147413e-05
3.56150722985968e-05
3.56146494924912e-05
3.56142266964243e-05
3.56138039103957e-05
3.56133811344049e-05
3.56129583684517e-05
3.56125356125356e-05
3.56121128666564e-05
3.56116901308136e-05
3.56112674050069e-05
3.5610844689236e-05
3.56104219835005e-05
3.56099992878e-05
3.56095766021342e-05
3.56091539265027e-05
3.56087312609052e-05
3.56083086053412e-05
3.56078859598106e-05
3.56074633243128e-05
3.56070406988475e-05
3.56066180834144e-05
3.56061954780132e-05
3.56057728826434e-05
3.56053502973047e-05
3.56049277219967e-05
3.56045051567192e-05
3.56040826014716e-05
3.56036600562538e-05
3.56032375210652e-05
3.56028149959057e-05
3.56023924807747e-05
3.5601969975672e-05
3.56015474805972e-05
3.56011249955499e-05
3.56007025205297e-05
3.56002800555364e-05
3.55998576005696e-05
3.55994351556289e-05
3.55990127207139e-05
3.55985902958243e-05
3.55981678809597e-05
3.55977454761198e-05
3.55973230813043e-05
3.55969006965127e-05
3.55964783217447e-05
3.5596055957e-05
3.55956336022781e-05
3.55952112575788e-05
3.55947889229017e-05
3.55943665982464e-05
3.55939442836125e-05
3.55935219789998e-05
3.55930996844078e-05
3.55926773998363e-05
3.55922551252847e-05
3.55918328607529e-05
3.55914106062404e-05
3.55909883617468e-05
3.55905661272719e-05
3.55901439028152e-05
3.55897216883764e-05
3.55892994839552e-05
3.55888772895511e-05
3.55884551051639e-05
3.55880329307931e-05
3.55876107664385e-05
3.55871886120996e-05
3.55867664677762e-05
3.55863443334678e-05
3.5585922209174e-05
3.55855000948947e-05
3.55850779906293e-05
3.55846558963775e-05
3.5584233812139e-05
3.55838117379134e-05
3.55833896737003e-05
3.55829676194995e-05
3.55825455753105e-05
3.55821235411329e-05
3.55817015169665e-05
3.55812795028109e-05
3.55808574986657e-05
3.55804355045306e-05
3.55800135204051e-05
3.55795915462891e-05
3.5579169582182e-05
3.55787476280835e-05
3.55783256839933e-05
3.55779037499111e-05
3.55774818258364e-05
3.55770599117689e-05
3.55766380077083e-05
3.55762161136542e-05
3.55757942296062e-05
3.5575372355564e-05
3.55749504915272e-05
3.55745286374956e-05
3.55741067934686e-05
3.5573684959446e-05
3.55732631354274e-05
3.55728413214125e-05
3.55724195174008e-05
3.55719977233921e-05
3.5571575939386e-05
3.55711541653821e-05
3.55707324013801e-05
3.55703106473797e-05
3.55698889033803e-05
3.55694671693818e-05
3.55690454453837e-05
3.55686237313858e-05
3.55682020273875e-05
3.55677803333887e-05
3.55673586493888e-05
3.55669369753877e-05
3.55665153113848e-05
3.556609365738e-05
3.55656720133727e-05
3.55652503793627e-05
3.55648287553495e-05
3.5564407141333e-05
3.55639855373126e-05
3.5563563943288e-05
3.55631423592589e-05
3.55627207852249e-05
3.55622992211856e-05
3.55618776671408e-05
3.55614561230901e-05
3.5561034589033e-05
3.55606130649692e-05
3.55601915508985e-05
3.55597700468204e-05
3.55593485527345e-05
3.55589270686406e-05
3.55585055945382e-05
3.55580841304271e-05
3.55576626763067e-05
3.55572412321769e-05
3.55568197980373e-05
3.55563983738874e-05
3.55559769597269e-05
3.55555555555556e-05
3.55551341613729e-05
3.55547127771786e-05
3.55542914029723e-05
3.55538700387537e-05
3.55534486845224e-05
3.5553027340278e-05
3.55526060060202e-05
3.55521846817487e-05
3.5551763367463e-05
3.55513420631629e-05
3.55509207688479e-05
3.55504994845178e-05
3.55500782101721e-05
3.55496569458105e-05
3.55492356914326e-05
3.55488144470382e-05
3.55483932126268e-05
3.55479719881981e-05
3.55475507737517e-05
3.55471295692873e-05
3.55467083748045e-05
3.5546287190303e-05
3.55458660157824e-05
3.55454448512423e-05
3.55450236966825e-05
3.55446025521025e-05
3.5544181417502e-05
3.55437602928806e-05
3.5543339178238e-05
3.55429180735738e-05
3.55424969788878e-05
3.55420758941794e-05
3.55416548194484e-05
3.55412337546944e-05
3.55408126999171e-05
3.5540391655116e-05
3.5539970620291e-05
3.55395495954415e-05
3.55391285805672e-05
3.55387075756678e-05
3.5538286580743e-05
3.55378655957923e-05
3.55374446208155e-05
3.55370236558121e-05
3.55366027007818e-05
3.55361817557243e-05
3.55357608206392e-05
3.55353398955261e-05
3.55349189803847e-05
3.55344980752147e-05
3.55340771800156e-05
3.55336562947872e-05
3.55332354195291e-05
3.55328145542408e-05
3.55323936989222e-05
3.55319728535727e-05
3.55315520181922e-05
3.55311311927801e-05
3.55307103773361e-05
3.553028957186e-05
3.55298687763513e-05
3.55294479908097e-05
3.55290272152348e-05
3.55286064496264e-05
3.55281856939839e-05
3.55277649483071e-05
3.55273442125956e-05
3.55269234868491e-05
3.55265027710672e-05
3.55260820652496e-05
3.55256613693958e-05
3.55252406835056e-05
3.55248200075786e-05
3.55243993416145e-05
3.55239786856128e-05
3.55235580395732e-05
3.55231374034955e-05
3.55227167773791e-05
3.55222961612239e-05
3.55218755550293e-05
3.55214549587951e-05
3.55210343725209e-05
3.55206137962064e-05
3.55201932298512e-05
3.55197726734549e-05
3.55193521270172e-05
3.55189315905378e-05
3.55185110640162e-05
3.55180905474522e-05
3.55176700408453e-05
3.55172495441953e-05
3.55168290575017e-05
3.55164085807643e-05
3.55159881139826e-05
3.55155676571564e-05
3.55151472102852e-05
3.55147267733687e-05
3.55143063464065e-05
3.55138859293984e-05
3.55134655223439e-05
3.55130451252427e-05
3.55126247380944e-05
3.55122043608987e-05
3.55117839936552e-05
3.55113636363636e-05
3.55109432890236e-05
3.55105229516347e-05
3.55101026241966e-05
3.5509682306709e-05
3.55092619991715e-05
3.55088417015837e-05
3.55084214139453e-05
3.5508001136256e-05
3.55075808685154e-05
3.55071606107232e-05
3.55067403628789e-05
3.55063201249822e-05
3.55058998970329e-05
3.55054796790305e-05
3.55050594709746e-05
3.5504639272865e-05
3.55042190847012e-05
3.5503798906483e-05
3.55033787382099e-05
3.55029585798817e-05
3.55025384314979e-05
3.55021182930581e-05
3.55016981645622e-05
3.55012780460097e-05
3.55008579374002e-05
3.55004378387333e-05
3.55000177500089e-05
3.54995976712264e-05
3.54991776023855e-05
3.5498757543486e-05
3.54983374945273e-05
3.54979174555093e-05
3.54974974264314e-05
3.54970774072935e-05
3.5496657398095e-05
3.54962373988357e-05
3.54958174095152e-05
3.54953974301332e-05
3.54949774606893e-05
3.54945575011832e-05
3.54941375516144e-05
3.54937176119827e-05
3.54932976822877e-05
3.5492877762529e-05
3.54924578527063e-05
3.54920379528193e-05
3.54916180628675e-05
3.54911981828507e-05
3.54907783127684e-05
3.54903584526204e-05
3.54899386024062e-05
3.54895187621256e-05
3.54890989317781e-05
3.54886791113635e-05
3.54882593008813e-05
3.54878395003312e-05
3.54874197097129e-05
3.5486999929026e-05
3.54865801582701e-05
3.5486160397445e-05
3.54857406465502e-05
3.54853209055854e-05
3.54849011745502e-05
3.54844814534444e-05
3.54840617422674e-05
3.54836420410191e-05
3.5483222349699e-05
3.54828026683068e-05
3.54823829968421e-05
3.54819633353046e-05
3.54815436836939e-05
3.54811240420096e-05
3.54807044102516e-05
3.54802847884192e-05
3.54798651765123e-05
3.54794455745305e-05
3.54790259824734e-05
3.54786064003406e-05
3.54781868281318e-05
3.54777672658467e-05
3.54773477134849e-05
3.54769281710461e-05
3.54765086385299e-05
3.54760891159359e-05
3.54756696032638e-05
3.54752501005132e-05
3.54748306076838e-05
3.54744111247753e-05
3.54739916517873e-05
3.54735721887194e-05
3.54731527355713e-05
3.54727332923426e-05
3.5472313859033e-05
3.54718944356422e-05
3.54714750221697e-05
3.54710556186152e-05
3.54706362249784e-05
3.5470216841259e-05
3.54697974674565e-05
3.54693781035706e-05
3.5468958749601e-05
3.54685394055473e-05
3.54681200714091e-05
3.54677007471862e-05
3.54672814328782e-05
3.54668621284846e-05
3.54664428340052e-05
3.54660235494396e-05
3.54656042747875e-05
3.54651850100485e-05
3.54647657552222e-05
3.54643465103083e-05
3.54639272753065e-05
3.54635080502163e-05
3.54630888350375e-05
3.54626696297697e-05
3.54622504344126e-05
3.54618312489657e-05
3.54614120734288e-05
3.54609929078014e-05
3.54605737520833e-05
3.54601546062741e-05
3.54597354703734e-05
3.54593163443809e-05
3.54588972282962e-05
3.5458478122119e-05
3.54580590258489e-05
3.54576399394856e-05
3.54572208630288e-05
3.5456801796478e-05
3.54563827398329e-05
3.54559636930932e-05
3.54555446562585e-05
3.54551256293285e-05
3.54547066123028e-05
3.54542876051811e-05
3.54538686079629e-05
3.54534496206481e-05
3.54530306432362e-05
3.54526116757268e-05
3.54521927181196e-05
3.54517737704143e-05
3.54513548326105e-05
3.54509359047079e-05
3.54505169867061e-05
3.54500980786047e-05
3.54496791804034e-05
3.54492602921019e-05
3.54488414136998e-05
3.54484225451967e-05
3.54480036865924e-05
3.54475848378864e-05
3.54471659990784e-05
3.5446747170168e-05
3.5446328351155e-05
3.54459095420388e-05
3.54454907428193e-05
3.54450719534961e-05
3.54446531740687e-05
3.54442344045369e-05
3.54438156449002e-05
3.54433968951584e-05
3.54429781553111e-05
3.5442559425358e-05
3.54421407052986e-05
3.54417219951327e-05
3.54413032948598e-05
3.54408846044797e-05
3.5440465923992e-05
3.54400472533963e-05
3.54396285926923e-05
3.54392099418797e-05
3.5438791300958e-05
3.5438372669927e-05
3.54379540487862e-05
3.54375354375354e-05
3.54371168361742e-05
3.54366982447022e-05
3.54362796631191e-05
3.54358610914245e-05
3.54354425296181e-05
3.54350239776996e-05
3.54346054356685e-05
3.54341869035245e-05
3.54337683812673e-05
3.54333498688966e-05
3.54329313664119e-05
3.5432512873813e-05
3.54320943910995e-05
3.54316759182709e-05
3.54312574553271e-05
3.54308390022676e-05
3.5430420559092e-05
3.54300021258001e-05
3.54295837023915e-05
3.54291652888658e-05
3.54287468852227e-05
3.54283284914618e-05
3.54279101075828e-05
3.54274917335853e-05
3.54270733694689e-05
3.54266550152335e-05
3.54262366708785e-05
3.54258183364036e-05
3.54254000118085e-05
3.54249816970928e-05
3.54245633922562e-05
3.54241450972983e-05
3.54237268122188e-05
3.54233085370174e-05
3.54228902716936e-05
3.54224720162471e-05
3.54220537706776e-05
3.54216355349848e-05
3.54212173091682e-05
3.54207990932275e-05
3.54203808871625e-05
3.54199626909726e-05
3.54195445046577e-05
3.54191263282172e-05
3.5418708161651e-05
3.54182900049586e-05
3.54178718581396e-05
3.54174537211938e-05
3.54170355941208e-05
3.54166174769202e-05
3.54161993695917e-05
3.54157812721349e-05
3.54153631845495e-05
3.54149451068351e-05
3.54145270389914e-05
3.5414108981018e-05
3.54136909329147e-05
3.54132728946809e-05
3.54128548663165e-05
3.5412436847821e-05
3.5412018839194e-05
3.54116008404353e-05
3.54111828515445e-05
3.54107648725212e-05
3.54103469033652e-05
3.54099289440759e-05
3.54095109946532e-05
3.54090930550965e-05
3.54086751254057e-05
3.54082572055803e-05
3.54078392956201e-05
3.54074213955245e-05
3.54070035052933e-05
3.54065856249262e-05
3.54061677544228e-05
3.54057498937827e-05
3.54053320430057e-05
3.54049142020912e-05
3.54044963710391e-05
3.54040785498489e-05
3.54036607385204e-05
3.5403242937053e-05
3.54028251454466e-05
3.54024073637007e-05
3.54019895918151e-05
3.54015718297892e-05
3.54011540776229e-05
3.54007363353158e-05
3.54003186028674e-05
3.53999008802775e-05
3.53994831675458e-05
3.53990654646717e-05
3.53986477716551e-05
3.53982300884956e-05
3.53978124151927e-05
3.53973947517463e-05
3.53969770981558e-05
3.5396559454421e-05
3.53961418205416e-05
3.53957241965171e-05
3.53953065823472e-05
3.53948889780316e-05
3.53944713835699e-05
3.53940537989618e-05
3.53936362242069e-05
3.53932186593049e-05
3.53928011042554e-05
3.53923835590581e-05
3.53919660237126e-05
3.53915484982186e-05
3.53911309825758e-05
3.53907134767837e-05
3.53902959808421e-05
3.53898784947505e-05
3.53894610185087e-05
3.53890435521163e-05
3.53886260955729e-05
3.53882086488782e-05
3.53877912120319e-05
3.53873737850335e-05
3.53869563678828e-05
3.53865389605794e-05
3.53861215631229e-05
3.53857041755131e-05
3.53852867977495e-05
3.53848694298318e-05
3.53844520717597e-05
3.53840347235327e-05
3.53836173851507e-05
3.53832000566131e-05
3.53827827379197e-05
3.53823654290701e-05
3.5381948130064e-05
3.5381530840901e-05
3.53811135615808e-05
3.5380696292103e-05
3.53802790324673e-05
3.53798617826733e-05
3.53794445427207e-05
3.53790273126091e-05
3.53786100923382e-05
3.53781928819076e-05
3.5377775681317e-05
3.5377358490566e-05
3.53769413096544e-05
3.53765241385816e-05
3.53761069773475e-05
3.53756898259516e-05
3.53752726843936e-05
3.53748555526732e-05
3.53744384307899e-05
3.53740213187435e-05
3.53736042165336e-05
3.53731871241599e-05
3.5372770041622e-05
3.53723529689195e-05
3.53719359060521e-05
3.53715188530195e-05
3.53711018098214e-05
3.53706847764573e-05
3.53702677529269e-05
3.53698507392299e-05
3.53694337353659e-05
3.53690167413346e-05
3.53685997571356e-05
3.53681827827686e-05
3.53677658182333e-05
3.53673488635292e-05
3.53669319186561e-05
3.53665149836135e-05
3.53660980584012e-05
3.53656811430188e-05
3.5365264237466e-05
3.53648473417423e-05
3.53644304558475e-05
3.53640135797812e-05
3.53635967135431e-05
3.53631798571328e-05
3.53627630105499e-05
3.53623461737941e-05
3.53619293468652e-05
3.53615125297626e-05
3.53610957224861e-05
3.53606789250354e-05
3.536026213741e-05
3.53598453596096e-05
3.5359428591634e-05
3.53590118334826e-05
3.53585950851553e-05
3.53581783466516e-05
3.53577616179712e-05
3.53573448991137e-05
3.53569281900788e-05
3.53565114908662e-05
3.53560948014755e-05
3.53556781219064e-05
3.53552614521584e-05
3.53548447922314e-05
3.53544281421248e-05
3.53540115018384e-05
3.53535948713718e-05
3.53531782507247e-05
3.53527616398968e-05
3.53523450388876e-05
3.53519284476968e-05
3.53515118663241e-05
3.53510952947692e-05
3.53506787330317e-05
3.53502621811112e-05
3.53498456390074e-05
3.53494291067199e-05
3.53490125842485e-05
3.53485960715927e-05
3.53481795687522e-05
3.53477630757267e-05
3.53473465925158e-05
3.53469301191192e-05
3.53465136555364e-05
3.53460972017673e-05
3.53456807578114e-05
3.53452643236684e-05
3.53448478993379e-05
3.53444314848196e-05
3.53440150801131e-05
3.53435986852181e-05
3.53431823001343e-05
3.53427659248613e-05
3.53423495593987e-05
3.53419332037462e-05
3.53415168579035e-05
3.53411005218703e-05
3.5340684195646e-05
3.53402678792305e-05
3.53398515726234e-05
3.53394352758243e-05
3.53390189888329e-05
3.53386027116488e-05
3.53381864442717e-05
3.53377701867012e-05
3.53373539389371e-05
3.53369377009788e-05
3.53365214728262e-05
3.53361052544789e-05
3.53356890459364e-05
3.53352728471985e-05
3.53348566582648e-05
3.5334440479135e-05
3.53340243098087e-05
3.53336081502856e-05
3.53331920005653e-05
3.53327758606475e-05
3.53323597305319e-05
3.5331943610218e-05
3.53315274997056e-05
3.53311113989942e-05
3.53306953080837e-05
3.53302792269735e-05
3.53298631556634e-05
3.5329447094153e-05
3.53290310424419e-05
3.53286150005299e-05
3.53281989684166e-05
3.53277829461016e-05
3.53273669335846e-05
3.53269509308652e-05
3.53265349379431e-05
3.53261189548179e-05
3.53257029814893e-05
3.5325287017957e-05
3.53248710642206e-05
3.53244551202798e-05
3.53240391861341e-05
3.53236232617834e-05
3.53232073472271e-05
3.53227914424651e-05
3.53223755474968e-05
3.53219596623221e-05
3.53215437869404e-05
3.53211279213516e-05
3.53207120655552e-05
3.5320296219551e-05
3.53198803833384e-05
3.53194645569173e-05
3.53190487402873e-05
3.53186329334479e-05
3.5318217136399e-05
3.531780134914e-05
3.53173855716707e-05
3.53169698039908e-05
3.53165540460999e-05
3.53161382979976e-05
3.53157225596836e-05
3.53153068311575e-05
3.53148911124191e-05
3.53144754034679e-05
3.53140597043036e-05
3.53136440149259e-05
3.53132283353344e-05
3.53128126655288e-05
3.53123970055087e-05
3.53119813552738e-05
3.53115657148238e-05
3.53111500841582e-05
3.53107344632768e-05
3.53103188521792e-05
3.53099032508651e-05
3.53094876593341e-05
3.53090720775858e-05
3.530865650562e-05
3.53082409434362e-05
3.53078253910342e-05
3.53074098484135e-05
3.53069943155739e-05
3.5306578792515e-05
3.53061632792364e-05
3.53057477757379e-05
3.5305332282019e-05
3.53049167980794e-05
3.53045013239188e-05
3.53040858595368e-05
3.53036704049331e-05
3.53032549601073e-05
3.53028395250591e-05
3.53024240997882e-05
3.53020086842941e-05
3.53015932785766e-05
3.53011778826354e-05
3.53007624964699e-05
3.530034712008e-05
3.52999317534653e-05
3.52995163966254e-05
3.52991010495599e-05
3.52986857122686e-05
3.52982703847511e-05
3.52978550670071e-05
3.52974397590361e-05
3.52970244608379e-05
3.52966091724122e-05
3.52961938937585e-05
3.52957786248765e-05
3.52953633657658e-05
3.52949481164263e-05
3.52945328768574e-05
3.52941176470588e-05
3.52937024270303e-05
3.52932872167714e-05
3.52928720162818e-05
3.52924568255612e-05
3.52920416446091e-05
3.52916264734254e-05
3.52912113120096e-05
3.52907961603614e-05
3.52903810184804e-05
3.52899658863663e-05
3.52895507640188e-05
3.52891356514374e-05
3.5288720548622e-05
3.5288305455572e-05
3.52878903722872e-05
3.52874752987673e-05
3.52870602350118e-05
3.52866451810205e-05
3.5286230136793e-05
3.52858151023289e-05
3.52854000776279e-05
3.52849850626897e-05
3.52845700575139e-05
3.52841550621001e-05
3.52837400764481e-05
3.52833251005575e-05
3.52829101344279e-05
3.5282495178059e-05
3.52820802314504e-05
3.52816652946019e-05
3.5281250367513e-05
3.52808354501835e-05
3.52804205426129e-05
3.52800056448009e-05
3.52795907567472e-05
3.52791758784515e-05
3.52787610099133e-05
3.52783461511324e-05
3.52779313021084e-05
3.5277516462841e-05
3.52771016333298e-05
3.52766868135745e-05
3.52762720035747e-05
3.527585720333e-05
3.52754424128403e-05
3.5275027632105e-05
3.52746128611239e-05
3.52741980998965e-05
3.52737833484227e-05
3.52733686067019e-05
3.5272953874734e-05
3.52725391525185e-05
3.5272124440055e-05
3.52717097373433e-05
3.5271295044383e-05
3.52708803611738e-05
3.52704656877153e-05
3.52700510240071e-05
3.5269636370049e-05
3.52692217258406e-05
3.52688070913815e-05
3.52683924666714e-05
3.52679778517099e-05
3.52675632464968e-05
3.52671486510316e-05
3.5266734065314e-05
3.52663194893437e-05
3.52659049231203e-05
3.52654903666435e-05
3.5265075819913e-05
3.52646612829284e-05
3.52642467556893e-05
3.52638322381954e-05
3.52634177304464e-05
3.5263003232442e-05
3.52625887441817e-05
3.52621742656652e-05
3.52617597968923e-05
3.52613453378625e-05
3.52609308885755e-05
3.52605164490309e-05
3.52601020192285e-05
3.52596875991679e-05
3.52592731888487e-05
3.52588587882706e-05
3.52584443974332e-05
3.52580300163362e-05
3.52576156449793e-05
3.52572012833621e-05
3.52567869314843e-05
3.52563725893455e-05
3.52559582569454e-05
3.52555439342837e-05
3.52551296213599e-05
3.52547153181738e-05
3.5254301024725e-05
3.52538867410132e-05
3.5253472467038e-05
3.52530582027991e-05
3.52526439482961e-05
3.52522297035287e-05
3.52518154684966e-05
3.52514012431994e-05
3.52509870276368e-05
3.52505728218084e-05
3.52501586257138e-05
3.52497444393528e-05
3.5249330262725e-05
3.52489160958301e-05
3.52485019386676e-05
3.52480877912373e-05
3.52476736535389e-05
3.52472595255719e-05
3.5246845407336e-05
3.5246431298831e-05
3.52460172000564e-05
3.52456031110119e-05
3.52451890316972e-05
3.52447749621119e-05
3.52443609022556e-05
3.52439468521281e-05
3.52435328117291e-05
3.5243118781058e-05
3.52427047601147e-05
3.52422907488987e-05
3.52418767474097e-05
3.52414627556474e-05
3.52410487736115e-05
3.52406348013016e-05
3.52402208387173e-05
3.52398068858583e-05
3.52393929427242e-05
3.52389790093148e-05
3.52385650856297e-05
3.52381511716685e-05
3.52377372674309e-05
3.52373233729166e-05
3.52369094881252e-05
3.52364956130563e-05
3.52360817477097e-05
3.52356678920849e-05
3.52352540461817e-05
3.52348402099996e-05
3.52344263835385e-05
3.52340125667978e-05
3.52335987597773e-05
3.52331849624767e-05
3.52327711748955e-05
3.52323573970334e-05
3.52319436288902e-05
3.52315298704654e-05
3.52311161217587e-05
3.52307023827698e-05
3.52302886534984e-05
3.5229874933944e-05
3.52294612241063e-05
3.52290475239851e-05
3.52286338335799e-05
3.52282201528905e-05
3.52278064819164e-05
3.52273928206573e-05
3.5226979169113e-05
3.5226565527283e-05
3.5226151895167e-05
3.52257382727646e-05
3.52253246600756e-05
3.52249110570996e-05
3.52244974638362e-05
3.52240838802851e-05
3.52236703064459e-05
3.52232567423184e-05
3.52228431879021e-05
3.52224296431968e-05
3.5222016108202e-05
3.52216025829175e-05
3.52211890673429e-05
3.52207755614779e-05
3.5220362065322e-05
3.52199485788751e-05
3.52195351021366e-05
3.52191216351064e-05
3.5218708177784e-05
3.52182947301692e-05
3.52178812922615e-05
3.52174678640606e-05
3.52170544455662e-05
3.52166410367779e-05
3.52162276376955e-05
3.52158142483184e-05
3.52154008686466e-05
3.52149874986794e-05
3.52145741384168e-05
3.52141607878582e-05
3.52137474470033e-05
3.52133341158519e-05
3.52129207944035e-05
3.52125074826578e-05
3.52120941806146e-05
3.52116808882733e-05
3.52112676056338e-05
3.52108543326956e-05
3.52104410694585e-05
3.5210027815922e-05
3.52096145720858e-05
3.52092013379497e-05
3.52087881135131e-05
3.52083748987759e-05
3.52079616937377e-05
3.52075484983981e-05
3.52071353127567e-05
3.52067221368133e-05
3.52063089705675e-05
3.5205895814019e-05
3.52054826671674e-05
3.52050695300123e-05
3.52046564025535e-05
3.52042432847906e-05
3.52038301767232e-05
3.52034170783511e-05
3.52030039896738e-05
3.5202590910691e-05
3.52021778414025e-05
3.52017647818077e-05
3.52013517319065e-05
3.52009386916984e-05
3.52005256611832e-05
3.52001126403604e-05
3.51996996292298e-05
3.5199286627791e-05
3.51988736360436e-05
3.51984606539874e-05
3.51980476816219e-05
3.51976347189469e-05
3.51972217659619e-05
3.51968088226667e-05
3.5196395889061e-05
3.51959829651442e-05
3.51955700509163e-05
3.51951571463767e-05
3.51947442515251e-05
3.51943313663613e-05
3.51939184908848e-05
3.51935056250953e-05
3.51930927689925e-05
3.51926799225761e-05
3.51922670858457e-05
3.51918542588009e-05
3.51914414414414e-05
3.5191028633767e-05
3.51906158357771e-05
3.51902030474716e-05
3.518979026885e-05
3.5189377499912e-05
3.51889647406573e-05
3.51885519910856e-05
3.51881392511964e-05
3.51877265209895e-05
3.51873138004645e-05
3.5186901089621e-05
3.51864883884588e-05
3.51860756969775e-05
3.51856630151767e-05
3.51852503430562e-05
3.51848376806155e-05
3.51844250278543e-05
3.51840123847724e-05
3.51835997513692e-05
3.51831871276446e-05
3.51827745135981e-05
3.51823619092295e-05
3.51819493145384e-05
3.51815367295243e-05
3.51811241541871e-05
3.51807115885264e-05
3.51802990325418e-05
3.51798864862329e-05
3.51794739495995e-05
3.51790614226412e-05
3.51786489053577e-05
3.51782363977486e-05
3.51778238998136e-05
3.51774114115523e-05
3.51769989329644e-05
3.51765864640495e-05
3.51761740048074e-05
3.51757615552377e-05
3.517534911534e-05
3.5174936685114e-05
3.51745242645593e-05
3.51741118536757e-05
3.51736994524627e-05
3.51732870609201e-05
3.51728746790475e-05
3.51724623068446e-05
3.51720499443109e-05
3.51716375914463e-05
3.51712252482502e-05
3.51708129147225e-05
3.51704005908627e-05
3.51699882766706e-05
3.51695759721457e-05
3.51691636772878e-05
3.51687513920964e-05
3.51683391165713e-05
3.51679268507122e-05
3.51675145945186e-05
3.51671023479902e-05
3.51666901111267e-05
3.51662778839278e-05
3.51658656663932e-05
3.51654534585223e-05
3.51650412603151e-05
3.5164629071771e-05
3.51642168928898e-05
3.51638047236711e-05
3.51633925641146e-05
3.51629804142199e-05
3.51625682739867e-05
3.51621561434147e-05
3.51617440225035e-05
3.51613319112528e-05
3.51609198096622e-05
3.51605077177314e-05
3.51600956354601e-05
3.51596835628479e-05
3.51592714998945e-05
3.51588594465996e-05
3.51584474029627e-05
3.51580353689836e-05
3.51576233446619e-05
3.51572113299973e-05
3.51567993249895e-05
3.5156387329638e-05
3.51559753439426e-05
3.5155563367903e-05
3.51551514015187e-05
3.51547394447895e-05
3.5154327497715e-05
3.51539155602948e-05
3.51535036325287e-05
3.51530917144163e-05
3.51526798059572e-05
3.51522679071511e-05
3.51518560179978e-05
3.51514441384967e-05
3.51510322686476e-05
3.51506204084502e-05
3.51502085579041e-05
3.5149796717009e-05
3.51493848857645e-05
3.51489730641703e-05
3.51485612522261e-05
3.51481494499315e-05
3.51477376572861e-05
3.51473258742897e-05
3.51469141009419e-05
3.51465023372424e-05
3.51460905831908e-05
3.51456788387868e-05
3.514526710403e-05
3.51448553789201e-05
3.51444436634568e-05
3.51440319576397e-05
3.51436202614685e-05
3.51432085749429e-05
3.51427968980625e-05
3.51423852308269e-05
3.51419735732359e-05
3.5141561925289e-05
3.51411502869861e-05
3.51407386583266e-05
3.51403270393103e-05
3.51399154299369e-05
3.51395038302059e-05
3.51390922401171e-05
3.51386806596702e-05
3.51382690888647e-05
3.51378575277003e-05
3.51374459761768e-05
3.51370344342937e-05
3.51366229020508e-05
3.51362113794477e-05
3.5135799866484e-05
3.51353883631594e-05
3.51349768694736e-05
3.51345653854262e-05
3.51341539110169e-05
3.51337424462454e-05
3.51333309911113e-05
3.51329195456142e-05
3.5132508109754e-05
3.51320966835301e-05
3.51316852669423e-05
3.51312738599902e-05
3.51308624626735e-05
3.51304510749918e-05
3.51300396969449e-05
3.51296283285323e-05
3.51292169697537e-05
3.51288056206089e-05
3.51283942810974e-05
3.51279829512189e-05
3.51275716309732e-05
3.51271603203597e-05
3.51267490193783e-05
3.51263377280285e-05
3.512592644631e-05
3.51255151742226e-05
3.51251039117657e-05
3.51246926589392e-05
3.51242814157427e-05
3.51238701821758e-05
3.51234589582382e-05
3.51230477439296e-05
3.51226365392495e-05
3.51222253441978e-05
3.5121814158774e-05
3.51214029829778e-05
3.51209918168089e-05
3.51205806602669e-05
3.51201695133515e-05
3.51197583760624e-05
3.51193472483991e-05
3.51189361303615e-05
3.51185250219491e-05
3.51181139231616e-05
3.51177028339986e-05
3.51172917544599e-05
3.51168806845451e-05
3.51164696242538e-05
3.51160585735857e-05
3.51156475325405e-05
3.51152365011178e-05
3.51148254793174e-05
3.51144144671388e-05
3.51140034645817e-05
3.51135924716458e-05
3.51131814883307e-05
3.51127705146362e-05
3.51123595505618e-05
3.51119485961073e-05
3.51115376512722e-05
3.51111267160563e-05
3.51107157904592e-05
3.51103048744807e-05
3.51098939681202e-05
3.51094830713776e-05
3.51090721842524e-05
3.51086613067444e-05
3.51082504388531e-05
3.51078395805783e-05
3.51074287319197e-05
3.51070178928768e-05
3.51066070634493e-05
3.5106196243637e-05
3.51057854334394e-05
3.51053746328563e-05
3.51049638418872e-05
3.51045530605319e-05
3.51041422887901e-05
3.51037315266613e-05
3.51033207741452e-05
3.51029100312416e-05
3.510249929795e-05
3.51020885742702e-05
3.51016778602017e-05
3.51012671557443e-05
3.51008564608976e-05
3.51004457756614e-05
3.51000351000351e-05
3.50996244340186e-05
3.50992137776114e-05
3.50988031308132e-05
3.50983924936238e-05
3.50979818660427e-05
3.50975712480696e-05
3.50971606397042e-05
3.50967500409462e-05
3.50963394517952e-05
3.50959288722508e-05
3.50955183023128e-05
3.50951077419808e-05
3.50946971912544e-05
3.50942866501334e-05
3.50938761186173e-05
3.50934655967059e-05
3.50930550843988e-05
3.50926445816957e-05
3.50922340885962e-05
3.50918236051e-05
3.50914131312068e-05
3.50910026669162e-05
3.50905922122279e-05
3.50901817671416e-05
3.50897713316568e-05
3.50893609057734e-05
3.50889504894909e-05
3.5088540082809e-05
3.50881296857273e-05
3.50877192982456e-05
3.50873089203635e-05
3.50868985520807e-05
3.50864881933967e-05
3.50860778443114e-05
3.50856675048243e-05
3.50852571749351e-05
3.50848468546435e-05
3.50844365439491e-05
3.50840262428516e-05
3.50836159513507e-05
3.5083205669446e-05
3.50827953971372e-05
3.5082385134424e-05
3.5081974881306e-05
3.50815646377828e-05
3.50811544038543e-05
3.50807441795199e-05
3.50803339647793e-05
3.50799237596324e-05
3.50795135640786e-05
3.50791033781177e-05
3.50786932017493e-05
3.5078283034973e-05
3.50778728777887e-05
3.50774627301959e-05
3.50770525921942e-05
3.50766424637834e-05
3.50762323449631e-05
3.50758222357329e-05
3.50754121360926e-05
3.50750020460418e-05
3.50745919655801e-05
3.50741818947073e-05
3.5073771833423e-05
3.50733617817268e-05
3.50729517396184e-05
3.50725417070975e-05
3.50721316841638e-05
3.50717216708168e-05
3.50713116670563e-05
3.5070901672882e-05
3.50704916882935e-05
3.50700817132904e-05
3.50696717478724e-05
3.50692617920393e-05
3.50688518457906e-05
3.5068441909126e-05
3.50680319820452e-05
3.50676220645478e-05
3.50672121566336e-05
3.50668022583021e-05
3.5066392369553e-05
3.50659824903861e-05
3.50655726208009e-05
3.50651627607971e-05
3.50647529103745e-05
3.50643430695326e-05
3.50639332382711e-05
3.50635234165897e-05
3.50631136044881e-05
3.50627038019658e-05
3.50622940090227e-05
3.50618842256583e-05
3.50614744518723e-05
3.50610646876643e-05
3.50606549330341e-05
3.50602451879813e-05
3.50598354525056e-05
3.50594257266066e-05
3.5059016010284e-05
3.50586063035374e-05
3.50581966063666e-05
3.50577869187711e-05
3.50573772407507e-05
3.5056967572305e-05
3.50565579134337e-05
3.50561482641364e-05
3.50557386244128e-05
3.50553289942626e-05
3.50549193736854e-05
3.5054509762681e-05
3.50541001612489e-05
3.50536905693888e-05
3.50532809871004e-05
3.50528714143834e-05
3.50524618512374e-05
3.5052052297662e-05
3.50516427536571e-05
3.50512332192221e-05
3.50508236943568e-05
3.50504141790609e-05
3.5050004673334e-05
3.50495951771757e-05
3.50491856905858e-05
3.50487762135639e-05
3.50483667461096e-05
3.50479572882227e-05
3.50475478399028e-05
3.50471384011495e-05
3.50467289719626e-05
3.50463195523417e-05
3.50459101422864e-05
3.50455007417964e-05
3.50450913508715e-05
3.50446819695111e-05
3.50442725977151e-05
3.50438632354831e-05
3.50434538828147e-05
3.50430445397096e-05
3.50426352061675e-05
3.5042225882188e-05
3.50418165677709e-05
3.50414072629157e-05
3.50409979676221e-05
3.50405886818899e-05
3.50401794057186e-05
3.50397701391079e-05
3.50393608820575e-05
3.50389516345671e-05
3.50385423966363e-05
3.50381331682648e-05
3.50377239494522e-05
3.50373147401983e-05
3.50369055405027e-05
3.5036496350365e-05
3.50360871697849e-05
3.50356779987621e-05
3.50352688372962e-05
3.5034859685387e-05
3.5034450543034e-05
3.50340414102369e-05
3.50336322869955e-05
3.50332231733094e-05
3.50328140691781e-05
3.50324049746015e-05
3.50319958895791e-05
3.50315868141107e-05
3.50311777481959e-05
3.50307686918343e-05
3.50303596450257e-05
3.50299506077696e-05
3.50295415800659e-05
3.5029132561914e-05
3.50287235533137e-05
3.50283145542647e-05
3.50279055647666e-05
3.50274965848191e-05
3.50270876144218e-05
3.50266786535745e-05
3.50262697022767e-05
3.50258607605282e-05
3.50254518283286e-05
3.50250429056776e-05
3.50246339925748e-05
3.50242250890199e-05
3.50238161950126e-05
3.50234073105526e-05
3.50229984356394e-05
3.50225895702728e-05
3.50221807144525e-05
3.50217718681781e-05
3.50213630314492e-05
3.50209542042655e-05
3.50205453866268e-05
3.50201365785327e-05
3.50197277799827e-05
3.50193189909767e-05
3.50189102115142e-05
3.5018501441595e-05
3.50180926812186e-05
3.50176839303848e-05
3.50172751890933e-05
3.50168664573436e-05
3.50164577351355e-05
3.50160490224686e-05
3.50156403193426e-05
3.50152316257572e-05
3.5014822941712e-05
3.50144142672067e-05
3.50140056022409e-05
3.50135969468143e-05
3.50131883009267e-05
3.50127796645776e-05
3.50123710377667e-05
3.50119624204937e-05
3.50115538127582e-05
3.501114521456e-05
3.50107366258986e-05
3.50103280467738e-05
3.50099194771852e-05
3.50095109171325e-05
3.50091023666153e-05
3.50086938256334e-05
3.50082852941863e-05
3.50078767722738e-05
3.50074682598954e-05
3.5007059757051e-05
3.50066512637401e-05
3.50062427799624e-05
3.50058343057176e-05
3.50054258410054e-05
3.50050173858253e-05
3.50046089401771e-05
3.50042005040605e-05
3.50037920774751e-05
3.50033836604205e-05
3.50029752528965e-05
3.50025668549027e-05
3.50021584664388e-05
3.50017500875044e-05
3.50013417180992e-05
3.50009333582229e-05
3.50005250078751e-05
3.50001166670556e-05
3.49997083357639e-05
3.49993000139997e-05
3.49988917017628e-05
3.49984833990527e-05
3.49980751058692e-05
3.49976668222119e-05
3.49972585480804e-05
3.49968502834745e-05
3.49964420283938e-05
3.49960337828379e-05
3.49956255468066e-05
3.49952173202996e-05
3.49948091033163e-05
3.49944008958567e-05
3.49939926979202e-05
3.49935845095066e-05
3.49931763306155e-05
3.49927681612467e-05
3.49923600013997e-05
3.49919518510743e-05
3.499154371027e-05
3.49911355789867e-05
3.49907274572238e-05
3.49903193449812e-05
3.49899112422585e-05
3.49895031490553e-05
3.49890950653713e-05
3.49886869912062e-05
3.49882789265596e-05
3.49878708714312e-05
3.49874628258207e-05
3.49870547897278e-05
3.49866467631521e-05
3.49862387460932e-05
3.49858307385509e-05
3.49854227405248e-05
3.49850147520146e-05
3.49846067730199e-05
3.49841988035404e-05
3.49837908435758e-05
3.49833828931258e-05
3.49829749521899e-05
3.4982567020768e-05
3.49821590988596e-05
3.49817511864644e-05
3.49813432835821e-05
3.49809353902123e-05
3.49805275063548e-05
3.49801196320091e-05
3.4979711767175e-05
3.49793039118522e-05
3.49788960660402e-05
3.49784882297387e-05
3.49780804029475e-05
3.49776725856662e-05
3.49772647778944e-05
3.49768569796318e-05
3.49764491908781e-05
3.4976041411633e-05
3.49756336418961e-05
3.49752258816672e-05
3.49748181309457e-05
3.49744103897315e-05
3.49740026580242e-05
3.49735949358235e-05
3.49731872231289e-05
3.49727795199403e-05
3.49723718262573e-05
3.49719641420794e-05
3.49715564674065e-05
3.49711488022382e-05
3.4970741146574e-05
3.49703335004138e-05
3.49699258637572e-05
3.49695182366038e-05
3.49691106189533e-05
3.49687030108053e-05
3.49682954121596e-05
3.49678878230159e-05
3.49674802433737e-05
3.49670726732327e-05
3.49666651125927e-05
3.49662575614532e-05
3.4965850019814e-05
3.49654424876747e-05
3.4965034965035e-05
3.49646274518945e-05
3.4964219948253e-05
3.496381245411e-05
3.49634049694653e-05
3.49629974943185e-05
3.49625900286693e-05
3.49621825725174e-05
3.49617751258624e-05
3.4961367688704e-05
3.49609602610418e-05
3.49605528428756e-05
3.4960145434205e-05
3.49597380350297e-05
3.49593306453492e-05
3.49589232651634e-05
3.49585158944719e-05
3.49581085332743e-05
3.49577011815703e-05
3.49572938393596e-05
3.49568865066418e-05
3.49564791834166e-05
3.49560718696838e-05
3.49556645654428e-05
3.49552572706935e-05
3.49548499854355e-05
3.49544427096684e-05
3.49540354433919e-05
3.49536281866058e-05
3.49532209393096e-05
3.4952813701503e-05
3.49524064731857e-05
3.49519992543574e-05
3.49515920450177e-05
3.49511848451663e-05
3.49507776548028e-05
3.4950370473927e-05
3.49499633025385e-05
3.4949556140637e-05
3.49491489882221e-05
3.49487418452936e-05
3.4948334711851e-05
3.4947927587894e-05
3.49475204734224e-05
3.49471133684358e-05
3.49467062729338e-05
3.49462991869161e-05
3.49458921103824e-05
3.49454850433324e-05
3.49450779857657e-05
3.4944670937682e-05
3.4944263899081e-05
3.49438568699623e-05
3.49434498503256e-05
3.49430428401705e-05
3.49426358394968e-05
3.49422288483041e-05
3.49418218665921e-05
3.49414148943605e-05
3.49410079316088e-05
3.49406009783368e-05
3.49401940345442e-05
3.49397871002306e-05
3.49393801753957e-05
3.49389732600391e-05
3.49385663541606e-05
3.49381594577598e-05
3.49377525708363e-05
3.49373456933899e-05
3.49369388254201e-05
3.49365319669268e-05
3.49361251179094e-05
3.49357182783678e-05
3.49353114483016e-05
3.49349046277104e-05
3.49344978165939e-05
3.49340910149518e-05
3.49336842227837e-05
3.49332774400894e-05
3.49328706668685e-05
3.49324639031206e-05
3.49320571488455e-05
3.49316504040428e-05
3.49312436687121e-05
3.49308369428531e-05
3.49304302264656e-05
3.49300235195492e-05
3.49296168221035e-05
3.49292101341282e-05
3.4928803455623e-05
3.49283967865875e-05
3.49279901270215e-05
3.49275834769245e-05
3.49271768362963e-05
3.49267702051366e-05
3.49263635834449e-05
3.4925956971221e-05
3.49255503684646e-05
3.49251437751752e-05
3.49247371913526e-05
3.49243306169965e-05
3.49239240521065e-05
3.49235174966823e-05
3.49231109507235e-05
3.49227044142298e-05
3.4922297887201e-05
3.49218913696366e-05
3.49214848615363e-05
3.49210783628998e-05
3.49206718737269e-05
3.4920265394017e-05
3.49198589237699e-05
3.49194524629854e-05
3.4919046011663e-05
3.49186395698024e-05
3.49182331374032e-05
3.49178267144653e-05
3.49174203009882e-05
3.49170138969715e-05
3.49166075024151e-05
3.49162011173184e-05
3.49157947416813e-05
3.49153883755034e-05
3.49149820187843e-05
3.49145756715237e-05
3.49141693337213e-05
3.49137630053767e-05
3.49133566864897e-05
3.49129503770599e-05
3.49125440770869e-05
3.49121377865705e-05
3.49117315055102e-05
3.49113252339059e-05
3.49109189717571e-05
3.49105127190635e-05
3.49101064758247e-05
3.49097002420406e-05
3.49092940177107e-05
3.49088878028346e-05
3.49084815974121e-05
3.49080754014429e-05
3.49076692149265e-05
3.49072630378627e-05
3.49068568702512e-05
3.49064507120916e-05
3.49060445633836e-05
3.49056384241268e-05
3.49052322943209e-05
3.49048261739657e-05
3.49044200630607e-05
3.49040139616056e-05
3.49036078696001e-05
3.49032017870439e-05
3.49027957139367e-05
3.49023896502781e-05
3.49019835960677e-05
3.49015775513053e-05
3.49011715159906e-05
3.49007654901231e-05
3.49003594737026e-05
3.48999534667287e-05
3.48995474692012e-05
3.48991414811196e-05
3.48987355024836e-05
3.4898329533293e-05
3.48979235735474e-05
3.48975176232464e-05
3.48971116823898e-05
3.48967057509771e-05
3.48962998290081e-05
3.48958939164825e-05
3.48954880133999e-05
3.48950821197599e-05
3.48946762355623e-05
3.48942703608068e-05
3.48938644954929e-05
3.48934586396204e-05
3.48930527931889e-05
3.48926469561981e-05
3.48922411286477e-05
3.48918353105373e-05
3.48914295018667e-05
3.48910237026354e-05
3.48906179128432e-05
3.48902121324898e-05
3.48898063615747e-05
3.48894006000977e-05
3.48889948480584e-05
3.48885891054566e-05
3.48881833722918e-05
3.48877776485638e-05
3.48873719342722e-05
3.48869662294167e-05
3.4886560533997e-05
3.48861548480127e-05
3.48857491714635e-05
3.4885343504349e-05
3.48849378466691e-05
3.48845321984232e-05
3.48841265596112e-05
3.48837209302326e-05
3.48833153102871e-05
3.48829096997744e-05
3.48825040986942e-05
3.48820985070462e-05
3.48816929248299e-05
3.48812873520452e-05
3.48808817886916e-05
3.48804762347689e-05
3.48800706902766e-05
3.48796651552145e-05
3.48792596295823e-05
3.48788541133795e-05
3.4878448606606e-05
3.48780431092613e-05
3.48776376213451e-05
3.48772321428571e-05
3.4876826673797e-05
3.48764212141645e-05
3.48760157639591e-05
3.48756103231807e-05
3.48752048918287e-05
3.48747994699031e-05
3.48743940574032e-05
3.4873988654329e-05
3.487358326068e-05
3.4873177876456e-05
3.48727725016565e-05
3.48723671362812e-05
3.48719617803299e-05
3.48715564338022e-05
3.48711510966977e-05
3.48707457690162e-05
3.48703404507573e-05
3.48699351419206e-05
3.4869529842506e-05
3.48691245525129e-05
3.48687192719411e-05
3.48683140007903e-05
3.48679087390602e-05
3.48675034867503e-05
3.48670982438605e-05
3.48666930103903e-05
3.48662877863394e-05
3.48658825717075e-05
3.48654773664943e-05
3.48650721706994e-05
3.48646669843225e-05
3.48642618073633e-05
3.48638566398215e-05
3.48634514816967e-05
3.48630463329886e-05
3.48626411936968e-05
3.48622360638211e-05
3.48618309433611e-05
3.48614258323165e-05
3.4861020730687e-05
3.48606156384722e-05
3.48602105556718e-05
3.48598054822854e-05
3.48594004183128e-05
3.48589953637536e-05
3.48585903186075e-05
3.48581852828742e-05
3.48577802565533e-05
3.48573752396445e-05
3.48569702321474e-05
3.48565652340618e-05
3.48561602453874e-05
3.48557552661237e-05
3.48553502962705e-05
3.48549453358274e-05
3.48545403847941e-05
3.48541354431703e-05
3.48537305109557e-05
3.48533255881499e-05
3.48529206747525e-05
3.48525157707634e-05
3.48521108761821e-05
3.48517059910083e-05
3.48513011152416e-05
3.48508962488819e-05
3.48504913919286e-05
3.48500865443816e-05
3.48496817062404e-05
3.48492768775048e-05
3.48488720581744e-05
3.48484672482489e-05
3.48480624477279e-05
3.48476576566112e-05
3.48472528748984e-05
3.48468481025891e-05
3.48464433396831e-05
3.48460385861801e-05
3.48456338420796e-05
3.48452291073814e-05
3.48448243820851e-05
3.48444196661905e-05
3.48440149596971e-05
3.48436102626047e-05
3.48432055749129e-05
3.48428008966214e-05
3.48423962277299e-05
3.4841991568238e-05
3.48415869181455e-05
3.48411822774519e-05
3.48407776461571e-05
3.48403730242605e-05
3.4839968411762e-05
3.48395638086611e-05
3.48391592149576e-05
3.48387546306511e-05
3.48383500557414e-05
3.4837945490228e-05
3.48375409341106e-05
3.4837136387389e-05
3.48367318500627e-05
3.48363273221315e-05
3.48359228035951e-05
3.4835518294453e-05
3.48351137947051e-05
3.48347093043509e-05
3.48343048233901e-05
3.48339003518224e-05
3.48334958896475e-05
3.4833091436865e-05
3.48326869934747e-05
3.48322825594761e-05
3.4831878134869e-05
3.48314737196531e-05
3.48310693138279e-05
3.48306649173933e-05
3.48302605303488e-05
3.48298561526941e-05
3.48294517844289e-05
3.48290474255529e-05
3.48286430760658e-05
3.48282387359671e-05
3.48278344052567e-05
3.48274300839341e-05
3.48270257719991e-05
3.48266214694512e-05
3.48262171762903e-05
3.48258128925159e-05
3.48254086181278e-05
3.48250043531255e-05
3.48246000975089e-05
3.48241958512775e-05
3.4823791614431e-05
3.48233873869691e-05
3.48229831688915e-05
3.48225789601978e-05
3.48221747608877e-05
3.4821770570961e-05
3.48213663904172e-05
3.4820962219256e-05
3.48205580574771e-05
3.48201539050803e-05
3.4819749762065e-05
3.48193456284312e-05
3.48189415041783e-05
3.48185373893061e-05
3.48181332838142e-05
3.48177291877024e-05
3.48173251009702e-05
3.48169210236175e-05
3.48165169556438e-05
3.48161128970488e-05
3.48157088478321e-05
3.48153048079936e-05
3.48149007775328e-05
3.48144967564494e-05
3.48140927447431e-05
3.48136887424135e-05
3.48132847494604e-05
3.48128807658834e-05
3.48124767916821e-05
3.48120728268564e-05
3.48116688714057e-05
3.48112649253298e-05
3.48108609886284e-05
3.48104570613012e-05
3.48100531433478e-05
3.48096492347679e-05
3.48092453355611e-05
3.48088414457272e-05
3.48084375652658e-05
3.48080336941766e-05
3.48076298324593e-05
3.48072259801135e-05
3.48068221371389e-05
3.48064183035352e-05
3.4806014479302e-05
3.48056106644391e-05
3.48052068589461e-05
3.48048030628227e-05
3.48043992760685e-05
3.48039954986832e-05
3.48035917306666e-05
3.48031879720182e-05
3.48027842227378e-05
3.4802380482825e-05
3.48019767522795e-05
3.4801573031101e-05
3.48011693192891e-05
3.48007656168436e-05
3.4800361923764e-05
3.47999582400501e-05
3.47995545657016e-05
3.4799150900718e-05
3.47987472450992e-05
3.47983435988447e-05
3.47979399619543e-05
3.47975363344275e-05
3.47971327162642e-05
3.47967291074639e-05
3.47963255080264e-05
3.47959219179512e-05
3.47955183372382e-05
3.47951147658869e-05
3.4794711203897e-05
3.47943076512683e-05
3.47939041080003e-05
3.47935005740928e-05
3.47930970495454e-05
3.47926935343578e-05
3.47922900285297e-05
3.47918865320607e-05
3.47914830449506e-05
3.4791079567199e-05
3.47906760988055e-05
3.47902726397699e-05
3.47898691900918e-05
3.4789465749771e-05
3.4789062318807e-05
3.47886588971995e-05
3.47882554849483e-05
3.4787852082053e-05
3.47874486885132e-05
3.47870453043287e-05
3.47866419294991e-05
3.47862385640241e-05
3.47858352079033e-05
3.47854318611366e-05
3.47850285237234e-05
3.47846251956635e-05
3.47842218769566e-05
3.47838185676024e-05
3.47834152676004e-05
3.47830119769505e-05
3.47826086956522e-05
3.47822054237052e-05
3.47818021611093e-05
3.47813989078641e-05
3.47809956639692e-05
3.47805924294244e-05
3.47801892042293e-05
3.47797859883835e-05
3.47793827818869e-05
3.4778979584739e-05
3.47785763969395e-05
3.47781732184881e-05
3.47777700493844e-05
3.47773668896282e-05
3.47769637392191e-05
3.47765605981568e-05
3.4776157466441e-05
3.47757543440713e-05
3.47753512310474e-05
3.4774948127369e-05
3.47745450330358e-05
3.47741419480474e-05
3.47737388724036e-05
3.47733358061039e-05
3.47729327491481e-05
3.47725297015358e-05
3.47721266632667e-05
3.47717236343406e-05
3.47713206147569e-05
3.47709176045156e-05
3.47705146036161e-05
3.47701116120583e-05
3.47697086298417e-05
3.4769305656966e-05
3.4768902693431e-05
3.47684997392362e-05
3.47680967943815e-05
3.47676938588663e-05
3.47672909326905e-05
3.47668880158537e-05
3.47664851083555e-05
3.47660822101957e-05
3.47656793213739e-05
3.47652764418898e-05
3.47648735717431e-05
3.47644707109334e-05
3.47640678594605e-05
3.47636650173239e-05
3.47632621845234e-05
3.47628593610586e-05
3.47624565469293e-05
3.47620537421351e-05
3.47616509466756e-05
3.47612481605506e-05
3.47608453837597e-05
3.47604426163026e-05
3.4760039858179e-05
3.47596371093886e-05
3.47592343699309e-05
3.47588316398058e-05
3.47584289190129e-05
3.47580262075518e-05
3.47576235054222e-05
3.47572208126238e-05
3.47568181291563e-05
3.47564154550194e-05
3.47560127902127e-05
3.47556101347359e-05
3.47552074885887e-05
3.47548048517708e-05
3.47544022242817e-05
3.47539996061213e-05
3.47535969972892e-05
3.47531943977851e-05
3.47527918076085e-05
3.47523892267593e-05
3.47519866552371e-05
3.47515840930416e-05
3.47511815401724e-05
3.47507789966292e-05
3.47503764624117e-05
3.47499739375195e-05
3.47495714219525e-05
3.47491689157101e-05
3.47487664187921e-05
3.47483639311982e-05
3.47479614529281e-05
3.47475589839814e-05
3.47471565243578e-05
3.47467540740569e-05
3.47463516330785e-05
3.47459492014223e-05
3.47455467790878e-05
3.47451443660748e-05
3.4744741962383e-05
3.4744339568012e-05
3.47439371829616e-05
3.47435348072313e-05
3.47431324408209e-05
3.474273008373e-05
3.47423277359583e-05
3.47419253975055e-05
3.47415230683713e-05
3.47411207485554e-05
3.47407184380573e-05
3.47403161368768e-05
3.47399138450137e-05
3.47395115624674e-05
3.47391092892378e-05
3.47387070253245e-05
3.47383047707272e-05
3.47379025254455e-05
3.47375002894792e-05
3.47370980628278e-05
3.47366958454912e-05
3.47362936374689e-05
3.47358914387606e-05
3.47354892493661e-05
3.47350870692849e-05
3.47346848985168e-05
3.47342827370615e-05
3.47338805849185e-05
3.47334784420877e-05
3.47330763085687e-05
3.4732674184361e-05
3.47322720694645e-05
3.47318699638789e-05
3.47314678676036e-05
3.47310657806386e-05
3.47306637029834e-05
3.47302616346376e-05
3.47298595756011e-05
3.47294575258734e-05
3.47290554854543e-05
3.47286534543434e-05
3.47282514325404e-05
3.47278494200449e-05
3.47274474168567e-05
3.47270454229754e-05
3.47266434384007e-05
3.47262414631323e-05
3.47258394971698e-05
3.4725437540513e-05
3.47250355931615e-05
3.47246336551149e-05
3.47242317263731e-05
3.47238298069355e-05
3.4723427896802e-05
3.47230259959721e-05
3.47226241044457e-05
3.47222222222222e-05
3.47218203493015e-05
3.47214184856832e-05
3.4721016631367e-05
3.47206147863525e-05
3.47202129506394e-05
3.47198111242275e-05
3.47194093071163e-05
3.47190074993056e-05
3.47186057007951e-05
3.47182039115843e-05
3.47178021316731e-05
3.4717400361061e-05
3.47169985997477e-05
3.4716596847733e-05
3.47161951050165e-05
3.47157933715979e-05
3.47153916474768e-05
3.47149899326529e-05
3.4714588227126e-05
3.47141865308956e-05
3.47137848439615e-05
3.47133831663234e-05
3.47129814979809e-05
3.47125798389336e-05
3.47121781891814e-05
3.47117765487238e-05
3.47113749175605e-05
3.47109732956912e-05
3.47105716831156e-05
3.47101700798334e-05
3.47097684858442e-05
3.47093669011477e-05
3.47089653257436e-05
3.47085637596316e-05
3.47081622028114e-05
3.47077606552825e-05
3.47073591170448e-05
3.47069575880978e-05
3.47065560684413e-05
3.4706154558075e-05
3.47057530569984e-05
3.47053515652114e-05
3.47049500827135e-05
3.47045486095044e-05
3.47041471455839e-05
3.47037456909516e-05
3.47033442456071e-05
3.47029428095503e-05
3.47025413827806e-05
3.47021399652979e-05
3.47017385571017e-05
3.47013371581918e-05
3.47009357685679e-05
3.47005343882296e-05
3.47001330171766e-05
3.46997316554085e-05
3.46993303029252e-05
3.46989289597261e-05
3.46985276258111e-05
3.46981263011797e-05
3.46977249858318e-05
3.46973236797668e-05
3.46969223829846e-05
3.46965210954848e-05
3.46961198172671e-05
3.46957185483311e-05
3.46953172886766e-05
3.46949160383032e-05
3.46945147972106e-05
3.46941135653984e-05
3.46937123428664e-05
3.46933111296142e-05
3.46929099256415e-05
3.4692508730948e-05
3.46921075455334e-05
3.46917063693973e-05
3.46913052025394e-05
3.46909040449594e-05
3.4690502896657e-05
3.46901017576318e-05
3.46897006278836e-05
3.46892995074119e-05
3.46888983962166e-05
3.46884972942972e-05
3.46880962016535e-05
3.4687695118285e-05
3.46872940441916e-05
3.46868929793729e-05
3.46864919238285e-05
3.46860908775581e-05
3.46856898405614e-05
3.46852888128382e-05
3.4684887794388e-05
3.46844867852105e-05
3.46840857853055e-05
3.46836847946726e-05
3.46832838133114e-05
3.46828828412218e-05
3.46824818784032e-05
3.46820809248555e-05
3.46816799805783e-05
3.46812790455712e-05
3.4680878119834e-05
3.46804772033663e-05
3.46800762961678e-05
3.46796753982383e-05
3.46792745095773e-05
3.46788736301845e-05
3.46784727600596e-05
3.46780718992024e-05
3.46776710476124e-05
3.46772702052894e-05
3.46768693722331e-05
3.4676468548443e-05
3.4676067733919e-05
3.46756669286606e-05
3.46752661326676e-05
3.46748653459396e-05
3.46744645684763e-05
3.46740638002774e-05
3.46736630413426e-05
3.46732622916715e-05
3.46728615512638e-05
3.46724608201193e-05
3.46720600982375e-05
3.46716593856182e-05
3.4671258682261e-05
3.46708579881657e-05
3.46704573033318e-05
3.46700566277592e-05
3.46696559614473e-05
3.46692553043961e-05
3.4668854656605e-05
3.46684540180738e-05
3.46680533888022e-05
3.46676527687899e-05
3.46672521580364e-05
3.46668515565416e-05
3.46664509643051e-05
3.46660503813266e-05
3.46656498076056e-05
3.46652492431421e-05
3.46648486879355e-05
3.46644481419856e-05
3.4664047605292e-05
3.46636470778546e-05
3.46632465596728e-05
3.46628460507464e-05
3.46624455510751e-05
3.46620450606586e-05
3.46616445794965e-05
3.46612441075885e-05
3.46608436449343e-05
3.46604431915336e-05
3.46600427473861e-05
3.46596423124913e-05
3.46592418868491e-05
3.46588414704591e-05
3.4658441063321e-05
3.46580406654344e-05
3.4657640276799e-05
3.46572398974146e-05
3.46568395272807e-05
3.46564391663971e-05
3.46560388147635e-05
3.46556384723795e-05
3.46552381392447e-05
3.4654837815359e-05
3.4654437500722e-05
3.46540371953333e-05
3.46536368991926e-05
3.46532366122996e-05
3.4652836334654e-05
3.46524360662555e-05
3.46520358071037e-05
3.46516355571983e-05
3.4651235316539e-05
3.46508350851256e-05
3.46504348629575e-05
3.46500346500346e-05
3.46496344463566e-05
3.4649234251923e-05
3.46488340667337e-05
3.46484338907881e-05
3.46480337240862e-05
3.46476335666274e-05
3.46472334184115e-05
3.46468332794383e-05
3.46464331497072e-05
3.46460330292182e-05
3.46456329179707e-05
3.46452328159645e-05
3.46448327231993e-05
3.46444326396748e-05
3.46440325653906e-05
3.46436325003464e-05
3.4643232444542e-05
3.46428323979769e-05
3.46424323606508e-05
3.46420323325635e-05
3.46416323137146e-05
3.46412323041038e-05
3.46408323037308e-05
3.46404323125953e-05
3.46400323306968e-05
3.46396323580352e-05
3.46392323946101e-05
3.46388324404212e-05
3.46384324954681e-05
3.46380325597506e-05
3.46376326332683e-05
3.46372327160209e-05
3.4636832808008e-05
3.46364329092295e-05
3.46360330196848e-05
3.46356331393738e-05
3.46352332682961e-05
3.46348334064513e-05
3.46344335538392e-05
3.46340337104595e-05
3.46336338763117e-05
3.46332340513957e-05
3.46328342357111e-05
3.46324344292575e-05
3.46320346320346e-05
3.46316348440422e-05
3.46312350652799e-05
3.46308352957473e-05
3.46304355354442e-05
3.46300357843703e-05
3.46296360425252e-05
3.46292363099086e-05
3.46288365865201e-05
3.46284368723596e-05
3.46280371674266e-05
3.46276374717208e-05
3.46272377852419e-05
3.46268381079896e-05
3.46264384399635e-05
3.46260387811634e-05
3.4625639131589e-05
3.46252394912398e-05
3.46248398601156e-05
3.46244402382161e-05
3.4624040625541e-05
3.46236410220899e-05
3.46232414278625e-05
3.46228418428585e-05
3.46224422670775e-05
3.46220427005193e-05
3.46216431431836e-05
3.46212435950699e-05
3.46208440561781e-05
3.46204445265077e-05
3.46200450060585e-05
3.46196454948301e-05
3.46192459928223e-05
3.46188465000346e-05
3.46184470164668e-05
3.46180475421186e-05
3.46176480769896e-05
3.46172486210796e-05
3.46168491743882e-05
3.4616449736915e-05
3.46160503086598e-05
3.46156508896222e-05
3.4615251479802e-05
3.46148520791988e-05
3.46144526878122e-05
3.46140533056421e-05
3.4613653932688e-05
3.46132545689496e-05
3.46128552144266e-05
3.46124558691188e-05
3.46120565330257e-05
3.4611657206147e-05
3.46112578884825e-05
3.46108585800318e-05
3.46104592807947e-05
3.46100599907706e-05
3.46096607099595e-05
3.46092614383609e-05
3.46088621759745e-05
3.46084629228001e-05
3.46080636788372e-05
3.46076644440855e-05
3.46072652185449e-05
3.46068660022148e-05
3.46064667950951e-05
3.46060675971854e-05
3.46056684084853e-05
3.46052692289946e-05
3.46048700587129e-05
3.460447089764e-05
3.46040717457754e-05
3.46036726031189e-05
3.46032734696702e-05
3.4602874345429e-05
3.46024752303948e-05
3.46020761245675e-05
3.46016770279466e-05
3.46012779405319e-05
3.46008788623231e-05
3.46004797933198e-05
3.46000807335217e-05
3.45996816829285e-05
3.45992826415399e-05
3.45988836093555e-05
3.45984845863751e-05
3.45980855725983e-05
3.45976865680248e-05
3.45972875726543e-05
3.45968885864865e-05
3.4596489609521e-05
3.45960906417575e-05
3.45956916831957e-05
3.45952927338354e-05
3.45948937936761e-05
3.45944948627175e-05
3.45940959409594e-05
3.45936970284014e-05
3.45932981250432e-05
3.45928992308845e-05
3.4592500345925e-05
3.45921014701643e-05
3.45917026036022e-05
3.45913037462382e-05
3.45909048980721e-05
3.45905060591036e-05
3.45901072293324e-05
3.45897084087581e-05
3.45893095973804e-05
3.45889107951991e-05
3.45885120022137e-05
3.45881132184239e-05
3.45877144438295e-05
3.45873156784302e-05
3.45869169222256e-05
3.45865181752153e-05
3.45861194373991e-05
3.45857207087767e-05
3.45853219893477e-05
3.45849232791119e-05
3.45845245780688e-05
3.45841258862182e-05
3.45837272035598e-05
3.45833285300933e-05
3.45829298658182e-05
3.45825312107344e-05
3.45821325648415e-05
3.45817339281392e-05
3.45813353006271e-05
3.45809366823049e-05
3.45805380731724e-05
3.45801394732292e-05
3.4579740882475e-05
3.45793423009094e-05
3.45789437285322e-05
3.45785451653431e-05
3.45781466113416e-05
3.45777480665276e-05
3.45773495309006e-05
3.45769510044604e-05
3.45765524872067e-05
3.45761539791391e-05
3.45757554802572e-05
3.45753569905609e-05
3.45749585100498e-05
3.45745600387235e-05
3.45741615765818e-05
3.45737631236243e-05
3.45733646798506e-05
3.45729662452606e-05
3.45725678198539e-05
3.45721694036301e-05
3.45717709965889e-05
3.45713725987301e-05
3.45709742100532e-05
3.45705758305581e-05
3.45701774602443e-05
3.45697790991116e-05
3.45693807471595e-05
3.4568982404388e-05
3.45685840707965e-05
3.45681857463847e-05
3.45677874311525e-05
3.45673891250994e-05
3.45669908282251e-05
3.45665925405293e-05
3.45661942620118e-05
3.4565795992672e-05
3.45653977325099e-05
3.4564999481525e-05
3.4564601239717e-05
3.45642030070857e-05
3.45638047836306e-05
3.45634065693515e-05
3.4563008364248e-05
3.45626101683199e-05
3.45622119815668e-05
3.45618138039884e-05
3.45614156355844e-05
3.45610174763545e-05
3.45606193262983e-05
3.45602211854156e-05
3.4559823053706e-05
3.45594249311691e-05
3.45590268178048e-05
3.45586287136126e-05
3.45582306185923e-05
3.45578325327435e-05
3.4557434456066e-05
3.45570363885593e-05
3.45566383302232e-05
3.45562402810574e-05
3.45558422410616e-05
3.45554442102353e-05
3.45550461885784e-05
3.45546481760905e-05
3.45542501727713e-05
3.45538521786204e-05
3.45534541936376e-05
3.45530562178225e-05
3.45526582511748e-05
3.45522602936942e-05
3.45518623453804e-05
3.45514644062331e-05
3.45510664762519e-05
3.45506685554365e-05
3.45502706437867e-05
3.45498727413021e-05
3.45494748479823e-05
3.45490769638271e-05
3.45486790888362e-05
3.45482812230092e-05
3.45478833663458e-05
3.45474855188457e-05
3.45470876805085e-05
3.45466898513341e-05
3.4546292031322e-05
3.45458942204719e-05
3.45454964187835e-05
3.45450986262566e-05
3.45447008428907e-05
3.45443030686856e-05
3.45439053036409e-05
3.45435075477564e-05
3.45431098010317e-05
3.45427120634665e-05
3.45423143350605e-05
3.45419166158133e-05
3.45415189057247e-05
3.45411212047943e-05
3.45407235130219e-05
3.4540325830407e-05
3.45399281569494e-05
3.45395304926488e-05
3.45391328375049e-05
3.45387351915173e-05
3.45383375546857e-05
3.45379399270098e-05
3.45375423084893e-05
3.45371446991239e-05
3.45367470989132e-05
3.4536349507857e-05
3.45359519259549e-05
3.45355543532066e-05
3.45351567896118e-05
3.45347592351702e-05
3.45343616898814e-05
3.45339641537452e-05
3.45335666267612e-05
3.45331691089291e-05
3.45327716002486e-05
3.45323741007194e-05
3.45319766103412e-05
3.45315791291136e-05
3.45311816570363e-05
3.4530784194109e-05
3.45303867403315e-05
3.45299892957033e-05
3.45295918602242e-05
3.45291944338939e-05
3.45287970167119e-05
3.45283996086781e-05
3.45280022097921e-05
3.45276048200536e-05
3.45272074394623e-05
3.45268100680178e-05
3.45264127057199e-05
3.45260153525682e-05
3.45256180085624e-05
3.45252206737021e-05
3.45248233479872e-05
3.45244260314172e-05
3.45240287239919e-05
3.45236314257109e-05
3.45232341365739e-05
3.45228368565806e-05
3.45224395857307e-05
3.45220423240239e-05
3.45216450714598e-05
3.45212478280382e-05
3.45208505937586e-05
3.45204533686209e-05
3.45200561526247e-05
3.45196589457696e-05
3.45192617480554e-05
3.45188645594818e-05
3.45184673800483e-05
3.45180702097548e-05
3.45176730486009e-05
3.45172758965862e-05
3.45168787537106e-05
3.45164816199735e-05
3.45160844953748e-05
3.45156873799142e-05
3.45152902735912e-05
3.45148931764056e-05
3.45144960883571e-05
3.45140990094454e-05
3.45137019396701e-05
3.45133048790309e-05
3.45129078275275e-05
3.45125107851596e-05
3.45121137519269e-05
3.45117167278291e-05
3.45113197128658e-05
3.45109227070368e-05
3.45105257103417e-05
3.45101287227801e-05
3.45097317443519e-05
3.45093347750567e-05
3.45089378148941e-05
3.45085408638638e-05
3.45081439219656e-05
3.45077469891991e-05
3.4507350065564e-05
3.45069531510599e-05
3.45065562456867e-05
3.45061593494439e-05
3.45057624623312e-05
3.45053655843484e-05
3.4504968715495e-05
3.45045718557709e-05
3.45041750051756e-05
3.45037781637089e-05
3.45033813313705e-05
3.450298450816e-05
3.45025876940771e-05
3.45021908891215e-05
3.45017940932929e-05
3.45013973065909e-05
3.45010005290153e-05
3.45006037605658e-05
3.4500207001242e-05
3.44998102510436e-05
3.44994135099703e-05
3.44990167780218e-05
3.44986200551978e-05
3.44982233414979e-05
3.44978266369219e-05
3.44974299414694e-05
3.44970332551401e-05
3.44966365779337e-05
3.44962399098498e-05
3.44958432508883e-05
3.44954466010487e-05
3.44950499603307e-05
3.4494653328734e-05
3.44942567062584e-05
3.44938600929035e-05
3.44934634886689e-05
3.44930668935544e-05
3.44926703075596e-05
3.44922737306843e-05
3.44918771629281e-05
3.44914806042907e-05
3.44910840547718e-05
3.44906875143711e-05
3.44902909830883e-05
3.44898944609229e-05
3.44894979478749e-05
3.44891014439437e-05
3.44887049491292e-05
3.44883084634309e-05
3.44879119868486e-05
3.4487515519382e-05
3.44871190610307e-05
3.44867226117945e-05
3.44863261716729e-05
3.44859297406658e-05
3.44855333187728e-05
3.44851369059935e-05
3.44847405023277e-05
3.44843441077751e-05
3.44839477223353e-05
3.4483551346008e-05
3.44831549787929e-05
3.44827586206897e-05
3.4482362271698e-05
3.44819659318177e-05
3.44815696010482e-05
3.44811732793895e-05
3.4480776966841e-05
3.44803806634025e-05
3.44799843690738e-05
3.44795880838544e-05
3.4479191807744e-05
3.44787955407424e-05
3.44783992828493e-05
3.44780030340643e-05
3.4477606794387e-05
3.44772105638173e-05
3.44768143423548e-05
3.44764181299991e-05
3.44760219267499e-05
3.4475625732607e-05
3.44752295475701e-05
3.44748333716387e-05
3.44744372048126e-05
3.44740410470915e-05
3.44736448984751e-05
3.4473248758963e-05
3.4472852628555e-05
3.44724565072507e-05
3.44720603950498e-05
3.4471664291952e-05
3.4471268197957e-05
3.44708721130645e-05
3.44704760372741e-05
3.44700799705855e-05
3.44696839129985e-05
3.44692878645127e-05
3.44688918251278e-05
3.44684957948435e-05
3.44680997736595e-05
3.44677037615754e-05
3.4467307758591e-05
3.44669117647059e-05
3.44665157799198e-05
3.44661198042324e-05
3.44657238376435e-05
3.44653278801526e-05
3.44649319317594e-05
3.44645359924638e-05
3.44641400622652e-05
3.44637441411635e-05
3.44633482291583e-05
3.44629523262493e-05
3.44625564324362e-05
3.44621605477186e-05
3.44617646720963e-05
3.4461368805569e-05
3.44609729481362e-05
3.44605770997978e-05
3.44601812605534e-05
3.44597854304027e-05
3.44593896093454e-05
3.44589937973811e-05
3.44585979945096e-05
3.44582022007305e-05
3.44578064160436e-05
3.44574106404484e-05
3.44570148739448e-05
3.44566191165323e-05
3.44562233682107e-05
3.44558276289796e-05
3.44554318988389e-05
3.4455036177788e-05
3.44546404658267e-05
3.44542447629548e-05
3.44538490691718e-05
3.44534533844776e-05
3.44530577088717e-05
3.44526620423538e-05
3.44522663849237e-05
3.4451870736581e-05
3.44514750973254e-05
3.44510794671566e-05
3.44506838460743e-05
3.44502882340782e-05
3.4449892631168e-05
3.44494970373433e-05
3.44491014526038e-05
3.44487058769492e-05
3.44483103103793e-05
3.44479147528936e-05
3.4447519204492e-05
3.4447123665174e-05
3.44467281349393e-05
3.44463326137877e-05
3.44459371017189e-05
3.44455415987324e-05
3.44451461048281e-05
3.44447506200055e-05
3.44443551442644e-05
3.44439596776045e-05
3.44435642200255e-05
3.4443168771527e-05
3.44427733321087e-05
3.44423779017703e-05
3.44419824805116e-05
3.44415870683321e-05
3.44411916652316e-05
3.44407962712098e-05
3.44404008862663e-05
3.44400055104009e-05
3.44396101436132e-05
3.44392147859029e-05
3.44388194372697e-05
3.44384240977133e-05
3.44380287672334e-05
3.44376334458296e-05
3.44372381335017e-05
3.44368428302493e-05
3.44364475360722e-05
3.44360522509699e-05
3.44356569749423e-05
3.4435261707989e-05
3.44348664501096e-05
3.44344712013039e-05
3.44340759615716e-05
3.44336807309123e-05
3.44332855093257e-05
3.44328902968115e-05
3.44324950933695e-05
3.44320998989992e-05
3.44317047137004e-05
3.44313095374727e-05
3.4430914370316e-05
3.44305192122297e-05
3.44301240632137e-05
3.44297289232676e-05
3.44293337923911e-05
3.44289386705839e-05
3.44285435578457e-05
3.44281484541761e-05
3.44277533595749e-05
3.44273582740418e-05
3.44269631975763e-05
3.44265681301783e-05
3.44261730718474e-05
3.44257780225833e-05
3.44253829823857e-05
3.44249879512542e-05
3.44245929291886e-05
3.44241979161886e-05
3.44238029122537e-05
3.44234079173838e-05
3.44230129315785e-05
3.44226179548375e-05
3.44222229871605e-05
3.44218280285472e-05
3.44214330789972e-05
3.44210381385103e-05
3.44206432070861e-05
3.44202482847243e-05
3.44198533714246e-05
3.44194584671868e-05
3.44190635720104e-05
3.44186686858952e-05
3.44182738088409e-05
3.44178789408471e-05
3.44174840819136e-05
3.441708923204e-05
3.4416694391226e-05
3.44162995594714e-05
3.44159047367757e-05
3.44155099231387e-05
3.44151151185601e-05
3.44147203230395e-05
3.44143255365767e-05
3.44139307591713e-05
3.44135359908231e-05
3.44131412315316e-05
3.44127464812967e-05
3.44123517401179e-05
3.4411957007995e-05
3.44115622849277e-05
3.44111675709157e-05
3.44107728659586e-05
3.44103781700561e-05
3.44099834832079e-05
3.44095888054138e-05
3.44091941366733e-05
3.44087994769862e-05
3.44084048263522e-05
3.4408010184771e-05
3.44076155522422e-05
3.44072209287656e-05
3.44068263143408e-05
3.44064317089675e-05
3.44060371126454e-05
3.44056425253742e-05
3.44052479471535e-05
3.44048533779832e-05
3.44044588178628e-05
3.4404064266792e-05
3.44036697247706e-05
3.44032751917983e-05
3.44028806678746e-05
3.44024861529993e-05
3.44020916471722e-05
3.44016971503928e-05
3.44013026626608e-05
3.44009081839761e-05
3.44005137143381e-05
3.44001192537467e-05
3.43997248022016e-05
3.43993303597023e-05
3.43989359262487e-05
3.43985415018403e-05
3.43981470864769e-05
3.43977526801582e-05
3.43973582828839e-05
3.43969638946536e-05
3.4396569515467e-05
3.43961751453238e-05
3.43957807842238e-05
3.43953864321666e-05
3.43949920891518e-05
3.43945977551793e-05
3.43942034302486e-05
3.43938091143594e-05
3.43934148075115e-05
3.43930205097046e-05
3.43926262209382e-05
3.43922319412122e-05
3.43918376705262e-05
3.43914434088799e-05
3.43910491562729e-05
3.43906549127051e-05
3.43902606781759e-05
3.43898664526853e-05
3.43894722362327e-05
3.4389078028818e-05
3.43886838304409e-05
3.43882896411009e-05
3.43878954607978e-05
3.43875012895313e-05
3.43871071273011e-05
3.43867129741068e-05
3.43863188299482e-05
3.43859246948249e-05
3.43855305687367e-05
3.43851364516832e-05
3.4384742343664e-05
3.4384348244679e-05
3.43839541547278e-05
3.438356007381e-05
3.43831660019255e-05
3.43827719390737e-05
3.43823778852545e-05
3.43819838404676e-05
3.43815898047126e-05
3.43811957779892e-05
3.4380801760297e-05
3.43804077516359e-05
3.43800137520055e-05
3.43796197614054e-05
3.43792257798354e-05
3.43788318072952e-05
3.43784378437844e-05
3.43780438893027e-05
3.43776499438498e-05
3.43772560074255e-05
3.43768620800293e-05
3.43764681616611e-05
3.43760742523204e-05
3.4375680352007e-05
3.43752864607205e-05
3.43748925784607e-05
3.43744987052272e-05
3.43741048410198e-05
3.4373710985838e-05
3.43733171396817e-05
3.43729233025505e-05
3.4372529474444e-05
3.43721356553621e-05
3.43717418453042e-05
3.43713480442703e-05
3.43709542522599e-05
3.43705604692727e-05
3.43701666953085e-05
3.43697729303668e-05
3.43693791744475e-05
3.43689854275502e-05
3.43685916896745e-05
3.43681979608203e-05
3.4367804240987e-05
3.43674105301746e-05
3.43670168283826e-05
3.43666231356107e-05
3.43662294518586e-05
3.43658357771261e-05
3.43654421114128e-05
3.43650484547183e-05
3.43646548070425e-05
3.43642611683849e-05
3.43638675387453e-05
3.43634739181233e-05
3.43630803065187e-05
3.43626867039311e-05
3.43622931103602e-05
3.43618995258058e-05
3.43615059502674e-05
3.43611123837449e-05
3.43607188262378e-05
3.4360325277746e-05
3.43599317382689e-05
3.43595382078065e-05
3.43591446863583e-05
3.4358751173924e-05
3.43583576705033e-05
3.4357964176096e-05
3.43575706907017e-05
3.43571772143201e-05
3.43567837469508e-05
3.43563902885937e-05
3.43559968392483e-05
3.43556033989144e-05
3.43552099675916e-05
3.43548165452797e-05
3.43544231319782e-05
3.43540297276871e-05
3.43536363324058e-05
3.43532429461341e-05
3.43528495688717e-05
3.43524562006183e-05
3.43520628413736e-05
3.43516694911373e-05
3.4351276149909e-05
3.43508828176884e-05
3.43504894944753e-05
3.43500961802693e-05
3.43497028750701e-05
3.43493095788775e-05
3.4348916291691e-05
3.43485230135104e-05
3.43481297443354e-05
3.43477364841657e-05
3.43473432330009e-05
3.43469499908408e-05
3.4346556757685e-05
3.43461635335333e-05
3.43457703183853e-05
3.43453771122407e-05
3.43449839150992e-05
3.43445907269605e-05
3.43441975478243e-05
3.43438043776903e-05
3.43434112165581e-05
3.43430180644275e-05
3.43426249212982e-05
3.43422317871697e-05
3.4341838662042e-05
3.43414455459145e-05
3.43410524387871e-05
3.43406593406593e-05
3.4340266251531e-05
3.43398731714018e-05
3.43394801002713e-05
3.43390870381393e-05
3.43386939850054e-05
3.43383009408694e-05
3.4337907905731e-05
3.43375148795898e-05
3.43371218624455e-05
3.43367288542978e-05
3.43363358551464e-05
3.43359428649911e-05
3.43355498838314e-05
3.43351569116671e-05
3.43347639484979e-05
3.43343709943234e-05
3.43339780491434e-05
3.43335851129575e-05
3.43331921857655e-05
3.43327992675669e-05
3.43324063583617e-05
3.43320134581493e-05
3.43316205669295e-05
3.4331227684702e-05
3.43308348114665e-05
3.43304419472227e-05
3.43300490919702e-05
3.43296562457088e-05
3.43292634084381e-05
3.43288705801579e-05
3.43284777608678e-05
3.43280849505676e-05
3.43276921492568e-05
3.43272993569353e-05
3.43269065736026e-05
3.43265137992585e-05
3.43261210339028e-05
3.4325728277535e-05
3.43253355301548e-05
3.4324942791762e-05
3.43245500623563e-05
3.43241573419373e-05
3.43237646305047e-05
3.43233719280582e-05
3.43229792345976e-05
3.43225865501224e-05
3.43221938746325e-05
3.43218012081274e-05
3.43214085506069e-05
3.43210159020707e-05
3.43206232625184e-05
3.43202306319498e-05
3.43198380103646e-05
3.43194453977624e-05
3.43190527941429e-05
3.43186601995058e-05
3.43182676138509e-05
3.43178750371777e-05
3.4317482469486e-05
3.43170899107756e-05
3.4316697361046e-05
3.43163048202969e-05
3.43159122885282e-05
3.43155197657394e-05
3.43151272519302e-05
3.43147347471004e-05
3.43143422512496e-05
3.43139497643775e-05
3.43135572864839e-05
3.43131648175683e-05
3.43127723576306e-05
3.43123799066703e-05
3.43119874646872e-05
3.4311595031681e-05
3.43112026076514e-05
3.4310810192598e-05
3.43104177865206e-05
3.43100253894188e-05
3.43096330012923e-05
3.43092406221409e-05
3.43088482519642e-05
3.43084558907619e-05
3.43080635385337e-05
3.43076711952793e-05
3.43072788609983e-05
3.43068865356906e-05
3.43064942193557e-05
3.43061019119934e-05
3.43057096136034e-05
3.43053173241853e-05
3.43049250437388e-05
3.43045327722636e-05
3.43041405097595e-05
3.43037482562261e-05
3.43033560116631e-05
3.43029637760703e-05
3.43025715494472e-05
3.43021793317935e-05
3.43017871231091e-05
3.43013949233936e-05
3.43010027326465e-05
3.43006105508678e-05
3.4300218378057e-05
3.42998262142139e-05
3.4299434059338e-05
3.42990419134292e-05
3.42986497764871e-05
3.42982576485115e-05
3.42978655295019e-05
3.42974734194581e-05
3.42970813183798e-05
3.42966892262667e-05
3.42962971431184e-05
3.42959050689348e-05
3.42955130037154e-05
3.42951209474599e-05
3.4294728900168e-05
3.42943368618396e-05
3.42939448324741e-05
3.42935528120713e-05
3.4293160800631e-05
3.42927687981528e-05
3.42923768046363e-05
3.42919848200814e-05
3.42915928444876e-05
3.42912008778547e-05
3.42908089201824e-05
3.42904169714704e-05
3.42900250317183e-05
3.42896331009258e-05
3.42892411790927e-05
3.42888492662186e-05
3.42884573623033e-05
3.42880654673463e-05
3.42876735813475e-05
3.42872817043065e-05
3.4286889836223e-05
3.42864979770966e-05
3.42861061269272e-05
3.42857142857143e-05
3.42853224534577e-05
3.4284930630157e-05
3.4284538815812e-05
3.42841470104224e-05
3.42837552139878e-05
3.42833634265079e-05
3.42829716479824e-05
3.42825798784111e-05
3.42821881177936e-05
3.42817963661296e-05
3.42814046234188e-05
3.42810128896608e-05
3.42806211648555e-05
3.42802294490024e-05
3.42798377421014e-05
3.42794460441519e-05
3.42790543551539e-05
3.42786626751068e-05
3.42782710040106e-05
3.42778793418647e-05
3.4277487688669e-05
3.42770960444231e-05
3.42767044091267e-05
3.42763127827796e-05
3.42759211653813e-05
3.42755295569317e-05
3.42751379574303e-05
3.42747463668769e-05
3.42743547852712e-05
3.42739632126128e-05
3.42735716489015e-05
3.4273180094137e-05
3.42727885483189e-05
3.4272397011447e-05
3.42720054835209e-05
3.42716139645403e-05
3.4271222454505e-05
3.42708309534145e-05
3.42704394612687e-05
3.42700479780672e-05
3.42696565038096e-05
3.42692650384958e-05
3.42688735821254e-05
3.4268482134698e-05
3.42680906962134e-05
3.42676992666712e-05
3.42673078460713e-05
3.42669164344131e-05
3.42665250316965e-05
3.42661336379212e-05
3.42657422530868e-05
3.4265350877193e-05
3.42649595102395e-05
3.42645681522261e-05
3.42641768031523e-05
3.4263785463018e-05
3.42633941318227e-05
3.42630028095662e-05
3.42626114962482e-05
3.42622201918684e-05
3.42618288964265e-05
3.42614376099221e-05
3.4261046332355e-05
3.42606550637248e-05
3.42602638040313e-05
3.42598725532741e-05
3.42594813114529e-05
3.42590900785675e-05
3.42586988546175e-05
3.42583076396026e-05
3.42579164335225e-05
3.42575252363769e-05
3.42571340481655e-05
3.4256742868888e-05
3.42563516985441e-05
3.42559605371335e-05
3.42555693846558e-05
3.42551782411108e-05
3.42547871064981e-05
3.42543959808175e-05
3.42540048640687e-05
3.42536137562513e-05
3.4253222657365e-05
3.42528315674096e-05
3.42524404863847e-05
3.425204941429e-05
3.42516583511252e-05
3.425126729689e-05
3.42508762515841e-05
3.42504852152072e-05
3.4250094187759e-05
3.42497031692392e-05
3.42493121596475e-05
3.42489211589835e-05
3.4248530167247e-05
3.42481391844376e-05
3.42477482105552e-05
3.42473572455992e-05
3.42469662895695e-05
3.42465753424658e-05
3.42461844042876e-05
3.42457934750348e-05
3.4245402554707e-05
3.4245011643304e-05
3.42446207408253e-05
3.42442298472707e-05
3.424383896264e-05
3.42434480869327e-05
3.42430572201486e-05
3.42426663622874e-05
3.42422755133488e-05
3.42418846733324e-05
3.4241493842238e-05
3.42411030200653e-05
3.42407122068139e-05
3.42403214024836e-05
3.4239930607074e-05
3.42395398205848e-05
3.42391490430158e-05
3.42387582743666e-05
3.42383675146369e-05
3.42379767638264e-05
3.42375860219349e-05
3.42371952889619e-05
3.42368045649073e-05
3.42364138497706e-05
3.42360231435516e-05
3.42356324462501e-05
3.42352417578655e-05
3.42348510783978e-05
3.42344604078465e-05
3.42340697462114e-05
3.42336790934922e-05
3.42332884496885e-05
3.42328978148e-05
3.42325071888265e-05
3.42321165717676e-05
3.42317259636231e-05
3.42313353643926e-05
3.42309447740758e-05
3.42305541926724e-05
3.42301636201821e-05
3.42297730566046e-05
3.42293825019397e-05
3.42289919561869e-05
3.4228601419346e-05
3.42282108914167e-05
3.42278203723987e-05
3.42274298622916e-05
3.42270393610953e-05
3.42266488688093e-05
3.42262583854333e-05
3.42258679109671e-05
3.42254774454104e-05
3.42250869887628e-05
3.4224696541024e-05
3.42243061021938e-05
3.42239156722718e-05
3.42235252512577e-05
3.42231348391513e-05
3.42227444359521e-05
3.422235404166e-05
3.42219636562746e-05
3.42215732797956e-05
3.42211829122227e-05
3.42207925535555e-05
3.42204022037939e-05
3.42200118629374e-05
3.42196215309859e-05
3.42192312079389e-05
3.42188408937961e-05
3.42184505885573e-05
3.42180602922222e-05
3.42176700047905e-05
3.42172797262618e-05
3.42168894566358e-05
3.42164991959123e-05
3.42161089440909e-05
3.42157187011713e-05
3.42153284671533e-05
3.42149382420365e-05
3.42145480258206e-05
3.42141578185053e-05
3.42137676200903e-05
3.42133774305754e-05
3.42129872499601e-05
3.42125970782442e-05
3.42122069154274e-05
3.42118167615094e-05
3.42114266164899e-05
3.42110364803686e-05
3.42106463531451e-05
3.42102562348192e-05
3.42098661253906e-05
3.42094760248589e-05
3.42090859332239e-05
3.42086958504852e-05
3.42083057766426e-05
3.42079157116957e-05
3.42075256556442e-05
3.42071356084879e-05
3.42067455702265e-05
3.42063555408595e-05
3.42059655203868e-05
3.42055755088079e-05
3.42051855061227e-05
3.42047955123308e-05
3.42044055274319e-05
3.42040155514257e-05
3.42036255843119e-05
3.42032356260902e-05
3.42028456767603e-05
3.42024557363219e-05
3.42020658047746e-05
3.42016758821182e-05
3.42012859683524e-05
3.42008960634769e-05
3.42005061674913e-05
3.42001162803954e-05
3.41997264021888e-05
3.41993365328713e-05
3.41989466724425e-05
3.41985568209022e-05
3.419816697825e-05
3.41977771444856e-05
3.41973873196088e-05
3.41969975036192e-05
3.41966076965165e-05
3.41962178983004e-05
3.41958281089707e-05
3.4195438328527e-05
3.4195048556969e-05
3.41946587942963e-05
3.41942690405088e-05
3.41938792956061e-05
3.41934895595879e-05
3.41930998324538e-05
3.41927101142037e-05
3.41923204048371e-05
3.41919307043538e-05
3.41915410127534e-05
3.41911513300358e-05
3.41907616562005e-05
3.41903719912473e-05
3.41899823351758e-05
3.41895926879858e-05
3.41892030496769e-05
3.41888134202489e-05
3.41884237997014e-05
3.41880341880342e-05
3.41876445852469e-05
3.41872549913392e-05
3.41868654063109e-05
3.41864758301616e-05
3.4186086262891e-05
3.41856967044988e-05
3.41853071549848e-05
3.41849176143485e-05
3.41845280825898e-05
3.41841385597083e-05
3.41837490457037e-05
3.41833595405757e-05
3.41829700443239e-05
3.41825805569482e-05
3.41821910784481e-05
3.41818016088235e-05
3.41814121480739e-05
3.41810226961991e-05
3.41806332531987e-05
3.41802438190726e-05
3.41798543938203e-05
3.41794649774416e-05
3.41790755699361e-05
3.41786861713036e-05
3.41782967815437e-05
3.41779074006562e-05
3.41775180286408e-05
3.4177128665497e-05
3.41767393112248e-05
3.41763499658236e-05
3.41759606292934e-05
3.41755713016336e-05
3.41751819828441e-05
3.41747926729245e-05
3.41744033718745e-05
3.41740140796938e-05
3.41736247963822e-05
3.41732355219392e-05
3.41728462563647e-05
3.41724569996583e-05
3.41720677518197e-05
3.41716785128485e-05
3.41712892827446e-05
3.41709000615076e-05
3.41705108491372e-05
3.41701216456331e-05
3.41697324509949e-05
3.41693432652224e-05
3.41689540883154e-05
3.41685649202734e-05
3.41681757610961e-05
3.41677866107834e-05
3.41673974693348e-05
3.416700833675e-05
3.41666192130289e-05
3.4166230098171e-05
3.4165840992176e-05
3.41654518950437e-05
3.41650628067738e-05
3.41646737273659e-05
3.41642846568198e-05
3.41638955951351e-05
3.41635065423115e-05
3.41631174983488e-05
3.41627284632466e-05
3.41623394370046e-05
3.41619504196226e-05
3.41615614111002e-05
3.41611724114372e-05
3.41607834206331e-05
3.41603944386878e-05
3.41600054656009e-05
3.41596165013721e-05
3.41592275460011e-05
3.41588385994876e-05
3.41584496618314e-05
3.4158060733032e-05
3.41576718130892e-05
3.41572829020028e-05
3.41568939997723e-05
3.41565051063975e-05
3.41561162218781e-05
3.41557273462138e-05
3.41553384794043e-05
3.41549496214493e-05
3.41545607723485e-05
3.41541719321015e-05
3.41537831007081e-05
3.4153394278168e-05
3.41530054644809e-05
3.41526166596464e-05
3.41522278636643e-05
3.41518390765343e-05
3.4151450298256e-05
3.41510615288292e-05
3.41506727682535e-05
3.41502840165287e-05
3.41498952736545e-05
3.41495065396305e-05
3.41491178144565e-05
3.41487290981321e-05
3.4148340390657e-05
3.4147951692031e-05
3.41475630022537e-05
3.41471743213249e-05
3.41467856492442e-05
3.41463969860114e-05
3.4146008331626e-05
3.41456196860879e-05
3.41452310493968e-05
3.41448424215522e-05
3.4144453802554e-05
3.41440651924018e-05
3.41436765910953e-05
3.41432879986343e-05
3.41428994150183e-05
3.41425108402472e-05
3.41421222743206e-05
3.41417337172382e-05
3.41413451689997e-05
3.41409566296048e-05
3.41405680990532e-05
3.41401795773446e-05
3.41397910644787e-05
3.41394025604552e-05
3.41390140652738e-05
3.41386255789342e-05
3.41382371014361e-05
3.41378486327792e-05
3.41374601729631e-05
3.41370717219877e-05
3.41366832798525e-05
3.41362948465574e-05
3.41359064221019e-05
3.41355180064857e-05
3.41351295997087e-05
3.41347412017705e-05
3.41343528126707e-05
3.41339644324091e-05
3.41335760609853e-05
3.41331876983992e-05
3.41327993446503e-05
3.41324109997383e-05
3.41320226636631e-05
3.41316343364241e-05
3.41312460180213e-05
3.41308577084542e-05
3.41304694077226e-05
3.41300811158261e-05
3.41296928327645e-05
3.41293045585374e-05
3.41289162931446e-05
3.41285280365858e-05
3.41281397888606e-05
3.41277515499687e-05
3.41273633199099e-05
3.41269750986838e-05
3.41265868862902e-05
3.41261986827287e-05
3.41258104879991e-05
3.4125422302101e-05
3.41250341250341e-05
3.41246459567982e-05
3.41242577973929e-05
3.41238696468179e-05
3.4123481505073e-05
3.41230933721578e-05
3.41227052480721e-05
3.41223171328154e-05
3.41219290263876e-05
3.41215409287883e-05
3.41211528400173e-05
3.41207647600742e-05
3.41203766889586e-05
3.41199886266705e-05
3.41196005732093e-05
3.41192125285748e-05
3.41188244927668e-05
3.41184364657849e-05
3.41180484476288e-05
3.41176604382982e-05
3.41172724377928e-05
3.41168844461124e-05
3.41164964632565e-05
3.4116108489225e-05
3.41157205240175e-05
3.41153325676336e-05
3.41149446200732e-05
3.41145566813359e-05
3.41141687514214e-05
3.41137808303294e-05
3.41133929180596e-05
3.41130050146117e-05
3.41126171199854e-05
3.41122292341805e-05
3.41118413571965e-05
3.41114534890332e-05
3.41110656296903e-05
3.41106777791675e-05
3.41102899374645e-05
3.4109902104581e-05
3.41095142805166e-05
3.41091264652712e-05
3.41087386588444e-05
3.41083508612359e-05
3.41079630724453e-05
3.41075752924725e-05
3.4107187521317e-05
3.41067997589786e-05
3.4106412005457e-05
3.41060242607519e-05
3.4105636524863e-05
3.410524879779e-05
3.41048610795325e-05
3.41044733700904e-05
3.41040856694632e-05
3.41036979776507e-05
3.41033102946526e-05
3.41029226204686e-05
3.41025349550983e-05
3.41021472985416e-05
3.4101759650798e-05
3.41013720118673e-05
3.41009843817492e-05
3.41005967604433e-05
3.41002091479494e-05
3.40998215442673e-05
3.40994339493964e-05
3.40990463633367e-05
3.40986587860877e-05
3.40982712176493e-05
3.4097883658021e-05
3.40974961072025e-05
3.40971085651937e-05
3.40967210319941e-05
3.40963335076035e-05
3.40959459920216e-05
3.4095558485248e-05
3.40951709872825e-05
3.40947834981248e-05
3.40943960177745e-05
3.40940085462315e-05
3.40936210834953e-05
3.40932336295657e-05
3.40928461844423e-05
3.40924587481249e-05
3.40920713206132e-05
3.40916839019069e-05
3.40912964920056e-05
3.40909090909091e-05
3.40905216986171e-05
3.40901343151292e-05
3.40897469404452e-05
3.40893595745648e-05
3.40889722174876e-05
3.40885848692135e-05
3.40881975297419e-05
3.40878101990728e-05
3.40874228772057e-05
3.40870355641404e-05
3.40866482598766e-05
3.40862609644139e-05
3.40858736777522e-05
3.40854863998909e-05
3.408509913083e-05
3.4084711870569e-05
3.40843246191077e-05
3.40839373764457e-05
3.40835501425828e-05
3.40831629175187e-05
3.40827757012531e-05
3.40823884937856e-05
3.4082001295116e-05
3.4081614105244e-05
3.40812269241693e-05
3.40808397518915e-05
3.40804525884104e-05
3.40800654337256e-05
3.4079678287837e-05
3.40792911507441e-05
3.40789040224466e-05
3.40785169029444e-05
3.4078129792237e-05
3.40777426903242e-05
3.40773555972057e-05
3.40769685128811e-05
3.40765814373502e-05
3.40761943706127e-05
3.40758073126682e-05
3.40754202635166e-05
3.40750332231574e-05
3.40746461915904e-05
3.40742591688152e-05
3.40738721548317e-05
3.40734851496394e-05
3.40730981532381e-05
3.40727111656274e-05
3.40723241868072e-05
3.4071937216777e-05
3.40715502555366e-05
3.40711633030857e-05
3.4070776359424e-05
3.40703894245511e-05
3.40700024984669e-05
3.40696155811709e-05
3.40692286726629e-05
3.40688417729425e-05
3.40684548820096e-05
3.40680679998637e-05
3.40676811265047e-05
3.40672942619321e-05
3.40669074061457e-05
3.40665205591452e-05
3.40661337209302e-05
3.40657468915006e-05
3.4065360070856e-05
3.4064973258996e-05
3.40645864559204e-05
3.4064199661629e-05
3.40638128761213e-05
3.40634260993971e-05
3.40630393314561e-05
3.4062652572298e-05
3.40622658219225e-05
3.40618790803293e-05
3.40614923475181e-05
3.40611056234885e-05
3.40607189082404e-05
3.40603322017734e-05
3.40599455040872e-05
3.40595588151815e-05
3.4059172135056e-05
3.40587854637104e-05
3.40583988011444e-05
3.40580121473577e-05
3.405762550235e-05
3.4057238866121e-05
3.40568522386704e-05
3.4056465619998e-05
3.40560790101033e-05
3.40556924089862e-05
3.40553058166462e-05
3.40549192330832e-05
3.40545326582968e-05
3.40541460922867e-05
3.40537595350527e-05
3.40533729865943e-05
3.40529864469114e-05
3.40525999160036e-05
3.40522133938706e-05
3.40518268805121e-05
3.40514403759279e-05
3.40510538801176e-05
3.40506673930809e-05
3.40502809148175e-05
3.40498944453272e-05
3.40495079846096e-05
3.40491215326645e-05
3.40487350894914e-05
3.40483486550902e-05
3.40479622294606e-05
3.40475758126021e-05
3.40471894045147e-05
3.40468030051978e-05
3.40464166146513e-05
3.40460302328748e-05
3.40456438598681e-05
3.40452574956309e-05
3.40448711401627e-05
3.40444847934635e-05
3.40440984555327e-05
3.40437121263703e-05
3.40433258059757e-05
3.40429394943489e-05
3.40425531914894e-05
3.40421668973969e-05
3.40417806120712e-05
3.4041394335512e-05
3.40410080677189e-05
3.40406218086917e-05
3.40402355584301e-05
3.40398493169337e-05
3.40394630842023e-05
3.40390768602356e-05
3.40386906450332e-05
3.40383044385949e-05
3.40379182409204e-05
3.40375320520093e-05
3.40371458718615e-05
3.40367597004765e-05
3.40363735378541e-05
3.4035987383994e-05
3.40356012388959e-05
3.40352151025595e-05
3.40348289749844e-05
3.40344428561704e-05
3.40340567461173e-05
3.40336706448246e-05
3.40332845522921e-05
3.40328984685196e-05
3.40325123935066e-05
3.40321263272529e-05
3.40317402697583e-05
3.40313542210223e-05
3.40309681810448e-05
3.40305821498253e-05
3.40301961273637e-05
3.40298101136596e-05
3.40294241087127e-05
3.40290381125227e-05
3.40286521250893e-05
3.40282661464123e-05
3.40278801764913e-05
3.4027494215326e-05
3.40271082629161e-05
3.40267223192614e-05
3.40263363843615e-05
3.40259504582161e-05
3.4025564540825e-05
3.40251786321878e-05
3.40247927323043e-05
3.40244068411741e-05
3.40240209587969e-05
3.40236350851725e-05
3.40232492203005e-05
3.40228633641807e-05
3.40224775168128e-05
3.40220916781964e-05
3.40217058483312e-05
3.40213200272171e-05
3.40209342148535e-05
3.40205484112404e-05
3.40201626163773e-05
3.4019776830264e-05
3.40193910529002e-05
3.40190052842855e-05
3.40186195244197e-05
3.40182337733025e-05
3.40178480309336e-05
3.40174622973126e-05
3.40170765724394e-05
3.40166908563135e-05
3.40163051489347e-05
3.40159194503027e-05
3.40155337604173e-05
3.4015148079278e-05
3.40147624068846e-05
3.40143767432368e-05
3.40139910883343e-05
3.40136054421769e-05
3.40132198047641e-05
3.40128341760958e-05
3.40124485561716e-05
3.40120629449912e-05
3.40116773425543e-05
3.40112917488606e-05
3.40109061639099e-05
3.40105205877018e-05
3.4010135020236e-05
3.40097494615123e-05
3.40093639115303e-05
3.40089783702898e-05
3.40085928377904e-05
3.40082073140318e-05
3.40078217990138e-05
3.4007436292736e-05
3.40070507951982e-05
3.40066653064001e-05
3.40062798263413e-05
3.40058943550215e-05
3.40055088924406e-05
3.40051234385981e-05
3.40047379934938e-05
3.40043525571273e-05
3.40039671294984e-05
3.40035817106068e-05
3.40031963004522e-05
3.40028108990343e-05
3.40024255063528e-05
3.40020401224073e-05
3.40016547471977e-05
3.40012693807235e-05
3.40008840229846e-05
3.40004986739806e-05
3.40001133337111e-05
3.3999728002176e-05
3.39993426793749e-05
3.39989573653075e-05
3.39985720599735e-05
3.39981867633726e-05
3.39978014755046e-05
3.39974161963691e-05
3.39970309259658e-05
3.39966456642945e-05
3.39962604113547e-05
3.39958751671464e-05
3.39954899316691e-05
3.39951047049225e-05
3.39947194869064e-05
3.39943342776204e-05
3.39939490770643e-05
3.39935638852377e-05
3.39931787021404e-05
3.39927935277721e-05
3.39924083621325e-05
3.39920232052212e-05
3.3991638057038e-05
3.39912529175825e-05
3.39908677868546e-05
3.39904826648538e-05
3.399009755158e-05
3.39897124470327e-05
3.39893273512117e-05
3.39889422641167e-05
3.39885571857475e-05
3.39881721161036e-05
3.39877870551848e-05
3.39874020029909e-05
3.39870169595215e-05
3.39866319247763e-05
3.3986246898755e-05
3.39858618814573e-05
3.3985476872883e-05
3.39850918730317e-05
3.39847068819031e-05
3.3984321899497e-05
3.39839369258131e-05
3.3983551960851e-05
3.39831670046104e-05
3.39827820570911e-05
3.39823971182927e-05
3.3982012188215e-05
3.39816272668577e-05
3.39812423542205e-05
3.3980857450303e-05
3.3980472555105e-05
3.39800876686262e-05
3.39797027908663e-05
3.39793179218249e-05
3.39789330615019e-05
3.39785482098968e-05
3.39781633670095e-05
3.39777785328395e-05
3.39773937073867e-05
3.39770088906507e-05
3.39766240826311e-05
3.39762392833279e-05
3.39758544927405e-05
3.39754697108688e-05
3.39750849377123e-05
3.3974700173271e-05
3.39743154175443e-05
3.39739306705321e-05
3.39735459322341e-05
3.39731612026499e-05
3.39727764817793e-05
3.39723917696219e-05
3.39720070661775e-05
3.39716223714457e-05
3.39712376854263e-05
3.3970853008119e-05
3.39704683395235e-05
3.39700836796395e-05
3.39696990284666e-05
3.39693143860046e-05
3.39689297522533e-05
3.39685451272122e-05
3.39681605108811e-05
3.39677759032598e-05
3.39673913043478e-05
3.3967006714145e-05
3.3966622132651e-05
3.39662375598655e-05
3.39658529957882e-05
3.39654684404189e-05
3.39650838937572e-05
3.39646993558029e-05
3.39643148265556e-05
3.3963930306015e-05
3.39635457941809e-05
3.3963161291053e-05
3.39627767966309e-05
3.39623923109144e-05
3.39620078339031e-05
3.39616233655969e-05
3.39612389059953e-05
3.39608544550981e-05
3.3960470012905e-05
3.39600855794157e-05
3.39597011546298e-05
3.39593167385472e-05
3.39589323311675e-05
3.39585479324904e-05
3.39581635425156e-05
3.39577791612429e-05
3.39573947886718e-05
3.39570104248022e-05
3.39566260696337e-05
3.39562417231661e-05
3.3955857385399e-05
3.39554730563321e-05
3.39550887359652e-05
3.3954704424298e-05
3.39543201213301e-05
3.39539358270613e-05
3.39535515414912e-05
3.39531672646197e-05
3.39527829964463e-05
3.39523987369708e-05
3.39520144861928e-05
3.39516302441122e-05
3.39512460107286e-05
3.39508617860417e-05
3.39504775700512e-05
3.39500933627567e-05
3.39497091641582e-05
3.39493249742551e-05
3.39489407930473e-05
3.39485566205344e-05
3.39481724567161e-05
3.39477883015922e-05
3.39474041551623e-05
3.39470200174261e-05
3.39466358883835e-05
3.39462517680339e-05
3.39458676563773e-05
3.39454835534132e-05
3.39450994591414e-05
3.39447153735616e-05
3.39443312966735e-05
3.39439472284767e-05
3.39435631689711e-05
3.39431791181562e-05
3.39427950760319e-05
3.39424110425977e-05
3.39420270178535e-05
3.39416430017989e-05
3.39412589944336e-05
3.39408749957574e-05
3.39404910057699e-05
3.39401070244708e-05
3.39397230518599e-05
3.39393390879368e-05
3.39389551327013e-05
3.39385711861531e-05
3.39381872482918e-05
3.39378033191172e-05
3.39374193986289e-05
3.39370354868268e-05
3.39366515837104e-05
3.39362676892795e-05
3.39358838035339e-05
3.39354999264731e-05
3.39351160580969e-05
3.39347321984051e-05
3.39343483473972e-05
3.39339645050731e-05
3.39335806714324e-05
3.39331968464749e-05
3.39328130302002e-05
3.3932429222608e-05
3.39320454236981e-05
3.39316616334702e-05
3.39312778519239e-05
3.3930894079059e-05
3.39305103148751e-05
3.39301265593721e-05
3.39297428125495e-05
3.39293590744071e-05
3.39289753449446e-05
3.39285916241617e-05
3.39282079120581e-05
3.39278242086335e-05
3.39274405138876e-05
3.39270568278202e-05
3.39266731504309e-05
3.39262894817194e-05
3.39259058216854e-05
3.39255221703287e-05
3.3925138527649e-05
3.39247548936459e-05
3.39243712683192e-05
3.39239876516685e-05
3.39236040436936e-05
3.39232204443942e-05
3.392283685377e-05
3.39224532718206e-05
3.39220696985459e-05
3.39216861339454e-05
3.3921302578019e-05
3.39209190307663e-05
3.3920535492187e-05
3.39201519622808e-05
3.39197684410474e-05
3.39193849284866e-05
3.39190014245981e-05
3.39186179293814e-05
3.39182344428365e-05
3.39178509649629e-05
3.39174674957603e-05
3.39170840352285e-05
3.39167005833673e-05
3.39163171401761e-05
3.39159337056549e-05
3.39155502798033e-05
3.3915166862621e-05
3.39147834541076e-05
3.3914400054263e-05
3.39140166630869e-05
3.39136332805788e-05
3.39132499067386e-05
3.39128665415659e-05
3.39124831850604e-05
3.39120998372219e-05
3.39117164980501e-05
3.39113331675446e-05
3.39109498457052e-05
3.39105665325315e-05
3.39101832280234e-05
3.39097999321804e-05
3.39094166450023e-05
3.39090333664888e-05
3.39086500966397e-05
3.39082668354545e-05
3.3907883582933e-05
3.3907500339075e-05
3.39071171038801e-05
3.3906733877348e-05
3.39063506594785e-05
3.39059674502712e-05
3.39055842497259e-05
3.39052010578423e-05
3.390481787462e-05
3.39044347000588e-05
3.39040515341583e-05
3.39036683769184e-05
3.39032852283386e-05
3.39029020884188e-05
3.39025189571585e-05
3.39021358345576e-05
3.39017527206157e-05
3.39013696153325e-05
3.39009865187077e-05
3.39006034307411e-05
3.39002203514323e-05
3.38998372807811e-05
3.38994542187871e-05
3.38990711654501e-05
3.38986881207697e-05
3.38983050847458e-05
3.38979220573779e-05
3.38975390386658e-05
3.38971560286092e-05
3.38967730272078e-05
3.38963900344613e-05
3.38960070503695e-05
3.38956240749319e-05
3.38952411081484e-05
3.38948581500186e-05
3.38944752005423e-05
3.38940922597191e-05
3.38937093275488e-05
3.3893326404031e-05
3.38929434891656e-05
3.3892560582952e-05
3.38921776853902e-05
3.38917947964798e-05
3.38914119162204e-05
3.38910290446119e-05
3.38906461816539e-05
3.38902633273461e-05
3.38898804816882e-05
3.38894976446799e-05
3.3889114816321e-05
3.38887319966111e-05
3.388834918555e-05
3.38879663831373e-05
3.38875835893729e-05
3.38872008042562e-05
3.38868180277872e-05
3.38864352599654e-05
3.38860525007907e-05
3.38856697502626e-05
3.3885287008381e-05
3.38849042751454e-05
3.38845215505557e-05
3.38841388346115e-05
3.38837561273126e-05
3.38833734286586e-05
3.38829907386492e-05
3.38826080572842e-05
3.38822253845633e-05
3.38818427204861e-05
3.38814600650524e-05
3.38810774182619e-05
3.38806947801143e-05
3.38803121506093e-05
3.38799295297466e-05
3.38795469175259e-05
3.38791643139469e-05
3.38787817190094e-05
3.3878399132713e-05
3.38780165550574e-05
3.38776339860424e-05
3.38772514256677e-05
3.38768688739329e-05
3.38764863308378e-05
3.3876103796382e-05
3.38757212705654e-05
3.38753387533875e-05
3.38749562448482e-05
3.3874573744947e-05
3.38741912536838e-05
3.38738087710582e-05
3.38734262970699e-05
3.38730438317187e-05
3.38726613750042e-05
3.38722789269262e-05
3.38718964874843e-05
3.38715140566783e-05
3.38711316345079e-05
3.38707492209728e-05
3.38703668160726e-05
3.38699844198072e-05
3.38696020321761e-05
3.38692196531792e-05
3.38688372828161e-05
3.38684549210865e-05
3.38680725679902e-05
3.38676902235268e-05
3.3867307887696e-05
3.38669255604976e-05
3.38665432419313e-05
3.38661609319968e-05
3.38657786306937e-05
3.38653963380218e-05
3.38650140539808e-05
3.38646317785705e-05
3.38642495117904e-05
3.38638672536404e-05
3.38634850041201e-05
3.38631027632292e-05
3.38627205309675e-05
3.38623383073346e-05
3.38619560923303e-05
3.38615738859542e-05
3.38611916882061e-05
3.38608094990858e-05
3.38604273185928e-05
3.38600451467269e-05
3.38596629834878e-05
3.38592808288752e-05
3.38588986828888e-05
3.38585165455284e-05
3.38581344167936e-05
3.38577522966842e-05
3.38573701851998e-05
3.38569880823402e-05
3.3856605988105e-05
3.38562239024941e-05
3.3855841825507e-05
3.38554597571435e-05
3.38550776974033e-05
3.38546956462861e-05
3.38543136037917e-05
3.38539315699196e-05
3.38535495446698e-05
3.38531675280417e-05
3.38527855200352e-05
3.385240352065e-05
3.38520215298857e-05
3.38516395477421e-05
3.38512575742189e-05
3.38508756093158e-05
3.38504936530324e-05
3.38501117053686e-05
3.3849729766324e-05
3.38493478358984e-05
3.38489659140913e-05
3.38485840009026e-05
3.3848202096332e-05
3.38478202003791e-05
3.38474383130437e-05
3.38470564343254e-05
3.38466745642241e-05
3.38462927027393e-05
3.38459108498708e-05
3.38455290056184e-05
3.38451471699816e-05
3.38447653429603e-05
3.38443835245541e-05
3.38440017147628e-05
3.3843619913586e-05
3.38432381210234e-05
3.38428563370749e-05
3.384247456174e-05
3.38420927950184e-05
3.384171103691e-05
3.38413292874144e-05
3.38409475465313e-05
3.38405658142604e-05
3.38401840906015e-05
3.38398023755541e-05
3.38394206691181e-05
3.38390389712932e-05
3.3838657282079e-05
3.38382756014753e-05
3.38378939294818e-05
3.38375122660982e-05
3.38371306113242e-05
3.38367489651594e-05
3.38363673276037e-05
3.38359856986567e-05
3.38356040783181e-05
3.38352224665877e-05
3.38348408634651e-05
3.38344592689501e-05
3.38340776830424e-05
3.38336961057416e-05
3.38333145370475e-05
3.38329329769598e-05
3.38325514254782e-05
3.38321698826024e-05
3.38317883483321e-05
3.3831406822667e-05
3.38310253056069e-05
3.38306437971515e-05
3.38302622973003e-05
3.38298808060533e-05
3.382949932341e-05
3.38291178493702e-05
3.38287363839336e-05
3.38283549270999e-05
3.38279734788688e-05
3.382759203924e-05
3.38272106082132e-05
3.38268291857882e-05
3.38264477719646e-05
3.38260663667422e-05
3.38256849701206e-05
3.38253035820996e-05
3.38249222026789e-05
3.38245408318582e-05
3.38241594696372e-05
3.38237781160156e-05
3.38233967709931e-05
3.38230154345694e-05
3.38226341067442e-05
3.38222527875173e-05
3.38218714768884e-05
3.38214901748571e-05
3.38211088814232e-05
3.38207275965864e-05
3.38203463203463e-05
3.38199650527028e-05
3.38195837936554e-05
3.3819202543204e-05
3.38188213013482e-05
3.38184400680878e-05
3.38180588434224e-05
3.38176776273517e-05
3.38172964198756e-05
3.38169152209935e-05
3.38165340307054e-05
3.38161528490109e-05
3.38157716759096e-05
3.38153905114014e-05
3.38150093554859e-05
3.38146282081628e-05
3.38142470694319e-05
3.38138659392928e-05
3.38134848177453e-05
3.38131037047891e-05
3.38127226004238e-05
3.38123415046492e-05
3.3811960417465e-05
3.38115793388709e-05
3.38111982688666e-05
3.38108172074519e-05
3.38104361546264e-05
3.38100551103898e-05
3.38096740747419e-05
3.38092930476824e-05
3.38089120292109e-05
3.38085310193272e-05
3.3808150018031e-05
3.3807769025322e-05
3.38073880411999e-05
3.38070070656645e-05
3.38066260987153e-05
3.38062451403523e-05
3.38058641905749e-05
3.3805483249383e-05
3.38051023167763e-05
3.38047213927545e-05
3.38043404773173e-05
3.38039595704644e-05
3.38035786721954e-05
3.38031977825102e-05
3.38028169014084e-05
3.38024360288898e-05
3.3802055164954e-05
3.38016743096008e-05
3.38012934628298e-05
3.38009126246409e-05
3.38005317950336e-05
3.38001509740077e-05
3.37997701615629e-05
3.37993893576989e-05
3.37990085624155e-05
3.37986277757123e-05
3.37982469975891e-05
3.37978662280455e-05
3.37974854670813e-05
3.37971047146961e-05
3.37967239708898e-05
3.37963432356619e-05
3.37959625090123e-05
3.37955817909405e-05
3.37952010814464e-05
3.37948203805297e-05
3.379443968819e-05
3.3794059004427e-05
3.37936783292405e-05
3.37932976626302e-05
3.37929170045958e-05
3.3792536355137e-05
3.37921557142535e-05
3.37917750819451e-05
3.37913944582113e-05
3.3791013843052e-05
3.37906332364669e-05
3.37902526384556e-05
3.37898720490178e-05
3.37894914681534e-05
3.3789110895862e-05
3.37887303321432e-05
3.37883497769969e-05
3.37879692304227e-05
3.37875886924203e-05
3.37872081629895e-05
3.37868276421299e-05
3.37864471298413e-05
3.37860666261234e-05
3.37856861309758e-05
3.37853056443984e-05
3.37849251663908e-05
3.37845446969526e-05
3.37841642360837e-05
3.37837837837838e-05
3.37834033400525e-05
3.37830229048895e-05
3.37826424782946e-05
3.37822620602676e-05
3.3781881650808e-05
3.37815012499155e-05
3.37811208575901e-05
3.37807404738312e-05
3.37803600986387e-05
3.37799797320122e-05
3.37795993739514e-05
3.37792190244562e-05
3.37788386835261e-05
3.37784583511609e-05
3.37780780273602e-05
3.37776977121239e-05
3.37773174054517e-05
3.37769371073431e-05
3.3776556817798e-05
3.3776176536816e-05
3.37757962643969e-05
3.37754160005404e-05
3.37750357452462e-05
3.37746554985139e-05
3.37742752603434e-05
3.37738950307342e-05
3.37735148096862e-05
3.37731345971991e-05
3.37727543932725e-05
3.37723741979061e-05
3.37719940110997e-05
3.3771613832853e-05
3.37712336631657e-05
3.37708535020375e-05
3.37704733494681e-05
3.37700932054572e-05
3.37697130700046e-05
3.37693329431099e-05
3.37689528247729e-05
3.37685727149932e-05
3.37681926137707e-05
3.37678125211049e-05
3.37674324369956e-05
3.37670523614425e-05
3.37666722944454e-05
3.37662922360039e-05
3.37659121861177e-05
3.37655321447866e-05
3.37651521120103e-05
3.37647720877884e-05
3.37643920721207e-05
3.3764012065007e-05
3.37636320664468e-05
3.376325207644e-05
3.37628720949862e-05
3.37624921220852e-05
3.37621121577366e-05
3.37617322019402e-05
3.37613522546956e-05
3.37609723160027e-05
3.37605923858611e-05
3.37602124642704e-05
3.37598325512305e-05
3.37594526467411e-05
3.37590727508018e-05
3.37586928634123e-05
3.37583129845725e-05
3.37579331142819e-05
3.37575532525403e-05
3.37571733993474e-05
3.37567935547029e-05
3.37564137186065e-05
3.3756033891058e-05
3.37556540720571e-05
3.37552742616034e-05
3.37548944596967e-05
3.37545146663366e-05
3.3754134881523e-05
3.37537551052555e-05
3.37533753375338e-05
3.37529955783576e-05
3.37526158277266e-05
3.37522360856407e-05
3.37518563520994e-05
3.37514766271024e-05
3.37510969106496e-05
3.37507172027406e-05
3.3750337503375e-05
3.37499578125527e-05
3.37495781302734e-05
3.37491984565367e-05
3.37488187913423e-05
3.374843913469e-05
3.37480594865795e-05
3.37476798470105e-05
3.37473002159827e-05
3.37469205934958e-05
3.37465409795496e-05
3.37461613741437e-05
3.37457817772778e-05
3.37454021889518e-05
3.37450226091651e-05
3.37446430379177e-05
3.37442634752092e-05
3.37438839210393e-05
3.37435043754077e-05
3.37431248383142e-05
3.37427453097584e-05
3.37423657897401e-05
3.37419862782589e-05
3.37416067753146e-05
3.3741227280907e-05
3.37408477950356e-05
3.37404683177003e-05
3.37400888489006e-05
3.37397093886365e-05
3.37393299369075e-05
3.37389504937133e-05
3.37385710590537e-05
3.37381916329285e-05
3.37378122153372e-05
3.37374328062797e-05
3.37370534057555e-05
3.37366740137646e-05
3.37362946303064e-05
3.37359152553809e-05
3.37355358889876e-05
3.37351565311263e-05
3.37347771817967e-05
3.37343978409985e-05
3.37340185087315e-05
3.37336391849953e-05
3.37332598697896e-05
3.37328805631142e-05
3.37325012649688e-05
3.37321219753531e-05
3.37317426942667e-05
3.37313634217095e-05
3.37309841576811e-05
3.37306049021812e-05
3.37302256552096e-05
3.3729846416766e-05
3.372946718685e-05
3.37290879654614e-05
3.37287087525999e-05
3.37283295482652e-05
3.37279503524571e-05
3.37275711651752e-05
3.37271919864192e-05
3.37268128161889e-05
3.37264336544839e-05
3.37260545013041e-05
3.3725675356649e-05
3.37252962205185e-05
3.37249170929121e-05
3.37245379738298e-05
3.3724158863271e-05
3.37237797612356e-05
3.37234006677233e-05
3.37230215827338e-05
3.37226425062668e-05
3.3722263438322e-05
3.37218843788991e-05
3.37215053279978e-05
3.37211262856179e-05
3.37207472517591e-05
3.3720368226421e-05
3.37199892096035e-05
3.37196102013061e-05
3.37192312015286e-05
3.37188522102708e-05
3.37184732275323e-05
3.37180942533128e-05
3.37177152876121e-05
3.37173363304299e-05
3.37169573817659e-05
3.37165784416197e-05
3.37161995099912e-05
3.37158205868801e-05
3.37154416722859e-05
3.37150627662085e-05
3.37146838686476e-05
3.37143049796028e-05
3.3713926099074e-05
3.37135472270607e-05
3.37131683635628e-05
3.37127895085799e-05
3.37124106621117e-05
3.3712031824158e-05
3.37116529947185e-05
3.37112741737929e-05
3.37108953613808e-05
3.37105165574821e-05
3.37101377620963e-05
3.37097589752233e-05
3.37093801968628e-05
3.37090014270144e-05
3.37086226656779e-05
3.3708243912853e-05
3.37078651685393e-05
3.37074864327367e-05
3.37071077054448e-05
3.37067289866634e-05
3.37063502763921e-05
3.37059715746306e-05
3.37055928813788e-05
3.37052141966362e-05
3.37048355204027e-05
3.37044568526778e-05
3.37040781934614e-05
3.37036995427531e-05
3.37033209005527e-05
3.37029422668599e-05
3.37025636416743e-05
3.37021850249958e-05
3.37018064168239e-05
3.37014278171585e-05
3.37010492259992e-05
3.37006706433458e-05
3.37002920691979e-05
3.36999135035553e-05
3.36995349464177e-05
3.36991563977848e-05
3.36987778576564e-05
3.3698399326032e-05
3.36980208029115e-05
3.36976422882946e-05
3.36972637821809e-05
3.36968852845702e-05
3.36965067954622e-05
3.36961283148566e-05
3.36957498427532e-05
3.36953713791515e-05
3.36949929240515e-05
3.36946144774527e-05
3.36942360393549e-05
3.36938576097577e-05
3.3693479188661e-05
3.36931007760644e-05
3.36927223719677e-05
3.36923439763704e-05
3.36919655892725e-05
3.36915872106735e-05
3.36912088405732e-05
3.36908304789713e-05
3.36904521258675e-05
3.36900737812616e-05
3.36896954451532e-05
3.3689317117542e-05
3.36889387984279e-05
3.36885604878104e-05
3.36881821856893e-05
3.36878038920643e-05
3.36874256069351e-05
3.36870473303015e-05
3.36866690621631e-05
3.36862908025197e-05
3.3685912551371e-05
3.36855343087167e-05
3.36851560745565e-05
3.36847778488901e-05
3.36843996317172e-05
3.36840214230376e-05
3.3683643222851e-05
3.3683265031157e-05
3.36828868479555e-05
3.3682508673246e-05
3.36821305070283e-05
3.36817523493022e-05
3.36813742000674e-05
3.36809960593235e-05
3.36806179270702e-05
3.36802398033074e-05
3.36798616880347e-05
3.36794835812518e-05
3.36791054829584e-05
3.36787273931542e-05
3.36783493118391e-05
3.36779712390126e-05
3.36775931746744e-05
3.36772151188244e-05
3.36768370714622e-05
3.36764590325876e-05
3.36760810022002e-05
3.36757029802997e-05
3.36753249668859e-05
3.36749469619585e-05
3.36745689655172e-05
3.36741909775618e-05
3.36738129980918e-05
3.36734350271071e-05
3.36730570646074e-05
3.36726791105923e-05
3.36723011650616e-05
3.3671923228015e-05
3.36715452994523e-05
3.3671167379373e-05
3.36707894677771e-05
3.3670411564664e-05
3.36700336700337e-05
3.36696557838857e-05
3.36692779062198e-05
3.36689000370358e-05
3.36685221763333e-05
3.3668144324112e-05
3.36677664803717e-05
3.36673886451121e-05
3.36670108183328e-05
3.36666330000337e-05
3.36662551902143e-05
3.36658773888746e-05
3.3665499596014e-05
3.36651218116324e-05
3.36647440357295e-05
3.3664366268305e-05
3.36639885093586e-05
3.366361075889e-05
3.36632330168989e-05
3.36628552833851e-05
3.36624775583483e-05
3.36620998417881e-05
3.36617221337044e-05
3.36613444340967e-05
3.36609667429649e-05
3.36605890603086e-05
3.36602113861275e-05
3.36598337204214e-05
3.365945606319e-05
3.3659078414433e-05
3.36587007741501e-05
3.3658323142341e-05
3.36579455190055e-05
3.36575679041432e-05
3.36571902977539e-05
3.36568126998373e-05
3.36564351103931e-05
3.3656057529421e-05
3.36556799569207e-05
3.3655302392892e-05
3.36549248373345e-05
3.3654547290248e-05
3.36541697516322e-05
3.36537922214868e-05
3.36534146998115e-05
3.36530371866061e-05
3.36526596818702e-05
3.36522821856036e-05
3.36519046978059e-05
3.36515272184769e-05
3.36511497476164e-05
3.36507722852239e-05
3.36503948312994e-05
3.36500173858423e-05
3.36496399488525e-05
3.36492625203298e-05
3.36488851002737e-05
3.3648507688684e-05
3.36481302855605e-05
3.36477528909028e-05
3.36473755047106e-05
3.36469981269838e-05
3.36466207577219e-05
3.36462433969247e-05
3.3645866044592e-05
3.36454887007234e-05
3.36451113653186e-05
3.36447340383774e-05
3.36443567198995e-05
3.36439794098846e-05
3.36436021083324e-05
3.36432248152426e-05
3.3642847530615e-05
3.36424702544492e-05
3.3642092986745e-05
3.36417157275021e-05
3.36413384767202e-05
3.3640961234399e-05
3.36405840005382e-05
3.36402067751376e-05
3.36398295581969e-05
3.36394523497157e-05
3.36390751496939e-05
3.3638697958131e-05
3.36383207750269e-05
3.36379436003812e-05
3.36375664341937e-05
3.36371892764641e-05
3.3636812127192e-05
3.36364349863772e-05
3.36360578540195e-05
3.36356807301185e-05
3.3635303614674e-05
3.36349265076856e-05
3.36345494091531e-05
3.36341723190762e-05
3.36337952374546e-05
3.3633418164288e-05
3.36330410995762e-05
3.36326640433189e-05
3.36322869955157e-05
3.36319099561664e-05
3.36315329252707e-05
3.36311559028284e-05
3.36307788888391e-05
3.36304018833025e-05
3.36300248862184e-05
3.36296478975865e-05
3.36292709174065e-05
3.36288939456781e-05
3.36285169824011e-05
3.36281400275751e-05
3.36277630811998e-05
3.36273861432751e-05
3.36270092138005e-05
3.36266322927759e-05
3.36262553802009e-05
3.36258784760752e-05
3.36255015803986e-05
3.36251246931707e-05
3.36247478143914e-05
3.36243709440603e-05
3.3623994082177e-05
3.36236172287415e-05
3.36232403837533e-05
3.36228635472121e-05
3.36224867191177e-05
3.36221098994699e-05
3.36217330882683e-05
3.36213562855126e-05
3.36209794912025e-05
3.36206027053378e-05
3.36202259279182e-05
3.36198491589434e-05
3.36194723984132e-05
3.36190956463271e-05
3.3618718902685e-05
3.36183421674866e-05
3.36179654407315e-05
3.36175887224196e-05
3.36172120125504e-05
3.36168353111238e-05
3.36164586181394e-05
3.3616081933597e-05
3.36157052574963e-05
3.3615328589837e-05
3.36149519306187e-05
3.36145752798413e-05
3.36141986375045e-05
3.36138220036079e-05
3.36134453781513e-05
3.36130687611343e-05
3.36126921525568e-05
3.36123155524184e-05
3.36119389607188e-05
3.36115623774578e-05
3.36111858026351e-05
3.36108092362504e-05
3.36104326783033e-05
3.36100561287937e-05
3.36096795877213e-05
3.36093030550856e-05
3.36089265308866e-05
3.36085500151238e-05
3.36081735077971e-05
3.36077970089061e-05
3.36074205184505e-05
3.360704403643e-05
3.36066675628445e-05
3.36062910976935e-05
3.36059146409768e-05
3.36055381926942e-05
3.36051617528452e-05
3.36047853214298e-05
3.36044088984475e-05
3.36040324838981e-05
3.36036560777813e-05
3.36032796800968e-05
3.36029032908443e-05
3.36025269100236e-05
3.36021505376344e-05
3.36017741736764e-05
3.36013978181492e-05
3.36010214710527e-05
3.36006451323865e-05
3.36002688021504e-05
3.35998924803441e-05
3.35995161669672e-05
3.35991398620195e-05
3.35987635655008e-05
3.35983872774107e-05
3.35980109977489e-05
3.35976347265153e-05
3.35972584637094e-05
3.3596882209331e-05
3.35965059633798e-05
3.35961297258556e-05
3.3595753496758e-05
3.35953772760868e-05
3.35950010638417e-05
3.35946248600224e-05
3.35942486646286e-05
3.35938724776601e-05
3.35934962991165e-05
3.35931201289976e-05
3.35927439673031e-05
3.35923678140326e-05
3.35919916691861e-05
3.3591615532763e-05
3.35912394047632e-05
3.35908632851864e-05
3.35904871740323e-05
3.35901110713006e-05
3.3589734976991e-05
3.35893588911033e-05
3.35889828136371e-05
3.35886067445922e-05
3.35882306839683e-05
3.35878546317652e-05
3.35874785879824e-05
3.35871025526198e-05
3.35867265256771e-05
3.35863505071539e-05
3.358597449705e-05
3.35855984953652e-05
3.35852225020991e-05
3.35848465172514e-05
3.35844705408219e-05
3.35840945728103e-05
3.35837186132163e-05
3.35833426620396e-05
3.358296671928e-05
3.35825907849371e-05
3.35822148590107e-05
3.35818389415004e-05
3.35814630324061e-05
3.35810871317274e-05
3.35807112394641e-05
3.35803353556158e-05
3.35799594801822e-05
3.35795836131632e-05
3.35792077545584e-05
3.35788319043675e-05
3.35784560625902e-05
3.35780802292264e-05
3.35777044042756e-05
3.35773285877376e-05
3.35769527796121e-05
3.35765769798988e-05
3.35762011885975e-05
3.35758254057079e-05
3.35754496312296e-05
3.35750738651625e-05
3.35746981075062e-05
3.35743223582604e-05
3.35739466174249e-05
3.35735708849993e-05
3.35731951609835e-05
3.3572819445377e-05
3.35724437381797e-05
3.35720680393912e-05
3.35716923490113e-05
3.35713166670397e-05
3.35709409934761e-05
3.35705653283201e-05
3.35701896715716e-05
3.35698140232303e-05
3.35694383832958e-05
3.3569062751768e-05
3.35686871286464e-05
3.35683115139308e-05
3.3567935907621e-05
3.35675603097167e-05
3.35671847202175e-05
3.35668091391232e-05
3.35664335664336e-05
3.35660580021482e-05
3.35656824462669e-05
3.35653068987894e-05
3.35649313597154e-05
3.35645558290445e-05
3.35641803067766e-05
3.35638047929113e-05
3.35634292874484e-05
3.35630537903875e-05
3.35626783017285e-05
3.35623028214709e-05
3.35619273496146e-05
3.35615518861592e-05
3.35611764311045e-05
3.35608009844502e-05
3.35604255461959e-05
3.35600501163415e-05
3.35596746948866e-05
3.3559299281831e-05
3.35589238771743e-05
3.35585484809164e-05
3.35581730930568e-05
3.35577977135954e-05
3.35574223425318e-05
3.35570469798658e-05
3.3556671625597e-05
3.35562962797253e-05
3.35559209422503e-05
3.35555456131717e-05
3.35551702924892e-05
3.35547949802027e-05
3.35544196763117e-05
3.3554044380816e-05
3.35536690937154e-05
3.35532938150095e-05
3.35529185446981e-05
3.35525432827808e-05
3.35521680292575e-05
3.35517927841278e-05
3.35514175473914e-05
3.3551042319048e-05
3.35506670990975e-05
3.35502918875394e-05
3.35499166843736e-05
3.35495414895996e-05
3.35491663032174e-05
3.35487911252265e-05
3.35484159556266e-05
3.35480407944176e-05
3.35476656415991e-05
3.35472904971708e-05
3.35469153611325e-05
3.35465402334839e-05
3.35461651142247e-05
3.35457900033546e-05
3.35454149008733e-05
3.35450398067806e-05
3.35446647210761e-05
3.35442896437596e-05
3.35439145748309e-05
3.35435395142895e-05
3.35431644621354e-05
3.3542789418368e-05
3.35424143829873e-05
3.35420393559928e-05
3.35416643373844e-05
3.35412893271617e-05
3.35409143253245e-05
3.35405393318725e-05
3.35401643468053e-05
3.35397893701228e-05
3.35394144018245e-05
3.35390394419104e-05
3.353866449038e-05
3.35382895472331e-05
3.35379146124694e-05
3.35375396860886e-05
3.35371647680905e-05
3.35367898584747e-05
3.35364149572411e-05
3.35360400643892e-05
3.35356651799188e-05
3.35352903038297e-05
3.35349154361216e-05
3.35345405767941e-05
3.3534165725847e-05
3.353379088328e-05
3.35334160490929e-05
3.35330412232853e-05
3.3532666405857e-05
3.35322915968077e-05
3.35319167961371e-05
3.3531542003845e-05
3.35311672199309e-05
3.35307924443948e-05
3.35304176772362e-05
3.35300429184549e-05
3.35296681680507e-05
3.35292934260232e-05
3.35289186923722e-05
3.35285439670973e-05
3.35281692501984e-05
3.3527794541675e-05
3.35274198415271e-05
3.35270451497541e-05
3.3526670466356e-05
3.35262957913323e-05
3.35259211246829e-05
3.35255464664074e-05
3.35251718165056e-05
3.35247971749771e-05
3.35244225418217e-05
3.35240479170392e-05
3.35236733006291e-05
3.35232986925913e-05
3.35229240929255e-05
3.35225495016314e-05
3.35221749187087e-05
3.35218003441572e-05
3.35214257779764e-05
3.35210512201663e-05
3.35206766707264e-05
3.35203021296565e-05
3.35199275969564e-05
3.35195530726257e-05
3.35191785566642e-05
3.35188040490715e-05
3.35184295498475e-05
3.35180550589918e-05
3.35176805765041e-05
3.35173061023842e-05
3.35169316366318e-05
3.35165571792466e-05
3.35161827302282e-05
3.35158082895766e-05
3.35154338572913e-05
3.35150594333721e-05
3.35146850178186e-05
3.35143106106307e-05
3.35139362118081e-05
3.35135618213504e-05
3.35131874392573e-05
3.35128130655287e-05
3.35124387001642e-05
3.35120643431635e-05
3.35116899945264e-05
3.35113156542526e-05
3.35109413223417e-05
3.35105669987936e-05
3.35101926836079e-05
3.35098183767844e-05
3.35094440783227e-05
3.35090697882227e-05
3.35086955064839e-05
3.35083212331062e-05
3.35079469680893e-05
3.35075727114328e-05
3.35071984631365e-05
3.35068242232001e-05
3.35064499916234e-05
3.3506075768406e-05
3.35057015535477e-05
3.35053273470482e-05
3.35049531489072e-05
3.35045789591244e-05
3.35042047776996e-05
3.35038306046325e-05
3.35034564399227e-05
3.35030822835701e-05
3.35027081355743e-05
3.3502333995935e-05
3.35019598646521e-05
3.35015857417251e-05
3.35012116271538e-05
3.3500837520938e-05
3.35004634230774e-05
3.35000893335716e-05
3.34997152524204e-05
3.34993411796235e-05
3.34989671151806e-05
3.34985930590915e-05
3.34982190113559e-05
3.34978449719735e-05
3.3497470940944e-05
3.34970969182671e-05
3.34967229039426e-05
3.34963488979701e-05
3.34959749003495e-05
3.34956009110803e-05
3.34952269301624e-05
3.34948529575955e-05
3.34944789933793e-05
3.34941050375134e-05
3.34937310899977e-05
3.34933571508317e-05
3.34929832200154e-05
3.34926092975483e-05
3.34922353834303e-05
3.34918614776609e-05
3.349148758024e-05
3.34911136911673e-05
3.34907398104424e-05
3.34903659380651e-05
3.34899920740352e-05
3.34896182183523e-05
3.34892443710162e-05
3.34888705320265e-05
3.34884967013831e-05
3.34881228790856e-05
3.34877490651337e-05
3.34873752595272e-05
3.34870014622657e-05
3.34866276733491e-05
3.3486253892777e-05
3.34858801205492e-05
3.34855063566653e-05
3.34851326011251e-05
3.34847588539283e-05
3.34843851150747e-05
3.34840113845639e-05
3.34836376623956e-05
3.34832639485697e-05
3.34828902430858e-05
3.34825165459436e-05
3.34821428571429e-05
3.34817691766833e-05
3.34813955045646e-05
3.34810218407866e-05
3.34806481853489e-05
3.34802745382512e-05
3.34799008994933e-05
3.3479527269075e-05
3.34791536469958e-05
3.34787800332556e-05
3.3478406427854e-05
3.34780328307909e-05
3.34776592420658e-05
3.34772856616785e-05
3.34769120896288e-05
3.34765385259164e-05
3.3476164970541e-05
3.34757914235022e-05
3.34754178847999e-05
3.34750443544338e-05
3.34746708324035e-05
3.34742973187088e-05
3.34739238133494e-05
3.34735503163251e-05
3.34731768276355e-05
3.34728033472803e-05
3.34724298752594e-05
3.34720564115724e-05
3.3471682956219e-05
3.3471309509199e-05
3.34709360705121e-05
3.3470562640158e-05
3.34701892181364e-05
3.3469815804447e-05
3.34694423990896e-05
3.34690690020639e-05
3.34686956133696e-05
3.34683222330065e-05
3.34679488609741e-05
3.34675754972724e-05
3.34672021419009e-05
3.34668287948595e-05
3.34664554561478e-05
3.34660821257655e-05
3.34657088037125e-05
3.34653354899883e-05
3.34649621845927e-05
3.34645888875255e-05
3.34642155987864e-05
3.3463842318375e-05
3.34634690462911e-05
3.34630957825345e-05
3.34627225271048e-05
3.34623492800018e-05
3.34619760412252e-05
3.34616028107746e-05
3.34612295886499e-05
3.34608563748508e-05
3.3460483169377e-05
3.34601099722281e-05
3.3459736783404e-05
3.34593636029043e-05
3.34589904307287e-05
3.34586172668771e-05
3.3458244111349e-05
3.34578709641443e-05
3.34574978252626e-05
3.34571246947037e-05
3.34567515724673e-05
3.34563784585531e-05
3.34560053529609e-05
3.34556322556902e-05
3.3455259166741e-05
3.34548860861129e-05
3.34545130138056e-05
3.34541399498188e-05
3.34537668941523e-05
3.34533938468058e-05
3.34530208077789e-05
3.34526477770716e-05
3.34522747546833e-05
3.3451901740614e-05
3.34515287348632e-05
3.34511557374307e-05
3.34507827483163e-05
3.34504097675197e-05
3.34500367950405e-05
3.34496638308785e-05
3.34492908750334e-05
3.3448917927505e-05
3.3448544988293e-05
3.34481720573971e-05
3.34477991348169e-05
3.34474262205523e-05
3.3447053314603e-05
3.34466804169686e-05
3.34463075276489e-05
3.34459346466437e-05
3.34455617739526e-05
3.34451889095754e-05
3.34448160535117e-05
3.34444432057614e-05
3.3444070366324e-05
3.34436975351995e-05
3.34433247123874e-05
3.34429518978875e-05
3.34425790916995e-05
3.34422062938232e-05
3.34418335042583e-05
3.34414607230044e-05
3.34410879500613e-05
3.34407151854288e-05
3.34403424291065e-05
3.34399696810942e-05
3.34395969413915e-05
3.34392242099983e-05
3.34388514869143e-05
3.34384787721391e-05
3.34381060656724e-05
3.34377333675141e-05
3.34373606776638e-05
3.34369879961213e-05
3.34366153228862e-05
3.34362426579584e-05
3.34358700013374e-05
3.34354973530231e-05
3.34351247130152e-05
3.34347520813133e-05
3.34343794579173e-05
3.34340068428267e-05
3.34336342360415e-05
3.34332616375612e-05
3.34328890473856e-05
3.34325164655144e-05
3.34321438919473e-05
3.34317713266841e-05
3.34313987697245e-05
3.34310262210682e-05
3.3430653680715e-05
3.34302811486645e-05
3.34299086249164e-05
3.34295361094706e-05
3.34291636023267e-05
3.34287911034844e-05
3.34284186129435e-05
3.34280461307037e-05
3.34276736567646e-05
3.34273011911262e-05
3.34269287337879e-05
3.34265562847497e-05
3.34261838440111e-05
3.3425811411572e-05
3.3425438987432e-05
3.34250665715909e-05
3.34246941640484e-05
3.34243217648042e-05
3.3423949373858e-05
3.34235769912096e-05
3.34232046168587e-05
3.34228322508049e-05
3.34224598930481e-05
3.3422087543588e-05
3.34217152024242e-05
3.34213428695565e-05
3.34209705449846e-05
3.34205982287083e-05
3.34202259207272e-05
3.34198536210411e-05
3.34194813296498e-05
3.34191090465528e-05
3.341873677175e-05
3.34183645052411e-05
3.34179922470258e-05
3.34176199971038e-05
3.34172477554749e-05
3.34168755221387e-05
3.3416503297095e-05
3.34161310803435e-05
3.3415758871884e-05
3.34153866717161e-05
3.34150144798396e-05
3.34146422962542e-05
3.34142701209597e-05
3.34138979539557e-05
3.34135257952419e-05
3.34131536448182e-05
3.34127815026842e-05
3.34124093688396e-05
3.34120372432842e-05
3.34116651260177e-05
3.34112930170398e-05
3.34109209163502e-05
3.34105488239487e-05
3.3410176739835e-05
3.34098046640087e-05
3.34094325964697e-05
3.34090605372177e-05
3.34086884862523e-05
3.34083164435734e-05
3.34079444091805e-05
3.34075723830735e-05
3.34072003652521e-05
3.34068283557159e-05
3.34064563544648e-05
3.34060843614984e-05
3.34057123768164e-05
3.34053404004187e-05
3.34049684323048e-05
3.34045964724746e-05
3.34042245209277e-05
3.3403852577664e-05
3.3403480642683e-05
3.34031087159845e-05
3.34027367975683e-05
3.3402364887434e-05
3.34019929855815e-05
3.34016210920103e-05
3.34012492067203e-05
3.34008773297112e-05
3.34005054609826e-05
3.34001336005344e-05
3.33997617483662e-05
3.33993899044777e-05
3.33990180688688e-05
3.3398646241539e-05
3.33982744224882e-05
3.3397902611716e-05
3.33975308092222e-05
3.33971590150065e-05
3.33967872290686e-05
3.33964154514082e-05
3.33960436820251e-05
3.33956719209191e-05
3.33953001680897e-05
3.33949284235367e-05
3.339455668726e-05
3.33941849592591e-05
3.33938132395338e-05
3.33934415280839e-05
3.3393069824909e-05
3.33926981300089e-05
3.33923264433833e-05
3.33919547650319e-05
3.33915830949545e-05
3.33912114331508e-05
3.33908397796205e-05
3.33904681343632e-05
3.33900964973789e-05
3.33897248686671e-05
3.33893532482276e-05
3.33889816360601e-05
3.33886100321644e-05
3.33882384365401e-05
3.3387866849187e-05
3.33874952701048e-05
3.33871236992933e-05
3.33867521367521e-05
3.33863805824811e-05
3.33860090364798e-05
3.3385637498748e-05
3.33852659692856e-05
3.33848944480921e-05
3.33845229351673e-05
3.33841514305109e-05
3.33837799341227e-05
3.33834084460023e-05
3.33830369661496e-05
3.33826654945642e-05
3.33822940312458e-05
3.33819225761942e-05
3.33815511294091e-05
3.33811796908903e-05
3.33808082606373e-05
3.33804368386501e-05
3.33800654249282e-05
3.33796940194715e-05
3.33793226222796e-05
3.33789512333523e-05
3.33785798526892e-05
3.33782084802902e-05
3.33778371161549e-05
3.3377465760283e-05
3.33770944126744e-05
3.33767230733287e-05
3.33763517422456e-05
3.33759804194248e-05
3.33756091048662e-05
3.33752377985693e-05
3.3374866500534e-05
3.33744952107599e-05
3.33741239292469e-05
3.33737526559945e-05
3.33733813910025e-05
3.33730101342707e-05
3.33726388857988e-05
3.33722676455865e-05
3.33718964136335e-05
3.33715251899396e-05
3.33711539745044e-05
3.33707827673278e-05
3.33704115684093e-05
3.33700403777489e-05
3.3369669195346e-05
3.33692980212006e-05
3.33689268553123e-05
3.33685556976809e-05
3.3368184548306e-05
3.33678134071874e-05
3.33674422743249e-05
3.3367071149718e-05
3.33667000333667e-05
3.33663289252705e-05
3.33659578254293e-05
3.33655867338427e-05
3.33652156505105e-05
3.33648445754324e-05
3.3364473508608e-05
3.33641024500373e-05
3.33637313997197e-05
3.33633603576552e-05
3.33629893238434e-05
3.3362618298284e-05
3.33622472809768e-05
3.33618762719215e-05
3.33615052711178e-05
3.33611342785655e-05
3.33607632942642e-05
3.33603923182137e-05
3.33600213504137e-05
3.33596503908639e-05
3.33592794395641e-05
3.3358908496514e-05
3.33585375617133e-05
3.33581666351617e-05
3.3357795716859e-05
3.33574248068049e-05
3.33570539049991e-05
3.33566830114413e-05
3.33563121261313e-05
3.33559412490688e-05
3.33555703802535e-05
3.33551995196851e-05
3.33548286673634e-05
3.33544578232881e-05
3.33540869874589e-05
3.33537161598755e-05
3.33533453405377e-05
3.33529745294451e-05
3.33526037265976e-05
3.33522329319948e-05
3.33518621456365e-05
3.33514913675223e-05
3.33511205976521e-05
3.33507498360255e-05
3.33503790826422e-05
3.33500083375021e-05
3.33496376006047e-05
3.33492668719499e-05
3.33488961515374e-05
3.33485254393668e-05
3.3348154735438e-05
3.33477840397506e-05
3.33474133523043e-05
3.33470426730989e-05
3.33466720021342e-05
3.33463013394098e-05
3.33459306849254e-05
3.33455600386808e-05
3.33451894006758e-05
3.334481877091e-05
3.33444481493831e-05
3.3344077536095e-05
3.33437069310452e-05
3.33433363342336e-05
3.33429657456599e-05
3.33425951653237e-05
3.33422245932249e-05
3.33418540293631e-05
3.3341483473738e-05
3.33411129263495e-05
3.33407423871972e-05
3.33403718562808e-05
3.33400013336001e-05
3.33396308191547e-05
3.33392603129445e-05
3.33388898149692e-05
3.33385193252284e-05
3.33381488437219e-05
3.33377783704494e-05
3.33374079054107e-05
3.33370374486054e-05
3.33366670000333e-05
3.33362965596942e-05
3.33359261275877e-05
3.33355557037136e-05
3.33351852880716e-05
3.33348148806614e-05
3.33344444814827e-05
3.33340740905353e-05
3.3333703707819e-05
3.33333333333333e-05
3.33329629670781e-05
3.33325926090531e-05
3.3332222259258e-05
3.33318519176925e-05
3.33314815843564e-05
3.33311112592494e-05
3.33307409423711e-05
3.33303706337214e-05
3.33300003333e-05
3.33296300411065e-05
3.33292597571408e-05
3.33288894814025e-05
3.33285192138913e-05
3.33281489546071e-05
3.33277787035494e-05
3.33274084607181e-05
3.33270382261128e-05
3.33266679997334e-05
3.33262977815794e-05
3.33259275716507e-05
3.3325557369947e-05
3.3325187176468e-05
3.33248169912134e-05
3.33244468141829e-05
3.33240766453763e-05
3.33237064847933e-05
3.33233363324336e-05
3.3322966188297e-05
3.33225960523831e-05
3.33222259246918e-05
3.33218558052226e-05
3.33214856939755e-05
3.332111559095e-05
3.33207454961459e-05
3.33203754095629e-05
3.33200053312009e-05
3.33196352610593e-05
3.33192651991381e-05
3.3318895145437e-05
3.33185250999556e-05
3.33181550626937e-05
3.3317785033651e-05
3.33174150128272e-05
3.33170450002221e-05
3.33166749958354e-05
3.33163049996668e-05
3.33159350117161e-05
3.33155650319829e-05
3.33151950604671e-05
3.33148250971682e-05
3.33144551420861e-05
3.33140851952205e-05
3.33137152565711e-05
3.33133453261377e-05
3.33129754039198e-05
3.33126054899174e-05
3.33122355841301e-05
3.33118656865576e-05
3.33114957971996e-05
3.3311125916056e-05
3.33107560431263e-05
3.33103861784104e-05
3.3310016321908e-05
3.33096464736188e-05
3.33092766335424e-05
3.33089068016788e-05
3.33085369780275e-05
3.33081671625883e-05
3.33077973553609e-05
3.33074275563451e-05
3.33070577655405e-05
3.3306687982947e-05
3.33063182085642e-05
3.33059484423918e-05
3.33055786844296e-05
3.33052089346774e-05
3.33048391931348e-05
3.33044694598015e-05
3.33040997346773e-05
3.3303730017762e-05
3.33033603090552e-05
3.33029906085567e-05
3.33026209162661e-05
3.33022512321833e-05
3.33018815563079e-05
3.33015118886397e-05
3.33011422291785e-05
3.33007725779238e-05
3.33004029348755e-05
3.33000333000333e-05
3.32996636733969e-05
3.3299294054966e-05
3.32989244447404e-05
3.32985548427198e-05
3.32981852489039e-05
3.32978156632925e-05
3.32974460858852e-05
3.32970765166818e-05
3.32967069556821e-05
3.32963374028857e-05
3.32959678582924e-05
3.32955983219018e-05
3.32952287937139e-05
3.32948592737281e-05
3.32944897619444e-05
3.32941202583624e-05
3.32937507629818e-05
3.32933812758024e-05
3.32930117968238e-05
3.32926423260459e-05
3.32922728634684e-05
3.32919034090909e-05
3.32915339629132e-05
3.32911645249351e-05
3.32907950951562e-05
3.32904256735763e-05
3.32900562601951e-05
3.32896868550123e-05
3.32893174580277e-05
3.3288948069241e-05
3.32885786886519e-05
3.32882093162602e-05
3.32878399520655e-05
3.32874705960676e-05
3.32871012482663e-05
3.32867319086612e-05
3.32863625772521e-05
3.32859932540387e-05
3.32856239390207e-05
3.32852546321979e-05
3.328488533357e-05
3.32845160431367e-05
3.32841467608978e-05
3.32837774868529e-05
3.32834082210018e-05
3.32830389633443e-05
3.328266971388e-05
3.32823004726087e-05
3.32819312395301e-05
3.32815620146439e-05
3.32811927979499e-05
3.32808235894478e-05
3.32804543891373e-05
3.32800851970181e-05
3.327971601309e-05
3.32793468373527e-05
3.3278977669806e-05
3.32786085104495e-05
3.3278239359283e-05
3.32778702163062e-05
3.32775010815188e-05
3.32771319549206e-05
3.32767628365113e-05
3.32763937262906e-05
3.32760246242582e-05
3.3275655530414e-05
3.32752864447575e-05
3.32749173672885e-05
3.32745482980069e-05
3.32741792369122e-05
3.32738101840042e-05
3.32734411392826e-05
3.32730721027472e-05
3.32727030743978e-05
3.32723340542339e-05
3.32719650422554e-05
3.3271596038462e-05
3.32712270428533e-05
3.32708580554293e-05
3.32704890761894e-05
3.32701201051336e-05
3.32697511422615e-05
3.32693821875728e-05
3.32690132410673e-05
3.32686443027447e-05
3.32682753726047e-05
3.32679064506471e-05
3.32675375368715e-05
3.32671686312778e-05
3.32667997338656e-05
3.32664308446347e-05
3.32660619635848e-05
3.32656930907155e-05
3.32653242260268e-05
3.32649553695182e-05
3.32645865211895e-05
3.32642176810405e-05
3.32638488490708e-05
3.32634800252802e-05
3.32631112096685e-05
3.32627424022353e-05
3.32623736029803e-05
3.32620048119034e-05
3.32616360290041e-05
3.32612672542824e-05
3.32608984877378e-05
3.32605297293702e-05
3.32601609791791e-05
3.32597922371645e-05
3.32594235033259e-05
3.32590547776632e-05
3.3258686060176e-05
3.32583173508642e-05
3.32579486497273e-05
3.32575799567651e-05
3.32572112719775e-05
3.3256842595364e-05
3.32564739269244e-05
3.32561052666585e-05
3.3255736614566e-05
3.32553679706466e-05
3.32549993349e-05
3.3254630707326e-05
3.32542620879243e-05
3.32538934766946e-05
3.32535248736366e-05
3.32531562787501e-05
3.32527876920348e-05
3.32524191134905e-05
3.32520505431168e-05
3.32516819809135e-05
3.32513134268804e-05
3.3250944881017e-05
3.32505763433233e-05
3.32502078137988e-05
3.32498392924434e-05
3.32494707792568e-05
3.32491022742386e-05
3.32487337773886e-05
3.32483652887066e-05
3.32479968081923e-05
3.32476283358454e-05
3.32472598716656e-05
3.32468914156526e-05
3.32465229678063e-05
3.32461545281262e-05
3.32457860966123e-05
3.3245417673264e-05
3.32450492580813e-05
3.32446808510638e-05
3.32443124522113e-05
3.32439440615235e-05
3.3243575679e-05
3.32432073046408e-05
3.32428389384453e-05
3.32424705804135e-05
3.32421022305451e-05
3.32417338888396e-05
3.3241365555297e-05
3.32409972299169e-05
3.3240628912699e-05
3.32402606036431e-05
3.32398923027489e-05
3.32395240100162e-05
3.32391557254446e-05
3.32387874490339e-05
3.32384191807838e-05
3.3238050920694e-05
3.32376826687643e-05
3.32373144249945e-05
3.32369461893841e-05
3.3236577961933e-05
3.3236209742641e-05
3.32358415315076e-05
3.32354733285327e-05
3.32351051337159e-05
3.32347369470571e-05
3.32343687685559e-05
3.3234000598212e-05
3.32336324360253e-05
3.32332642819953e-05
3.32328961361219e-05
3.32325279984048e-05
3.32321598688437e-05
3.32317917474384e-05
3.32314236341885e-05
3.32310555290938e-05
3.3230687432154e-05
3.32303193433689e-05
3.32299512627381e-05
3.32295831902615e-05
3.32292151259387e-05
3.32288470697695e-05
3.32284790217536e-05
3.32281109818907e-05
3.32277429501805e-05
3.32273749266229e-05
3.32270069112174e-05
3.32266389039639e-05
3.32262709048621e-05
3.32259029139117e-05
3.32255349311124e-05
3.3225166956464e-05
3.32247989899661e-05
3.32244310316186e-05
3.32240630814211e-05
3.32236951393734e-05
3.32233272054752e-05
3.32229592797262e-05
3.32225913621262e-05
3.32222234526749e-05
3.32218555513721e-05
3.32214876582173e-05
3.32211197732105e-05
3.32207518963513e-05
3.32203840276394e-05
3.32200161670745e-05
3.32196483146565e-05
3.3219280470385e-05
3.32189126342598e-05
3.32185448062805e-05
3.3218176986447e-05
3.32178091747589e-05
3.3217441371216e-05
3.3217073575818e-05
3.32167057885646e-05
3.32163380094556e-05
3.32159702384907e-05
3.32156024756696e-05
3.3215234720992e-05
3.32148669744578e-05
3.32144992360665e-05
3.3214131505818e-05
3.3213763783712e-05
3.32133960697481e-05
3.32130283639262e-05
3.3212660666246e-05
3.32122929767071e-05
3.32119252953094e-05
3.32115576220525e-05
3.32111899569362e-05
3.32108222999601e-05
3.32104546511242e-05
3.3210087010428e-05
3.32097193778713e-05
3.32093517534538e-05
3.32089841371752e-05
3.32086165290354e-05
3.3208248929034e-05
3.32078813371707e-05
3.32075137534453e-05
3.32071461778575e-05
3.3206778610407e-05
3.32064110510936e-05
3.3206043499917e-05
3.32056759568769e-05
3.32053084219731e-05
3.32049408952052e-05
3.32045733765731e-05
3.32042058660764e-05
3.32038383637148e-05
3.32034708694882e-05
3.32031033833962e-05
3.32027359054386e-05
3.32023684356151e-05
3.32020009739254e-05
3.32016335203692e-05
3.32012660749463e-05
3.32008986376565e-05
3.32005312084993e-05
3.32001637874747e-05
3.31997963745822e-05
3.31994289698217e-05
3.31990615731929e-05
3.31986941846954e-05
3.31983268043291e-05
3.31979594320936e-05
3.31975920679887e-05
3.31972247120141e-05
3.31968573641695e-05
3.31964900244547e-05
3.31961226928695e-05
3.31957553694134e-05
3.31953880540864e-05
3.3195020746888e-05
3.3194653447818e-05
3.31942861568762e-05
3.31939188740623e-05
3.3193551599376e-05
3.3193184332817e-05
3.31928170743851e-05
3.319244982408e-05
3.31920825819015e-05
3.31917153478492e-05
3.31913481219229e-05
3.31909809041223e-05
3.31906136944472e-05
3.31902464928973e-05
3.31898792994723e-05
3.31895121141719e-05
3.31891449369959e-05
3.31887777679441e-05
3.3188410607016e-05
3.31880434542116e-05
3.31876763095304e-05
3.31873091729723e-05
3.31869420445369e-05
3.3186574924224e-05
3.31862078120333e-05
3.31858407079646e-05
3.31854736120176e-05
3.31851065241919e-05
3.31847394444875e-05
3.31843723729039e-05
3.31840053094408e-05
3.31836382540982e-05
3.31832712068756e-05
3.31829041677728e-05
3.31825371367895e-05
3.31821701139255e-05
3.31818030991804e-05
3.31814360925541e-05
3.31810690940462e-05
3.31807021036565e-05
3.31803351213847e-05
3.31799681472306e-05
3.31796011811938e-05
3.31792342232741e-05
3.31788672734713e-05
3.3178500331785e-05
3.3178133398215e-05
3.31777664727611e-05
3.31773995554228e-05
3.31770326462001e-05
3.31766657450926e-05
3.31762988521001e-05
3.31759319672222e-05
3.31755650904587e-05
3.31751982218094e-05
3.31748313612739e-05
3.31744645088521e-05
3.31740976645435e-05
3.31737308283481e-05
3.31733640002654e-05
3.31729971802952e-05
3.31726303684373e-05
3.31722635646914e-05
3.31718967690573e-05
3.31715299815345e-05
3.3171163202123e-05
3.31707964308223e-05
3.31704296676323e-05
3.31700629125527e-05
3.31696961655831e-05
3.31693294267234e-05
3.31689626959733e-05
4.42247946311099e-05
4.42243056784008e-05
4.42238167365034e-05
4.42233278054174e-05
4.42228388851422e-05
4.42223499756777e-05
4.42218610770234e-05
4.4221372189179e-05
4.42208833121442e-05
4.42203944459185e-05
4.42199055905016e-05
4.42194167458931e-05
4.42189279120928e-05
4.42184390891002e-05
4.42179502769149e-05
4.42174614755367e-05
4.42169726849651e-05
4.42164839051999e-05
4.42159951362405e-05
4.42155063780868e-05
4.42150176307383e-05
4.42145288941946e-05
4.42140401684555e-05
4.42135514535205e-05
4.42130627493893e-05
4.42125740560615e-05
4.42120853735369e-05
4.42115967018149e-05
4.42111080408953e-05
4.42106193907777e-05
4.42101307514617e-05
4.4209642122947e-05
4.42091535052333e-05
4.42086648983201e-05
4.42081763022071e-05
4.4207687716894e-05
4.42071991423803e-05
4.42067105786658e-05
4.42062220257501e-05
4.42057334836328e-05
4.42052449523136e-05
4.42047564317921e-05
4.42042679220679e-05
4.42037794231407e-05
4.42032909350101e-05
4.42028024576758e-05
4.42023139911374e-05
4.42018255353946e-05
4.4201337090447e-05
4.42008486562942e-05
4.42003602329359e-05
4.41998718203717e-05
4.41993834186013e-05
4.41988950276243e-05
4.41984066474404e-05
4.41979182780491e-05
4.41974299194502e-05
4.41969415716432e-05
4.41964532346279e-05
4.41959649084039e-05
4.41954765929707e-05
4.41949882883281e-05
4.41944999944757e-05
4.41940117114131e-05
4.419352343914e-05
4.4193035177656e-05
4.41925469269608e-05
4.41920586870539e-05
4.41915704579351e-05
4.4191082239604e-05
4.41905940320603e-05
4.41901058353035e-05
4.41896176493333e-05
4.41891294741494e-05
4.41886413097513e-05
4.41881531561388e-05
4.41876650133115e-05
4.41871768812691e-05
4.4186688760011e-05
4.41862006495371e-05
4.4185712549847e-05
4.41852244609403e-05
4.41847363828166e-05
4.41842483154755e-05
4.41837602589168e-05
4.41832722131401e-05
4.4182784178145e-05
4.41822961539311e-05
4.41818081404981e-05
4.41813201378457e-05
4.41808321459735e-05
4.4180344164881e-05
4.41798561945681e-05
4.41793682350342e-05
4.41788802862791e-05
4.41783923483024e-05
4.41779044211038e-05
4.41774165046828e-05
4.41769285990392e-05
4.41764407041725e-05
4.41759528200824e-05
4.41754649467686e-05
4.41749770842306e-05
4.41744892324683e-05
4.4174001391481e-05
4.41735135612687e-05
4.41730257418308e-05
4.41725379331669e-05
4.41720501352769e-05
4.41715623481603e-05
4.41710745718166e-05
4.41705868062457e-05
4.41700990514471e-05
4.41696113074205e-05
4.41691235741655e-05
4.41686358516817e-05
4.41681481399689e-05
4.41676604390265e-05
4.41671727488544e-05
4.41666850694521e-05
4.41661974008193e-05
4.41657097429556e-05
4.41652220958606e-05
4.41647344595341e-05
4.41642468339756e-05
4.41637592191847e-05
4.41632716151613e-05
4.41627840219047e-05
4.41622964394148e-05
4.41618088676912e-05
4.41613213067335e-05
4.41608337565413e-05
4.41603462171143e-05
4.41598586884522e-05
4.41593711705545e-05
4.4158883663421e-05
4.41583961670512e-05
4.41579086814448e-05
4.41574212066015e-05
4.41569337425209e-05
4.41564462892026e-05
4.41559588466464e-05
4.41554714148517e-05
4.41549839938183e-05
4.41544965835458e-05
4.41540091840339e-05
4.41535217952822e-05
4.41530344172903e-05
4.41525470500579e-05
4.41520596935847e-05
4.41515723478702e-05
4.41510850129142e-05
4.41505976887162e-05
4.41501103752759e-05
4.4149623072593e-05
4.41491357806671e-05
4.41486484994978e-05
4.41481612290848e-05
4.41476739694277e-05
4.41471867205262e-05
4.414669948238e-05
4.41462122549885e-05
4.41457250383516e-05
4.41452378324688e-05
4.41447506373398e-05
4.41442634529643e-05
4.41437762793418e-05
4.41432891164721e-05
4.41428019643547e-05
4.41423148229893e-05
4.41418276923756e-05
4.41413405725132e-05
4.41408534634017e-05
4.41403663650408e-05
4.41398792774302e-05
4.41393922005694e-05
4.41389051344581e-05
4.4138418079096e-05
4.41379310344828e-05
4.41374440006179e-05
4.41369569775012e-05
4.41364699651322e-05
4.41359829635106e-05
4.4135495972636e-05
4.41350089925081e-05
4.41345220231265e-05
4.41340350644909e-05
4.41335481166008e-05
4.41330611794561e-05
4.41325742530562e-05
4.41320873374008e-05
4.41316004324897e-05
4.41311135383224e-05
4.41306266548985e-05
4.41301397822178e-05
4.41296529202798e-05
4.41291660690842e-05
4.41286792286307e-05
4.41281923989189e-05
4.41277055799484e-05
4.41272187717189e-05
4.412673197423e-05
4.41262451874814e-05
4.41257584114727e-05
4.41252716462036e-05
4.41247848916737e-05
4.41242981478826e-05
4.412381141483e-05
4.41233246925156e-05
4.41228379809389e-05
4.41223512800997e-05
4.41218645899976e-05
4.41213779106321e-05
4.41208912420031e-05
4.412040458411e-05
4.41199179369526e-05
4.41194313005305e-05
4.41189446748434e-05
4.41184580598908e-05
4.41179714556725e-05
4.4117484862188e-05
4.41169982794371e-05
4.41165117074193e-05
4.41160251461343e-05
4.41155385955818e-05
4.41150520557614e-05
4.41145655266728e-05
4.41140790083155e-05
4.41135925006893e-05
4.41131060037937e-05
4.41126195176285e-05
4.41121330421933e-05
4.41116465774876e-05
4.41111601235113e-05
4.41106736802638e-05
4.41101872477449e-05
4.41097008259541e-05
4.41092144148913e-05
4.41087280145559e-05
4.41082416249476e-05
4.41077552460661e-05
4.41072688779111e-05
4.41067825204821e-05
4.41062961737788e-05
4.41058098378009e-05
4.4105323512548e-05
4.41048371980197e-05
4.41043508942157e-05
4.41038646011357e-05
4.41033783187792e-05
4.4102892047146e-05
4.41024057862356e-05
4.41019195360478e-05
4.41014332965821e-05
4.41009470678383e-05
4.41004608498159e-05
4.40999746425146e-05
4.4099488445934e-05
4.40990022600739e-05
4.40985160849337e-05
4.40980299205133e-05
4.40975437668122e-05
4.40970576238301e-05
4.40965714915665e-05
4.40960853700213e-05
4.40955992591939e-05
4.40951131590841e-05
4.40946270696916e-05
4.40941409910158e-05
4.40936549230566e-05
4.40931688658135e-05
4.40926828192861e-05
4.40921967834742e-05
4.40917107583774e-05
4.40912247439953e-05
4.40907387403276e-05
4.40902527473739e-05
4.40897667651338e-05
4.40892807936071e-05
4.40887948327932e-05
4.4088308882692e-05
4.40878229433031e-05
4.4087337014626e-05
4.40868510966604e-05
4.4086365189406e-05
4.40858792928625e-05
4.40853934070294e-05
4.40849075319064e-05
4.40844216674932e-05
4.40839358137895e-05
4.40834499707947e-05
4.40829641385087e-05
4.4082478316931e-05
4.40819925060613e-05
4.40815067058992e-05
4.40810209164444e-05
4.40805351376966e-05
4.40800493696553e-05
4.40795636123202e-05
4.40790778656911e-05
4.40785921297674e-05
4.40781064045489e-05
4.40776206900352e-05
4.40771349862259e-05
4.40766492931207e-05
4.40761636107193e-05
4.40756779390213e-05
4.40751922780263e-05
4.4074706627734e-05
4.4074220988144e-05
4.4073735359256e-05
4.40732497410697e-05
4.40727641335845e-05
4.40722785368004e-05
4.40717929507167e-05
4.40713073753333e-05
4.40708218106497e-05
4.40703362566656e-05
4.40698507133807e-05
4.40693651807946e-05
4.40688796589069e-05
4.40683941477173e-05
4.40679086472254e-05
4.40674231574309e-05
4.40669376783334e-05
4.40664522099326e-05
4.40659667522281e-05
4.40654813052196e-05
4.40649958689066e-05
4.4064510443289e-05
4.40640250283662e-05
4.4063539624138e-05
4.4063054230604e-05
4.40625688477638e-05
4.40620834756171e-05
4.40615981141636e-05
4.40611127634028e-05
4.40606274233345e-05
4.40601420939583e-05
4.40596567752737e-05
4.40591714672806e-05
4.40586861699784e-05
4.40582008833669e-05
4.40577156074458e-05
4.40572303422145e-05
4.40567450876729e-05
4.40562598438206e-05
4.40557746106571e-05
4.40552893881822e-05
4.40548041763954e-05
4.40543189752965e-05
4.40538337848851e-05
4.40533486051609e-05
4.40528634361234e-05
4.40523782777723e-05
4.40518931301073e-05
4.4051407993128e-05
4.40509228668341e-05
4.40504377512252e-05
4.40499526463009e-05
4.4049467552061e-05
4.4048982468505e-05
4.40484973956326e-05
4.40480123334435e-05
4.40475272819372e-05
4.40470422411135e-05
4.4046557210972e-05
4.40460721915123e-05
4.40455871827341e-05
4.40451021846371e-05
4.40446171972208e-05
4.40441322204849e-05
4.40436472544291e-05
4.40431622990531e-05
4.40426773543564e-05
4.40421924203387e-05
4.40417074969997e-05
4.40412225843389e-05
4.40407376823562e-05
4.4040252791051e-05
4.40397679104231e-05
4.40392830404721e-05
4.40387981811976e-05
4.40383133325994e-05
4.40378284946769e-05
4.403734366743e-05
4.40368588508582e-05
4.40363740449611e-05
4.40358892497385e-05
4.403540446519e-05
4.40349196913152e-05
4.40344349281138e-05
4.40339501755854e-05
4.40334654337296e-05
4.40329807025462e-05
4.40324959820347e-05
4.40320112721949e-05
4.40315265730263e-05
4.40310418845286e-05
4.40305572067015e-05
4.40300725395445e-05
4.40295878830574e-05
4.40291032372398e-05
4.40286186020914e-05
4.40281339776117e-05
4.40276493638005e-05
4.40271647606573e-05
4.40266801681819e-05
4.40261955863739e-05
4.40257110152329e-05
4.40252264547586e-05
4.40247419049506e-05
4.40242573658086e-05
4.40237728373322e-05
4.4023288319521e-05
4.40228038123748e-05
4.40223193158932e-05
4.40218348300757e-05
4.40213503549221e-05
4.40208658904321e-05
4.40203814366051e-05
4.4019896993441e-05
4.40194125609394e-05
4.40189281390998e-05
4.4018443727922e-05
4.40179593274056e-05
4.40174749375502e-05
4.40169905583555e-05
4.40165061898212e-05
4.40160218319468e-05
4.40155374847321e-05
4.40150531481767e-05
4.40145688222802e-05
4.40140845070423e-05
4.40136002024626e-05
4.40131159085407e-05
4.40126316252765e-05
4.40121473526693e-05
4.4011663090719e-05
4.40111788394252e-05
4.40106945987875e-05
4.40102103688056e-05
4.4009726149479e-05
4.40092419408076e-05
4.40087577427908e-05
4.40082735554284e-05
4.400778937872e-05
4.40073052126653e-05
4.40068210572639e-05
4.40063369125154e-05
4.40058527784195e-05
4.40053686549759e-05
4.40048845421842e-05
4.4004400440044e-05
4.4003916348555e-05
4.40034322677169e-05
4.40029481975292e-05
4.40024641379917e-05
4.4001980089104e-05
4.40014960508657e-05
4.40010120232765e-05
4.40005280063361e-05
4.4000044000044e-05
4.39995600044e-05
4.39990760194036e-05
4.39985920450546e-05
4.39981080813525e-05
4.39976241282971e-05
4.39971401858879e-05
4.39966562541247e-05
4.3996172333007e-05
4.39956884225346e-05
4.3995204522707e-05
4.3994720633524e-05
4.39942367549851e-05
4.399375288709e-05
4.39932690298384e-05
4.399278518323e-05
4.39923013472642e-05
4.39918175219409e-05
4.39913337072597e-05
4.39908499032201e-05
4.39903661098219e-05
4.39898823270648e-05
4.39893985549483e-05
4.3988914793472e-05
4.39884310426358e-05
4.39879473024391e-05
4.39874635728817e-05
4.39869798539632e-05
4.39864961456833e-05
4.39860124480415e-05
4.39855287610376e-05
4.39850450846712e-05
4.3984561418942e-05
4.39840777638495e-05
4.39835941193935e-05
4.39831104855735e-05
4.39826268623894e-05
4.39821432498406e-05
4.39816596479268e-05
4.39811760566478e-05
4.3980692476003e-05
4.39802089059923e-05
4.39797253466152e-05
4.39792417978714e-05
4.39787582597605e-05
4.39782747322823e-05
4.39777912154362e-05
4.3977307709222e-05
4.39768242136394e-05
4.3976340728688e-05
4.39758572543674e-05
4.39753737906772e-05
4.39748903376172e-05
4.3974406895187e-05
4.39739234633862e-05
4.39734400422145e-05
4.39729566316715e-05
4.39724732317569e-05
4.39719898424703e-05
4.39715064638115e-05
4.39710230957799e-05
4.39705397383753e-05
4.39700563915973e-05
4.39695730554456e-05
4.39690897299199e-05
4.39686064150197e-05
4.39681231107447e-05
4.39676398170946e-05
4.39671565340691e-05
4.39666732616677e-05
4.39661899998901e-05
4.3965706748736e-05
4.3965223508205e-05
4.39647402782968e-05
4.3964257059011e-05
4.39637738503473e-05
4.39632906523053e-05
4.39628074648847e-05
4.39623242880851e-05
4.39618411219062e-05
4.39613579663476e-05
4.39608748214089e-05
4.39603916870899e-05
4.39599085633902e-05
4.39594254503094e-05
4.39589423478471e-05
4.39584592560031e-05
4.39579761747769e-05
4.39574931041683e-05
4.39570100441768e-05
4.39565269948021e-05
4.3956043956044e-05
4.39555609279019e-05
4.39550779103756e-05
4.39545949034647e-05
4.39541119071689e-05
4.39536289214878e-05
4.39531459464211e-05
4.39526629819684e-05
4.39521800281294e-05
4.39516970849037e-05
4.3951214152291e-05
4.39507312302908e-05
4.3950248318903e-05
4.39497654181271e-05
4.39492825279627e-05
4.39487996484096e-05
4.39483167794673e-05
4.39478339211356e-05
4.39473510734141e-05
4.39468682363023e-05
4.39463854098e-05
4.39459025939069e-05
4.39454197886225e-05
4.39449369939466e-05
4.39444542098787e-05
4.39439714364186e-05
4.39434886735658e-05
4.39430059213201e-05
4.3942523179681e-05
4.39420404486482e-05
4.39415577282215e-05
4.39410750184003e-05
4.39405923191845e-05
4.39401096305735e-05
4.39396269525672e-05
4.3939144285165e-05
4.39386616283668e-05
4.39381789821721e-05
4.39376963465805e-05
4.39372137215918e-05
4.39367311072056e-05
4.39362485034215e-05
4.39357659102392e-05
4.39352833276584e-05
4.39348007556786e-05
4.39343181942995e-05
4.39338356435209e-05
4.39333531033422e-05
4.39328705737633e-05
4.39323880547837e-05
4.39319055464031e-05
4.39314230486211e-05
4.39309405614374e-05
4.39304580848517e-05
4.39299756188635e-05
4.39294931634726e-05
4.39290107186786e-05
4.39285282844811e-05
4.39280458608799e-05
4.39275634478745e-05
4.39270810454645e-05
4.39265986536498e-05
4.39261162724298e-05
4.39256339018042e-05
4.39251515417728e-05
4.39246691923351e-05
4.39241868534909e-05
4.39237045252397e-05
4.39232222075812e-05
4.3922739900515e-05
4.39222576040408e-05
4.39217753181584e-05
4.39212930428672e-05
4.3920810778167e-05
4.39203285240574e-05
4.3919846280538e-05
4.39193640476086e-05
4.39188818252687e-05
4.39183996135181e-05
4.39179174123563e-05
4.39174352217831e-05
4.3916953041798e-05
4.39164708724007e-05
4.39159887135909e-05
4.39155065653682e-05
4.39150244277323e-05
4.39145423006829e-05
4.39140601842195e-05
4.39135780783418e-05
4.39130959830495e-05
4.39126138983423e-05
4.39121318242197e-05
4.39116497606815e-05
4.39111677077273e-05
4.39106856653567e-05
4.39102036335693e-05
4.3909721612365e-05
4.39092396017432e-05
4.39087576017037e-05
4.3908275612246e-05
4.39077936333699e-05
4.3907311665075e-05
4.3906829707361e-05
4.39063477602274e-05
4.3905865823674e-05
4.39053838977005e-05
4.39049019823063e-05
4.39044200774913e-05
4.3903938183255e-05
4.39034562995972e-05
4.39029744265174e-05
4.39024925640153e-05
4.39020107120906e-05
4.39015288707429e-05
4.39010470399719e-05
4.39005652197772e-05
4.39000834101585e-05
4.38996016111154e-05
4.38991198226476e-05
4.38986380447547e-05
4.38981562774364e-05
4.38976745206923e-05
4.38971927745221e-05
4.38967110389254e-05
4.38962293139019e-05
4.38957475994513e-05
4.38952658955732e-05
4.38947842022672e-05
4.3894302519533e-05
4.38938208473702e-05
4.38933391857786e-05
4.38928575347577e-05
4.38923758943072e-05
4.38918942644267e-05
4.3891412645116e-05
4.38909310363746e-05
4.38904494382022e-05
4.38899678505985e-05
4.38894862735632e-05
4.38890047070958e-05
4.3888523151196e-05
4.38880416058634e-05
4.38875600710978e-05
4.38870785468988e-05
4.3886597033266e-05
4.38861155301991e-05
4.38856340376978e-05
4.38851525557616e-05
4.38846710843902e-05
4.38841896235834e-05
4.38837081733406e-05
4.38832267336617e-05
4.38827453045463e-05
4.38822638859939e-05
4.38817824780043e-05
4.3881301080577e-05
4.38808196937119e-05
4.38803383174084e-05
4.38798569516663e-05
4.38793755964853e-05
4.38788942518649e-05
4.38784129178048e-05
4.38779315943046e-05
4.38774502813641e-05
4.38769689789829e-05
4.38764876871606e-05
4.38760064058969e-05
4.38755251351915e-05
4.38750438750439e-05
4.38745626254538e-05
4.3874081386421e-05
4.3873600157945e-05
4.38731189400254e-05
4.38726377326621e-05
4.38721565358545e-05
4.38716753496024e-05
4.38711941739054e-05
4.38707130087632e-05
4.38702318541753e-05
4.38697507101416e-05
4.38692695766615e-05
4.38687884537349e-05
4.38683073413612e-05
4.38678262395403e-05
4.38673451482716e-05
4.3866864067555e-05
4.386638299739e-05
4.38659019377762e-05
4.38654208887134e-05
4.38649398502012e-05
4.38644588222393e-05
4.38639778048272e-05
4.38634967979647e-05
4.38630158016514e-05
4.3862534815887e-05
4.38620538406711e-05
4.38615728760033e-05
4.38610919218834e-05
4.38606109783109e-05
4.38601300452856e-05
4.3859649122807e-05
4.38591682108749e-05
4.38586873094888e-05
4.38582064186485e-05
4.38577255383536e-05
4.38572446686037e-05
4.38567638093985e-05
4.38562829607377e-05
4.38558021226208e-05
4.38553212950476e-05
4.38548404780178e-05
4.38543596715308e-05
4.38538788755865e-05
4.38533980901845e-05
4.38529173153244e-05
4.38524365510059e-05
4.38519557972286e-05
4.38514750539921e-05
4.38509943212962e-05
4.38505135991405e-05
4.38500328875247e-05
4.38495521864483e-05
4.38490714959111e-05
4.38485908159127e-05
4.38481101464527e-05
4.38476294875308e-05
4.38471488391467e-05
4.38466682013001e-05
4.38461875739904e-05
4.38457069572176e-05
4.3845226350981e-05
4.38447457552805e-05
4.38442651701157e-05
4.38437845954863e-05
4.38433040313918e-05
4.3842823477832e-05
4.38423429348064e-05
4.38418624023149e-05
4.38413818803569e-05
4.38409013689321e-05
4.38404208680403e-05
4.38399403776811e-05
4.38394598978541e-05
4.38389794285589e-05
4.38384989697953e-05
4.38380185215628e-05
4.38375380838612e-05
4.38370576566901e-05
4.38365772400491e-05
4.38360968339379e-05
4.38356164383562e-05
4.38351360533035e-05
4.38346556787796e-05
4.38341753147842e-05
4.38336949613168e-05
4.38332146183771e-05
4.38327342859648e-05
4.38322539640795e-05
4.38317736527209e-05
4.38312933518886e-05
4.38308130615823e-05
4.38303327818016e-05
4.38298525125463e-05
4.38293722538159e-05
4.38288920056101e-05
4.38284117679286e-05
4.38279315407709e-05
4.38274513241369e-05
4.3826971118026e-05
4.38264909224381e-05
4.38260107373726e-05
4.38255305628294e-05
4.3825050398808e-05
4.3824570245308e-05
4.38240901023292e-05
4.38236099698713e-05
4.38231298479337e-05
4.38226497365163e-05
4.38221696356187e-05
4.38216895452404e-05
4.38212094653812e-05
4.38207293960408e-05
4.38202493372187e-05
4.38197692889147e-05
4.38192892511283e-05
4.38188092238593e-05
4.38183292071073e-05
4.3817849200872e-05
4.38173692051529e-05
4.38168892199498e-05
4.38164092452623e-05
4.38159292810901e-05
4.38154493274329e-05
4.38149693842901e-05
4.38144894516617e-05
4.38140095295471e-05
4.3813529617946e-05
4.38130497168582e-05
4.38125698262832e-05
4.38120899462207e-05
4.38116100766703e-05
4.38111302176318e-05
4.38106503691047e-05
4.38101705310888e-05
4.38096907035836e-05
4.38092108865889e-05
4.38087310801043e-05
4.38082512841294e-05
4.38077714986639e-05
4.38072917237074e-05
4.38068119592597e-05
4.38063322053203e-05
4.38058524618889e-05
4.38053727289652e-05
4.38048930065488e-05
4.38044132946394e-05
4.38039335932367e-05
4.38034539023402e-05
4.38029742219497e-05
4.38024945520647e-05
4.38020148926851e-05
4.38015352438103e-05
4.38010556054401e-05
4.38005759775741e-05
4.3800096360212e-05
4.37996167533534e-05
4.3799137156998e-05
4.37986575711454e-05
4.37981779957954e-05
4.37976984309475e-05
4.37972188766013e-05
4.37967393327567e-05
4.37962597994131e-05
4.37957802765704e-05
4.3795300764228e-05
4.37948212623857e-05
4.37943417710432e-05
4.37938622902e-05
4.37933828198559e-05
4.37929033600105e-05
4.37924239106635e-05
4.37919444718144e-05
4.3791465043463e-05
4.3790985625609e-05
4.37905062182519e-05
4.37900268213914e-05
4.37895474350273e-05
4.3789068059159e-05
4.37885886937864e-05
4.3788109338909e-05
4.37876299945265e-05
4.37871506606386e-05
4.37866713372449e-05
4.37861920243451e-05
4.37857127219388e-05
4.37852334300257e-05
4.37847541486055e-05
4.37842748776777e-05
4.37837956172421e-05
4.37833163672982e-05
4.37828371278459e-05
4.37823578988846e-05
4.37818786804142e-05
4.37813994724341e-05
4.37809202749442e-05
4.3780441087944e-05
4.37799619114331e-05
4.37794827454114e-05
4.37790035898783e-05
4.37785244448336e-05
4.37780453102769e-05
4.37775661862079e-05
4.37770870726262e-05
4.37766079695315e-05
4.37761288769234e-05
4.37756497948016e-05
4.37751707231658e-05
4.37746916620156e-05
4.37742126113507e-05
4.37737335711706e-05
4.37732545414752e-05
4.37727755222639e-05
4.37722965135366e-05
4.37718175152928e-05
4.37713385275322e-05
4.37708595502544e-05
4.37703805834592e-05
4.37699016271461e-05
4.37694226813148e-05
4.3768943745965e-05
4.37684648210964e-05
4.37679859067085e-05
4.37675070028011e-05
4.37670281093738e-05
4.37665492264262e-05
4.37660703539581e-05
4.3765591491969e-05
4.37651126404587e-05
4.37646337994267e-05
4.37641549688727e-05
4.37636761487965e-05
4.37631973391976e-05
4.37627185400757e-05
4.37622397514305e-05
4.37617609732616e-05
4.37612822055686e-05
4.37608034483513e-05
4.37603247016093e-05
4.37598459653422e-05
4.37593672395497e-05
4.37588885242315e-05
4.37584098193872e-05
4.37579311250164e-05
4.37574524411189e-05
4.37569737676942e-05
4.37564951047421e-05
4.37560164522622e-05
4.37555378102541e-05
4.37550591787175e-05
4.37545805576521e-05
4.37541019470575e-05
4.37536233469334e-05
4.37531447572794e-05
4.37526661780952e-05
4.37521876093805e-05
4.37517090511348e-05
4.37512305033579e-05
4.37507519660494e-05
4.3750273439209e-05
4.37497949228363e-05
4.3749316416931e-05
4.37488379214927e-05
4.37483594365211e-05
4.37478809620159e-05
4.37474024979767e-05
4.37469240444031e-05
4.37464456012949e-05
4.37459671686516e-05
4.3745488746473e-05
4.37450103347587e-05
4.37445319335083e-05
4.37440535427215e-05
4.3743575162398e-05
4.37430967925374e-05
4.37426184331394e-05
4.37421400842036e-05
4.37416617457297e-05
4.37411834177174e-05
4.37407051001662e-05
4.37402267930759e-05
4.37397484964461e-05
4.37392702102765e-05
4.37387919345668e-05
4.37383136693165e-05
4.37378354145253e-05
4.3737357170193e-05
4.37368789363191e-05
4.37364007129033e-05
4.37359224999453e-05
4.37354442974448e-05
4.37349661054013e-05
4.37344879238145e-05
4.37340097526842e-05
4.37335315920099e-05
4.37330534417913e-05
4.37325753020281e-05
4.37320971727199e-05
4.37316190538664e-05
4.37311409454673e-05
4.37306628475221e-05
4.37301847600306e-05
4.37297066829924e-05
4.37292286164072e-05
4.37287505602746e-05
4.37282725145943e-05
4.37277944793659e-05
4.37273164545892e-05
4.37268384402637e-05
4.37263604363891e-05
4.37258824429651e-05
4.37254044599913e-05
4.37249264874673e-05
4.3724448525393e-05
4.37239705737678e-05
4.37234926325915e-05
4.37230147018637e-05
4.37225367815841e-05
4.37220588717523e-05
4.3721580972368e-05
4.37211030834308e-05
4.37206252049404e-05
4.37201473368965e-05
4.37196694792987e-05
4.37191916321467e-05
4.37187137954401e-05
4.37182359691786e-05
4.37177581533619e-05
4.37172803479895e-05
4.37168025530613e-05
4.37163247685767e-05
4.37158469945355e-05
4.37153692309374e-05
4.37148914777819e-05
4.37144137350688e-05
4.37139360027977e-05
4.37134582809683e-05
4.37129805695801e-05
4.3712502868633e-05
4.37120251781265e-05
4.37115474980603e-05
4.37110698284341e-05
4.37105921692474e-05
4.37101145205e-05
4.37096368821916e-05
4.37091592543217e-05
4.37086816368901e-05
4.37082040298964e-05
4.37077264333403e-05
4.37072488472213e-05
4.37067712715392e-05
4.37062937062937e-05
4.37058161514844e-05
4.37053386071109e-05
4.37048610731729e-05
4.370438354967e-05
4.3703906036602e-05
4.37034285339685e-05
4.37029510417691e-05
4.37024735600035e-05
4.37019960886714e-05
4.37015186277723e-05
4.37010411773061e-05
4.37005637372722e-05
4.37000863076705e-05
4.36996088885004e-05
4.36991314797618e-05
4.36986540814543e-05
4.36981766935775e-05
4.3697699316131e-05
4.36972219491146e-05
4.36967445925279e-05
4.36962672463705e-05
4.36957899106421e-05
4.36953125853424e-05
4.3694835270471e-05
4.36943579660276e-05
4.36938806720119e-05
4.36934033884234e-05
4.36929261152619e-05
4.36924488525271e-05
4.36919716002185e-05
4.36914943583358e-05
4.36910171268787e-05
4.36905399058469e-05
4.369006269524e-05
4.36895854950576e-05
4.36891083052995e-05
4.36886311259652e-05
4.36881539570545e-05
4.3687676798567e-05
4.36871996505024e-05
4.36867225128603e-05
4.36862453856403e-05
4.36857682688422e-05
4.36852911624656e-05
4.36848140665101e-05
4.36843369809755e-05
4.36838599058613e-05
4.36833828411672e-05
4.36829057868929e-05
4.36824287430381e-05
4.36819517096024e-05
4.36814746865854e-05
4.36809976739869e-05
4.36805206718064e-05
4.36800436800437e-05
4.36795666986984e-05
4.36790897277701e-05
4.36786127672585e-05
4.36781358171633e-05
4.36776588774842e-05
4.36771819482207e-05
4.36767050293726e-05
4.36762281209395e-05
4.3675751222921e-05
4.36752743353169e-05
4.36747974581268e-05
4.36743205913503e-05
4.36738437349871e-05
4.36733668890369e-05
4.36728900534993e-05
4.3672413228374e-05
4.36719364136606e-05
4.36714596093588e-05
4.36709828154683e-05
4.36705060319886e-05
4.36700292589196e-05
4.36695524962608e-05
4.36690757440119e-05
4.36685990021725e-05
4.36681222707424e-05
4.36676455497211e-05
4.36671688391083e-05
4.36666921389037e-05
4.3666215449107e-05
4.36657387697178e-05
4.36652621007358e-05
4.36647854421605e-05
4.36643087939918e-05
4.36638321562292e-05
4.36633555288724e-05
4.36628789119211e-05
4.36624023053748e-05
4.36619257092334e-05
4.36614491234964e-05
4.36609725481635e-05
4.36604959832344e-05
4.36600194287086e-05
4.3659542884586e-05
4.36590663508661e-05
4.36585898275486e-05
4.36581133146331e-05
4.36576368121194e-05
4.3657160320007e-05
4.36566838382956e-05
4.3656207366985e-05
4.36557309060747e-05
4.36552544555644e-05
4.36547780154538e-05
4.36543015857425e-05
4.36538251664302e-05
4.36533487575166e-05
4.36528723590012e-05
4.36523959708839e-05
4.36519195931641e-05
4.36514432258417e-05
4.36509668689161e-05
4.36504905223872e-05
4.36500141862546e-05
4.36495378605179e-05
4.36490615451768e-05
4.36485852402309e-05
4.36481089456799e-05
4.36476326615235e-05
4.36471563877613e-05
4.3646680124393e-05
4.36462038714183e-05
4.36457276288367e-05
4.3645251396648e-05
4.36447751748519e-05
4.36442989634479e-05
4.36438227624358e-05
4.36433465718151e-05
4.36428703915857e-05
4.3642394221747e-05
4.36419180622988e-05
4.36414419132408e-05
4.36409657745726e-05
4.36404896462938e-05
4.36400135284042e-05
4.36395374209033e-05
4.36390613237909e-05
4.36385852370666e-05
4.36381091607301e-05
4.36376330947809e-05
4.36371570392189e-05
4.36366809940436e-05
4.36362049592547e-05
4.36357289348519e-05
4.36352529208347e-05
4.3634776917203e-05
4.36343009239563e-05
4.36338249410943e-05
4.36333489686167e-05
4.36328730065231e-05
4.36323970548132e-05
4.36319211134866e-05
4.36314451825431e-05
4.36309692619822e-05
4.36304933518036e-05
4.3630017452007e-05
4.3629541562592e-05
4.36290656835584e-05
4.36285898149057e-05
4.36281139566337e-05
4.36276381087419e-05
4.36271622712301e-05
4.36266864440979e-05
4.36262106273449e-05
4.36257348209709e-05
4.36252590249755e-05
4.36247832393583e-05
4.3624307464119e-05
4.36238316992573e-05
4.36233559447728e-05
4.36228802006652e-05
4.36224044669342e-05
4.36219287435794e-05
4.36214530306004e-05
4.3620977327997e-05
4.36205016357688e-05
4.36200259539154e-05
4.36195502824366e-05
4.36190746213319e-05
4.36185989706011e-05
4.36181233302437e-05
4.36176477002595e-05
4.36171720806482e-05
4.36166964714093e-05
4.36162208725425e-05
4.36157452840475e-05
4.3615269705924e-05
4.36147941381717e-05
4.36143185807901e-05
4.36138430337789e-05
4.36133674971379e-05
4.36128919708666e-05
4.36124164549647e-05
4.3611940949432e-05
4.36114654542679e-05
4.36109899694723e-05
4.36105144950448e-05
4.36100390309849e-05
4.36095635772925e-05
4.36090881339671e-05
4.36086127010085e-05
4.36081372784162e-05
4.36076618661899e-05
4.36071864643293e-05
4.36067110728341e-05
4.36062356917039e-05
4.36057603209384e-05
4.36052849605372e-05
4.36048096105e-05
4.36043342708265e-05
4.36038589415163e-05
4.36033836225691e-05
4.36029083139845e-05
4.36024330157623e-05
4.3601957727902e-05
4.36014824504033e-05
4.36010071832659e-05
4.36005319264895e-05
4.36000566800737e-05
4.35995814440181e-05
4.35991062183225e-05
4.35986310029865e-05
4.35981557980097e-05
4.35976806033919e-05
4.35972054191326e-05
4.35967302452316e-05
4.35962550816885e-05
4.35957799285029e-05
4.35953047856746e-05
4.35948296532031e-05
4.35943545310882e-05
4.35938794193295e-05
4.35934043179267e-05
4.35929292268794e-05
4.35924541461873e-05
4.359197907585e-05
4.35915040158673e-05
4.35910289662387e-05
4.3590553926964e-05
4.35900788980428e-05
4.35896038794747e-05
4.35891288712595e-05
4.35886538733968e-05
4.35881788858861e-05
4.35877039087273e-05
4.358722894192e-05
4.35867539854638e-05
4.35862790393584e-05
4.35858041036035e-05
4.35853291781986e-05
4.35848542631436e-05
4.35843793584379e-05
4.35839044640814e-05
4.35834295800737e-05
4.35829547064143e-05
4.35824798431031e-05
4.35820049901396e-05
4.35815301475235e-05
4.35810553152545e-05
4.35805804933322e-05
4.35801056817563e-05
4.35796308805264e-05
4.35791560896423e-05
4.35786813091036e-05
4.35782065389099e-05
4.35777317790609e-05
4.35772570295563e-05
4.35767822903957e-05
4.35763075615788e-05
4.35758328431052e-05
4.35753581349747e-05
4.35748834371868e-05
4.35744087497413e-05
4.35739340726378e-05
4.35734594058759e-05
4.35729847494553e-05
4.35725101033758e-05
4.35720354676369e-05
4.35715608422383e-05
4.35710862271796e-05
4.35706116224606e-05
4.3570137028081e-05
4.35696624440402e-05
4.35691878703381e-05
4.35687133069743e-05
4.35682387539484e-05
4.35677642112601e-05
4.35672896789091e-05
4.3566815156895e-05
4.35663406452175e-05
4.35658661438763e-05
4.3565391652871e-05
4.35649171722012e-05
4.35644427018667e-05
4.35639682418672e-05
4.35634937922021e-05
4.35630193528713e-05
4.35625449238745e-05
4.35620705052111e-05
4.3561596096881e-05
4.35611216988837e-05
4.3560647311219e-05
4.35601729338865e-05
4.35596985668859e-05
4.35592242102168e-05
4.35587498638789e-05
4.35582755278719e-05
4.35578012021953e-05
4.3557326886849e-05
4.35568525818324e-05
4.35563782871454e-05
4.35559040027876e-05
4.35554297287586e-05
4.3554955465058e-05
4.35544812116857e-05
4.35540069686411e-05
4.3553532735924e-05
4.35530585135341e-05
4.3552584301471e-05
4.35521100997343e-05
4.35516359083238e-05
4.35511617272391e-05
4.35506875564798e-05
4.35502133960456e-05
4.35497392459363e-05
4.35492651061513e-05
4.35487909766905e-05
4.35483168575535e-05
4.35478427487398e-05
4.35473686502493e-05
4.35468945620815e-05
4.35464204842362e-05
4.35459464167129e-05
4.35454723595114e-05
4.35449983126313e-05
4.35445242760723e-05
4.3544050249834e-05
4.35435762339161e-05
4.35431022283183e-05
4.35426282330401e-05
4.35421542480814e-05
4.35416802734418e-05
4.35412063091208e-05
4.35407323551182e-05
4.35402584114337e-05
4.35397844780668e-05
4.35393105550174e-05
4.35388366422849e-05
4.35383627398692e-05
4.35378888477698e-05
4.35374149659864e-05
4.35369410945187e-05
4.35364672333663e-05
4.3535993382529e-05
4.35355195420063e-05
4.3535045711798e-05
4.35345718919037e-05
4.3534098082323e-05
4.35336242830556e-05
4.35331504941013e-05
4.35326767154595e-05
4.35322029471301e-05
4.35317291891127e-05
4.35312554414069e-05
4.35307817040125e-05
4.35303079769289e-05
4.35298342601561e-05
4.35293605536935e-05
4.35288868575408e-05
4.35284131716978e-05
4.35279394961641e-05
4.35274658309393e-05
4.35269921760232e-05
4.35265185314153e-05
4.35260448971153e-05
4.3525571273123e-05
4.35250976594379e-05
4.35246240560597e-05
4.35241504629882e-05
4.35236768802228e-05
4.35232033077634e-05
4.35227297456096e-05
4.35222561937611e-05
4.35217826522174e-05
4.35213091209784e-05
4.35208356000435e-05
4.35203620894126e-05
4.35198885890852e-05
4.35194150990611e-05
4.35189416193398e-05
4.35184681499211e-05
4.35179946908046e-05
4.35175212419901e-05
4.3517047803477e-05
4.35165743752652e-05
4.35161009573542e-05
4.35156275497438e-05
4.35151541524336e-05
4.35146807654232e-05
4.35142073887124e-05
4.35137340223008e-05
4.3513260666188e-05
4.35127873203738e-05
4.35123139848577e-05
4.35118406596395e-05
4.35113673447188e-05
4.35108940400953e-05
4.35104207457686e-05
4.35099474617384e-05
4.35094741880044e-05
4.35090009245663e-05
4.35085276714236e-05
4.35080544285761e-05
4.35075811960234e-05
4.35071079737652e-05
4.35066347618012e-05
4.3506161560131e-05
4.35056883687542e-05
4.35052151876706e-05
4.35047420168798e-05
4.35042688563815e-05
4.35037957061754e-05
4.3503322566261e-05
4.35028494366381e-05
4.35023763173063e-05
4.35019032082654e-05
4.35014301095149e-05
4.35009570210545e-05
4.35004839428839e-05
4.35000108750027e-05
4.34995378174107e-05
4.34990647701074e-05
4.34985917330926e-05
4.34981187063659e-05
4.3497645689927e-05
4.34971726837756e-05
4.34966996879112e-05
4.34962267023336e-05
4.34957537270424e-05
4.34952807620373e-05
4.3494807807318e-05
4.34943348628841e-05
4.34938619287353e-05
4.34933890048713e-05
4.34929160912916e-05
4.34924431879961e-05
4.34919702949843e-05
4.34914974122559e-05
4.34910245398106e-05
4.3490551677648e-05
4.34900788257679e-05
4.34896059841698e-05
4.34891331528534e-05
4.34886603318185e-05
4.34881875210646e-05
4.34877147205914e-05
4.34872419303987e-05
4.3486769150486e-05
4.3486296380853e-05
4.34858236214994e-05
4.34853508724249e-05
4.3484878133629e-05
4.34844054051116e-05
4.34839326868722e-05
4.34834599789105e-05
4.34829872812262e-05
4.3482514593819e-05
4.34820419166884e-05
4.34815692498342e-05
4.34810965932561e-05
4.34806239469536e-05
4.34801513109266e-05
4.34796786851745e-05
4.34792060696972e-05
4.34787334644942e-05
4.34782608695652e-05
4.34777882849099e-05
4.3477315710528e-05
4.34768431464191e-05
4.34763705925829e-05
4.34758980490191e-05
4.34754255157272e-05
4.34749529927071e-05
4.34744804799583e-05
4.34740079774805e-05
4.34735354852733e-05
4.34730630033366e-05
4.34725905316698e-05
4.34721180702727e-05
4.34716456191449e-05
4.34711731782861e-05
4.34707007476961e-05
4.34702283273743e-05
4.34697559173205e-05
4.34692835175344e-05
4.34688111280156e-05
4.34683387487639e-05
4.34678663797787e-05
4.34673940210599e-05
4.34669216726071e-05
4.346644933442e-05
4.34659770064982e-05
4.34655046888413e-05
4.34650323814491e-05
4.34645600843212e-05
4.34640877974573e-05
4.34636155208571e-05
4.34631432545202e-05
4.34626709984462e-05
4.34621987526349e-05
4.34617265170859e-05
4.34612542917989e-05
4.34607820767735e-05
4.34603098720094e-05
4.34598376775063e-05
4.34593654932638e-05
4.34588933192816e-05
4.34584211555594e-05
4.34579490020968e-05
4.34574768588936e-05
4.34570047259493e-05
4.34565326032636e-05
4.34560604908362e-05
4.34555883886668e-05
4.3455116296755e-05
4.34546442151005e-05
4.34541721437029e-05
4.3453700082562e-05
4.34532280316774e-05
4.34527559910487e-05
4.34522839606757e-05
4.34518119405579e-05
4.34513399306951e-05
4.34508679310869e-05
4.3450395941733e-05
4.34499239626331e-05
4.34494519937867e-05
4.34489800351937e-05
4.34485080868536e-05
4.34480361487661e-05
4.34475642209309e-05
4.34470923033476e-05
4.34466203960159e-05
4.34461484989356e-05
4.34456766121061e-05
4.34452047355273e-05
4.34447328691988e-05
4.34442610131202e-05
4.34437891672912e-05
4.34433173317114e-05
4.34428455063807e-05
4.34423736912985e-05
4.34419018864646e-05
4.34414300918786e-05
4.34409583075403e-05
4.34404865334492e-05
4.3440014769605e-05
4.34395430160075e-05
4.34390712726562e-05
4.34385995395508e-05
4.34381278166911e-05
4.34376561040766e-05
4.34371844017071e-05
4.34367127095821e-05
4.34362410277015e-05
4.34357693560647e-05
4.34352976946716e-05
4.34348260435217e-05
4.34343544026147e-05
4.34338827719504e-05
4.34334111515283e-05
4.34329395413482e-05
4.34324679414096e-05
4.34319963517123e-05
4.34315247722559e-05
4.34310532030402e-05
4.34305816440647e-05
4.34301100953291e-05
4.34296385568331e-05
4.34291670285764e-05
4.34286955105586e-05
4.34282240027794e-05
4.34277525052385e-05
4.34272810179355e-05
4.34268095408701e-05
4.34263380740419e-05
4.34258666174507e-05
4.34253951710961e-05
4.34249237349777e-05
4.34244523090953e-05
4.34239808934484e-05
4.34235094880368e-05
4.34230380928602e-05
4.34225667079181e-05
4.34220953332103e-05
4.34216239687364e-05
4.34211526144962e-05
4.34206812704891e-05
4.3420209936715e-05
4.34197386131736e-05
4.34192672998643e-05
4.3418795996787e-05
4.34183247039413e-05
4.34178534213268e-05
4.34173821489433e-05
4.34169108867904e-05
4.34164396348677e-05
4.3415968393175e-05
4.34154971617119e-05
4.3415025940478e-05
4.34145547294731e-05
4.34140835286967e-05
4.34136123381486e-05
4.34131411578285e-05
4.34126699877359e-05
4.34121988278706e-05
4.34117276782323e-05
4.34112565388205e-05
4.3410785409635e-05
4.34103142906755e-05
4.34098431819415e-05
4.34093720834328e-05
4.34089009951491e-05
4.34084299170899e-05
4.3407958849255e-05
4.34074877916441e-05
4.34070167442567e-05
4.34065457070926e-05
4.34060746801515e-05
4.3405603663433e-05
4.34051326569367e-05
4.34046616606624e-05
4.34041906746096e-05
4.34037196987782e-05
4.34032487331677e-05
4.34027777777778e-05
4.34023068326082e-05
4.34018358976585e-05
4.34013649729284e-05
4.34008940584176e-05
4.34004231541258e-05
4.33999522600525e-05
4.33994813761976e-05
4.33990105025605e-05
4.33985396391411e-05
4.3398068785939e-05
4.33975979429539e-05
4.33971271101853e-05
4.3396656287633e-05
4.33961854752967e-05
4.3395714673176e-05
4.33952438812706e-05
4.33947730995802e-05
4.33943023281043e-05
4.33938315668428e-05
4.33933608157952e-05
4.33928900749612e-05
4.33924193443405e-05
4.33919486239328e-05
4.33914779137377e-05
4.33910072137549e-05
4.33905365239841e-05
4.33900658444249e-05
4.3389595175077e-05
4.33891245159401e-05
4.33886538670138e-05
4.33881832282978e-05
4.33877125997917e-05
4.33872419814953e-05
4.33867713734083e-05
4.33863007755301e-05
4.33858301878606e-05
4.33853596103995e-05
4.33848890431463e-05
4.33844184861007e-05
4.33839479392625e-05
4.33834774026312e-05
4.33830068762066e-05
4.33825363599883e-05
4.3382065853976e-05
4.33815953581693e-05
4.33811248725679e-05
4.33806543971716e-05
4.33801839319799e-05
4.33797134769925e-05
4.33792430322091e-05
4.33787725976293e-05
4.33783021732529e-05
4.33778317590795e-05
4.33773613551088e-05
4.33768909613403e-05
4.33764205777739e-05
4.33759502044092e-05
4.33754798412457e-05
4.33750094882833e-05
4.33745391455216e-05
4.33740688129602e-05
4.33735984905988e-05
4.3373128178437e-05
4.33726578764747e-05
4.33721875847113e-05
4.33717173031466e-05
4.33712470317803e-05
4.3370776770612e-05
4.33703065196413e-05
4.3369836278868e-05
4.33693660482918e-05
4.33688958279122e-05
4.3368425617729e-05
4.33679554177418e-05
4.33674852279503e-05
4.33670150483542e-05
4.33665448789531e-05
4.33660747197467e-05
4.33656045707347e-05
4.33651344319167e-05
4.33646643032925e-05
4.33641941848616e-05
4.33637240766237e-05
4.33632539785785e-05
4.33627838907258e-05
4.33623138130651e-05
4.33618437455961e-05
4.33613736883184e-05
4.33609036412319e-05
4.3360433604336e-05
4.33599635776306e-05
4.33594935611152e-05
4.33590235547895e-05
4.33585535586533e-05
4.33580835727061e-05
4.33576135969476e-05
4.33571436313776e-05
4.33566736759956e-05
4.33562037308013e-05
4.33557337957945e-05
4.33552638709747e-05
4.33547939563417e-05
4.33543240518951e-05
4.33538541576346e-05
4.33533842735599e-05
4.33529143996705e-05
4.33524445359663e-05
4.33519746824468e-05
4.33515048391117e-05
4.33510350059608e-05
4.33505651829936e-05
4.33500953702098e-05
4.33496255676092e-05
4.33491557751913e-05
4.33486859929558e-05
4.33482162209025e-05
4.3347746459031e-05
4.33472767073409e-05
4.33468069658319e-05
4.33463372345037e-05
4.33458675133559e-05
4.33453978023883e-05
4.33449281016005e-05
4.33444584109922e-05
4.33439887305629e-05
4.33435190603125e-05
4.33430494002406e-05
4.33425797503467e-05
4.33421101106307e-05
4.33416404810922e-05
4.33411708617308e-05
4.33407012525463e-05
4.33402316535382e-05
4.33397620647063e-05
4.33392924860502e-05
4.33388229175696e-05
4.33383533592641e-05
4.33378838111335e-05
4.33374142731774e-05
4.33369447453954e-05
4.33364752277873e-05
4.33360057203528e-05
4.33355362230913e-05
4.33350667360028e-05
4.33345972590867e-05
4.33341277923429e-05
4.33336583357709e-05
4.33331888893704e-05
4.33327194531411e-05
4.33322500270827e-05
4.33317806111948e-05
4.33313112054771e-05
4.33308418099293e-05
4.3330372424551e-05
4.33299030493419e-05
4.33294336843017e-05
4.33289643294301e-05
4.33284949847267e-05
4.33280256501912e-05
4.33275563258232e-05
4.33270870116225e-05
4.33266177075887e-05
4.33261484137214e-05
4.33256791300204e-05
4.33252098564852e-05
4.33247405931157e-05
4.33242713399114e-05
4.3323802096872e-05
4.33233328639972e-05
4.33228636412867e-05
4.33223944287401e-05
4.33219252263571e-05
4.33214560341373e-05
4.33209868520805e-05
4.33205176801863e-05
4.33200485184543e-05
4.33195793668843e-05
4.3319110225476e-05
4.33186410942289e-05
4.33181719731427e-05
4.33177028622172e-05
4.3317233761452e-05
4.33167646708467e-05
4.33162955904011e-05
4.33158265201148e-05
4.33153574599874e-05
4.33148884100187e-05
4.33144193702083e-05
4.33139503405559e-05
4.33134813210612e-05
4.33130123117237e-05
4.33125433125433e-05
4.33120743235195e-05
4.33116053446521e-05
4.33111363759407e-05
4.33106674173849e-05
4.33101984689845e-05
4.33097295307391e-05
4.33092606026484e-05
4.3308791684712e-05
4.33083227769297e-05
4.3307853879301e-05
4.33073849918257e-05
4.33069161145035e-05
4.33064472473339e-05
4.33059783903168e-05
4.33055095434517e-05
4.33050407067383e-05
4.33045718801762e-05
4.33041030637653e-05
4.33036342575051e-05
4.33031654613952e-05
4.33026966754355e-05
4.33022278996254e-05
4.33017591339648e-05
4.33012903784533e-05
4.33008216330905e-05
4.33003528978761e-05
4.32998841728098e-05
4.32994154578913e-05
4.32989467531202e-05
4.32984780584962e-05
4.3298009374019e-05
4.32975406996883e-05
4.32970720355036e-05
4.32966033814647e-05
4.32961347375713e-05
4.3295666103823e-05
4.32951974802195e-05
4.32947288667605e-05
4.32942602634456e-05
4.32937916702745e-05
4.32933230872469e-05
4.32928545143624e-05
4.32923859516208e-05
4.32919173990216e-05
4.32914488565646e-05
4.32909803242494e-05
4.32905118020758e-05
4.32900432900433e-05
4.32895747881516e-05
4.32891062964005e-05
4.32886378147896e-05
4.32881693433185e-05
4.32877008819869e-05
4.32872324307945e-05
4.3286763989741e-05
4.32862955588261e-05
4.32858271380493e-05
4.32853587274105e-05
4.32848903269091e-05
4.3284421936545e-05
4.32839535563178e-05
4.32834851862272e-05
4.32830168262728e-05
4.32825484764543e-05
4.32820801367714e-05
4.32816118072237e-05
4.32811434878109e-05
4.32806751785328e-05
4.32802068793889e-05
4.32797385903789e-05
4.32792703115025e-05
4.32788020427595e-05
4.32783337841493e-05
4.32778655356718e-05
4.32773972973265e-05
4.32769290691133e-05
4.32764608510316e-05
4.32759926430813e-05
4.32755244452619e-05
4.32750562575731e-05
4.32745880800147e-05
4.32741199125863e-05
4.32736517552875e-05
4.3273183608118e-05
4.32727154710776e-05
4.32722473441658e-05
4.32717792273824e-05
4.3271311120727e-05
4.32708430241992e-05
4.32703749377988e-05
4.32699068615255e-05
4.32694387953788e-05
4.32689707393585e-05
4.32685026934643e-05
4.32680346576958e-05
4.32675666320526e-05
4.32670986165345e-05
4.32666306111412e-05
4.32661626158722e-05
4.32656946307273e-05
4.32652266557061e-05
4.32647586908084e-05
4.32642907360337e-05
4.32638227913818e-05
4.32633548568524e-05
4.3262886932445e-05
4.32624190181594e-05
4.32619511139952e-05
4.32614832199522e-05
4.32610153360299e-05
4.32605474622281e-05
4.32600795985465e-05
4.32596117449846e-05
4.32591439015422e-05
4.32586760682189e-05
4.32582082450145e-05
4.32577404319285e-05
4.32572726289607e-05
4.32568048361108e-05
4.32563370533783e-05
4.3255869280763e-05
4.32554015182646e-05
4.32549337658827e-05
4.32544660236169e-05
4.32539982914671e-05
4.32535305694327e-05
4.32530628575136e-05
4.32525951557093e-05
4.32521274640196e-05
4.32516597824441e-05
4.32511921109826e-05
4.32507244496345e-05
4.32502567983997e-05
4.32497891572779e-05
4.32493215262686e-05
4.32488539053715e-05
4.32483862945864e-05
4.32479186939129e-05
4.32474511033506e-05
4.32469835228993e-05
4.32465159525586e-05
4.32460483923281e-05
4.32455808422077e-05
4.32451133021969e-05
4.32446457722953e-05
4.32441782525028e-05
4.32437107428188e-05
4.32432432432432e-05
4.32427757537756e-05
4.32423082744157e-05
4.32418408051631e-05
4.32413733460175e-05
4.32409058969785e-05
4.3240438458046e-05
4.32399710292194e-05
4.32395036104985e-05
4.32390362018831e-05
4.32385688033726e-05
4.32381014149669e-05
4.32376340366655e-05
4.32371666684682e-05
4.32366993103746e-05
4.32362319623845e-05
4.32357646244974e-05
4.3235297296713e-05
4.32348299790311e-05
4.32343626714513e-05
4.32338953739732e-05
4.32334280865966e-05
4.3232960809321e-05
4.32324935421463e-05
4.3232026285072e-05
4.32315590380978e-05
4.32310918012234e-05
4.32306245744485e-05
4.32301573577728e-05
4.32296901511958e-05
4.32292229547174e-05
4.32287557683371e-05
4.32282885920546e-05
4.32278214258697e-05
4.32273542697819e-05
4.3226887123791e-05
4.32264199878966e-05
4.32259528620984e-05
4.32254857463961e-05
4.32250186407893e-05
4.32245515452777e-05
4.3224084459861e-05
4.32236173845389e-05
4.3223150319311e-05
4.3222683264177e-05
4.32222162191366e-05
4.32217491841895e-05
4.32212821593353e-05
4.32208151445736e-05
4.32203481399043e-05
4.32198811453268e-05
4.3219414160841e-05
4.32189471864465e-05
4.3218480222143e-05
4.32180132679301e-05
4.32175463238075e-05
4.32170793897748e-05
4.32166124658319e-05
4.32161455519782e-05
4.32156786482136e-05
4.32152117545376e-05
4.321474487095e-05
4.32142779974504e-05
4.32138111340384e-05
4.32133442807139e-05
4.32128774374764e-05
4.32124106043256e-05
4.32119437812611e-05
4.32114769682828e-05
4.32110101653901e-05
4.32105433725829e-05
4.32100765898608e-05
4.32096098172233e-05
4.32091430546704e-05
4.32086763022015e-05
4.32082095598164e-05
4.32077428275147e-05
4.32072761052961e-05
4.32068093931604e-05
4.32063426911071e-05
4.32058759991359e-05
4.32054093172465e-05
4.32049426454386e-05
4.32044759837119e-05
4.3204009332066e-05
4.32035426905006e-05
4.32030760590154e-05
4.320260943761e-05
4.32021428262842e-05
4.32016762250375e-05
4.32012096338697e-05
4.32007430527805e-05
4.32002764817695e-05
4.31998099208363e-05
4.31993433699808e-05
4.31988768292024e-05
4.3198410298501e-05
4.31979437778762e-05
4.31974772673276e-05
4.31970107668549e-05
4.31965442764579e-05
4.31960777961361e-05
4.31956113258893e-05
4.31951448657171e-05
4.31946784156192e-05
4.31942119755953e-05
4.3193745545645e-05
4.3193279125768e-05
4.31928127159641e-05
4.31923463162328e-05
4.31918799265738e-05
4.31914135469869e-05
4.31909471774716e-05
4.31904808180277e-05
4.31900144686548e-05
4.31895481293527e-05
4.31890818001209e-05
4.31886154809592e-05
4.31881491718672e-05
4.31876828728447e-05
4.31872165838912e-05
4.31867503050064e-05
4.31862840361901e-05
4.31858177774419e-05
4.31853515287614e-05
4.31848852901484e-05
4.31844190616026e-05
4.31839528431235e-05
4.31834866347109e-05
4.31830204363644e-05
4.31825542480838e-05
4.31820880698686e-05
4.31816219017186e-05
4.31811557436335e-05
4.31806895956128e-05
4.31802234576564e-05
4.31797573297638e-05
4.31792912119348e-05
4.31788251041689e-05
4.3178359006466e-05
4.31778929188256e-05
4.31774268412474e-05
4.31769607737311e-05
4.31764947162765e-05
4.3176028668883e-05
4.31755626315505e-05
4.31750966042787e-05
4.3174630587067e-05
4.31741645799154e-05
4.31736985828233e-05
4.31732325957906e-05
4.31727666188168e-05
4.31723006519017e-05
4.3171834695045e-05
4.31713687482462e-05
4.3170902811505e-05
4.31704368848213e-05
4.31699709681945e-05
4.31695050616245e-05
4.31690391651108e-05
4.31685732786531e-05
4.31681074022512e-05
4.31676415359047e-05
4.31671756796132e-05
4.31667098333765e-05
4.31662439971942e-05
4.3165778171066e-05
4.31653123549915e-05
4.31648465489705e-05
4.31643807530026e-05
4.31639149670875e-05
4.31634491912249e-05
4.31629834254144e-05
4.31625176696557e-05
4.31620519239485e-05
4.31615861882924e-05
4.31611204626872e-05
4.31606547471325e-05
4.3160189041628e-05
4.31597233461733e-05
4.31592576607682e-05
4.31587919854123e-05
4.31583263201053e-05
4.31578606648468e-05
4.31573950196366e-05
4.31569293844743e-05
4.31564637593596e-05
4.31559981442921e-05
4.31555325392715e-05
4.31550669442976e-05
4.31546013593699e-05
4.31541357844882e-05
4.31536702196522e-05
4.31532046648614e-05
4.31527391201156e-05
4.31522735854145e-05
4.31518080607577e-05
4.3151342546145e-05
4.31508770415759e-05
4.31504115470501e-05
4.31499460625674e-05
4.31494805881274e-05
4.31490151237298e-05
4.31485496693742e-05
4.31480842250604e-05
4.3147618790788e-05
4.31471533665566e-05
4.31466879523661e-05
4.31462225482159e-05
4.31457571541059e-05
4.31452917700356e-05
4.31448263960048e-05
4.31443610320131e-05
4.31438956780602e-05
4.31434303341459e-05
4.31429650002696e-05
4.31424996764313e-05
4.31420343626304e-05
4.31415690588667e-05
4.31411037651398e-05
4.31406384814495e-05
4.31401732077954e-05
4.31397079441772e-05
4.31392426905946e-05
4.31387774470471e-05
4.31383122135346e-05
4.31378469900567e-05
4.31373817766131e-05
4.31369165732034e-05
4.31364513798272e-05
4.31359861964844e-05
4.31355210231746e-05
4.31350558598973e-05
4.31345907066524e-05
4.31341255634395e-05
4.31336604302583e-05
4.31331953071084e-05
4.31327301939895e-05
4.31322650909012e-05
4.31317999978434e-05
4.31313349148156e-05
4.31308698418175e-05
4.31304047788488e-05
4.31299397259092e-05
4.31294746829984e-05
4.31290096501159e-05
4.31285446272616e-05
4.3128079614435e-05
4.31276146116358e-05
4.31271496188638e-05
4.31266846361186e-05
4.31262196633999e-05
4.31257547007073e-05
4.31252897480405e-05
4.31248248053992e-05
4.31243598727831e-05
4.31238949501919e-05
4.31234300376252e-05
4.31229651350827e-05
4.31225002425641e-05
4.3122035360069e-05
4.31215704875972e-05
4.31211056251482e-05
4.31206407727219e-05
4.31201759303178e-05
4.31197110979356e-05
4.31192462755751e-05
4.31187814632358e-05
4.31183166609176e-05
4.31178518686199e-05
4.31173870863426e-05
4.31169223140852e-05
4.31164575518475e-05
4.31159927996292e-05
4.31155280574299e-05
4.31150633252493e-05
4.3114598603087e-05
4.31141338909428e-05
4.31136691888163e-05
4.31132044967072e-05
4.31127398146152e-05
4.311227514254e-05
4.31118104804811e-05
4.31113458284384e-05
4.31108811864114e-05
4.31104165544e-05
4.31099519324036e-05
4.3109487320422e-05
4.3109022718455e-05
4.31085581265021e-05
4.3108093544563e-05
4.31076289726374e-05
4.31071644107251e-05
4.31066998588256e-05
4.31062353169386e-05
4.31057707850638e-05
4.3105306263201e-05
4.31048417513497e-05
4.31043772495097e-05
4.31039127576806e-05
4.31034482758621e-05
4.31029838040538e-05
4.31025193422556e-05
4.31020548904669e-05
4.31015904486876e-05
4.31011260169172e-05
4.31006615951555e-05
4.31001971834021e-05
4.30997327816568e-05
4.30992683899191e-05
4.30988040081888e-05
4.30983396364655e-05
4.3097875274749e-05
4.30974109230388e-05
4.30969465813347e-05
4.30964822496364e-05
4.30960179279435e-05
4.30955536162556e-05
4.30950893145726e-05
4.3094625022894e-05
4.30941607412196e-05
4.30936964695489e-05
4.30932322078818e-05
4.30927679562177e-05
4.30923037145566e-05
4.30918394828979e-05
4.30913752612415e-05
4.30909110495869e-05
4.30904468479338e-05
4.3089982656282e-05
4.3089518474631e-05
4.30890543029807e-05
4.30885901413306e-05
4.30881259896804e-05
4.30876618480298e-05
4.30871977163785e-05
4.30867335947262e-05
4.30862694830725e-05
4.30858053814171e-05
4.30853412897597e-05
4.30848772081e-05
4.30844131364376e-05
4.30839490747722e-05
4.30834850231035e-05
4.30830209814312e-05
4.3082556949755e-05
4.30820929280744e-05
4.30816289163893e-05
4.30811649146993e-05
4.3080700923004e-05
4.30802369413032e-05
4.30797729695965e-05
4.30793090078835e-05
4.3078845056164e-05
4.30783811144377e-05
4.30779171827042e-05
4.30774532609632e-05
4.30769893492144e-05
4.30765254474574e-05
4.3076061555692e-05
4.30755976739177e-05
4.30751338021344e-05
4.30746699403416e-05
4.3074206088539e-05
4.30737422467264e-05
4.30732784149034e-05
4.30728145930696e-05
4.30723507812248e-05
4.30718869793686e-05
4.30714231875007e-05
4.30709594056208e-05
4.30704956337285e-05
4.30700318718236e-05
4.30695681199057e-05
4.30691043779745e-05
4.30686406460296e-05
4.30681769240708e-05
4.30677132120977e-05
4.306724951011e-05
4.30667858181074e-05
4.30663221360896e-05
4.30658584640562e-05
4.30653948020069e-05
4.30649311499413e-05
4.30644675078593e-05
4.30640038757603e-05
4.30635402536443e-05
4.30630766415107e-05
4.30626130393592e-05
4.30621494471897e-05
4.30616858650016e-05
4.30612222927948e-05
4.30607587305688e-05
4.30602951783234e-05
4.30598316360583e-05
4.30593681037731e-05
4.30589045814675e-05
4.30584410691411e-05
4.30579775667937e-05
4.30575140744249e-05
4.30570505920344e-05
4.3056587119622e-05
4.30561236571871e-05
4.30556602047297e-05
4.30551967622492e-05
4.30547333297454e-05
4.3054269907218e-05
4.30538064946667e-05
4.30533430920911e-05
4.30528796994909e-05
4.30524163168658e-05
4.30519529442154e-05
4.30514895815395e-05
4.30510262288377e-05
4.30505628861097e-05
4.30500995533552e-05
4.30496362305739e-05
4.30491729177653e-05
4.30487096149293e-05
4.30482463220655e-05
4.30477830391735e-05
4.30473197662531e-05
4.30468565033038e-05
4.30463932503255e-05
4.30459300073178e-05
4.30454667742803e-05
4.30450035512128e-05
4.30445403381149e-05
4.30440771349862e-05
4.30436139418266e-05
4.30431507586355e-05
4.30426875854128e-05
4.30422244221581e-05
4.30417612688711e-05
4.30412981255515e-05
4.30408349921988e-05
4.30403718688129e-05
4.30399087553934e-05
4.303944565194e-05
4.30389825584523e-05
4.30385194749301e-05
4.30380564013729e-05
4.30375933377806e-05
4.30371302841527e-05
4.30366672404889e-05
4.3036204206789e-05
4.30357411830525e-05
4.30352781692793e-05
4.30348151654689e-05
4.3034352171621e-05
4.30338891877353e-05
4.30334262138116e-05
4.30329632498494e-05
4.30325002958484e-05
4.30320373518084e-05
4.3031574417729e-05
4.30311114936099e-05
4.30306485794507e-05
4.30301856752512e-05
4.3029722781011e-05
4.30292598967298e-05
4.30287970224072e-05
4.30283341580431e-05
4.30278713036369e-05
4.30274084591885e-05
4.30269456246975e-05
4.30264828001635e-05
4.30260199855863e-05
4.30255571809655e-05
4.30250943863008e-05
4.30246316015919e-05
4.30241688268385e-05
4.30237060620402e-05
4.30232433071967e-05
4.30227805623077e-05
4.30223178273729e-05
4.3021855102392e-05
4.30213923873646e-05
4.30209296822904e-05
4.30204669871691e-05
4.30200043020004e-05
4.3019541626784e-05
4.30190789615194e-05
4.30186163062065e-05
4.30181536608449e-05
4.30176910254342e-05
4.30172283999742e-05
4.30167657844645e-05
4.30163031789048e-05
4.30158405832948e-05
4.30153779976342e-05
4.30149154219225e-05
4.30144528561597e-05
4.30139903003452e-05
4.30135277544788e-05
4.30130652185601e-05
4.30126026925889e-05
4.30121401765648e-05
4.30116776704875e-05
4.30112151743567e-05
4.3010752688172e-05
4.30102902119332e-05
4.30098277456399e-05
4.30093652892917e-05
4.30089028428885e-05
4.30084404064298e-05
4.30079779799153e-05
4.30075155633447e-05
4.30070531567177e-05
4.3006590760034e-05
4.30061283732932e-05
4.3005665996495e-05
4.30052036296392e-05
4.30047412727253e-05
4.30042789257531e-05
4.30038165887222e-05
4.30033542616324e-05
4.30028919444833e-05
4.30024296372745e-05
4.30019673400058e-05
4.30015050526768e-05
4.30010427752873e-05
4.30005805078369e-05
4.30001182503252e-05
4.2999656002752e-05
4.29991937651169e-05
4.29987315374196e-05
4.29982693196599e-05
4.29978071118373e-05
4.29973449139516e-05
4.29968827260024e-05
4.29964205479894e-05
4.29959583799123e-05
4.29954962217708e-05
4.29950340735645e-05
4.29945719352932e-05
4.29941098069564e-05
4.2993647688554e-05
4.29931855800856e-05
4.29927234815507e-05
4.29922613929493e-05
4.29917993142808e-05
4.2991337245545e-05
4.29908751867416e-05
4.29904131378703e-05
4.29899510989306e-05
4.29894890699224e-05
4.29890270508453e-05
4.29885650416989e-05
4.2988103042483e-05
4.29876410531972e-05
4.29871790738412e-05
4.29867171044147e-05
4.29862551449174e-05
4.29857931953489e-05
4.2985331255709e-05
4.29848693259972e-05
4.29844074062134e-05
4.29839454963571e-05
4.29834835964281e-05
4.2983021706426e-05
4.29825598263505e-05
4.29820979562012e-05
4.2981636095978e-05
4.29811742456804e-05
4.29807124053081e-05
4.29802505748609e-05
4.29797887543383e-05
4.29793269437401e-05
4.29788651430659e-05
4.29784033523155e-05
4.29779415714884e-05
4.29774798005845e-05
4.29770180396033e-05
4.29765562885446e-05
4.2976094547408e-05
4.29756328161932e-05
4.29751710948999e-05
4.29747093835278e-05
4.29742476820765e-05
4.29737859905458e-05
4.29733243089352e-05
4.29728626372446e-05
4.29724009754735e-05
4.29719393236217e-05
4.29714776816888e-05
4.29710160496745e-05
4.29705544275785e-05
4.29700928154005e-05
4.29696312131401e-05
4.29691696207971e-05
4.29687080383711e-05
4.29682464658617e-05
4.29677849032688e-05
4.29673233505919e-05
4.29668618078307e-05
4.2966400274985e-05
4.29659387520543e-05
4.29654772390384e-05
4.2965015735937e-05
4.29645542427497e-05
4.29640927594763e-05
4.29636312861163e-05
4.29631698226695e-05
4.29627083691356e-05
4.29622469255142e-05
4.2961785491805e-05
4.29613240680078e-05
4.29608626541221e-05
4.29604012501477e-05
4.29599398560842e-05
4.29594784719314e-05
4.29590170976888e-05
4.29585557333562e-05
4.29580943789333e-05
4.29576330344198e-05
4.29571716998153e-05
4.29567103751195e-05
4.29562490603321e-05
4.29557877554527e-05
4.29553264604811e-05
4.29548651754169e-05
4.29544039002599e-05
4.29539426350096e-05
4.29534813796658e-05
4.29530201342282e-05
4.29525588986964e-05
4.29520976730701e-05
4.2951636457349e-05
4.29511752515328e-05
4.29507140556212e-05
4.29502528696138e-05
4.29497916935103e-05
4.29493305273104e-05
4.29488693710138e-05
4.29484082246202e-05
4.29479470881292e-05
4.29474859615405e-05
4.29470248448539e-05
4.29465637380689e-05
4.29461026411853e-05
4.29456415542028e-05
4.2945180477121e-05
4.29447194099396e-05
4.29442583526583e-05
4.29437973052767e-05
4.29433362677946e-05
4.29428752402117e-05
4.29424142225276e-05
4.2941953214742e-05
4.29414922168545e-05
4.2941031228865e-05
4.29405702507729e-05
4.29401092825781e-05
4.29396483242802e-05
4.29391873758789e-05
4.29387264373739e-05
4.29382655087648e-05
4.29378045900513e-05
4.29373436812332e-05
4.293688278231e-05
4.29364218932815e-05
4.29359610141474e-05
4.29355001449073e-05
4.29350392855609e-05
4.2934578436108e-05
4.29341175965481e-05
4.2933656766881e-05
4.29331959471063e-05
4.29327351372238e-05
4.2932274337233e-05
4.29318135471338e-05
4.29313527669257e-05
4.29308919966085e-05
4.29304312361818e-05
4.29299704856453e-05
4.29295097449987e-05
4.29290490142417e-05
4.2928588293374e-05
4.29281275823952e-05
4.2927666881305e-05
4.29272061901031e-05
4.29267455087893e-05
4.2926284837363e-05
4.29258241758242e-05
4.29253635241723e-05
4.29249028824072e-05
4.29244422505285e-05
4.29239816285359e-05
4.2923521016429e-05
4.29230604142075e-05
4.29225998218712e-05
4.29221392394197e-05
4.29216786668527e-05
4.29212181041698e-05
4.29207575513708e-05
4.29202970084553e-05
4.2919836475423e-05
4.29193759522737e-05
4.29189154390069e-05
4.29184549356223e-05
4.29179944421197e-05
4.29175339584987e-05
4.29170734847591e-05
4.29166130209004e-05
4.29161525669224e-05
4.29156921228247e-05
4.29152316886071e-05
4.29147712642692e-05
4.29143108498106e-05
4.29138504452312e-05
4.29133900505305e-05
4.29129296657083e-05
4.29124692907642e-05
4.29120089256979e-05
4.2911548570509e-05
4.29110882251974e-05
4.29106278897626e-05
4.29101675642043e-05
4.29097072485223e-05
4.29092469427162e-05
4.29087866467856e-05
4.29083263607303e-05
4.290786608455e-05
4.29074058182442e-05
4.29069455618128e-05
4.29064853152554e-05
4.29060250785717e-05
4.29055648517613e-05
4.29051046348239e-05
4.29046444277593e-05
4.29041842305671e-05
4.2903724043247e-05
4.29032638657986e-05
4.29028036982217e-05
4.29023435405159e-05
4.29018833926809e-05
4.29014232547165e-05
4.29009631266222e-05
4.29005030083978e-05
4.29000429000429e-05
4.28995828015573e-05
4.28991227129405e-05
4.28986626341924e-05
4.28982025653125e-05
4.28977425063006e-05
4.28972824571563e-05
4.28968224178794e-05
4.28963623884695e-05
4.28959023689262e-05
4.28954423592493e-05
4.28949823594385e-05
4.28945223694934e-05
4.28940623894137e-05
4.28936024191992e-05
4.28931424588494e-05
4.28926825083641e-05
4.28922225677429e-05
4.28917626369856e-05
4.28913027160917e-05
4.28908428050611e-05
4.28903829038934e-05
4.28899230125882e-05
4.28894631311453e-05
4.28890032595642e-05
4.28885433978448e-05
4.28880835459867e-05
4.28876237039896e-05
4.28871638718532e-05
4.2886704049577e-05
4.28862442371609e-05
4.28857844346045e-05
4.28853246419075e-05
4.28848648590696e-05
4.28844050860904e-05
4.28839453229697e-05
4.28834855697071e-05
4.28830258263023e-05
4.2882566092755e-05
4.28821063690648e-05
4.28816466552316e-05
4.28811869512548e-05
4.28807272571343e-05
4.28802675728697e-05
4.28798078984606e-05
4.28793482339068e-05
4.2878888579208e-05
4.28784289343638e-05
4.2877969299374e-05
4.28775096742381e-05
4.28770500589559e-05
4.28765904535271e-05
4.28761308579514e-05
4.28756712722284e-05
4.28752116963577e-05
4.28747521303392e-05
4.28742925741725e-05
4.28738330278573e-05
4.28733734913932e-05
4.28729139647799e-05
4.28724544480171e-05
4.28719949411046e-05
4.28715354440419e-05
4.28710759568288e-05
4.2870616479465e-05
4.28701570119501e-05
4.28696975542838e-05
4.28692381064657e-05
4.28687786684957e-05
4.28683192403734e-05
4.28678598220984e-05
4.28674004136704e-05
4.28669410150892e-05
4.28664816263543e-05
4.28660222474655e-05
4.28655628784225e-05
4.2865103519225e-05
4.28646441698726e-05
4.2864184830365e-05
4.28637255007019e-05
4.2863266180883e-05
4.28628068709079e-05
4.28623475707765e-05
4.28618882804882e-05
4.28614290000429e-05
4.28609697294401e-05
4.28605104686797e-05
4.28600512177612e-05
4.28595919766844e-05
4.28591327454489e-05
4.28586735240544e-05
4.28582143125007e-05
4.28577551107873e-05
4.2857295918914e-05
4.28568367368805e-05
4.28563775646863e-05
4.28559184023314e-05
4.28554592498152e-05
4.28550001071375e-05
4.2854540974298e-05
4.28540818512963e-05
4.28536227381322e-05
4.28531636348053e-05
4.28527045413154e-05
4.2852245457662e-05
4.28517863838449e-05
4.28513273198637e-05
4.28508682657182e-05
4.28504092214081e-05
4.28499501869329e-05
4.28494911622924e-05
4.28490321474864e-05
4.28485731425144e-05
4.28481141473761e-05
4.28476551620713e-05
4.28471961865995e-05
4.28467372209606e-05
4.28462782651542e-05
4.28458193191799e-05
4.28453603830375e-05
4.28449014567266e-05
4.2844442540247e-05
4.28439836335983e-05
4.28435247367801e-05
4.28430658497922e-05
4.28426069726343e-05
4.2842148105306e-05
4.2841689247807e-05
4.28412304001371e-05
4.28407715622958e-05
4.2840312734283e-05
4.28398539160981e-05
4.28393951077411e-05
4.28389363092114e-05
4.28384775205089e-05
4.28380187416332e-05
4.2837559972584e-05
4.28371012133609e-05
4.28366424639637e-05
4.2836183724392e-05
4.28357249946455e-05
4.2835266274724e-05
4.2834807564627e-05
4.28343488643543e-05
4.28338901739056e-05
4.28334314932805e-05
4.28329728224787e-05
4.28325141615e-05
4.28320555103439e-05
4.28315968690103e-05
4.28311382374987e-05
4.28306796158088e-05
4.28302210039404e-05
4.28297624018931e-05
4.28293038096666e-05
4.28288452272606e-05
4.28283866546747e-05
4.28279280919087e-05
4.28274695389623e-05
4.28270109958351e-05
4.28265524625268e-05
4.28260939390371e-05
4.28256354253656e-05
4.28251769215122e-05
4.28247184274763e-05
4.28242599432579e-05
4.28238014688564e-05
4.28233430042716e-05
4.28228845495033e-05
4.2822426104551e-05
4.28219676694144e-05
4.28215092440933e-05
4.28210508285873e-05
4.28205924228962e-05
4.28201340270195e-05
4.2819675640957e-05
4.28192172647084e-05
4.28187588982733e-05
4.28183005416515e-05
4.28178421948426e-05
4.28173838578463e-05
4.28169255306623e-05
4.28164672132902e-05
4.28160089057299e-05
4.28155506079808e-05
4.28150923200428e-05
4.28146340419155e-05
4.28141757735986e-05
4.28137175150918e-05
4.28132592663948e-05
4.28128010275072e-05
4.28123427984288e-05
4.28118845791592e-05
4.28114263696981e-05
4.28109681700452e-05
4.28105099802001e-05
4.28100518001627e-05
4.28095936299325e-05
4.28091354695092e-05
4.28086773188925e-05
4.28082191780822e-05
4.28077610470778e-05
4.28073029258792e-05
4.28068448144858e-05
4.28063867128976e-05
4.2805928621114e-05
4.28054705391349e-05
4.28050124669599e-05
4.28045544045886e-05
4.28040963520209e-05
4.28036383092563e-05
4.28031802762945e-05
4.28027222531353e-05
4.28022642397783e-05
4.28018062362232e-05
4.28013482424696e-05
4.28008902585174e-05
4.28004322843661e-05
4.27999743200154e-05
4.27995163654651e-05
4.27990584207147e-05
4.27986004857641e-05
4.27981425606129e-05
4.27976846452607e-05
4.27972267397073e-05
4.27967688439523e-05
4.27963109579954e-05
4.27958530818364e-05
4.27953952154748e-05
4.27949373589104e-05
4.27944795121429e-05
4.2794021675172e-05
4.27935638479973e-05
4.27931060306185e-05
4.27926482230353e-05
4.27921904252474e-05
4.27917326372545e-05
4.27912748590562e-05
4.27908170906523e-05
4.27903593320425e-05
4.27899015832264e-05
4.27894438442036e-05
4.2788986114974e-05
4.27885283955372e-05
4.27880706858928e-05
4.27876129860405e-05
4.27871552959801e-05
4.27866976157113e-05
4.27862399452336e-05
4.27857822845468e-05
4.27853246336507e-05
4.27848669925447e-05
4.27844093612288e-05
4.27839517397024e-05
4.27834941279654e-05
4.27830365260174e-05
4.27825789338581e-05
4.27821213514872e-05
4.27816637789044e-05
4.27812062161093e-05
4.27807486631016e-05
4.27802911198811e-05
4.27798335864474e-05
4.27793760628001e-05
4.27789185489391e-05
4.27784610448639e-05
4.27780035505743e-05
4.27775460660699e-05
4.27770885913505e-05
4.27766311264156e-05
4.27761736712651e-05
4.27757162258986e-05
4.27752587903157e-05
4.27748013645162e-05
4.27743439484997e-05
4.27738865422659e-05
4.27734291458146e-05
4.27729717591454e-05
4.2772514382258e-05
4.2772057015152e-05
4.27715996578272e-05
4.27711423102832e-05
4.27706849725198e-05
4.27702276445366e-05
4.27697703263334e-05
4.27693130179097e-05
4.27688557192652e-05
4.27683984303998e-05
4.2767941151313e-05
4.27674838820045e-05
4.27670266224741e-05
4.27665693727213e-05
4.2766112132746e-05
4.27656549025478e-05
4.27651976821263e-05
4.27647404714813e-05
4.27642832706124e-05
4.27638260795193e-05
4.27633688982018e-05
4.27629117266595e-05
4.2762454564892e-05
4.27619974128992e-05
4.27615402706805e-05
4.27610831382359e-05
4.27606260155649e-05
4.27601689026672e-05
4.27597117995425e-05
4.27592547061905e-05
4.27587976226108e-05
4.27583405488033e-05
4.27578834847675e-05
4.27574264305031e-05
4.27569693860099e-05
4.27565123512875e-05
4.27560553263356e-05
4.27555983111539e-05
4.2755141305742e-05
4.27546843100997e-05
4.27542273242267e-05
4.27537703481226e-05
4.27533133817871e-05
4.27528564252199e-05
4.27523994784207e-05
4.27519425413892e-05
4.27514856141251e-05
4.2751028696628e-05
4.27505717888977e-05
4.27501148909338e-05
4.2749658002736e-05
4.2749201124304e-05
4.27487442556375e-05
4.27482873967362e-05
4.27478305475997e-05
4.27473737082278e-05
4.27469168786201e-05
4.27464600587764e-05
4.27460032486962e-05
4.27455464483794e-05
4.27450896578256e-05
4.27446328770344e-05
4.27441761060056e-05
4.27437193447388e-05
4.27432625932337e-05
4.27428058514901e-05
4.27423491195076e-05
4.27418923972859e-05
4.27414356848247e-05
4.27409789821236e-05
4.27405222891824e-05
4.27400656060007e-05
4.27396089325783e-05
4.27391522689147e-05
4.27386956150098e-05
4.27382389708632e-05
4.27377823364746e-05
4.27373257118436e-05
4.273686909697e-05
4.27364124918534e-05
4.27359558964935e-05
4.27354993108901e-05
4.27350427350427e-05
4.27345861689512e-05
4.27341296126151e-05
4.27336730660342e-05
4.27332165292082e-05
4.27327600021366e-05
4.27323034848194e-05
4.2731846977256e-05
4.27313904794462e-05
4.27309339913897e-05
4.27304775130862e-05
4.27300210445354e-05
4.27295645857369e-05
4.27291081366904e-05
4.27286516973957e-05
4.27281952678524e-05
4.27277388480602e-05
4.27272824380187e-05
4.27268260377278e-05
4.2726369647187e-05
4.27259132663961e-05
4.27254568953547e-05
4.27250005340625e-05
4.27245441825193e-05
4.27240878407246e-05
4.27236315086782e-05
4.27231751863799e-05
4.27227188738291e-05
4.27222625710258e-05
4.27218062779694e-05
4.27213499946598e-05
4.27208937210966e-05
4.27204374572796e-05
4.27199812032083e-05
4.27195249588825e-05
4.27190687243018e-05
4.2718612499466e-05
4.27181562843748e-05
4.27177000790277e-05
4.27172438834246e-05
4.27167876975651e-05
4.27163315214489e-05
4.27158753550757e-05
4.27154191984452e-05
4.2714963051557e-05
4.27145069144108e-05
4.27140507870064e-05
4.27135946693434e-05
4.27131385614215e-05
4.27126824632404e-05
4.27122263747998e-05
4.27117702960993e-05
4.27113142271388e-05
4.27108581679177e-05
4.27104021184359e-05
4.27099460786931e-05
4.27094900486888e-05
4.27090340284229e-05
4.27085780178949e-05
4.27081220171046e-05
4.27076660260517e-05
4.27072100447358e-05
4.27067540731567e-05
4.2706298111314e-05
4.27058421592074e-05
4.27053862168366e-05
4.27049302842013e-05
4.27044743613012e-05
4.2704018448136e-05
4.27035625447053e-05
4.27031066510089e-05
4.27026507670464e-05
4.27021948928175e-05
4.27017390283219e-05
4.27012831735594e-05
4.27008273285295e-05
4.2700371493232e-05
4.26999156676666e-05
4.26994598518329e-05
4.26990040457306e-05
4.26985482493595e-05
4.26980924627192e-05
4.26976366858094e-05
4.26971809186299e-05
4.26967251611801e-05
4.269626941346e-05
4.26958136754691e-05
4.26953579472072e-05
4.26949022286739e-05
4.26944465198689e-05
4.2693990820792e-05
4.26935351314427e-05
4.26930794518209e-05
4.26926237819261e-05
4.26921681217581e-05
4.26917124713165e-05
4.26912568306011e-05
4.26908011996115e-05
4.26903455783475e-05
4.26898899668086e-05
4.26894343649947e-05
4.26889787729053e-05
4.26885231905402e-05
4.26880676178991e-05
4.26876120549816e-05
4.26871565017875e-05
4.26867009583164e-05
4.26862454245681e-05
4.26857899005421e-05
4.26853343862383e-05
4.26848788816562e-05
4.26844233867956e-05
4.26839679016561e-05
4.26835124262376e-05
4.26830569605395e-05
4.26826015045617e-05
4.26821460583038e-05
4.26816906217655e-05
4.26812351949465e-05
4.26807797778465e-05
4.26803243704652e-05
4.26798689728023e-05
4.26794135848573e-05
4.26789582066302e-05
4.26785028381204e-05
4.26780474793278e-05
4.2677592130252e-05
4.26771367908927e-05
4.26766814612496e-05
4.26762261413223e-05
4.26757708311106e-05
4.26753155306142e-05
4.26748602398327e-05
4.26744049587659e-05
4.26739496874133e-05
4.26734944257748e-05
4.267303917385e-05
4.26725839316385e-05
4.26721286991402e-05
4.26716734763546e-05
4.26712182632814e-05
4.26707630599204e-05
4.26703078662713e-05
4.26698526823336e-05
4.26693975081072e-05
4.26689423435917e-05
4.26684871887867e-05
4.26680320436921e-05
4.26675769083074e-05
4.26671217826323e-05
4.26666666666667e-05
4.266621156041e-05
4.26657564638621e-05
4.26653013770226e-05
4.26648462998912e-05
4.26643912324676e-05
4.26639361747515e-05
4.26634811267425e-05
4.26630260884405e-05
4.26625710598449e-05
4.26621160409556e-05
4.26616610317723e-05
4.26612060322945e-05
4.26607510425221e-05
4.26602960624547e-05
4.26598410920919e-05
4.26593861314336e-05
4.26589311804793e-05
4.26584762392287e-05
4.26580213076816e-05
4.26575663858377e-05
4.26571114736966e-05
4.26566565712579e-05
4.26562016785215e-05
4.2655746795487e-05
4.26552919221541e-05
4.26548370585224e-05
4.26543822045917e-05
4.26539273603617e-05
4.2653472525832e-05
4.26530177010023e-05
4.26525628858724e-05
4.26521080804419e-05
4.26516532847104e-05
4.26511984986778e-05
4.26507437223437e-05
4.26502889557077e-05
4.26498341987696e-05
4.2649379451529e-05
4.26489247139857e-05
4.26484699861392e-05
4.26480152679895e-05
4.2647560559536e-05
4.26471058607785e-05
4.26466511717167e-05
4.26461964923503e-05
4.2645741822679e-05
4.26452871627024e-05
4.26448325124203e-05
4.26443778718323e-05
4.26439232409382e-05
4.26434686197375e-05
4.26430140082301e-05
4.26425594064156e-05
4.26421048142936e-05
4.2641650231864e-05
4.26411956591263e-05
4.26407410960802e-05
4.26402865427256e-05
4.26398319990619e-05
4.2639377465089e-05
4.26389229408065e-05
4.26384684262141e-05
4.26380139213115e-05
4.26375594260984e-05
4.26371049405745e-05
4.26366504647395e-05
4.2636195998593e-05
4.26357415421348e-05
4.26352870953645e-05
4.26348326582818e-05
4.26343782308865e-05
4.26339238131781e-05
4.26334694051565e-05
4.26330150068213e-05
4.26325606181721e-05
4.26321062392087e-05
4.26316518699308e-05
4.26311975103381e-05
4.26307431604301e-05
4.26302888202068e-05
4.26298344896676e-05
4.26293801688123e-05
4.26289258576407e-05
4.26284715561524e-05
4.2628017264347e-05
4.26275629822243e-05
4.2627108709784e-05
4.26266544470257e-05
4.26262001939492e-05
4.26257459505541e-05
4.26252917168402e-05
4.26248374928071e-05
4.26243832784544e-05
4.2623929073782e-05
4.26234748787895e-05
4.26230206934765e-05
4.26225665178429e-05
4.26221123518882e-05
4.26216581956121e-05
4.26212040490144e-05
4.26207499120947e-05
4.26202957848527e-05
4.26198416672882e-05
4.26193875594008e-05
4.26189334611901e-05
4.2618479372656e-05
4.2618025293798e-05
4.26175712246159e-05
4.26171171651094e-05
4.26166631152781e-05
4.26162090751217e-05
4.261575504464e-05
4.26153010238326e-05
4.26148470126992e-05
4.26143930112395e-05
4.26139390194533e-05
4.26134850373401e-05
4.26130310648996e-05
4.26125771021317e-05
4.26121231490359e-05
4.2611669205612e-05
4.26112152718596e-05
4.26107613477784e-05
4.26103074333681e-05
4.26098535286285e-05
4.26093996335592e-05
4.26089457481598e-05
4.26084918724302e-05
4.26080380063699e-05
4.26075841499787e-05
4.26071303032562e-05
4.26066764662023e-05
4.26062226388164e-05
4.26057688210984e-05
4.26053150130479e-05
4.26048612146646e-05
4.26044074259482e-05
4.26039536468984e-05
4.26034998775149e-05
4.26030461177974e-05
4.26025923677456e-05
4.26021386273591e-05
4.26016848966377e-05
4.2601231175581e-05
4.26007774641887e-05
4.26003237624606e-05
4.25998700703963e-05
4.25994163879955e-05
4.25989627152579e-05
4.25985090521832e-05
4.2598055398771e-05
4.25976017550212e-05
4.25971481209333e-05
4.25966944965071e-05
4.25962408817422e-05
4.25957872766383e-05
4.25953336811952e-05
4.25948800954125e-05
4.259442651929e-05
4.25939729528272e-05
4.25935193960239e-05
4.25930658488798e-05
4.25926123113946e-05
4.25921587835679e-05
4.25917052653996e-05
4.25912517568891e-05
4.25907982580363e-05
4.25903447688409e-05
4.25898912893025e-05
4.25894378194208e-05
4.25889843591955e-05
4.25885309086263e-05
4.25880774677129e-05
4.2587624036455e-05
4.25871706148523e-05
4.25867172029044e-05
4.25862638006111e-05
4.25858104079721e-05
4.2585357024987e-05
4.25849036516555e-05
4.25844502879773e-05
4.25839969339522e-05
4.25835435895798e-05
4.25830902548598e-05
4.25826369297919e-05
4.25821836143757e-05
4.25817303086111e-05
4.25812770124976e-05
4.2580823726035e-05
4.25803704492229e-05
4.25799171820611e-05
4.25794639245492e-05
4.25790106766869e-05
4.2578557438474e-05
4.25781042099101e-05
4.25776509909948e-05
4.2577197781728e-05
4.25767445821093e-05
4.25762913921383e-05
4.25758382118148e-05
4.25753850411385e-05
4.2574931880109e-05
4.25744787287261e-05
4.25740255869894e-05
4.25735724548986e-05
4.25731193324535e-05
4.25726662196537e-05
4.25722131164989e-05
4.25717600229887e-05
4.2571306939123e-05
4.25708538649014e-05
4.25704008003235e-05
4.25699477453891e-05
4.25694947000979e-05
4.25690416644495e-05
4.25685886384437e-05
4.25681356220801e-05
4.25676826153584e-05
4.25672296182784e-05
4.25667766308396e-05
4.25663236530419e-05
4.25658706848849e-05
4.25654177263682e-05
4.25649647774916e-05
4.25645118382549e-05
4.25640589086575e-05
4.25636059886994e-05
4.256315307838e-05
4.25627001776993e-05
4.25622472866567e-05
4.25617944052521e-05
4.25613415334851e-05
4.25608886713555e-05
4.25604358188628e-05
4.25599829760068e-05
4.25595301427872e-05
4.25590773192037e-05
4.2558624505256e-05
4.25581717009437e-05
4.25577189062666e-05
4.25572661212244e-05
4.25568133458167e-05
4.25563605800432e-05
4.25559078239037e-05
4.25554550773977e-05
4.25550023405251e-05
4.25545496132855e-05
4.25540968956786e-05
4.25536441877041e-05
4.25531914893617e-05
4.25527388006511e-05
4.25522861215719e-05
4.25518334521239e-05
4.25513807923067e-05
4.25509281421201e-05
4.25504755015637e-05
4.25500228706373e-05
4.25495702493405e-05
4.2549117637673e-05
4.25486650356345e-05
4.25482124432247e-05
4.25477598604433e-05
4.25473072872901e-05
4.25468547237645e-05
4.25464021698665e-05
4.25459496255956e-05
4.25454970909516e-05
4.25450445659342e-05
4.2544592050543e-05
4.25441395447777e-05
4.25436870486381e-05
4.25432345621238e-05
4.25427820852345e-05
4.25423296179699e-05
4.25418771603297e-05
4.25414247123136e-05
4.25409722739213e-05
4.25405198451525e-05
4.25400674260069e-05
4.25396150164841e-05
4.25391626165839e-05
4.25387102263059e-05
4.25382578456499e-05
4.25378054746156e-05
4.25373531132025e-05
4.25369007614105e-05
4.25364484192392e-05
4.25359960866884e-05
4.25355437637576e-05
4.25350914504466e-05
4.25346391467551e-05
4.25341868526828e-05
4.25337345682294e-05
4.25332822933946e-05
4.2532830028178e-05
4.25323777725794e-05
4.25319255265984e-05
4.25314732902348e-05
4.25310210634882e-05
4.25305688463583e-05
4.25301166388449e-05
4.25296644409476e-05
4.25292122526661e-05
4.2528760074e-05
4.25283079049492e-05
4.25278557455133e-05
4.2527403595692e-05
4.25269514554849e-05
4.25264993248918e-05
4.25260472039124e-05
4.25255950925463e-05
4.25251429907933e-05
4.2524690898653e-05
4.25242388161252e-05
4.25237867432095e-05
4.25233346799056e-05
4.25228826262132e-05
4.25224305821321e-05
4.25219785476618e-05
4.25215265228022e-05
4.25210745075528e-05
4.25206225019134e-05
4.25201705058837e-05
4.25197185194634e-05
4.25192665426521e-05
4.25188145754496e-05
4.25183626178556e-05
4.25179106698697e-05
4.25174587314916e-05
4.25170068027211e-05
4.25165548835578e-05
4.25161029740014e-05
4.25156510740516e-05
4.25151991837082e-05
4.25147473029707e-05
4.2514295431839e-05
4.25138435703126e-05
4.25133917183913e-05
4.25129398760748e-05
4.25124880433627e-05
4.25120362202549e-05
4.25115844067508e-05
4.25111326028504e-05
4.25106808085531e-05
4.25102290238589e-05
4.25097772487672e-05
4.25093254832779e-05
4.25088737273906e-05
4.2508421981105e-05
4.25079702444208e-05
4.25075185173378e-05
4.25070667998555e-05
4.25066150919737e-05
4.25061633936921e-05
4.25057117050104e-05
4.25052600259282e-05
4.25048083564453e-05
4.25043566965614e-05
4.25039050462761e-05
4.25034534055892e-05
4.25030017745003e-05
4.25025501530092e-05
4.25020985411155e-05
4.25016469388189e-05
4.25011953461191e-05
4.25007437630159e-05
4.25002921895088e-05
4.24998406255977e-05
4.24993890712821e-05
4.24989375265618e-05
4.24984859914366e-05
4.2498034465906e-05
4.24975829499697e-05
4.24971314436276e-05
4.24966799468791e-05
4.24962284597242e-05
4.24957769821624e-05
4.24953255141934e-05
4.2494874055817e-05
4.24944226070328e-05
4.24939711678406e-05
4.24935197382399e-05
4.24930683182306e-05
4.24926169078123e-05
4.24921655069846e-05
4.24917141157474e-05
4.24912627341003e-05
4.2490811362043e-05
4.24903599995751e-05
4.24899086466964e-05
4.24894573034066e-05
4.24890059697053e-05
4.24885546455923e-05
4.24881033310673e-05
4.24876520261299e-05
4.24872007307799e-05
4.24867494450168e-05
4.24862981688405e-05
4.24858469022507e-05
4.24853956452469e-05
4.2484944397829e-05
4.24844931599966e-05
4.24840419317494e-05
4.24835907130871e-05
4.24831395040093e-05
4.24826883045159e-05
4.24822371146065e-05
4.24817859342807e-05
4.24813347635383e-05
4.24808836023789e-05
4.24804324508023e-05
4.24799813088082e-05
4.24795301763963e-05
4.24790790535661e-05
4.24786279403175e-05
4.24781768366502e-05
4.24777257425637e-05
4.24772746580579e-05
4.24768235831325e-05
4.2476372517787e-05
4.24759214620212e-05
4.24754704158349e-05
4.24750193792276e-05
4.24745683521991e-05
4.24741173347491e-05
4.24736663268773e-05
4.24732153285834e-05
4.24727643398671e-05
4.2472313360728e-05
4.24718623911659e-05
4.24714114311804e-05
4.24709604807713e-05
4.24705095399382e-05
4.24700586086809e-05
4.2469607686999e-05
4.24691567748922e-05
4.24687058723603e-05
4.24682549794029e-05
4.24678040960197e-05
4.24673532222104e-05
4.24669023579748e-05
4.24664515033124e-05
4.2466000658223e-05
4.24655498227063e-05
4.2465098996762e-05
4.24646481803898e-05
4.24641973735894e-05
4.24637465763604e-05
4.24632957887026e-05
4.24628450106157e-05
4.24623942420993e-05
4.24619434831532e-05
4.24614927337771e-05
4.24610419939705e-05
4.24605912637334e-05
4.24601405430652e-05
4.24596898319658e-05
4.24592391304348e-05
4.24587884384719e-05
4.24583377560768e-05
4.24578870832493e-05
4.2457436419989e-05
4.24569857662955e-05
4.24565351221687e-05
4.24560844876081e-05
4.24556338626136e-05
4.24551832471847e-05
4.24547326413212e-05
4.24542820450228e-05
4.24538314582891e-05
4.24533808811199e-05
4.24529303135149e-05
4.24524797554737e-05
4.24520292069961e-05
4.24515786680817e-05
4.24511281387303e-05
4.24506776189415e-05
4.2450227108715e-05
4.24497766080506e-05
4.24493261169479e-05
4.24488756354066e-05
4.24484251634264e-05
4.24479747010071e-05
4.24475242481482e-05
4.24470738048496e-05
4.24466233711108e-05
4.24461729469317e-05
4.24457225323118e-05
4.24452721272509e-05
4.24448217317487e-05
4.24443713458049e-05
4.24439209694192e-05
4.24434706025912e-05
4.24430202453207e-05
4.24425698976073e-05
4.24421195594508e-05
4.24416692308508e-05
4.24412189118071e-05
4.24407686023194e-05
4.24403183023873e-05
4.24398680120105e-05
4.24394177311887e-05
4.24389674599217e-05
4.24385171982091e-05
4.24380669460506e-05
4.24376167034459e-05
4.24371664703948e-05
4.24367162468968e-05
4.24362660329518e-05
4.24358158285593e-05
4.24353656337191e-05
4.2434915448431e-05
4.24344652726945e-05
4.24340151065094e-05
4.24335649498754e-05
4.24331148027921e-05
4.24326646652593e-05
4.24322145372767e-05
4.24317644188439e-05
4.24313143099607e-05
4.24308642106268e-05
4.24304141208418e-05
4.24299640406055e-05
4.24295139699175e-05
4.24290639087775e-05
4.24286138571853e-05
4.24281638151405e-05
4.24277137826428e-05
4.2427263759692e-05
4.24268137462877e-05
4.24263637424295e-05
4.24259137481174e-05
4.24254637633508e-05
4.24250137881295e-05
4.24245638224532e-05
4.24241138663216e-05
4.24236639197344e-05
4.24232139826913e-05
4.2422764055192e-05
4.24223141372362e-05
4.24218642288235e-05
4.24214143299538e-05
4.24209644406266e-05
4.24205145608416e-05
4.24200646905987e-05
4.24196148298973e-05
4.24191649787374e-05
4.24187151371185e-05
4.24182653050404e-05
4.24178154825026e-05
4.24173656695051e-05
4.24169158660474e-05
4.24164660721292e-05
4.24160162877503e-05
4.24155665129102e-05
4.24151167476088e-05
4.24146669918458e-05
4.24142172456207e-05
4.24137675089334e-05
4.24133177817835e-05
4.24128680641707e-05
4.24124183560947e-05
4.24119686575552e-05
4.24115189685519e-05
4.24110692890845e-05
4.24106196191526e-05
4.24101699587561e-05
4.24097203078946e-05
4.24092706665677e-05
4.24088210347752e-05
4.24083714125168e-05
4.24079217997922e-05
4.2407472196601e-05
4.2407022602943e-05
4.24065730188179e-05
4.24061234442253e-05
4.2405673879165e-05
4.24052243236367e-05
4.240477477764e-05
4.24043252411746e-05
4.24038757142403e-05
4.24034261968367e-05
4.24029766889636e-05
4.24025271906206e-05
4.24020777018074e-05
4.24016282225237e-05
4.24011787527693e-05
4.24007292925438e-05
4.2400279841847e-05
4.23998304006784e-05
4.23993809690378e-05
4.2398931546925e-05
4.23984821343396e-05
4.23980327312813e-05
4.23975833377497e-05
4.23971339537447e-05
4.23966845792659e-05
4.2396235214313e-05
4.23957858588856e-05
4.23953365129836e-05
4.23948871766065e-05
4.23944378497541e-05
4.23939885324261e-05
4.23935392246222e-05
4.2393089926342e-05
4.23926406375853e-05
4.23921913583518e-05
4.23917420886411e-05
4.2391292828453e-05
4.23908435777872e-05
4.23903943366433e-05
4.23899451050211e-05
4.23894958829202e-05
4.23890466703404e-05
4.23885974672813e-05
4.23881482737427e-05
4.23876990897242e-05
4.23872499152255e-05
4.23868007502464e-05
4.23863515947865e-05
4.23859024488455e-05
4.23854533124232e-05
4.23850041855192e-05
4.23845550681332e-05
4.23841059602649e-05
4.2383656861914e-05
4.23832077730803e-05
4.23827586937634e-05
4.2382309623963e-05
4.23818605636787e-05
4.23814115129104e-05
4.23809624716577e-05
4.23805134399203e-05
4.23800644176979e-05
4.23796154049902e-05
4.23791664017969e-05
4.23787174081176e-05
4.23782684239522e-05
4.23778194493002e-05
4.23773704841615e-05
4.23769215285356e-05
4.23764725824222e-05
4.23760236458212e-05
4.23755747187321e-05
4.23751258011547e-05
4.23746768930887e-05
4.23742279945337e-05
4.23737791054895e-05
4.23733302259558e-05
4.23728813559322e-05
4.23724324954185e-05
4.23719836444143e-05
4.23715348029194e-05
4.23710859709334e-05
4.23706371484561e-05
4.23701883354871e-05
4.23697395320262e-05
4.2369290738073e-05
4.23688419536273e-05
4.23683931786887e-05
4.23679444132569e-05
4.23674956573317e-05
4.23670469109127e-05
4.23665981739996e-05
4.23661494465922e-05
4.23657007286901e-05
4.2365252020293e-05
4.23648033214006e-05
4.23643546320126e-05
4.23639059521288e-05
4.23634572817488e-05
4.23630086208723e-05
4.2362559969499e-05
4.23621113276286e-05
4.23616626952608e-05
4.23612140723953e-05
4.23607654590318e-05
4.23603168551701e-05
4.23598682608097e-05
4.23594196759504e-05
4.2358971100592e-05
4.2358522534734e-05
4.23580739783762e-05
4.23576254315183e-05
4.235717689416e-05
4.2356728366301e-05
4.2356279847941e-05
4.23558313390796e-05
4.23553828397166e-05
4.23549343498518e-05
4.23544858694847e-05
4.2354037398615e-05
4.23535889372426e-05
4.2353140485367e-05
4.2352692042988e-05
4.23522436101052e-05
4.23517951867185e-05
4.23513467728274e-05
4.23508983684316e-05
4.2350449973531e-05
4.23500015881251e-05
4.23495532122136e-05
4.23491048457963e-05
4.23486564888729e-05
4.2348208141443e-05
4.23477598035064e-05
4.23473114750627e-05
4.23468631561117e-05
4.2346414846653e-05
4.23459665466864e-05
4.23455182562116e-05
4.23450699752281e-05
4.23446217037359e-05
4.23441734417344e-05
4.23437251892235e-05
4.23432769462029e-05
4.23428287126721e-05
4.23423804886311e-05
4.23419322740793e-05
4.23414840690166e-05
4.23410358734426e-05
4.23405876873571e-05
4.23401395107597e-05
4.23396913436501e-05
4.23392431860281e-05
4.23387950378932e-05
4.23383468992453e-05
4.2337898770084e-05
4.23374506504091e-05
4.23370025402202e-05
4.23365544395169e-05
4.23361063482991e-05
4.23356582665665e-05
4.23352101943186e-05
4.23347621315553e-05
4.23343140782761e-05
4.23338660344809e-05
4.23334180001693e-05
4.2332969975341e-05
4.23325219599958e-05
4.23320739541332e-05
4.2331625957753e-05
4.2331177970855e-05
4.23307299934387e-05
4.2330282025504e-05
4.23298340670505e-05
4.23293861180778e-05
4.23289381785858e-05
4.23284902485741e-05
4.23280423280423e-05
4.23275944169903e-05
4.23271465154177e-05
4.23266986233241e-05
4.23262507407094e-05
4.23258028675731e-05
4.23253550039151e-05
4.23249071497349e-05
4.23244593050324e-05
4.23240114698071e-05
4.23235636440588e-05
4.23231158277872e-05
4.2322668020992e-05
4.23222202236729e-05
4.23217724358296e-05
4.23213246574618e-05
4.23208768885691e-05
4.23204291291514e-05
4.23199813792082e-05
4.23195336387393e-05
4.23190859077444e-05
4.23186381862232e-05
4.23181904741753e-05
4.23177427716006e-05
4.23172950784986e-05
4.23168473948691e-05
4.23163997207118e-05
4.23159520560263e-05
4.23155044008125e-05
4.23150567550699e-05
4.23146091187983e-05
4.23141614919973e-05
4.23137138746668e-05
4.23132662668063e-05
4.23128186684156e-05
4.23123710794944e-05
4.23119235000423e-05
4.23114759300591e-05
4.23110283695445e-05
4.23105808184982e-05
4.23101332769198e-05
4.23096857448091e-05
4.23092382221658e-05
4.23087907089896e-05
4.23083432052801e-05
4.23078957110371e-05
4.23074482262602e-05
4.23070007509493e-05
4.23065532851039e-05
4.23061058287237e-05
4.23056583818086e-05
4.23052109443581e-05
4.23047635163719e-05
4.23043160978499e-05
4.23038686887916e-05
4.23034212891968e-05
4.23029738990651e-05
4.23025265183963e-05
4.23020791471901e-05
4.23016317854461e-05
4.23011844331641e-05
4.23007370903438e-05
4.23002897569848e-05
4.22998424330869e-05
4.22993951186498e-05
4.22989478136731e-05
4.22985005181566e-05
4.22980532321e-05
4.22976059555029e-05
4.22971586883651e-05
4.22967114306863e-05
4.22962641824661e-05
4.22958169437043e-05
4.22953697144005e-05
4.22949224945545e-05
4.2294475284166e-05
4.22940280832346e-05
4.22935808917602e-05
4.22931337097422e-05
4.22926865371806e-05
4.22922393740749e-05
4.22917922204248e-05
4.22913450762301e-05
4.22908979414905e-05
4.22904508162057e-05
4.22900037003753e-05
4.22895565939991e-05
4.22891094970768e-05
4.2288662409608e-05
4.22882153315925e-05
4.22877682630299e-05
4.228732120392e-05
4.22868741542625e-05
4.22864271140571e-05
4.22859800833034e-05
4.22855330620012e-05
4.22850860501501e-05
4.22846390477499e-05
4.22841920548003e-05
4.2283745071301e-05
4.22832980972516e-05
4.22828511326519e-05
4.22824041775015e-05
4.22819572318003e-05
4.22815102955478e-05
4.22810633687437e-05
4.22806164513879e-05
4.22801695434799e-05
4.22797226450194e-05
4.22792757560063e-05
4.22788288764401e-05
4.22783820063206e-05
4.22779351456475e-05
4.22774882944204e-05
4.22770414526391e-05
4.22765946203033e-05
4.22761477974127e-05
4.22757009839669e-05
4.22752541799658e-05
4.22748073854089e-05
4.22743606002959e-05
4.22739138246267e-05
4.22734670584008e-05
4.2273020301618e-05
4.2272573554278e-05
4.22721268163804e-05
4.22716800879251e-05
4.22712333689116e-05
4.22707866593397e-05
4.22703399592091e-05
4.22698932685195e-05
4.22694465872706e-05
4.2268999915462e-05
4.22685532530935e-05
4.22681066001648e-05
4.22676599566756e-05
4.22672133226256e-05
4.22667666980145e-05
4.2266320082842e-05
4.22658734771077e-05
4.22654268808115e-05
4.22649802939529e-05
4.22645337165318e-05
4.22640871485477e-05
4.22636405900004e-05
4.22631940408896e-05
4.22627475012151e-05
4.22623009709764e-05
4.22618544501733e-05
4.22614079388055e-05
4.22609614368727e-05
4.22605149443746e-05
4.22600684613109e-05
4.22596219876813e-05
4.22591755234855e-05
4.22587290687233e-05
4.22582826233942e-05
4.2257836187498e-05
4.22573897610345e-05
4.22569433440032e-05
4.2256496936404e-05
4.22560505382364e-05
4.22556041495003e-05
4.22551577701953e-05
4.22547114003211e-05
4.22542650398775e-05
4.2253818688864e-05
4.22533723472805e-05
4.22529260151265e-05
4.22524796924019e-05
4.22520333791064e-05
4.22515870752395e-05
4.22511407808011e-05
4.22506944957908e-05
4.22502482202083e-05
4.22498019540533e-05
4.22493556973256e-05
4.22489094500248e-05
4.22484632121507e-05
4.22480169837028e-05
4.2247570764681e-05
4.2247124555085e-05
4.22466783549143e-05
4.22462321641689e-05
4.22457859828482e-05
4.22453398109521e-05
4.22448936484802e-05
4.22444474954323e-05
4.2244001351808e-05
4.22435552176071e-05
4.22431090928292e-05
4.22426629774741e-05
4.22422168715414e-05
4.22417707750309e-05
4.22413246879422e-05
4.22408786102751e-05
4.22404325420292e-05
4.22399864832043e-05
4.22395404338001e-05
4.22390943938162e-05
4.22386483632524e-05
4.22382023421083e-05
4.22377563303837e-05
4.22373103280783e-05
4.22368643351918e-05
4.22364183517238e-05
4.22359723776741e-05
4.22355264130423e-05
4.22350804578283e-05
4.22346345120316e-05
4.2234188575652e-05
4.22337426486892e-05
4.22332967311428e-05
4.22328508230127e-05
4.22324049242984e-05
4.22319590349997e-05
4.22315131551164e-05
4.22310672846479e-05
4.22306214235943e-05
4.22301755719549e-05
4.22297297297297e-05
4.22292838969183e-05
4.22288380735204e-05
4.22283922595357e-05
4.22279464549639e-05
4.22275006598047e-05
4.22270548740578e-05
4.22266090977229e-05
4.22261633307998e-05
4.2225717573288e-05
4.22252718251874e-05
4.22248260864976e-05
4.22243803572183e-05
4.22239346373492e-05
4.222348892689e-05
4.22230432258405e-05
4.22225975342003e-05
4.22221518519691e-05
4.22217061791467e-05
4.22212605157327e-05
4.22208148617268e-05
4.22203692171288e-05
4.22199235819383e-05
4.22194779561551e-05
4.22190323397788e-05
4.22185867328091e-05
4.22181411352458e-05
4.22176955470886e-05
4.22172499683371e-05
4.2216804398991e-05
4.22163588390501e-05
4.22159132885141e-05
4.22154677473826e-05
4.22150222156554e-05
4.22145766933322e-05
4.22141311804126e-05
4.22136856768965e-05
4.22132401827833e-05
4.2212794698073e-05
4.22123492227651e-05
4.22119037568594e-05
4.22114583003556e-05
4.22110128532534e-05
4.22105674155525e-05
4.22101219872525e-05
4.22096765683533e-05
4.22092311588544e-05
4.22087857587557e-05
4.22083403680567e-05
4.22078949867573e-05
4.2207449614857e-05
4.22070042523557e-05
4.22065588992529e-05
4.22061135555485e-05
4.22056682212421e-05
4.22052228963334e-05
4.22047775808222e-05
4.2204332274708e-05
4.22038869779907e-05
4.22034416906699e-05
4.22029964127453e-05
4.22025511442167e-05
4.22021058850837e-05
4.2201660635346e-05
4.22012153950034e-05
4.22007701640555e-05
4.22003249425021e-05
4.21998797303428e-05
4.21994345275773e-05
4.21989893342054e-05
4.21985441502268e-05
4.21980989756411e-05
4.21976538104481e-05
4.21972086546475e-05
4.21967635082389e-05
4.21963183712221e-05
4.21958732435968e-05
4.21954281253626e-05
4.21949830165193e-05
4.21945379170666e-05
4.21940928270042e-05
4.21936477463318e-05
4.2193202675049e-05
4.21927576131557e-05
4.21923125606515e-05
4.2191867517536e-05
4.2191422483809e-05
4.21909774594703e-05
4.21905324445195e-05
4.21900874389562e-05
4.21896424427803e-05
4.21891974559914e-05
4.21887524785892e-05
4.21883075105734e-05
4.21878625519438e-05
4.21874176027e-05
4.21869726628417e-05
4.21865277323687e-05
4.21860828112806e-05
4.21856378995771e-05
4.2185192997258e-05
4.21847481043229e-05
4.21843032207716e-05
4.21838583466037e-05
4.21834134818189e-05
4.21829686264171e-05
4.21825237803978e-05
4.21820789437607e-05
4.21816341165057e-05
4.21811892986323e-05
4.21807444901403e-05
4.21802996910293e-05
4.21798549012991e-05
4.21794101209495e-05
4.217896534998e-05
4.21785205883904e-05
4.21780758361804e-05
4.21776310933496e-05
4.21771863598979e-05
4.21767416358249e-05
4.21762969211303e-05
4.21758522158138e-05
4.21754075198752e-05
4.2174962833314e-05
4.21745181561301e-05
4.21740734883231e-05
4.21736288298927e-05
4.21731841808386e-05
4.21727395411606e-05
4.21722949108583e-05
4.21718502899315e-05
4.21714056783798e-05
4.21709610762029e-05
4.21705164834006e-05
4.21700718999726e-05
4.21696273259185e-05
4.21691827612381e-05
4.2168738205931e-05
4.2168293659997e-05
4.21678491234358e-05
4.21674045962471e-05
4.21669600784305e-05
4.21665155699859e-05
4.21660710709128e-05
4.2165626581211e-05
4.21651821008802e-05
4.21647376299201e-05
4.21642931683304e-05
4.21638487161108e-05
4.2163404273261e-05
4.21629598397807e-05
4.21625154156697e-05
4.21620710009276e-05
4.21616265955541e-05
4.21611821995489e-05
4.21607378129117e-05
4.21602934356423e-05
4.21598490677403e-05
4.21594047092055e-05
4.21589603600375e-05
4.21585160202361e-05
4.21580716898009e-05
4.21576273687317e-05
4.21571830570281e-05
4.21567387546899e-05
4.21562944617168e-05
4.21558501781085e-05
4.21554059038646e-05
4.21549616389849e-05
4.21545173834691e-05
4.21540731373169e-05
4.2153628900528e-05
4.21531846731021e-05
4.21527404550388e-05
4.2152296246338e-05
4.21518520469993e-05
4.21514078570224e-05
4.21509636764071e-05
4.21505195051529e-05
4.21500753432597e-05
4.21496311907271e-05
4.21491870475548e-05
4.21487429137426e-05
4.21482987892901e-05
4.21478546741971e-05
4.21474105684632e-05
4.21469664720882e-05
4.21465223850717e-05
4.21460783074135e-05
4.21456342391133e-05
4.21451901801707e-05
4.21447461305855e-05
4.21443020903574e-05
4.21438580594861e-05
4.21434140379712e-05
4.21429700258126e-05
4.21425260230098e-05
4.21420820295627e-05
4.21416380454708e-05
4.2141194070734e-05
4.21407501053519e-05
4.21403061493242e-05
4.21398622026506e-05
4.21394182653308e-05
4.21389743373646e-05
4.21385304187516e-05
4.21380865094916e-05
4.21376426095842e-05
4.21371987190292e-05
4.21367548378262e-05
4.21363109659749e-05
4.21358671034752e-05
4.21354232503265e-05
4.21349794065288e-05
4.21345355720817e-05
4.21340917469848e-05
4.21336479312379e-05
4.21332041248407e-05
4.21327603277929e-05
4.21323165400942e-05
4.21318727617443e-05
4.21314289927429e-05
4.21309852330897e-05
4.21305414827844e-05
4.21300977418268e-05
4.21296540102164e-05
4.21292102879532e-05
4.21287665750366e-05
4.21283228714665e-05
4.21278791772425e-05
4.21274354923644e-05
4.21269918168318e-05
4.21265481506445e-05
4.21261044938022e-05
4.21256608463045e-05
4.21252172081512e-05
4.2124773579342e-05
4.21243299598766e-05
4.21238863497546e-05
4.21234427489759e-05
4.212299915754e-05
4.21225555754468e-05
4.21221120026958e-05
4.21216684392869e-05
4.21212248852197e-05
4.21207813404939e-05
4.21203378051092e-05
4.21198942790654e-05
4.21194507623621e-05
4.2119007254999e-05
4.21185637569759e-05
4.21181202682924e-05
4.21176767889483e-05
4.21172333189433e-05
4.2116789858277e-05
4.21163464069492e-05
4.21159029649596e-05
4.21154595323078e-05
4.21150161089937e-05
4.21145726950168e-05
4.21141292903769e-05
4.21136858950738e-05
4.2113242509107e-05
4.21127991324763e-05
4.21123557651815e-05
4.21119124072222e-05
4.21114690585981e-05
4.2111025719309e-05
4.21105823893544e-05
4.21101390687343e-05
4.21096957574482e-05
4.21092524554958e-05
4.21088091628769e-05
4.21083658795911e-05
4.21079226056383e-05
4.2107479341018e-05
4.21070360857299e-05
4.21065928397739e-05
4.21061496031495e-05
4.21057063758566e-05
4.21052631578947e-05
4.21048199492637e-05
4.21043767499632e-05
4.21039335599928e-05
4.21034903793524e-05
4.21030472080417e-05
4.21026040460602e-05
4.21021608934079e-05
4.21017177500842e-05
4.2101274616089e-05
4.2100831491422e-05
4.21003883760828e-05
4.20999452700711e-05
4.20995021733868e-05
4.20990590860294e-05
4.20986160079987e-05
4.20981729392944e-05
4.20977298799162e-05
4.20972868298638e-05
4.20968437891369e-05
4.20964007577352e-05
4.20959577356584e-05
4.20955147229063e-05
4.20950717194784e-05
4.20946287253746e-05
4.20941857405946e-05
4.2093742765138e-05
4.20932997990045e-05
4.20928568421939e-05
4.20924138947058e-05
4.209197095654e-05
4.20915280276962e-05
4.20910851081741e-05
4.20906421979733e-05
4.20901992970937e-05
4.20897564055348e-05
4.20893135232964e-05
4.20888706503783e-05
4.208842778678e-05
4.20879849325014e-05
4.20875420875421e-05
4.20870992519018e-05
4.20866564255803e-05
4.20862136085772e-05
4.20857708008922e-05
4.20853280025251e-05
4.20848852134756e-05
4.20844424337433e-05
4.2083999663328e-05
4.20835569022294e-05
4.20831141504471e-05
4.2082671407981e-05
4.20822286748306e-05
4.20817859509958e-05
4.20813432364761e-05
4.20809005312714e-05
4.20804578353813e-05
4.20800151488055e-05
4.20795724715437e-05
4.20791298035957e-05
4.20786871449611e-05
4.20782444956396e-05
4.20778018556311e-05
4.2077359224935e-05
4.20769166035513e-05
4.20764739914795e-05
4.20760313887194e-05
4.20755887952707e-05
4.20751462111331e-05
4.20747036363063e-05
4.20742610707899e-05
4.20738185145838e-05
4.20733759676876e-05
4.20729334301011e-05
4.20724909018238e-05
4.20720483828556e-05
4.20716058731962e-05
4.20711633728452e-05
4.20707208818023e-05
4.20702784000673e-05
4.20698359276399e-05
4.20693934645197e-05
4.20689510107065e-05
4.20685085662001e-05
4.2068066131e-05
4.2067623705106e-05
4.20671812885178e-05
4.20667388812351e-05
4.20662964832576e-05
4.20658540945851e-05
4.20654117152172e-05
4.20649693451536e-05
4.20645269843941e-05
4.20640846329383e-05
4.2063642290786e-05
4.20631999579368e-05
4.20627576343905e-05
4.20623153201468e-05
4.20618730152054e-05
4.20614307195659e-05
4.20609884332282e-05
4.20605461561918e-05
4.20601038884566e-05
4.20596616300222e-05
4.20592193808883e-05
4.20587771410546e-05
4.20583349105209e-05
4.20578926892868e-05
4.20574504773521e-05
4.20570082747164e-05
4.20565660813795e-05
4.2056123897341e-05
4.20556817226007e-05
4.20552395571583e-05
4.20547974010135e-05
4.2054355254166e-05
4.20539131166155e-05
4.20534709883617e-05
4.20530288694043e-05
4.20525867597431e-05
4.20521446593776e-05
4.20517025683077e-05
4.20512604865331e-05
4.20508184140534e-05
4.20503763508683e-05
4.20499342969777e-05
4.20494922523811e-05
4.20490502170782e-05
4.20486081910689e-05
4.20481661743527e-05
4.20477241669295e-05
4.20472821687988e-05
4.20468401799605e-05
4.20463982004142e-05
4.20459562301596e-05
4.20455142691964e-05
4.20450723175244e-05
4.20446303751432e-05
4.20441884420526e-05
4.20437465182522e-05
4.20433046037419e-05
4.20428626985211e-05
4.20424208025898e-05
4.20419789159476e-05
4.20415370385941e-05
4.20410951705292e-05
4.20406533117525e-05
4.20402114622637e-05
4.20397696220625e-05
4.20393277911486e-05
4.20388859695218e-05
4.20384441571817e-05
4.20380023541281e-05
4.20375605603607e-05
4.20371187758791e-05
4.20366770006831e-05
4.20362352347724e-05
4.20357934781466e-05
4.20353517308056e-05
4.2034909992749e-05
4.20344682639765e-05
4.20340265444878e-05
4.20335848342826e-05
4.20331431333607e-05
4.20327014417217e-05
4.20322597593653e-05
4.20318180862913e-05
4.20313764224994e-05
4.20309347679892e-05
4.20304931227606e-05
4.20300514868131e-05
4.20296098601465e-05
4.20291682427605e-05
4.20287266346548e-05
4.20282850358291e-05
4.20278434462832e-05
4.20274018660166e-05
4.20269602950293e-05
4.20265187333207e-05
4.20260771808907e-05
4.2025635637739e-05
4.20251941038653e-05
4.20247525792692e-05
4.20243110639505e-05
4.20238695579089e-05
4.20234280611441e-05
4.20229865736558e-05
4.20225450954437e-05
4.20221036265075e-05
4.2021662166847e-05
4.20212207164618e-05
4.20207792753517e-05
4.20203378435163e-05
4.20198964209553e-05
4.20194550076686e-05
4.20190136036557e-05
4.20185722089163e-05
4.20181308234503e-05
4.20176894472573e-05
4.2017248080337e-05
4.20168067226891e-05
4.20163653743133e-05
4.20159240352093e-05
4.20154827053769e-05
4.20150413848158e-05
4.20146000735256e-05
4.2014158771506e-05
4.20137174787568e-05
4.20132761952777e-05
4.20128349210684e-05
4.20123936561286e-05
4.20119524004579e-05
4.20115111540562e-05
4.20110699169231e-05
4.20106286890583e-05
4.20101874704616e-05
4.20097462611326e-05
4.2009305061071e-05
4.20088638702766e-05
4.20084226887491e-05
4.20079815164881e-05
4.20075403534934e-05
4.20070991997648e-05
4.20066580553018e-05
4.20062169201042e-05
4.20057757941717e-05
4.2005334677504e-05
4.20048935701009e-05
4.2004452471962e-05
4.20040113830871e-05
4.20035703034758e-05
4.20031292331279e-05
4.2002688172043e-05
4.20022471202209e-05
4.20018060776613e-05
4.20013650443639e-05
4.20009240203285e-05
4.20004830055546e-05
4.2000042000042e-05
4.19996010037905e-05
4.19991600167997e-05
4.19987190390693e-05
4.19982780705991e-05
4.19978371113888e-05
4.1997396161438e-05
4.19969552207465e-05
4.1996514289314e-05
4.19960733671402e-05
4.19956324542248e-05
4.19951915505675e-05
4.1994750656168e-05
4.1994309771026e-05
4.19938688951413e-05
4.19934280285135e-05
4.19929871711424e-05
4.19925463230277e-05
4.1992105484169e-05
4.19916646545661e-05
4.19912238342186e-05
4.19907830231264e-05
4.19903422212891e-05
4.19899014287064e-05
4.1989460645378e-05
4.19890198713037e-05
4.1988579106483e-05
4.19881383509159e-05
4.19876976046019e-05
4.19872568675407e-05
4.19868161397321e-05
4.19863754211758e-05
4.19859347118715e-05
4.19854940118189e-05
4.19850533210177e-05
4.19846126394676e-05
4.19841719671684e-05
4.19837313041197e-05
4.19832906503212e-05
4.19828500057726e-05
4.19824093704738e-05
4.19819687444243e-05
4.19815281276238e-05
4.19810875200722e-05
4.19806469217691e-05
4.19802063327141e-05
4.19797657529071e-05
4.19793251823477e-05
4.19788846210356e-05
4.19784440689706e-05
4.19780035261523e-05
4.19775629925805e-05
4.19771224682548e-05
4.1976681953175e-05
4.19762414473408e-05
4.19758009507519e-05
4.1975360463408e-05
4.19749199853088e-05
4.1974479516454e-05
4.19740390568433e-05
4.19735986064765e-05
4.19731581653533e-05
4.19727177334732e-05
4.19722773108362e-05
4.19718368974418e-05
4.19713964932898e-05
4.19709560983799e-05
4.19705157127118e-05
4.19700753362852e-05
4.19696349690999e-05
4.19691946111554e-05
4.19687542624516e-05
4.19683139229881e-05
4.19678735927647e-05
4.19674332717811e-05
4.19669929600369e-05
4.19665526575319e-05
4.19661123642659e-05
4.19656720802384e-05
4.19652318054492e-05
4.1964791539898e-05
4.19643512835846e-05
4.19639110365086e-05
4.19634707986698e-05
4.19630305700678e-05
4.19625903507023e-05
4.19621501405732e-05
4.196170993968e-05
4.19612697480226e-05
4.19608295656005e-05
4.19603893924136e-05
4.19599492284614e-05
4.19595090737438e-05
4.19590689282605e-05
4.19586287920111e-05
4.19581886649953e-05
4.1957748547213e-05
4.19573084386637e-05
4.19568683393472e-05
4.19564282492631e-05
4.19559881684113e-05
4.19555480967915e-05
4.19551080344032e-05
4.19546679812463e-05
4.19542279373204e-05
4.19537879026253e-05
4.19533478771606e-05
4.19529078609261e-05
4.19524678539215e-05
4.19520278561465e-05
4.19515878676008e-05
4.19511478882841e-05
4.19507079181961e-05
4.19502679573366e-05
4.19498280057052e-05
4.19493880633016e-05
4.19489481301256e-05
4.19485082061769e-05
4.19480682914552e-05
4.19476283859601e-05
4.19471884896915e-05
4.19467486026489e-05
4.19463087248322e-05
4.1945868856241e-05
4.19454289968751e-05
4.19449891467341e-05
4.19445493058177e-05
4.19441094741257e-05
4.19436696516578e-05
4.19432298384137e-05
4.19427900343931e-05
4.19423502395957e-05
4.19419104540212e-05
4.19414706776693e-05
4.19410309105398e-05
4.19405911526323e-05
4.19401514039466e-05
4.19397116644823e-05
4.19392719342392e-05
4.1938832213217e-05
4.19383925014154e-05
4.19379527988341e-05
4.19375131054728e-05
4.19370734213313e-05
4.19366337464092e-05
4.19361940807062e-05
4.19357544242221e-05
4.19353147769565e-05
4.19348751389093e-05
4.193443551008e-05
4.19339958904684e-05
4.19335562800742e-05
4.19331166788972e-05
4.19326770869369e-05
4.19322375041932e-05
4.19317979306658e-05
4.19313583663543e-05
4.19309188112585e-05
4.1930479265378e-05
4.19300397287126e-05
4.19296002012621e-05
4.1929160683026e-05
4.19287211740042e-05
4.19282816741963e-05
4.1927842183602e-05
4.19274027022211e-05
4.19269632300532e-05
4.19265237670982e-05
4.19260843133556e-05
4.19256448688251e-05
4.19252054335066e-05
4.19247660073997e-05
4.19243265905041e-05
4.19238871828196e-05
4.19234477843458e-05
4.19230083950824e-05
4.19225690150292e-05
4.19221296441859e-05
4.19216902825522e-05
4.19212509301278e-05
4.19208115869123e-05
4.19203722529056e-05
4.19199329281073e-05
4.19194936125172e-05
4.19190543061349e-05
4.19186150089601e-05
4.19181757209926e-05
4.19177364422321e-05
4.19172971726783e-05
4.19168579123309e-05
4.19164186611896e-05
4.19159794192541e-05
4.19155401865242e-05
4.19151009629994e-05
4.19146617486797e-05
4.19142225435646e-05
4.19137833476539e-05
4.19133441609472e-05
4.19129049834444e-05
4.19124658151451e-05
4.1912026656049e-05
4.19115875061558e-05
4.19111483654652e-05
4.1910709233977e-05
4.19102701116909e-05
4.19098309986065e-05
4.19093918947236e-05
4.19089528000419e-05
4.19085137145611e-05
4.19080746382809e-05
4.19076355712011e-05
4.19071965133213e-05
4.19067574646412e-05
4.19063184251606e-05
4.19058793948791e-05
4.19054403737965e-05
4.19050013619125e-05
4.19045623592269e-05
4.19041233657392e-05
4.19036843814492e-05
4.19032454063567e-05
4.19028064404614e-05
4.19023674837628e-05
4.19019285362609e-05
4.19014895979552e-05
4.19010506688455e-05
4.19006117489315e-05
4.1900172838213e-05
4.18997339366895e-05
4.18992950443609e-05
4.18988561612268e-05
4.1898417287287e-05
4.18979784225411e-05
4.18975395669889e-05
4.18971007206301e-05
4.18966618834644e-05
4.18962230554915e-05
4.18957842367112e-05
4.1895345427123e-05
4.18949066267269e-05
4.18944678355223e-05
4.18940290535091e-05
4.18935902806871e-05
4.18931515170558e-05
4.18927127626149e-05
4.18922740173643e-05
4.18918352813037e-05
4.18913965544326e-05
4.18909578367509e-05
4.18905191282583e-05
4.18900804289544e-05
4.1889641738839e-05
4.18892030579118e-05
4.18887643861725e-05
4.18883257236208e-05
4.18878870702565e-05
4.18874484260791e-05
4.18870097910885e-05
4.18865711652844e-05
4.18861325486665e-05
4.18856939412344e-05
4.18852553429879e-05
4.18848167539267e-05
4.18843781740505e-05
4.18839396033591e-05
4.18835010418521e-05
4.18830624895292e-05
4.18826239463902e-05
4.18821854124348e-05
4.18817468876627e-05
4.18813083720735e-05
4.18808698656671e-05
4.18804313684431e-05
4.18799928804012e-05
4.18795544015412e-05
4.18791159318627e-05
4.18786774713655e-05
4.18782390200492e-05
4.18778005779136e-05
4.18773621449585e-05
4.18769237211834e-05
4.18764853065882e-05
4.18760469011725e-05
4.18756085049361e-05
4.18751701178786e-05
4.18747317399998e-05
4.18742933712994e-05
4.1873855011777e-05
4.18734166614325e-05
4.18729783202655e-05
4.18725399882757e-05
4.18721016654628e-05
4.18716633518267e-05
4.18712250473668e-05
4.18707867520831e-05
4.18703484659751e-05
4.18699101890426e-05
4.18694719212854e-05
4.18690336627031e-05
4.18685954132954e-05
4.1868157173062e-05
4.18677189420027e-05
4.18672807201172e-05
4.18668425074052e-05
4.18664043038664e-05
4.18659661095004e-05
4.18655279243071e-05
4.18650897482861e-05
4.18646515814372e-05
4.186421342376e-05
4.18637752752543e-05
4.18633371359198e-05
4.18628990057562e-05
4.18624608847631e-05
4.18620227729404e-05
4.18615846702877e-05
4.18611465768047e-05
4.18607084924912e-05
4.18602704173469e-05
4.18598323513714e-05
4.18593942945646e-05
4.1858956246926e-05
4.18585182084554e-05
4.18580801791526e-05
4.18576421590172e-05
4.18572041480489e-05
4.18567661462475e-05
4.18563281536127e-05
4.18558901701442e-05
4.18554521958417e-05
4.18550142307048e-05
4.18545762747334e-05
4.18541383279272e-05
4.18537003902858e-05
4.18532624618089e-05
4.18528245424963e-05
4.18523866323477e-05
4.18519487313628e-05
4.18515108395413e-05
4.18510729568829e-05
4.18506350833874e-05
4.18501972190544e-05
4.18497593638837e-05
4.18493215178749e-05
4.18488836810278e-05
4.18484458533421e-05
4.18480080348175e-05
4.18475702254538e-05
4.18471324252506e-05
4.18466946342076e-05
4.18462568523246e-05
4.18458190796012e-05
4.18453813160372e-05
4.18449435616324e-05
4.18445058163863e-05
4.18440680802988e-05
4.18436303533695e-05
4.18431926355981e-05
4.18427549269844e-05
4.18423172275281e-05
4.18418795372288e-05
4.18414418560864e-05
4.18410041841004e-05
4.18405665212707e-05
4.18401288675969e-05
4.18396912230788e-05
4.1839253587716e-05
4.18388159615083e-05
4.18383783444554e-05
4.18379407365569e-05
4.18375031378127e-05
4.18370655482224e-05
4.18366279677858e-05
4.18361903965025e-05
4.18357528343723e-05
4.18353152813948e-05
4.18348777375698e-05
4.1834440202897e-05
4.18340026773762e-05
4.18335651610069e-05
4.1833127653789e-05
4.18326901557222e-05
4.18322526668061e-05
4.18318151870405e-05
4.18313777164251e-05
4.18309402549596e-05
4.18305028026437e-05
4.18300653594771e-05
4.18296279254596e-05
4.18291905005908e-05
4.18287530848705e-05
4.18283156782984e-05
4.18278782808742e-05
4.18274408925976e-05
4.18270035134683e-05
4.1826566143486e-05
4.18261287826505e-05
4.18256914309615e-05
4.18252540884186e-05
4.18248167550216e-05
4.18243794307702e-05
4.18239421156641e-05
4.18235048097031e-05
4.18230675128867e-05
4.18226302252149e-05
4.18221929466872e-05
4.18217556773033e-05
4.18213184170631e-05
4.18208811659662e-05
4.18204439240123e-05
4.18200066912011e-05
4.18195694675323e-05
4.18191322530057e-05
4.1818695047621e-05
4.18182578513779e-05
4.18178206642761e-05
4.18173834863153e-05
4.18169463174952e-05
4.18165091578155e-05
4.1816072007276e-05
4.18156348658764e-05
4.18151977336163e-05
4.18147606104955e-05
4.18143234965137e-05
4.18138863916707e-05
4.1813449295966e-05
4.18130122093996e-05
4.18125751319709e-05
4.18121380636799e-05
4.18117010045261e-05
4.18112639545093e-05
4.18108269136293e-05
4.18103898818856e-05
4.18099528592782e-05
4.18095158458065e-05
4.18090788414704e-05
4.18086418462696e-05
4.18082048602038e-05
4.18077678832727e-05
4.1807330915476e-05
4.18068939568135e-05
4.18064570072848e-05
4.18060200668896e-05
4.18055831356278e-05
4.18051462134989e-05
4.18047093005027e-05
4.18042723966389e-05
4.18038355019073e-05
4.18033986163075e-05
4.18029617398393e-05
4.18025248725023e-05
4.18020880142963e-05
4.1801651165221e-05
4.18012143252761e-05
4.18007774944614e-05
4.18003406727765e-05
4.17999038602211e-05
4.1799467056795e-05
4.17990302624979e-05
4.17985934773295e-05
4.17981567012895e-05
4.17977199343776e-05
4.17972831765935e-05
4.1796846427937e-05
4.17964096884078e-05
4.17959729580055e-05
4.17955362367299e-05
4.17950995245807e-05
4.17946628215577e-05
4.17942261276605e-05
4.17937894428888e-05
4.17933527672424e-05
4.17929161007209e-05
4.17924794433242e-05
4.17920427950518e-05
4.17916061559036e-05
4.17911695258792e-05
4.17907329049783e-05
4.17902962932007e-05
4.17898596905461e-05
4.17894230970141e-05
4.17889865126046e-05
4.17885499373172e-05
4.17881133711516e-05
4.17876768141075e-05
4.17872402661847e-05
4.17868037273829e-05
4.17863671977018e-05
4.1785930677141e-05
4.17854941657004e-05
4.17850576633796e-05
4.17846211701783e-05
4.17841846860963e-05
4.17837482111333e-05
4.17833117452889e-05
4.1782875288563e-05
4.17824388409551e-05
4.17820024024651e-05
4.17815659730927e-05
4.17811295528375e-05
4.17806931416992e-05
4.17802567396777e-05
4.17798203467725e-05
4.17793839629835e-05
4.17789475883103e-05
4.17785112227526e-05
4.17780748663102e-05
4.17776385189827e-05
4.177720218077e-05
4.17767658516716e-05
4.17763295316873e-05
4.17758932208169e-05
4.17754569190601e-05
4.17750206264164e-05
4.17745843428858e-05
4.17741480684678e-05
4.17737118031623e-05
4.17732755469688e-05
4.17728392998872e-05
4.17724030619171e-05
4.17719668330583e-05
4.17715306133105e-05
4.17710944026734e-05
4.17706582011466e-05
4.177022200873e-05
4.17697858254232e-05
4.17693496512259e-05
4.17689134861379e-05
4.17684773301589e-05
4.17680411832886e-05
4.17676050455267e-05
4.17671689168729e-05
4.17667327973269e-05
4.17662966868885e-05
4.17658605855574e-05
4.17654244933332e-05
4.17649884102157e-05
4.17645523362046e-05
4.17641162712997e-05
4.17636802155006e-05
4.1763244168807e-05
4.17628081312187e-05
4.17623721027354e-05
4.17619360833568e-05
4.17615000730826e-05
4.17610640719126e-05
4.17606280798463e-05
4.17601920968836e-05
4.17597561230242e-05
4.17593201582678e-05
4.17588842026141e-05
4.17584482560628e-05
4.17580123186136e-05
4.17575763902663e-05
4.17571404710205e-05
4.17567045608761e-05
4.17562686598326e-05
4.17558327678898e-05
4.17553968850474e-05
4.17549610113052e-05
4.17545251466628e-05
4.17540892911199e-05
4.17536534446764e-05
4.17532176073319e-05
4.1752781779086e-05
4.17523459599386e-05
4.17519101498894e-05
4.17514743489379e-05
4.17510385570841e-05
4.17506027743276e-05
4.1750167000668e-05
4.17497312361052e-05
4.17492954806388e-05
4.17488597342685e-05
4.17484239969941e-05
4.17479882688153e-05
4.17475525497318e-05
4.17471168397433e-05
4.17466811388495e-05
4.17462454470501e-05
4.17458097643449e-05
4.17453740907336e-05
4.17449384262158e-05
4.17445027707914e-05
4.17440671244599e-05
4.17436314872212e-05
4.1743195859075e-05
4.17427602400209e-05
4.17423246300586e-05
4.1741889029188e-05
4.17414534374087e-05
4.17410178547204e-05
4.17405822811228e-05
4.17401467166157e-05
4.17397111611988e-05
4.17392756148717e-05
4.17388400776342e-05
4.17384045494861e-05
4.1737969030427e-05
4.17375335204566e-05
4.17370980195747e-05
4.1736662527781e-05
4.17362270450751e-05
4.17357915714569e-05
4.1735356106926e-05
4.17349206514821e-05
4.1734485205125e-05
4.17340497678543e-05
4.17336143396699e-05
4.17331789205713e-05
4.17327435105584e-05
4.17323081096308e-05
4.17318727177882e-05
4.17314373350304e-05
4.17310019613571e-05
4.1730566596768e-05
4.17301312412628e-05
4.17296958948412e-05
4.17292605575029e-05
4.17288252292477e-05
4.17283899100753e-05
4.17279545999854e-05
4.17275192989777e-05
4.17270840070519e-05
4.17266487242077e-05
4.17262134504449e-05
4.17257781857632e-05
4.17253429301622e-05
4.17249076836418e-05
4.17244724462015e-05
4.17240372178412e-05
4.17236019985605e-05
4.17231667883592e-05
4.1722731587237e-05
4.17222963951936e-05
4.17218612122287e-05
4.1721426038342e-05
4.17209908735332e-05
4.17205557178022e-05
4.17201205711485e-05
4.17196854335718e-05
4.1719250305072e-05
4.17188151856487e-05
4.17183800753017e-05
4.17179449740306e-05
4.17175098818352e-05
4.17170747987151e-05
4.17166397246702e-05
4.17162046597001e-05
4.17157696038045e-05
4.17153345569831e-05
4.17148995192358e-05
4.17144644905621e-05
4.17140294709618e-05
4.17135944604347e-05
4.17131594589803e-05
4.17127244665985e-05
4.1712289483289e-05
4.17118545090515e-05
4.17114195438856e-05
4.17109845877912e-05
4.17105496407679e-05
4.17101147028154e-05
4.17096797739335e-05
4.17092448541219e-05
4.17088099433803e-05
4.17083750417084e-05
4.17079401491059e-05
4.17075052655725e-05
4.17070703911081e-05
4.17066355257121e-05
4.17062006693845e-05
4.17057658221249e-05
4.1705330983933e-05
4.17048961548086e-05
4.17044613347513e-05
4.17040265237609e-05
4.1703591721837e-05
4.17031569289795e-05
4.1702722145188e-05
4.17022873704623e-05
4.1701852604802e-05
4.17014178482068e-05
4.17009831006766e-05
4.1700548362211e-05
4.17001136328096e-05
4.16996789124724e-05
4.16992442011989e-05
4.16988094989888e-05
4.16983748058419e-05
4.1697940121758e-05
4.16975054467366e-05
4.16970707807777e-05
4.16966361238807e-05
4.16962014760455e-05
4.16957668372718e-05
4.16953322075594e-05
4.16948975869078e-05
4.16944629753169e-05
4.16940283727863e-05
4.16935937793158e-05
4.16931591949051e-05
4.16927246195539e-05
4.16922900532619e-05
4.16918554960289e-05
4.16914209478545e-05
4.16909864087384e-05
4.16905518786805e-05
4.16901173576804e-05
4.16896828457378e-05
4.16892483428524e-05
4.1688813849024e-05
4.16883793642522e-05
4.16879448885369e-05
4.16875104218776e-05
4.16870759642742e-05
4.16866415157263e-05
4.16862070762336e-05
4.1685772645796e-05
4.1685338224413e-05
4.16849038120845e-05
4.168446940881e-05
4.16840350145894e-05
4.16836006294224e-05
4.16831662533086e-05
4.16827318862478e-05
4.16822975282398e-05
4.16818631792841e-05
4.16814288393806e-05
4.1680994508529e-05
4.16805601867289e-05
4.16801258739801e-05
4.16796915702824e-05
4.16792572756354e-05
4.16788229900388e-05
4.16783887134923e-05
4.16779544459958e-05
4.16775201875488e-05
4.16770859381512e-05
4.16766516978026e-05
4.16762174665027e-05
4.16757832442513e-05
4.16753490310481e-05
4.16749148268928e-05
4.16744806317851e-05
4.16740464457248e-05
4.16736122687115e-05
4.16731781007449e-05
4.16727439418248e-05
4.1672309791951e-05
4.16718756511231e-05
4.16714415193408e-05
4.16710073966038e-05
4.16705732829119e-05
4.16701391782649e-05
4.16697050826623e-05
4.16692709961039e-05
4.16688369185895e-05
4.16684028501188e-05
4.16679687906914e-05
4.16675347403071e-05
4.16671006989656e-05
4.16666666666667e-05
4.166623264341e-05
4.16657986291952e-05
4.16653646240222e-05
4.16649306278905e-05
4.16644966408e-05
4.16640626627502e-05
4.16636286937411e-05
4.16631947337722e-05
4.16627607828433e-05
4.16623268409541e-05
4.16618929081043e-05
4.16614589842936e-05
4.16610250695218e-05
4.16605911637886e-05
4.16601572670937e-05
4.16597233794368e-05
4.16592895008176e-05
4.16588556312358e-05
4.16584217706912e-05
4.16579879191835e-05
4.16575540767124e-05
4.16571202432776e-05
4.16566864188788e-05
4.16562526035158e-05
4.16558187971882e-05
4.16553849998959e-05
4.16549512116384e-05
4.16545174324155e-05
4.1654083662227e-05
4.16536499010726e-05
4.16532161489519e-05
4.16527824058647e-05
4.16523486718107e-05
4.16519149467897e-05
4.16514812308013e-05
4.16510475238452e-05
4.16506138259213e-05
4.16501801370291e-05
4.16497464571684e-05
4.1649312786339e-05
4.16488791245406e-05
4.16484454717728e-05
4.16480118280354e-05
4.16475781933281e-05
4.16471445676506e-05
4.16467109510026e-05
4.1646277343384e-05
4.16458437447943e-05
4.16454101552333e-05
4.16449765747007e-05
4.16445430031962e-05
4.16441094407196e-05
4.16436758872706e-05
4.16432423428488e-05
4.16428088074541e-05
4.1642375281086e-05
4.16419417637444e-05
4.1641508255429e-05
4.16410747561395e-05
4.16406412658755e-05
4.16402077846368e-05
4.16397743124232e-05
4.16393408492344e-05
4.163890739507e-05
4.16384739499297e-05
4.16380405138134e-05
4.16376070867207e-05
4.16371736686514e-05
4.16367402596051e-05
4.16363068595816e-05
4.16358734685805e-05
4.16354400866017e-05
4.16350067136448e-05
4.16345733497096e-05
4.16341399947957e-05
4.1633706648903e-05
4.1633273312031e-05
4.16328399841795e-05
4.16324066653483e-05
4.16319733555371e-05
4.16315400547455e-05
4.16311067629733e-05
4.16306734802202e-05
4.1630240206486e-05
4.16298069417703e-05
4.16293736860729e-05
4.16289404393935e-05
4.16285072017317e-05
4.16280739730875e-05
4.16276407534603e-05
4.162720754285e-05
4.16267743412563e-05
4.16263411486789e-05
4.16259079651175e-05
4.16254747905718e-05
4.16250416250416e-05
4.16246084685266e-05
4.16241753210265e-05
4.16237421825409e-05
4.16233090530697e-05
4.16228759326126e-05
4.16224428211692e-05
4.16220097187393e-05
4.16215766253226e-05
4.16211435409188e-05
4.16207104655276e-05
4.16202773991489e-05
4.16198443417822e-05
4.16194112934273e-05
4.16189782540839e-05
4.16185452237517e-05
4.16181122024305e-05
4.161767919012e-05
4.16172461868198e-05
4.16168131925298e-05
4.16163802072496e-05
4.16159472309789e-05
4.16155142637175e-05
4.16150813054651e-05
4.16146483562214e-05
4.16142154159861e-05
4.16137824847589e-05
4.16133495625397e-05
4.16129166493279e-05
4.16124837451235e-05
4.16120508499261e-05
4.16116179637355e-05
4.16111850865513e-05
4.16107522183732e-05
4.16103193592011e-05
4.16098865090345e-05
4.16094536678733e-05
4.16090208357172e-05
4.16085880125658e-05
4.16081551984189e-05
4.16077223932762e-05
4.16072895971374e-05
4.16068568100023e-05
4.16064240318705e-05
4.16059912627418e-05
4.1605558502616e-05
4.16051257514926e-05
4.16046930093715e-05
4.16042602762523e-05
4.16038275521348e-05
4.16033948370187e-05
4.16029621309037e-05
4.16025294337896e-05
4.1602096745676e-05
4.16016640665627e-05
4.16012313964493e-05
4.16007987353357e-05
4.16003660832215e-05
4.15999334401065e-05
4.15995008059903e-05
4.15990681808728e-05
4.15986355647535e-05
4.15982029576322e-05
4.15977703595087e-05
4.15973377703827e-05
4.15969051902538e-05
4.15964726191219e-05
4.15960400569866e-05
4.15956075038476e-05
4.15951749597047e-05
4.15947424245575e-05
4.15943098984059e-05
4.15938773812495e-05
4.1593444873088e-05
4.15930123739212e-05
4.15925798837487e-05
4.15921474025704e-05
4.15917149303859e-05
4.15912824671949e-05
4.15908500129971e-05
4.15904175677924e-05
4.15899851315803e-05
4.15895527043607e-05
4.15891202861331e-05
4.15886878768975e-05
4.15882554766534e-05
4.15878230854006e-05
4.15873907031388e-05
4.15869583298678e-05
4.15865259655871e-05
4.15860936102967e-05
4.15856612639962e-05
4.15852289266852e-05
4.15847965983636e-05
4.15843642790311e-05
4.15839319686873e-05
4.1583499667332e-05
4.15830673749649e-05
4.15826350915858e-05
4.15822028171942e-05
4.15817705517901e-05
4.1581338295373e-05
4.15809060479428e-05
4.15804738094991e-05
4.15800415800416e-05
4.15796093595701e-05
4.15791771480842e-05
4.15787449455838e-05
4.15783127520685e-05
4.15778805675381e-05
4.15774483919922e-05
4.15770162254306e-05
4.1576584067853e-05
4.15761519192591e-05
4.15757197796487e-05
4.15752876490214e-05
4.1574855527377e-05
4.15744234147153e-05
4.15739913110358e-05
4.15735592163384e-05
4.15731271306228e-05
4.15726950538886e-05
4.15722629861357e-05
4.15718309273636e-05
4.15713988775722e-05
4.15709668367612e-05
4.15705348049303e-05
4.15701027820791e-05
4.15696707682075e-05
4.15692387633151e-05
4.15688067674017e-05
4.1568374780467e-05
4.15679428025107e-05
4.15675108335325e-05
4.15670788735322e-05
4.15666469225094e-05
4.15662149804639e-05
4.15657830473954e-05
4.15653511233036e-05
4.15649192081883e-05
4.15644873020491e-05
4.15640554048859e-05
4.15636235166982e-05
4.15631916374858e-05
4.15627597672485e-05
4.1562327905986e-05
4.1561896053698e-05
4.15614642103841e-05
4.15610323760442e-05
4.1560600550678e-05
4.15601687342851e-05
4.15597369268653e-05
4.15593051284183e-05
4.15588733389438e-05
4.15584415584416e-05
4.15580097869113e-05
4.15575780243527e-05
4.15571462707656e-05
4.15567145261496e-05
4.15562827905044e-05
4.15558510638298e-05
4.15554193461255e-05
4.15549876373912e-05
4.15545559376266e-05
4.15541242468315e-05
4.15536925650056e-05
4.15532608921485e-05
4.15528292282601e-05
4.155239757334e-05
4.15519659273879e-05
4.15515342904037e-05
4.15511026623869e-05
4.15506710433374e-05
4.15502394332547e-05
4.15498078321388e-05
4.15493762399892e-05
4.15489446568057e-05
4.15485130825881e-05
4.15480815173359e-05
4.15476499610491e-05
4.15472184137272e-05
4.154678687537e-05
4.15463553459773e-05
4.15459238255487e-05
4.15454923140839e-05
4.15450608115828e-05
4.15446293180449e-05
4.15441978334701e-05
4.1543766357858e-05
4.15433348912084e-05
4.1542903433521e-05
4.15424719847955e-05
4.15420405450316e-05
4.1541609114229e-05
4.15411776923876e-05
4.15407462795069e-05
4.15403148755868e-05
4.15398834806268e-05
4.15394520946269e-05
4.15390207175866e-05
4.15385893495057e-05
4.15381579903839e-05
4.1537726640221e-05
4.15372952990166e-05
4.15368639667705e-05
4.15364326434824e-05
4.1536001329152e-05
4.15355700237791e-05
4.15351387273634e-05
4.15347074399045e-05
4.15342761614022e-05
4.15338448918562e-05
4.15334136312664e-05
4.15329823796322e-05
4.15325511369536e-05
4.15321199032302e-05
4.15316886784617e-05
4.15312574626478e-05
4.15308262557884e-05
4.1530395057883e-05
4.15299638689314e-05
4.15295326889334e-05
4.15291015178887e-05
4.15286703557969e-05
4.15282392026578e-05
4.15278080584712e-05
4.15273769232366e-05
4.1526945796954e-05
4.15265146796229e-05
4.15260835712432e-05
4.15256524718145e-05
4.15252213813365e-05
4.1524790299809e-05
4.15243592272317e-05
4.15239281636043e-05
4.15234971089265e-05
4.15230660631981e-05
4.15226350264188e-05
4.15222039985882e-05
4.15217729797062e-05
4.15213419697725e-05
4.15209109687867e-05
4.15204799767485e-05
4.15200489936578e-05
4.15196180195142e-05
4.15191870543175e-05
4.15187560980673e-05
4.15183251507634e-05
4.15178942124055e-05
4.15174632829934e-05
4.15170323625267e-05
4.15166014510052e-05
4.15161705484286e-05
4.15157396547966e-05
4.1515308770109e-05
4.15148778943654e-05
4.15144470275656e-05
4.15140161697093e-05
4.15135853207962e-05
4.15131544808261e-05
4.15127236497987e-05
4.15122928277136e-05
4.15118620145707e-05
4.15114312103696e-05
4.151100041511e-05
4.15105696287917e-05
4.15101388514145e-05
4.15097080829779e-05
4.15092773234818e-05
4.15088465729259e-05
4.15084158313098e-05
4.15079850986333e-05
4.15075543748962e-05
4.15071236600982e-05
4.15066929542389e-05
4.15062622573181e-05
4.15058315693355e-05
4.15054008902908e-05
4.15049702201839e-05
4.15045395590143e-05
4.15041089067818e-05
4.15036782634861e-05
4.1503247629127e-05
4.15028170037041e-05
4.15023863872173e-05
4.15019557796661e-05
4.15015251810504e-05
4.15010945913698e-05
4.15006640106242e-05
4.15002334388131e-05
4.14998028759363e-05
4.14993723219936e-05
4.14989417769847e-05
4.14985112409092e-05
4.1498080713767e-05
4.14976501955577e-05
4.1497219686281e-05
4.14967891859367e-05
4.14963586945246e-05
4.14959282120442e-05
4.14954977384954e-05
4.14950672738778e-05
4.14946368181913e-05
4.14942063714354e-05
4.149377593361e-05
4.14933455047147e-05
4.14929150847493e-05
4.14924846737135e-05
4.1492054271607e-05
4.14916238784295e-05
4.14911934941809e-05
4.14907631188607e-05
4.14903327524687e-05
4.14899023950046e-05
4.14894720464682e-05
4.14890417068592e-05
4.14886113761772e-05
4.14881810544221e-05
4.14877507415935e-05
4.14873204376912e-05
4.14868901427149e-05
4.14864598566643e-05
4.14860295795391e-05
4.14855993113391e-05
4.14851690520639e-05
4.14847388017133e-05
4.14843085602871e-05
4.14838783277849e-05
4.14834481042064e-05
4.14830178895515e-05
4.14825876838197e-05
4.14821574870109e-05
4.14817272991247e-05
4.14812971201609e-05
4.14808669501193e-05
4.14804367889994e-05
4.14800066368011e-05
4.1479576493524e-05
4.14791463591679e-05
4.14787162337326e-05
4.14782861172176e-05
4.14778560096229e-05
4.1477425910948e-05
4.14769958211927e-05
4.14765657403567e-05
4.14761356684398e-05
4.14757056054416e-05
4.14752755513619e-05
4.14748455062005e-05
4.1474415469957e-05
4.14739854426311e-05
4.14735554242226e-05
4.14731254147313e-05
4.14726954141567e-05
4.14722654224987e-05
4.1471835439757e-05
4.14714054659312e-05
4.14709755010212e-05
4.14705455450266e-05
4.14701155979472e-05
4.14696856597827e-05
4.14692557305328e-05
4.14688258101972e-05
4.14683958987756e-05
4.14679659962679e-05
4.14675361026736e-05
4.14671062179926e-05
4.14666763422245e-05
4.14662464753691e-05
4.1465816617426e-05
4.14653867683951e-05
4.1464956928276e-05
4.14645270970685e-05
4.14640972747722e-05
4.1463667461387e-05
4.14632376569124e-05
4.14628078613484e-05
4.14623780746945e-05
4.14619482969505e-05
4.14615185281161e-05
4.14610887681911e-05
4.14606590171751e-05
4.14602292750679e-05
4.14597995418692e-05
4.14593698175788e-05
4.14589401021963e-05
4.14585103957215e-05
4.14580806981541e-05
4.14576510094938e-05
4.14572213297404e-05
4.14567916588935e-05
4.1456361996953e-05
4.14559323439184e-05
4.14555026997896e-05
4.14550730645663e-05
4.14546434382481e-05
4.14542138208349e-05
4.14537842123263e-05
4.1453354612722e-05
4.14529250220219e-05
4.14524954402255e-05
4.14520658673327e-05
4.14516363033431e-05
4.14512067482565e-05
4.14507772020725e-05
4.1450347664791e-05
4.14499181364117e-05
4.14494886169342e-05
4.14490591063583e-05
4.14486296046837e-05
4.14482001119101e-05
4.14477706280373e-05
4.1447341153065e-05
4.14469116869929e-05
4.14464822298207e-05
4.14460527815482e-05
4.14456233421751e-05
4.1445193911701e-05
4.14447644901258e-05
4.14443350774491e-05
4.14439056736707e-05
4.14434762787903e-05
4.14430468928076e-05
4.14426175157223e-05
4.14421881475342e-05
4.1441758788243e-05
4.14413294378484e-05
4.14409000963501e-05
4.14404707637479e-05
4.14400414400414e-05
4.14396121252305e-05
4.14391828193148e-05
4.14387535222941e-05
4.1438324234168e-05
4.14378949549363e-05
4.14374656845987e-05
4.1437036423155e-05
4.14366071706049e-05
4.1436177926948e-05
4.14357486921842e-05
4.14353194663131e-05
4.14348902493345e-05
4.1434461041248e-05
4.14340318420535e-05
4.14336026517506e-05
4.1433173470339e-05
4.14327442978186e-05
4.14323151341889e-05
4.14318859794498e-05
4.14314568336009e-05
4.1431027696642e-05
4.14305985685728e-05
4.1430169449393e-05
4.14297403391024e-05
4.14293112377007e-05
4.14288821451875e-05
4.14284530615627e-05
4.14280239868259e-05
4.14275949209769e-05
4.14271658640153e-05
4.1426736815941e-05
4.14263077767536e-05
4.14258787464529e-05
4.14254497250386e-05
4.14250207125104e-05
4.1424591708868e-05
4.14241627141111e-05
4.14237337282396e-05
4.14233047512531e-05
4.14228757831512e-05
4.14224468239339e-05
4.14220178736007e-05
4.14215889321514e-05
4.14211599995858e-05
4.14207310759035e-05
4.14203021611043e-05
4.14198732551878e-05
4.14194443581539e-05
4.14190154700023e-05
4.14185865907326e-05
4.14181577203446e-05
4.1417728858838e-05
4.14173000062126e-05
4.1416871162468e-05
4.14164423276041e-05
4.14160135016204e-05
4.14155846845168e-05
4.14151558762929e-05
4.14147270769486e-05
4.14142982864834e-05
4.14138695048972e-05
4.14134407321896e-05
4.14130119683605e-05
4.14125832134094e-05
4.14121544673362e-05
4.14117257301405e-05
4.14112970018221e-05
4.14108682823807e-05
4.14104395718161e-05
4.14100108701279e-05
4.14095821773158e-05
4.14091534933797e-05
4.14087248183192e-05
4.14082961521341e-05
4.1407867494824e-05
4.14074388463888e-05
4.1407010206828e-05
4.14065815761415e-05
4.1406152954329e-05
4.14057243413902e-05
4.14052957373248e-05
4.14048671421326e-05
4.14044385558132e-05
4.14040099783664e-05
4.14035814097919e-05
4.14031528500895e-05
4.14027242992589e-05
4.14022957572997e-05
4.14018672242118e-05
4.14014386999948e-05
4.14010101846485e-05
4.14005816781726e-05
4.14001531805668e-05
4.13997246918308e-05
4.13992962119644e-05
4.13988677409673e-05
4.13984392788392e-05
4.13980108255798e-05
4.13975823811889e-05
4.13971539456662e-05
4.13967255190114e-05
4.13962971012243e-05
4.13958686923045e-05
4.13954402922518e-05
4.13950119010659e-05
4.13945835187466e-05
4.13941551452935e-05
4.13937267807064e-05
4.1393298424985e-05
4.1392870078129e-05
4.13924417401382e-05
4.13920134110123e-05
4.13915850907511e-05
4.13911567793541e-05
4.13907284768212e-05
4.13903001831521e-05
4.13898718983465e-05
4.13894436224041e-05
4.13890153553247e-05
4.1388587097108e-05
4.13881588477537e-05
4.13877306072615e-05
4.13873023756312e-05
4.13868741528624e-05
4.1386445938955e-05
4.13860177339086e-05
4.1385589537723e-05
4.13851613503978e-05
4.13847331719329e-05
4.13843050023279e-05
4.13838768415825e-05
4.13834486896966e-05
4.13830205466697e-05
4.13825924125017e-05
4.13821642871922e-05
4.1381736170741e-05
4.13813080631479e-05
4.13808799644124e-05
4.13804518745345e-05
4.13800237935137e-05
4.13795957213498e-05
4.13791676580426e-05
4.13787396035917e-05
4.13783115579969e-05
4.13778835212579e-05
4.13774554933744e-05
4.13770274743462e-05
4.1376599464173e-05
4.13761714628545e-05
4.13757434703905e-05
4.13753154867806e-05
4.13748875120246e-05
4.13744595461222e-05
4.13740315890731e-05
4.13736036408771e-05
4.13731757015339e-05
4.13727477710432e-05
4.13723198494048e-05
4.13718919366183e-05
4.13714640326835e-05
4.13710361376001e-05
4.13706082513678e-05
4.13701803739864e-05
4.13697525054556e-05
4.13693246457752e-05
4.13688967949447e-05
4.1368468952964e-05
4.13680411198329e-05
4.13676132955509e-05
4.13671854801179e-05
4.13667576735335e-05
4.13663298757976e-05
4.13659020869098e-05
4.13654743068698e-05
4.13650465356774e-05
4.13646187733322e-05
4.13641910198341e-05
4.13637632751828e-05
4.13633355393779e-05
4.13629078124192e-05
4.13624800943065e-05
4.13620523850393e-05
4.13616246846176e-05
4.1361196993041e-05
4.13607693103092e-05
4.13603416364219e-05
4.13599139713789e-05
4.135948631518e-05
4.13590586678247e-05
4.13586310293129e-05
4.13582033996443e-05
4.13577757788186e-05
4.13573481668355e-05
4.13569205636948e-05
4.13564929693962e-05
4.13560653839394e-05
4.13556378073241e-05
4.13552102395501e-05
4.1354782680617e-05
4.13543551305247e-05
4.13539275892728e-05
4.13535000568611e-05
4.13530725332892e-05
4.1352645018557e-05
4.13522175126641e-05
4.13517900156103e-05
4.13513625273953e-05
4.13509350480188e-05
4.13505075774805e-05
4.13500801157802e-05
4.13496526629176e-05
4.13492252188925e-05
4.13487977837044e-05
4.13483703573533e-05
4.13479429398387e-05
4.13475155311605e-05
4.13470881313184e-05
4.1346660740312e-05
4.13462333581411e-05
4.13458059848054e-05
4.13453786203047e-05
4.13449512646387e-05
4.13445239178071e-05
4.13440965798096e-05
4.1343669250646e-05
4.1343241930316e-05
4.13428146188193e-05
4.13423873161556e-05
4.13419600223247e-05
4.13415327373262e-05
4.134110546116e-05
4.13406781938258e-05
4.13402509353232e-05
4.1339823685652e-05
4.13393964448119e-05
4.13389692128027e-05
4.1338541989624e-05
4.13381147752757e-05
4.13376875697573e-05
4.13372603730688e-05
4.13368331852097e-05
4.13364060061798e-05
4.13359788359788e-05
4.13355516746065e-05
4.13351245220626e-05
4.13346973783468e-05
4.13342702434589e-05
4.13338431173984e-05
4.13334160001653e-05
4.13329888917592e-05
4.13325617921799e-05
4.1332134701427e-05
4.13317076195003e-05
4.13312805463995e-05
4.13308534821244e-05
4.13304264266747e-05
4.132999938005e-05
4.13295723422502e-05
4.13291453132749e-05
4.13287182931239e-05
4.1328291281797e-05
4.13278642792937e-05
4.13274372856139e-05
4.13270103007573e-05
4.13265833247236e-05
4.13261563575126e-05
4.13257293991239e-05
4.13253024495573e-05
4.13248755088125e-05
4.13244485768893e-05
4.13240216537873e-05
4.13235947395064e-05
4.13231678340462e-05
4.13227409374064e-05
4.13223140495868e-05
4.13218871705871e-05
4.1321460300407e-05
4.13210334390463e-05
4.13206065865047e-05
4.13201797427819e-05
4.13197529078776e-05
4.13193260817916e-05
4.13188992645236e-05
4.13184724560733e-05
4.13180456564404e-05
4.13176188656248e-05
4.1317192083626e-05
4.13167653104438e-05
4.1316338546078e-05
4.13159117905283e-05
4.13154850437944e-05
4.1315058305876e-05
4.13146315767729e-05
4.13142048564848e-05
4.13137781450114e-05
4.13133514423524e-05
4.13129247485076e-05
4.13124980634767e-05
4.13120713872594e-05
4.13116447198554e-05
4.13112180612645e-05
4.13107914114865e-05
4.13103647705209e-05
4.13099381383676e-05
4.13095115150263e-05
4.13090849004967e-05
4.13086582947786e-05
4.13082316978716e-05
4.13078051097755e-05
4.130737853049e-05
4.13069519600149e-05
4.13065253983498e-05
4.13060988454945e-05
4.13056723014488e-05
4.13052457662123e-05
4.13048192397848e-05
4.1304392722166e-05
4.13039662133556e-05
4.13035397133534e-05
4.13031132221591e-05
4.13026867397724e-05
4.13022602661931e-05
4.13018338014208e-05
4.13014073454553e-05
4.13009808982963e-05
4.13005544599436e-05
4.13001280303969e-05
4.12997016096559e-05
4.12992751977203e-05
4.12988487945899e-05
4.12984224002643e-05
4.12979960147434e-05
4.12975696380268e-05
4.12971432701143e-05
4.12967169110056e-05
4.12962905607004e-05
4.12958642191984e-05
4.12954378864995e-05
4.12950115626032e-05
4.12945852475094e-05
4.12941589412178e-05
4.1293732643728e-05
4.12933063550398e-05
4.1292880075153e-05
4.12924538040673e-05
4.12920275417824e-05
4.1291601288298e-05
4.12911750436138e-05
4.12907488077296e-05
4.12903225806452e-05
4.12898963623601e-05
4.12894701528743e-05
4.12890439521873e-05
4.12886177602989e-05
4.12881915772089e-05
4.1287765402917e-05
4.12873392374228e-05
4.12869130807262e-05
4.12864869328269e-05
4.12860607937245e-05
4.12856346634189e-05
4.12852085419096e-05
4.12847824291966e-05
4.12843563252794e-05
4.12839302301579e-05
4.12835041438317e-05
4.12830780663006e-05
4.12826519975643e-05
4.12822259376226e-05
4.1281799886475e-05
4.12813738441215e-05
4.12809478105617e-05
4.12805217857954e-05
4.12800957698222e-05
4.12796697626419e-05
4.12792437642542e-05
4.12788177746589e-05
4.12783917938557e-05
4.12779658218443e-05
4.12775398586244e-05
4.12771139041958e-05
4.12766879585582e-05
4.12762620217113e-05
4.12758360936549e-05
4.12754101743886e-05
4.12749842639122e-05
4.12745583622255e-05
4.12741324693282e-05
4.12737065852199e-05
4.12732807099004e-05
4.12728548433695e-05
4.12724289856269e-05
4.12720031366722e-05
4.12715772965053e-05
4.12711514651259e-05
4.12707256425336e-05
4.12702998287283e-05
4.12698740237095e-05
4.12694482274772e-05
4.1269022440031e-05
4.12685966613705e-05
4.12681708914957e-05
4.12677451304061e-05
4.12673193781015e-05
4.12668936345817e-05
4.12664678998463e-05
4.12660421738951e-05
4.12656164567278e-05
4.12651907483442e-05
4.1264765048744e-05
4.12643393579269e-05
4.12639136758926e-05
4.12634880026409e-05
4.12630623381714e-05
4.1262636682484e-05
4.12622110355783e-05
4.12617853974541e-05
4.12613597681112e-05
4.12609341475491e-05
4.12605085357677e-05
4.12600829327667e-05
4.12596573385458e-05
4.12592317531048e-05
4.12588061764433e-05
4.12583806085611e-05
4.1257955049458e-05
4.12575294991336e-05
4.12571039575877e-05
4.125667842482e-05
4.12562529008303e-05
4.12558273856182e-05
4.12554018791836e-05
4.1254976381526e-05
4.12545508926453e-05
4.12541254125413e-05
4.12536999412135e-05
4.12532744786617e-05
4.12528490248858e-05
4.12524235798853e-05
4.12519981436601e-05
4.12515727162098e-05
4.12511472975342e-05
4.1250721887633e-05
4.1250296486506e-05
4.12498710941528e-05
4.12494457105733e-05
4.1249020335767e-05
4.12485949697338e-05
4.12481696124734e-05
4.12477442639856e-05
4.12473189242699e-05
4.12468935933263e-05
4.12464682711543e-05
4.12460429577537e-05
4.12456176531244e-05
4.12451923572659e-05
4.1244767070178e-05
4.12443417918604e-05
4.1243916522313e-05
4.12434912615353e-05
4.12430660095271e-05
4.12426407662883e-05
4.12422155318184e-05
4.12417903061172e-05
4.12413650891845e-05
4.12409398810199e-05
4.12405146816232e-05
4.12400894909942e-05
4.12396643091325e-05
4.12392391360379e-05
4.12388139717102e-05
4.1238388816149e-05
4.1237963669354e-05
4.12375385313251e-05
4.12371134020619e-05
4.12366882815641e-05
4.12362631698316e-05
4.12358380668639e-05
4.12354129726609e-05
4.12349878872223e-05
4.12345628105478e-05
4.12341377426371e-05
4.123371268349e-05
4.12332876331062e-05
4.12328625914854e-05
4.12324375586274e-05
4.12320125345318e-05
4.12315875191985e-05
4.1231162512627e-05
4.12307375148173e-05
4.12303125257689e-05
4.12298875454817e-05
4.12294625739554e-05
4.12290376111896e-05
4.12286126571841e-05
4.12281877119386e-05
4.1227762775453e-05
4.12273378477268e-05
4.12269129287599e-05
4.12264880185519e-05
4.12260631171026e-05
4.12256382244118e-05
4.1225213340479e-05
4.12247884653042e-05
4.12243635988869e-05
4.1223938741227e-05
4.12235138923242e-05
4.12230890521781e-05
4.12226642207886e-05
4.12222393981553e-05
4.1221814584278e-05
4.12213897791564e-05
4.12209649827903e-05
4.12205401951793e-05
4.12201154163232e-05
4.12196906462217e-05
4.12192658848746e-05
4.12188411322816e-05
4.12184163884424e-05
4.12179916533567e-05
4.12175669270243e-05
4.12171422094449e-05
4.12167175006183e-05
4.12162928005441e-05
4.12158681092221e-05
4.1215443426652e-05
4.12150187528335e-05
4.12145940877665e-05
4.12141694314505e-05
4.12137447838854e-05
4.12133201450709e-05
4.12128955150066e-05
4.12124708936924e-05
4.1212046281128e-05
4.1211621677313e-05
4.12111970822472e-05
4.12107724959304e-05
4.12103479183623e-05
4.12099233495426e-05
4.1209498789471e-05
4.12090742381472e-05
4.12086496955711e-05
4.12082251617423e-05
4.12078006366605e-05
4.12073761203255e-05
4.12069516127371e-05
4.12065271138948e-05
4.12061026237986e-05
4.1205678142448e-05
4.12052536698429e-05
4.12048292059829e-05
4.12044047508679e-05
4.12039803044974e-05
4.12035558668713e-05
4.12031314379893e-05
4.12027070178511e-05
4.12022826064564e-05
4.1201858203805e-05
4.12014338098966e-05
4.12010094247309e-05
4.12005850483077e-05
4.12001606806267e-05
4.11997363216875e-05
4.11993119714901e-05
4.1198887630034e-05
4.1198463297319e-05
4.11980389733449e-05
4.11976146581113e-05
4.1197190351618e-05
4.11967660538648e-05
4.11963417648513e-05
4.11959174845773e-05
4.11954932130425e-05
4.11950689502467e-05
4.11946446961895e-05
4.11942204508707e-05
4.11937962142901e-05
4.11933719864474e-05
4.11929477673422e-05
4.11925235569744e-05
4.11920993553436e-05
4.11916751624497e-05
4.11912509782922e-05
4.1190826802871e-05
4.11904026361858e-05
4.11899784782362e-05
4.11895543290222e-05
4.11891301885432e-05
4.11887060567992e-05
4.11882819337898e-05
4.11878578195148e-05
4.11874337139739e-05
4.11870096171667e-05
4.11865855290932e-05
4.11861614497529e-05
4.11857373791456e-05
4.11853133172711e-05
4.1184889264129e-05
4.11844652197191e-05
4.11840411840412e-05
4.11836171570949e-05
4.118319313888e-05
4.11827691293963e-05
4.11823451286433e-05
4.1181921136621e-05
4.1181497153329e-05
4.1181073178767e-05
4.11806492129348e-05
4.11802252558322e-05
4.11798013074587e-05
4.11793773678142e-05
4.11789534368984e-05
4.1178529514711e-05
4.11781056012518e-05
4.11776816965205e-05
4.11772578005168e-05
4.11768339132404e-05
4.11764100346911e-05
4.11759861648686e-05
4.11755623037727e-05
4.1175138451403e-05
4.11747146077594e-05
4.11742907728414e-05
4.1173866946649e-05
4.11734431291817e-05
4.11730193204393e-05
4.11725955204216e-05
4.11721717291283e-05
4.11717479465591e-05
4.11713241727137e-05
4.11709004075919e-05
4.11704766511934e-05
4.1170052903518e-05
4.11696291645653e-05
4.11692054343351e-05
4.11687817128272e-05
4.11683580000412e-05
4.11679342959769e-05
4.1167510600634e-05
4.11670869140122e-05
4.11666632361114e-05
4.11662395669312e-05
4.11658159064713e-05
4.11653922547314e-05
4.11649686117114e-05
4.1164544977411e-05
4.11641213518297e-05
4.11636977349675e-05
4.1163274126824e-05
4.1162850527399e-05
4.11624269366922e-05
4.11620033547033e-05
4.1161579781432e-05
4.11611562168781e-05
4.11607326610414e-05
4.11603091139214e-05
4.11598855755181e-05
4.11594620458311e-05
4.11590385248601e-05
4.11586150126048e-05
4.11581915090651e-05
4.11577680142406e-05
4.1157344528131e-05
4.11569210507362e-05
4.11564975820558e-05
4.11560741220895e-05
4.11556506708371e-05
4.11552272282983e-05
4.11548037944729e-05
4.11543803693606e-05
4.1153956952961e-05
4.1153533545274e-05
4.11531101462993e-05
4.11526867560366e-05
4.11522633744856e-05
4.11518400016461e-05
4.11514166375177e-05
4.11509932821003e-05
4.11505699353936e-05
4.11501465973973e-05
4.1149723268111e-05
4.11492999475346e-05
4.11488766356678e-05
4.11484533325104e-05
4.11480300380619e-05
4.11476067523223e-05
4.11471834752911e-05
4.11467602069682e-05
4.11463369473533e-05
4.1145913696446e-05
4.11454904542462e-05
4.11450672207536e-05
4.11446439959678e-05
4.11442207798887e-05
4.11437975725159e-05
4.11433743738493e-05
4.11429511838884e-05
4.11425280026331e-05
4.11421048300831e-05
4.11416816662381e-05
4.11412585110979e-05
4.11408353646621e-05
4.11404122269305e-05
4.11399890979029e-05
4.11395659775789e-05
4.11391428659584e-05
4.1138719763041e-05
4.11382966688264e-05
4.11378735833145e-05
4.11374505065049e-05
4.11370274383973e-05
4.11366043789915e-05
4.11361813282873e-05
4.11357582862843e-05
4.11353352529823e-05
4.1134912228381e-05
4.11344892124802e-05
4.11340662052796e-05
4.11336432067788e-05
4.11332202169777e-05
4.1132797235876e-05
4.11323742634734e-05
4.11319512997697e-05
4.11315283447645e-05
4.11311053984576e-05
4.11306824608487e-05
4.11302595319376e-05
4.11298366117241e-05
4.11294137002077e-05
4.11289907973883e-05
4.11285679032656e-05
4.11281450178393e-05
4.11277221411092e-05
4.1127299273075e-05
4.11268764137364e-05
4.11264535630931e-05
4.11260307211449e-05
4.11256078878916e-05
4.11251850633328e-05
4.11247622474683e-05
4.11243394402977e-05
4.1123916641821e-05
4.11234938520377e-05
4.11230710709476e-05
4.11226482985504e-05
4.11222255348459e-05
4.11218027798339e-05
4.11213800335139e-05
4.11209572958859e-05
4.11205345669494e-05
4.11201118467042e-05
4.11196891351501e-05
4.11192664322868e-05
4.11188437381141e-05
4.11184210526316e-05
4.11179983758391e-05
4.11175757077363e-05
4.11171530483229e-05
4.11167303975988e-05
4.11163077555636e-05
4.1115885122217e-05
4.11154624975588e-05
4.11150398815887e-05
4.11146172743065e-05
4.11141946757118e-05
4.11137720858044e-05
4.11133495045841e-05
4.11129269320506e-05
4.11125043682036e-05
4.11120818130428e-05
4.1111659266568e-05
4.11112367287789e-05
4.11108141996752e-05
4.11103916792567e-05
4.11099691675231e-05
4.11095466644742e-05
4.11091241701096e-05
4.11087016844291e-05
4.11082792074324e-05
4.11078567391193e-05
4.11074342794894e-05
4.11070118285427e-05
4.11065893862786e-05
4.11061669526971e-05
4.11057445277978e-05
4.11053221115804e-05
4.11048997040447e-05
4.11044773051905e-05
4.11040549150174e-05
4.11036325335252e-05
4.11032101607135e-05
4.11027877965823e-05
4.11023654411311e-05
4.11019430943598e-05
4.1101520756268e-05
4.11010984268555e-05
4.11006761061219e-05
4.11002537940672e-05
4.10998314906909e-05
4.10994091959928e-05
4.10989869099727e-05
4.10985646326302e-05
4.10981423639652e-05
4.10977201039772e-05
4.10972978526662e-05
4.10968756100317e-05
4.10964533760736e-05
4.10960311507916e-05
4.10956089341854e-05
4.10951867262547e-05
4.10947645269993e-05
4.10943423364188e-05
4.10939201545131e-05
4.10934979812819e-05
4.10930758167249e-05
4.10926536608418e-05
4.10922315136323e-05
4.10918093750963e-05
4.10913872452334e-05
4.10909651240433e-05
4.10905430115259e-05
4.10901209076808e-05
4.10896988125077e-05
4.10892767260064e-05
4.10888546481767e-05
4.10884325790182e-05
4.10880105185307e-05
4.10875884667139e-05
4.10871664235676e-05
4.10867443890915e-05
4.10863223632853e-05
4.10859003461487e-05
4.10854783376815e-05
4.10850563378835e-05
4.10846343467543e-05
4.10842123642937e-05
4.10837903905014e-05
4.10833684253772e-05
4.10829464689208e-05
4.10825245211318e-05
4.10821025820101e-05
4.10816806515555e-05
4.10812587297675e-05
4.1080836816646e-05
4.10804149121906e-05
4.10799930164012e-05
4.10795711292774e-05
4.1079149250819e-05
4.10787273810257e-05
4.10783055198973e-05
4.10778836674335e-05
4.10774618236339e-05
4.10770399884984e-05
4.10766181620267e-05
4.10761963442185e-05
4.10757745350736e-05
4.10753527345916e-05
4.10749309427724e-05
4.10745091596155e-05
4.10740873851209e-05
4.10736656192882e-05
4.10732438621171e-05
4.10728221136074e-05
4.10724003737588e-05
4.10719786425711e-05
4.10715569200439e-05
4.10711352061771e-05
4.10707135009703e-05
4.10702918044233e-05
4.10698701165358e-05
4.10694484373075e-05
4.10690267667382e-05
4.10686051048276e-05
4.10681834515755e-05
4.10677618069815e-05
4.10673401710455e-05
4.10669185437671e-05
4.1066496925146e-05
4.10660753151821e-05
4.10656537138751e-05
4.10652321212246e-05
4.10648105372304e-05
4.10643889618922e-05
4.10639673952099e-05
4.1063545837183e-05
4.10631242878114e-05
4.10627027470948e-05
4.10622812150329e-05
4.10618596916254e-05
4.10614381768721e-05
4.10610166707728e-05
4.1060595173327e-05
4.10601736845347e-05
4.10597522043954e-05
4.10593307329091e-05
4.10589092700752e-05
4.10584878158937e-05
4.10580663703643e-05
4.10576449334866e-05
4.10572235052605e-05
4.10568020856855e-05
4.10563806747616e-05
4.10559592724884e-05
4.10555378788656e-05
4.1055116493893e-05
4.10546951175704e-05
4.10542737498974e-05
4.10538523908737e-05
4.10534310404992e-05
4.10530096987735e-05
4.10525883656965e-05
4.10521670412677e-05
4.1051745725487e-05
4.1051324418354e-05
4.10509031198686e-05
4.10504818300305e-05
4.10500605488393e-05
4.10496392762949e-05
4.10492180123969e-05
4.10487967571451e-05
4.10483755105392e-05
4.10479542725789e-05
4.10475330432641e-05
4.10471118225944e-05
4.10466906105695e-05
4.10462694071893e-05
4.10458482124533e-05
4.10454270263614e-05
4.10450058489133e-05
4.10445846801088e-05
4.10441635199475e-05
4.10437423684292e-05
4.10433212255536e-05
4.10429000913205e-05
4.10424789657295e-05
4.10420578487805e-05
4.10416367404732e-05
4.10412156408073e-05
4.10407945497825e-05
4.10403734673986e-05
4.10399523936552e-05
4.10395313285522e-05
4.10391102720893e-05
4.10386892242662e-05
4.10382681850826e-05
4.10378471545383e-05
4.1037426132633e-05
4.10370051193664e-05
4.10365841147383e-05
4.10361631187484e-05
4.10357421313964e-05
4.10353211526822e-05
4.10349001826053e-05
4.10344792211656e-05
4.10340582683627e-05
4.10336373241965e-05
4.10332163886666e-05
4.10327954617728e-05
4.10323745435148e-05
4.10319536338924e-05
4.10315327329052e-05
4.10311118405531e-05
4.10306909568357e-05
4.10302700817528e-05
4.10298492153041e-05
4.10294283574894e-05
4.10290075083084e-05
4.10285866677608e-05
4.10281658358463e-05
4.10277450125647e-05
4.10273241979158e-05
4.10269033918992e-05
4.10264825945148e-05
4.10260618057621e-05
4.1025641025641e-05
4.10252202541512e-05
4.10247994912925e-05
4.10243787370645e-05
4.1023957991467e-05
4.10235372544998e-05
4.10231165261625e-05
4.10226958064549e-05
4.10222750953768e-05
4.10218543929278e-05
4.10214336991078e-05
4.10210130139164e-05
4.10205923373534e-05
4.10201716694184e-05
4.10197510101114e-05
4.10193303594319e-05
4.10189097173797e-05
4.10184890839546e-05
4.10180684591563e-05
4.10176478429844e-05
4.10172272354389e-05
4.10168066365193e-05
4.10163860462255e-05
4.10159654645571e-05
4.10155448915139e-05
4.10151243270956e-05
4.1014703771302e-05
4.10142832241328e-05
4.10138626855877e-05
4.10134421556665e-05
4.10130216343689e-05
4.10126011216946e-05
4.10121806176434e-05
4.1011760122215e-05
4.10113396354092e-05
4.10109191572256e-05
4.1010498687664e-05
4.10100782267242e-05
4.10096577744059e-05
4.10092373307087e-05
4.10088168956326e-05
4.10083964691771e-05
4.1007976051342e-05
4.10075556421271e-05
4.1007135241532e-05
4.10067148495566e-05
4.10062944662006e-05
4.10058740914636e-05
4.10054537253455e-05
4.10050333678459e-05
4.10046130189646e-05
4.10041926787014e-05
4.10037723470559e-05
4.1003352024028e-05
4.10029317096172e-05
4.10025114038235e-05
4.10020911066464e-05
4.10016708180858e-05
4.10012505381414e-05
4.10008302668129e-05
4.10004100041e-05
4.09999897500026e-05
4.09995695045202e-05
4.09991492676527e-05
4.09987290393998e-05
4.09983088197612e-05
4.09978886087366e-05
4.09974684063259e-05
4.09970482125287e-05
4.09966280273448e-05
4.09962078507738e-05
4.09957876828156e-05
4.09953675234698e-05
4.09949473727363e-05
4.09945272306147e-05
4.09941070971048e-05
4.09936869722063e-05
4.09932668559189e-05
4.09928467482424e-05
4.09924266491766e-05
4.09920065587211e-05
4.09915864768756e-05
4.099116640364e-05
4.0990746339014e-05
4.09903262829972e-05
4.09899062355895e-05
4.09894861967905e-05
4.09890661666001e-05
4.09886461450178e-05
4.09882261320436e-05
4.0987806127677e-05
4.09873861319179e-05
4.0986966144766e-05
4.09865461662209e-05
4.09861261962826e-05
4.09857062349506e-05
4.09852862822247e-05
4.09848663381047e-05
4.09844464025902e-05
4.09840264756811e-05
4.0983606557377e-05
4.09831866476778e-05
4.09827667465831e-05
4.09823468540926e-05
4.09819269702061e-05
4.09815070949234e-05
4.09810872282442e-05
4.09806673701681e-05
4.0980247520695e-05
4.09798276798246e-05
4.09794078475566e-05
4.09789880238907e-05
4.09785682088268e-05
4.09781484023644e-05
4.09777286045034e-05
4.09773088152436e-05
4.09768890345845e-05
4.0976469262526e-05
4.09760494990678e-05
4.09756297442096e-05
4.09752099979512e-05
4.09747902602924e-05
4.09743705312327e-05
4.09739508107721e-05
4.09735310989101e-05
4.09731113956466e-05
4.09726917009813e-05
4.09722720149139e-05
4.09718523374442e-05
4.09714326685718e-05
4.09710130082966e-05
4.09705933566183e-05
4.09701737135365e-05
4.09697540790511e-05
4.09693344531618e-05
4.09689148358683e-05
4.09684952271703e-05
4.09680756270676e-05
4.09676560355599e-05
4.0967236452647e-05
4.09668168783286e-05
4.09663973126043e-05
4.09659777554741e-05
4.09655582069375e-05
4.09651386669944e-05
4.09647191356444e-05
4.09642996128874e-05
4.0963880098723e-05
4.09634605931509e-05
4.0963041096171e-05
4.09626216077829e-05
4.09622021279864e-05
4.09617826567812e-05
4.09613631941671e-05
4.09609437401438e-05
4.0960524294711e-05
4.09601048578684e-05
4.09596854296159e-05
4.09592660099531e-05
4.09588465988798e-05
4.09584271963957e-05
4.09580078025005e-05
4.0957588417194e-05
4.09571690404759e-05
4.0956749672346e-05
4.0956330312804e-05
4.09559109618496e-05
4.09554916194825e-05
4.09550722857026e-05
4.09546529605095e-05
4.09542336439029e-05
4.09538143358827e-05
4.09533950364485e-05
4.09529757456001e-05
4.09525564633372e-05
4.09521371896596e-05
4.09517179245669e-05
4.0951298668059e-05
4.09508794201355e-05
4.09504601807963e-05
4.0950040950041e-05
4.09496217278693e-05
4.0949202514281e-05
4.09487833092759e-05
4.09483641128537e-05
4.09479449250141e-05
4.09475257457568e-05
4.09471065750816e-05
4.09466874129883e-05
4.09462682594765e-05
4.0945849114546e-05
4.09454299781966e-05
4.09450108504279e-05
4.09445917312397e-05
4.09441726206318e-05
4.09437535186038e-05
4.09433344251556e-05
4.09429153402868e-05
4.09424962639972e-05
4.09420771962866e-05
4.09416581371546e-05
4.0941239086601e-05
4.09408200446255e-05
4.09404010112279e-05
4.09399819864079e-05
4.09395629701653e-05
4.09391439624997e-05
4.0938724963411e-05
4.09383059728988e-05
4.0937886990963e-05
4.09374680176031e-05
4.0937049052819e-05
4.09366300966104e-05
4.09362111489771e-05
4.09357922099187e-05
4.09353732794351e-05
4.09349543575259e-05
4.09345354441909e-05
4.09341165394298e-05
4.09336976432424e-05
4.09332787556283e-05
4.09328598765874e-05
4.09324410061194e-05
4.0932022144224e-05
4.09316032909009e-05
4.09311844461499e-05
4.09307656099707e-05
4.09303467823631e-05
4.09299279633268e-05
4.09295091528615e-05
4.09290903509669e-05
4.09286715576429e-05
4.09282527728891e-05
4.09278339967053e-05
4.09274152290912e-05
4.09269964700466e-05
4.09265777195711e-05
4.09261589776646e-05
4.09257402443267e-05
4.09253215195572e-05
4.09249028033558e-05
4.09244840957224e-05
4.09240653966565e-05
4.0923646706158e-05
4.09232280242265e-05
4.09228093508619e-05
4.09223906860639e-05
4.09219720298321e-05
4.09215533821664e-05
4.09211347430664e-05
4.0920716112532e-05
4.09202974905628e-05
4.09198788771585e-05
4.0919460272319e-05
4.09190416760439e-05
4.09186230883331e-05
4.09182045091861e-05
4.09177859386029e-05
4.0917367376583e-05
4.09169488231263e-05
4.09165302782324e-05
4.09161117419012e-05
4.09156932141323e-05
4.09152746949255e-05
4.09148561842805e-05
4.09144376821971e-05
4.0914019188675e-05
4.09136007037139e-05
4.09131822273136e-05
4.09127637594739e-05
4.09123453001943e-05
4.09119268494748e-05
4.0911508407315e-05
4.09110899737146e-05
4.09106715486735e-05
4.09102531321913e-05
4.09098347242677e-05
4.09094163249026e-05
4.09089979340956e-05
4.09085795518465e-05
4.0908161178155e-05
4.09077428130209e-05
4.09073244564439e-05
4.09069061084238e-05
4.09064877689602e-05
4.09060694380529e-05
4.09056511157016e-05
4.09052328019062e-05
4.09048144966663e-05
4.09043961999816e-05
4.09039779118519e-05
4.0903559632277e-05
4.09031413612565e-05
4.09027230987903e-05
4.0902304844878e-05
4.09018865995194e-05
4.09014683627142e-05
4.09010501344622e-05
4.09006319147631e-05
4.09002137036166e-05
4.08997955010225e-05
4.08993773069805e-05
4.08989591214904e-05
4.08985409445518e-05
4.08981227761646e-05
4.08977046163284e-05
4.0897286465043e-05
4.08968683223082e-05
4.08964501881237e-05
4.08960320624891e-05
4.08956139454044e-05
4.08951958368691e-05
4.0894777736883e-05
4.08943596454459e-05
4.08939415625575e-05
4.08935234882176e-05
4.08931054224258e-05
4.08926873651819e-05
4.08922693164857e-05
4.08918512763369e-05
4.08914332447352e-05
4.08910152216804e-05
4.08905972071722e-05
4.08901792012104e-05
4.08897612037946e-05
4.08893432149246e-05
4.08889252346002e-05
4.08885072628211e-05
4.0888089299587e-05
4.08876713448977e-05
4.08872533987529e-05
4.08868354611524e-05
4.08864175320958e-05
4.0885999611583e-05
4.08855816996136e-05
4.08851637961875e-05
4.08847459013042e-05
4.08843280149637e-05
4.08839101371655e-05
4.08834922679095e-05
4.08830744071954e-05
4.08826565550229e-05
4.08822387113918e-05
4.08818208763018e-05
4.08814030497527e-05
4.08809852317441e-05
4.08805674222758e-05
4.08801496213476e-05
4.08797318289592e-05
4.08793140451103e-05
4.08788962698007e-05
4.08784785030301e-05
4.08780607447983e-05
4.08776429951049e-05
4.08772252539498e-05
4.08768075213326e-05
4.08763897972531e-05
4.08759720817111e-05
4.08755543747062e-05
4.08751366762383e-05
4.0874718986307e-05
4.08743013049121e-05
4.08738836320533e-05
4.08734659677304e-05
4.08730483119431e-05
4.08726306646912e-05
4.08722130259743e-05
4.08717953957922e-05
4.08713777741448e-05
4.08709601610316e-05
4.08705425564524e-05
4.08701249604071e-05
4.08697073728952e-05
4.08692897939166e-05
4.0868872223471e-05
4.08684546615581e-05
4.08680371081777e-05
4.08676195633295e-05
4.08672020270132e-05
4.08667844992286e-05
4.08663669799755e-05
4.08659494692535e-05
4.08655319670624e-05
4.08651144734019e-05
4.08646969882718e-05
4.08642795116719e-05
4.08638620436017e-05
4.08634445840612e-05
4.086302713305e-05
4.08626096905679e-05
4.08621922566146e-05
4.08617748311898e-05
4.08613574142933e-05
4.08609400059248e-05
4.08605226060841e-05
4.08601052147709e-05
4.0859687831985e-05
4.0859270457726e-05
4.08588530919937e-05
4.08584357347879e-05
4.08580183861083e-05
4.08576010459546e-05
4.08571837143266e-05
4.0856766391224e-05
4.08563490766465e-05
4.08559317705939e-05
4.0855514473066e-05
4.08550971840624e-05
4.0854679903583e-05
4.08542626316273e-05
4.08538453681953e-05
4.08534281132866e-05
4.08530108669009e-05
4.0852593629038e-05
4.08521763996977e-05
4.08517591788796e-05
4.08513419665836e-05
4.08509247628093e-05
4.08505075675565e-05
4.0850090380825e-05
4.08496732026144e-05
4.08492560329245e-05
4.08488388717551e-05
4.08484217191058e-05
4.08480045749765e-05
4.08475874393669e-05
4.08471703122766e-05
4.08467531937055e-05
4.08463360836533e-05
4.08459189821197e-05
4.08455018891045e-05
4.08450848046073e-05
4.0844667728628e-05
4.08442506611663e-05
4.08438336022219e-05
4.08434165517946e-05
4.0842999509884e-05
4.084258247649e-05
4.08421654516122e-05
4.08417484352505e-05
4.08413314274045e-05
4.0840914428074e-05
4.08404974372588e-05
4.08400804549585e-05
4.08396634811729e-05
4.08392465159018e-05
4.08388295591448e-05
4.08384126109018e-05
4.08379956711725e-05
4.08375787399565e-05
4.08371618172537e-05
4.08367449030638e-05
4.08363279973865e-05
4.08359111002215e-05
4.08354942115687e-05
4.08350773314277e-05
4.08346604597983e-05
4.08342435966802e-05
4.08338267420731e-05
4.08334098959769e-05
4.08329930583912e-05
4.08325762293157e-05
4.08321594087503e-05
4.08317425966947e-05
4.08313257931485e-05
4.08309089981116e-05
4.08304922115836e-05
4.08300754335644e-05
4.08296586640536e-05
4.0829241903051e-05
4.08288251505563e-05
4.08284084065693e-05
4.08279916710897e-05
4.08275749441173e-05
4.08271582256517e-05
4.08267415156928e-05
4.08263248142402e-05
4.08259081212938e-05
4.08254914368532e-05
4.08250747609182e-05
4.08246580934885e-05
4.08242414345638e-05
4.0823824784144e-05
4.08234081422288e-05
4.08229915088178e-05
4.08225748839108e-05
4.08221582675076e-05
4.08217416596079e-05
4.08213250602115e-05
4.0820908469318e-05
4.08204918869272e-05
4.0820075313039e-05
4.08196587476529e-05
4.08192421907687e-05
4.08188256423863e-05
4.08184091025052e-05
4.08179925711254e-05
4.08175760482464e-05
4.0817159533868e-05
4.08167430279901e-05
4.08163265306122e-05
4.08159100417343e-05
4.08154935613559e-05
4.08150770894769e-05
4.08146606260969e-05
4.08142441712158e-05
4.08138277248332e-05
4.08134112869489e-05
4.08129948575626e-05
4.08125784366742e-05
4.08121620242832e-05
4.08117456203895e-05
4.08113292249929e-05
4.08109128380929e-05
4.08104964596894e-05
4.08100800897822e-05
4.08096637283709e-05
4.08092473754553e-05
4.08088310310351e-05
4.08084146951101e-05
4.08079983676801e-05
4.08075820487447e-05
4.08071657383036e-05
4.08067494363568e-05
4.08063331429038e-05
4.08059168579444e-05
4.08055005814784e-05
4.08050843135055e-05
4.08046680540254e-05
4.08042518030379e-05
4.08038355605427e-05
4.08034193265396e-05
4.08030031010282e-05
4.08025868840084e-05
4.08021706754799e-05
4.08017544754424e-05
4.08013382838957e-05
4.08009221008395e-05
4.08005059262735e-05
4.08000897601975e-05
4.07996736026112e-05
4.07992574535143e-05
4.07988413129067e-05
4.0798425180788e-05
4.0798009057158e-05
4.07975929420164e-05
4.0797176835363e-05
4.07967607371975e-05
4.07963446475196e-05
4.07959285663291e-05
4.07955124936257e-05
4.07950964294092e-05
4.07946803736793e-05
4.07942643264357e-05
4.07938482876782e-05
4.07934322574066e-05
4.07930162356205e-05
4.07926002223197e-05
4.07921842175039e-05
4.0791768221173e-05
4.07913522333265e-05
4.07909362539644e-05
4.07905202830862e-05
4.07901043206918e-05
4.07896883667809e-05
4.07892724213532e-05
4.07888564844085e-05
4.07884405559464e-05
4.07880246359669e-05
4.07876087244695e-05
4.07871928214541e-05
4.07867769269203e-05
4.07863610408679e-05
4.07859451632967e-05
4.07855292942064e-05
4.07851134335967e-05
4.07846975814674e-05
4.07842817378182e-05
4.07838659026489e-05
4.07834500759592e-05
4.07830342577488e-05
4.07826184480175e-05
4.0782202646765e-05
4.0781786853991e-05
4.07813710696954e-05
4.07809552938778e-05
4.07805395265379e-05
4.07801237676756e-05
4.07797080172906e-05
4.07792922753826e-05
4.07788765419513e-05
4.07784608169965e-05
4.07780451005179e-05
4.07776293925153e-05
4.07772136929884e-05
4.07767980019369e-05
4.07763823193606e-05
4.07759666452593e-05
4.07755509796326e-05
4.07751353224803e-05
4.07747196738022e-05
4.0774304033598e-05
4.07738884018674e-05
4.07734727786102e-05
4.07730571638261e-05
4.07726415575149e-05
4.07722259596763e-05
4.077181037031e-05
4.07713947894157e-05
4.07709792169933e-05
4.07705636530425e-05
4.0770148097563e-05
4.07697325505545e-05
4.07693170120168e-05
4.07689014819496e-05
4.07684859603526e-05
4.07680704472257e-05
4.07676549425686e-05
4.07672394463809e-05
4.07668239586624e-05
4.0766408479413e-05
4.07659930086322e-05
4.07655775463199e-05
4.07651620924758e-05
4.07647466470996e-05
4.07643312101911e-05
4.076391578175e-05
4.07635003617761e-05
4.0763084950269e-05
4.07626695472286e-05
4.07622541526546e-05
4.07618387665468e-05
4.07614233889047e-05
4.07610080197283e-05
4.07605926590173e-05
4.07601773067713e-05
4.07597619629901e-05
4.07593466276736e-05
4.07589313008213e-05
4.07585159824331e-05
4.07581006725087e-05
4.07576853710478e-05
4.07572700780502e-05
4.07568547935156e-05
4.07564395174438e-05
4.07560242498344e-05
4.07556089906873e-05
4.07551937400022e-05
4.07547784977789e-05
4.0754363264017e-05
4.07539480387163e-05
4.07535328218765e-05
4.07531176134974e-05
4.07527024135788e-05
4.07522872221203e-05
4.07518720391218e-05
4.07514568645829e-05
4.07510416985034e-05
4.07506265408831e-05
4.07502113917216e-05
4.07497962510187e-05
4.07493811187743e-05
4.07489659949879e-05
4.07485508796593e-05
4.07481357727884e-05
4.07477206743748e-05
4.07473055844182e-05
4.07468905029185e-05
4.07464754298753e-05
4.07460603652884e-05
4.07456453091576e-05
4.07452302614825e-05
4.0744815222263e-05
4.07444001914987e-05
4.07439851691894e-05
4.07435701553349e-05
4.07431551499348e-05
4.0742740152989e-05
4.07423251644971e-05
4.0741910184459e-05
4.07414952128743e-05
4.07410802497428e-05
4.07406652950643e-05
4.07402503488384e-05
4.07398354110649e-05
4.07394204817436e-05
4.07390055608743e-05
4.07385906484565e-05
4.07381757444902e-05
4.07377608489749e-05
4.07373459619106e-05
4.07369310832968e-05
4.07365162131335e-05
4.07361013514202e-05
4.07356864981567e-05
4.07352716533428e-05
4.07348568169783e-05
4.07344419890628e-05
4.07340271695961e-05
4.0733612358578e-05
4.07331975560081e-05
4.07327827618863e-05
4.07323679762123e-05
4.07319531989858e-05
4.07315384302065e-05
4.07311236698742e-05
4.07307089179887e-05
4.07302941745497e-05
4.07298794395569e-05
4.072946471301e-05
4.07290499949089e-05
4.07286352852532e-05
4.07282205840427e-05
4.07278058912771e-05
4.07273912069562e-05
4.07269765310798e-05
4.07265618636475e-05
4.07261472046591e-05
4.07257325541143e-05
4.0725317912013e-05
4.07249032783547e-05
4.07244886531393e-05
4.07240740363666e-05
4.07236594280362e-05
4.07232448281479e-05
4.07228302367015e-05
4.07224156536966e-05
4.0722001079133e-05
4.07215865130105e-05
4.07211719553289e-05
4.07207574060878e-05
4.07203428652869e-05
4.07199283329261e-05
4.07195138090051e-05
4.07190992935236e-05
4.07186847864814e-05
4.07182702878782e-05
4.07178557977137e-05
4.07174413159877e-05
4.07170268426999e-05
4.07166123778502e-05
4.07161979214381e-05
4.07157834734635e-05
4.07153690339261e-05
4.07149546028256e-05
4.07145401801618e-05
4.07141257659345e-05
4.07137113601433e-05
4.0713296962788e-05
4.07128825738684e-05
4.07124681933842e-05
4.07120538213352e-05
4.0711639457721e-05
4.07112251025414e-05
4.07108107557962e-05
4.07103964174851e-05
4.07099820876079e-05
4.07095677661642e-05
4.07091534531539e-05
4.07087391485767e-05
4.07083248524323e-05
4.07079105647205e-05
4.0707496285441e-05
4.07070820145935e-05
4.07066677521778e-05
4.07062534981937e-05
4.07058392526408e-05
4.07054250155189e-05
4.07050107868279e-05
4.07045965665673e-05
4.0704182354737e-05
4.07037681513366e-05
4.0703353956366e-05
4.07029397698249e-05
4.0702525591713e-05
4.070211142203e-05
4.07016972607758e-05
4.070128310795e-05
4.07008689635524e-05
4.07004548275827e-05
4.07000407000407e-05
4.06996265809261e-05
4.06992124702387e-05
4.06987983679782e-05
4.06983842741443e-05
4.06979701887368e-05
4.06975561117555e-05
4.06971420432e-05
4.06967279830702e-05
4.06963139313657e-05
4.06958998880863e-05
4.06954858532317e-05
4.06950718268018e-05
4.06946578087961e-05
4.06942437992146e-05
4.06938297980569e-05
4.06934158053227e-05
4.06930018210118e-05
4.0692587845124e-05
4.0692173877659e-05
4.06917599186165e-05
4.06913459679963e-05
4.0690932025798e-05
4.06905180920216e-05
4.06901041666667e-05
4.0689690249733e-05
4.06892763412203e-05
4.06888624411283e-05
4.06884485494568e-05
4.06880346662055e-05
4.06876207913742e-05
4.06872069249626e-05
4.06867930669705e-05
4.06863792173975e-05
4.06859653762435e-05
4.06855515435081e-05
4.06851377191912e-05
4.06847239032924e-05
4.06843100958115e-05
4.06838962967483e-05
4.06834825061025e-05
4.06830687238738e-05
4.0682654950062e-05
4.06822411846669e-05
4.06818274276881e-05
4.06814136791254e-05
4.06809999389785e-05
4.06805862072472e-05
4.06801724839313e-05
4.06797587690305e-05
4.06793450625445e-05
4.06789313644731e-05
4.06785176748159e-05
4.06781039935729e-05
4.06776903207436e-05
4.06772766563279e-05
4.06768630003254e-05
4.0676449352736e-05
4.06760357135594e-05
4.06756220827952e-05
4.06752084604434e-05
4.06747948465035e-05
4.06743812409754e-05
4.06739676438587e-05
4.06735540551533e-05
4.06731404748589e-05
4.06727269029752e-05
4.0672313339502e-05
4.06718997844389e-05
4.06714862377858e-05
4.06710726995424e-05
4.06706591697085e-05
4.06702456482837e-05
4.06698321352679e-05
4.06694186306607e-05
4.06690051344619e-05
4.06685916466713e-05
4.06681781672886e-05
4.06677646963135e-05
4.06673512337458e-05
4.06669377795852e-05
4.06665243338315e-05
4.06661108964844e-05
4.06656974675437e-05
4.06652840470091e-05
4.06648706348803e-05
4.06644572311571e-05
4.06640438358393e-05
4.06636304489265e-05
4.06632170704185e-05
4.06628037003151e-05
4.06623903386161e-05
4.0661976985321e-05
4.06615636404298e-05
4.06611503039421e-05
4.06607369758577e-05
4.06603236561763e-05
4.06599103448977e-05
4.06594970420216e-05
4.06590837475477e-05
4.06586704614759e-05
4.06582571838058e-05
4.06578439145372e-05
4.06574306536698e-05
4.06570174012035e-05
4.06566041571378e-05
4.06561909214726e-05
4.06557776942076e-05
4.06553644753425e-05
4.06549512648772e-05
4.06545380628113e-05
4.06541248691445e-05
4.06537116838767e-05
4.06532985070076e-05
4.06528853385369e-05
4.06524721784644e-05
4.06520590267897e-05
4.06516458835127e-05
4.06512327486331e-05
4.06508196221506e-05
4.0650406504065e-05
4.06499933943761e-05
4.06495802930835e-05
4.0649167200187e-05
4.06487541156864e-05
4.06483410395813e-05
4.06479279718716e-05
4.0647514912557e-05
4.06471018616373e-05
4.06466888191121e-05
4.06462757849812e-05
4.06458627592444e-05
4.06454497419014e-05
4.06450367329519e-05
4.06446237323958e-05
4.06442107402327e-05
4.06437977564624e-05
4.06433847810846e-05
4.06429718140991e-05
4.06425588555055e-05
4.06421459053038e-05
4.06417329634936e-05
4.06413200300746e-05
4.06409071050466e-05
4.06404941884093e-05
4.06400812801626e-05
4.0639668380306e-05
4.06392554888394e-05
4.06388426057626e-05
4.06384297310752e-05
4.0638016864777e-05
4.06376040068678e-05
4.06371911573472e-05
4.06367783162151e-05
4.06363654834712e-05
4.06359526591152e-05
4.06355398431468e-05
4.06351270355659e-05
4.06347142363721e-05
4.06343014455653e-05
4.06338886631451e-05
4.06334758891112e-05
4.06330631234636e-05
4.06326503662018e-05
4.06322376173256e-05
4.06318248768348e-05
4.06314121447291e-05
4.06309994210083e-05
4.0630586705672e-05
4.06301739987202e-05
4.06297613001524e-05
4.06293486099684e-05
4.0628935928168e-05
4.0628523254751e-05
4.0628110589717e-05
4.06276979330659e-05
4.06272852847973e-05
4.0626872644911e-05
4.06264600134067e-05
4.06260473902843e-05
4.06256347755434e-05
4.06252221691837e-05
4.06248095712051e-05
4.06243969816073e-05
4.062398440039e-05
4.06235718275529e-05
4.06231592630959e-05
4.06227467070186e-05
4.06223341593208e-05
4.06219216200022e-05
4.06215090890627e-05
4.06210965665018e-05
4.06206840523194e-05
4.06202715465153e-05
4.06198590490891e-05
4.06194465600406e-05
4.06190340793696e-05
4.06186216070758e-05
4.06182091431589e-05
4.06177966876187e-05
4.06173842404549e-05
4.06169718016673e-05
4.06165593712557e-05
4.06161469492197e-05
4.06157345355591e-05
4.06153221302736e-05
4.06149097333631e-05
4.06144973448272e-05
4.06140849646657e-05
4.06136725928784e-05
4.06132602294649e-05
4.06128478744251e-05
4.06124355277586e-05
4.06120231894652e-05
4.06116108595447e-05
4.06111985379969e-05
4.06107862248213e-05
4.06103739200179e-05
4.06099616235863e-05
4.06095493355262e-05
4.06091370558376e-05
4.060872478452e-05
4.06083125215732e-05
4.06079002669969e-05
4.0607488020791e-05
4.06070757829552e-05
4.06066635534891e-05
4.06062513323926e-05
4.06058391196654e-05
4.06054269153072e-05
4.06050147193178e-05
4.0604602531697e-05
4.06041903524444e-05
4.06037781815598e-05
4.0603366019043e-05
4.06029538648937e-05
4.06025417191116e-05
4.06021295816966e-05
4.06017174526482e-05
4.06013053319664e-05
4.06008932196508e-05
4.06004811157012e-05
4.06000690201173e-05
4.05996569328989e-05
4.05992448540457e-05
4.05988327835575e-05
4.05984207214339e-05
4.05980086676748e-05
4.059759662228e-05
4.0597184585249e-05
4.05967725565818e-05
4.05963605362779e-05
4.05959485243373e-05
4.05955365207595e-05
4.05951245255445e-05
4.05947125386918e-05
4.05943005602013e-05
4.05938885900728e-05
4.05934766283058e-05
4.05930646749003e-05
4.05926527298559e-05
4.05922407931724e-05
4.05918288648495e-05
4.0591416944887e-05
4.05910050332846e-05
4.05905931300421e-05
4.05901812351592e-05
4.05897693486357e-05
4.05893574704712e-05
4.05889456006657e-05
4.05885337392187e-05
4.058812188613e-05
4.05877100413995e-05
4.05872982050267e-05
4.05868863770116e-05
4.05864745573538e-05
4.0586062746053e-05
4.05856509431091e-05
4.05852391485217e-05
4.05848273622906e-05
4.05844155844156e-05
4.05840038148964e-05
4.05835920537327e-05
4.05831803009243e-05
4.05827685564709e-05
4.05823568203723e-05
4.05819450926283e-05
4.05815333732385e-05
4.05811216622027e-05
4.05807099595207e-05
4.05802982651922e-05
4.0579886579217e-05
4.05794749015948e-05
4.05790632323253e-05
4.05786515714083e-05
4.05782399188435e-05
4.05778282746307e-05
4.05774166387697e-05
4.05770050112601e-05
4.05765933921018e-05
4.05761817812944e-05
4.05757701788377e-05
4.05753585847315e-05
4.05749469989755e-05
4.05745354215694e-05
4.05741238525131e-05
4.05737122918061e-05
4.05733007394484e-05
4.05728891954396e-05
4.05724776597795e-05
4.05720661324678e-05
4.05716546135043e-05
4.05712431028887e-05
4.05708316006207e-05
4.05704201067002e-05
4.05700086211268e-05
4.05695971439004e-05
4.05691856750205e-05
4.05687742144871e-05
4.05683627622998e-05
4.05679513184584e-05
4.05675398829626e-05
4.05671284558123e-05
4.0566717037007e-05
4.05663056265466e-05
4.05658942244308e-05
4.05654828306594e-05
4.05650714452321e-05
4.05646600681486e-05
4.05642486994088e-05
4.05638373390123e-05
4.05634259869589e-05
4.05630146432483e-05
4.05626033078803e-05
4.05621919808546e-05
4.05617806621711e-05
4.05613693518293e-05
4.05609580498291e-05
4.05605467561703e-05
4.05601354708525e-05
4.05597241938755e-05
4.0559312925239e-05
4.05589016649429e-05
4.05584904129868e-05
4.05580791693705e-05
4.05576679340938e-05
4.05572567071563e-05
4.05568454885579e-05
4.05564342782983e-05
4.05560230763771e-05
4.05556118827943e-05
4.05552006975495e-05
4.05547895206424e-05
4.05543783520728e-05
4.05539671918405e-05
4.05535560399453e-05
4.05531448963867e-05
4.05527337611647e-05
4.05523226342789e-05
4.05519115157291e-05
4.0551500405515e-05
4.05510893036364e-05
4.05506782100931e-05
4.05502671248847e-05
4.0549856048011e-05
4.05494449794718e-05
4.05490339192669e-05
4.05486228673959e-05
4.05482118238586e-05
4.05478007886547e-05
4.05473897617841e-05
4.05469787432464e-05
4.05465677330414e-05
4.05461567311688e-05
4.05457457376285e-05
4.05453347524201e-05
4.05449237755433e-05
4.0544512806998e-05
4.05441018467838e-05
4.05436908949006e-05
4.05432799513481e-05
4.05428690161259e-05
4.0542458089234e-05
4.05420471706719e-05
4.05416362604395e-05
4.05412253585365e-05
4.05408144649626e-05
4.05404035797176e-05
4.05399927028013e-05
4.05395818342134e-05
4.05391709739536e-05
4.05387601220217e-05
4.05383492784174e-05
4.05379384431405e-05
4.05375276161907e-05
4.05371167975678e-05
4.05367059872715e-05
4.05362951853015e-05
4.05358843916577e-05
4.05354736063398e-05
4.05350628293474e-05
4.05346520606804e-05
4.05342413003385e-05
4.05338305483214e-05
4.05334198046289e-05
4.05330090692608e-05
4.05325983422167e-05
4.05321876234965e-05
4.05317769130999e-05
4.05313662110266e-05
4.05309555172763e-05
4.05305448318489e-05
4.0530134154744e-05
4.05297234859615e-05
4.0529312825501e-05
4.05289021733624e-05
4.05284915295453e-05
4.05280808940495e-05
4.05276702668747e-05
4.05272596480207e-05
4.05268490374873e-05
4.05264384352742e-05
4.05260278413811e-05
4.05256172558078e-05
4.05252066785541e-05
4.05247961096196e-05
4.05243855490041e-05
4.05239749967074e-05
4.05235644527293e-05
4.05231539170694e-05
4.05227433897275e-05
4.05223328707034e-05
4.05219223599968e-05
4.05215118576074e-05
4.05211013635351e-05
4.05206908777795e-05
4.05202804003404e-05
4.05198699312175e-05
4.05194594704107e-05
4.05190490179195e-05
4.05186385737439e-05
4.05182281378835e-05
4.05178177103381e-05
4.05174072911074e-05
4.05169968801912e-05
4.05165864775893e-05
4.05161760833013e-05
4.0515765697327e-05
4.05153553196662e-05
4.05149449503185e-05
4.05145345892839e-05
4.0514124236562e-05
4.05137138921525e-05
4.05133035560552e-05
4.05128932282699e-05
4.05124829087963e-05
4.05120725976341e-05
4.05116622947831e-05
4.05112520002431e-05
4.05108417140137e-05
4.05104314360948e-05
4.05100211664861e-05
4.05096109051873e-05
4.05092006521981e-05
4.05087904075184e-05
4.05083801711479e-05
4.05079699430863e-05
4.05075597233334e-05
4.05071495118888e-05
4.05067393087525e-05
4.0506329113924e-05
4.05059189274033e-05
4.05055087491899e-05
4.05050985792837e-05
4.05046884176843e-05
4.05042782643917e-05
4.05038681194054e-05
4.05034579827253e-05
4.0503047854351e-05
4.05026377342824e-05
4.05022276225192e-05
4.05018175190612e-05
4.0501407423908e-05
4.05009973370594e-05
4.05005872585152e-05
4.05001771882752e-05
4.0499767126339e-05
4.04993570727065e-05
4.04989470273773e-05
4.04985369903512e-05
4.0498126961628e-05
4.04977169412074e-05
4.04973069290892e-05
4.04968969252731e-05
4.04964869297588e-05
4.04960769425462e-05
4.04956669636349e-05
4.04952569930247e-05
4.04948470307153e-05
4.04944370767066e-05
4.04940271309982e-05
4.04936171935899e-05
4.04932072644814e-05
4.04927973436725e-05
4.04923874311629e-05
4.04919775269525e-05
4.04915676310408e-05
4.04911577434278e-05
4.04907478641131e-05
4.04903379930964e-05
4.04899281303776e-05
4.04895182759563e-05
4.04891084298324e-05
4.04886985920055e-05
4.04882887624755e-05
4.0487878941242e-05
4.04874691283048e-05
4.04870593236637e-05
4.04866495273184e-05
4.04862397392686e-05
4.04858299595142e-05
4.04854201880548e-05
4.04850104248902e-05
4.04846006700201e-05
4.04841909234444e-05
4.04837811851627e-05
4.04833714551748e-05
4.04829617334804e-05
4.04825520200793e-05
4.04821423149713e-05
4.04817326181561e-05
4.04813229296333e-05
4.04809132494029e-05
4.04805035774645e-05
4.04800939138179e-05
4.04796842584628e-05
4.0479274611399e-05
4.04788649726262e-05
4.04784553421441e-05
4.04780457199526e-05
4.04776361060514e-05
4.04772265004402e-05
4.04768169031187e-05
4.04764073140868e-05
4.04759977333441e-05
4.04755881608905e-05
4.04751785967256e-05
4.04747690408492e-05
4.0474359493261e-05
4.04739499539609e-05
4.04735404229485e-05
4.04731309002236e-05
4.0472721385786e-05
4.04723118796353e-05
4.04719023817715e-05
4.04714928921941e-05
4.04710834109029e-05
4.04706739378978e-05
4.04702644731783e-05
4.04698550167444e-05
4.04694455685957e-05
4.0469036128732e-05
4.0468626697153e-05
4.04682172738585e-05
4.04678078588483e-05
4.0467398452122e-05
4.04669890536795e-05
4.04665796635204e-05
4.04661702816445e-05
4.04657609080517e-05
4.04653515427415e-05
4.04649421857139e-05
4.04645328369684e-05
4.04641234965049e-05
4.04637141643231e-05
4.04633048404228e-05
4.04628955248038e-05
4.04624862174656e-05
4.04620769184082e-05
4.04616676276313e-05
4.04612583451345e-05
4.04608490709178e-05
4.04604398049807e-05
4.04600305473231e-05
4.04596212979447e-05
4.04592120568452e-05
4.04588028240244e-05
4.04583935994821e-05
4.0457984383218e-05
4.04575751752319e-05
4.04571659755234e-05
4.04567567840924e-05
4.04563476009386e-05
4.04559384260617e-05
4.04555292594615e-05
4.04551201011378e-05
4.04547109510903e-05
4.04543018093186e-05
4.04538926758227e-05
4.04534835506022e-05
4.0453074433657e-05
4.04526653249866e-05
4.04522562245909e-05
4.04518471324697e-05
4.04514380486226e-05
4.04510289730495e-05
4.04506199057501e-05
4.0450210846724e-05
4.04498017959712e-05
4.04493927534913e-05
4.04489837192841e-05
4.04485746933492e-05
4.04481656756866e-05
4.04477566662959e-05
4.04473476651769e-05
4.04469386723292e-05
4.04465296877528e-05
4.04461207114473e-05
4.04457117434124e-05
4.0445302783648e-05
4.04448938321537e-05
4.04444848889293e-05
4.04440759539746e-05
4.04436670272894e-05
4.04432581088732e-05
4.04428491987261e-05
4.04424402968475e-05
4.04420314032374e-05
4.04416225178954e-05
4.04412136408214e-05
4.0440804772015e-05
4.0440395911476e-05
4.04399870592041e-05
4.04395782151992e-05
4.04391693794609e-05
4.04387605519891e-05
4.04383517327834e-05
4.04379429218436e-05
4.04375341191694e-05
4.04371253247607e-05
4.04367165386171e-05
4.04363077607384e-05
4.04358989911243e-05
4.04354902297747e-05
4.04350814766892e-05
4.04346727318676e-05
4.04342639953096e-05
4.04338552670151e-05
4.04334465469837e-05
4.04330378352152e-05
4.04326291317093e-05
4.04322204364658e-05
4.04318117494845e-05
4.04314030707651e-05
4.04309944003073e-05
4.04305857381109e-05
4.04301770841756e-05
4.04297684385013e-05
4.04293598010875e-05
4.04289511719342e-05
4.0428542551041e-05
4.04281339384077e-05
4.04277253340341e-05
4.04273167379198e-05
4.04269081500647e-05
4.04264995704684e-05
4.04260909991308e-05
4.04256824360516e-05
4.04252738812305e-05
4.04248653346674e-05
4.04244567963618e-05
4.04240482663136e-05
4.04236397445226e-05
4.04232312309884e-05
4.04228227257109e-05
4.04224142286898e-05
4.04220057399248e-05
4.04215972594157e-05
4.04211887871622e-05
4.04207803231641e-05
4.04203718674212e-05
4.04199634199331e-05
4.04195549806997e-05
4.04191465497206e-05
4.04187381269957e-05
4.04183297125246e-05
4.04179213063072e-05
4.04175129083432e-05
4.04171045186323e-05
4.04166961371743e-05
4.04162877639689e-05
4.04158793990159e-05
4.0415471042315e-05
4.0415062693866e-05
4.04146543536686e-05
4.04142460217227e-05
4.04138376980278e-05
4.04134293825838e-05
4.04130210753905e-05
4.04126127764475e-05
4.04122044857547e-05
4.04117962033117e-05
4.04113879291184e-05
4.04109796631745e-05
4.04105714054797e-05
4.04101631560337e-05
4.04097549148364e-05
4.04093466818875e-05
4.04089384571867e-05
4.04085302407338e-05
4.04081220325285e-05
4.04077138325706e-05
4.04073056408599e-05
4.0406897457396e-05
4.04064892821787e-05
4.04060811152078e-05
4.04056729564831e-05
4.04052648060042e-05
4.0404856663771e-05
4.04044485297831e-05
4.04040404040404e-05
4.04036322865426e-05
4.04032241772893e-05
4.04028160762805e-05
4.04024079835158e-05
4.0401999898995e-05
4.04015918227178e-05
4.0401183754684e-05
4.04007756948933e-05
4.04003676433456e-05
4.03999596000404e-05
4.03995515649776e-05
4.0399143538157e-05
4.03987355195782e-05
4.03983275092411e-05
4.03979195071454e-05
4.03975115132908e-05
4.03971035276771e-05
4.0396695550304e-05
4.03962875811713e-05
4.03958796202787e-05
4.03954716676261e-05
4.0395063723213e-05
4.03946557870394e-05
4.03942478591049e-05
4.03938399394092e-05
4.03934320279523e-05
4.03930241247337e-05
4.03926162297532e-05
4.03922083430106e-05
4.03918004645057e-05
4.03913925942382e-05
4.03909847322078e-05
4.03905768784143e-05
4.03901690328574e-05
4.03897611955369e-05
4.03893533664526e-05
4.03889455456042e-05
4.03885377329914e-05
4.0388129928614e-05
4.03877221324717e-05
4.03873143445644e-05
4.03869065648917e-05
4.03864987934533e-05
4.03860910302492e-05
4.03856832752789e-05
4.03852755285423e-05
4.03848677900391e-05
4.0384460059769e-05
4.03840523377318e-05
4.03836446239273e-05
4.03832369183552e-05
4.03828292210152e-05
4.03824215319072e-05
4.03820138510307e-05
4.03816061783857e-05
4.03811985139719e-05
4.03807908577889e-05
4.03803832098367e-05
4.03799755701148e-05
4.03795679386231e-05
4.03791603153612e-05
4.03787527003291e-05
4.03783450935263e-05
4.03779374949528e-05
4.03775299046081e-05
4.03771223224921e-05
4.03767147486045e-05
4.0376307182945e-05
4.03758996255135e-05
4.03754920763097e-05
4.03750845353332e-05
4.0374677002584e-05
4.03742694780616e-05
4.0373861961766e-05
4.03734544536967e-05
4.03730469538536e-05
4.03726394622364e-05
4.0372231978845e-05
4.03718245036789e-05
4.0371417036738e-05
4.0371009578022e-05
4.03706021275307e-05
4.03701946852639e-05
4.03697872512212e-05
4.03693798254024e-05
4.03689724078074e-05
4.03685649984357e-05
4.03681575972873e-05
4.03677502043617e-05
4.03673428196589e-05
4.03669354431785e-05
4.03665280749203e-05
4.0366120714884e-05
4.03657133630694e-05
4.03653060194763e-05
4.03648986841043e-05
4.03644913569533e-05
4.0364084038023e-05
4.03636767273131e-05
4.03632694248234e-05
4.03628621305537e-05
4.03624548445036e-05
4.03620475666731e-05
4.03616402970617e-05
4.03612330356692e-05
4.03608257824955e-05
4.03604185375402e-05
4.03600113008032e-05
4.03596040722841e-05
4.03591968519826e-05
4.03587896398987e-05
4.0358382436032e-05
4.03579752403822e-05
4.03575680529491e-05
4.03571608737325e-05
4.03567537027322e-05
4.03563465399477e-05
4.0355939385379e-05
4.03555322390258e-05
4.03551251008878e-05
4.03547179709648e-05
4.03543108492565e-05
4.03539037357626e-05
4.0353496630483e-05
4.03530895334174e-05
4.03526824445655e-05
4.03522753639271e-05
4.03518682915019e-05
4.03514612272897e-05
4.03510541712902e-05
4.03506471235032e-05
4.03502400839285e-05
4.03498330525657e-05
4.03494260294147e-05
4.03490190144752e-05
4.03486120077469e-05
4.03482050092297e-05
4.03477980189231e-05
4.03473910368271e-05
4.03469840629413e-05
4.03465770972655e-05
4.03461701397995e-05
4.0345763190543e-05
4.03453562494957e-05
4.03449493166574e-05
4.03445423920279e-05
4.03441354756069e-05
4.03437285673942e-05
4.03433216673895e-05
4.03429147755925e-05
4.03425078920031e-05
4.03421010166209e-05
4.03416941494458e-05
4.03412872904774e-05
4.03408804397156e-05
4.034047359716e-05
4.03400667628105e-05
4.03396599366667e-05
4.03392531187285e-05
4.03388463089956e-05
4.03384395074677e-05
4.03380327141445e-05
4.03376259290259e-05
4.03372191521117e-05
4.03368123834014e-05
4.03364056228949e-05
4.0335998870592e-05
4.03355921264924e-05
4.03351853905959e-05
4.03347786629021e-05
4.03343719434109e-05
4.0333965232122e-05
4.03335585290351e-05
4.03331518341501e-05
4.03327451474666e-05
4.03323384689844e-05
4.03319317987033e-05
4.0331525136623e-05
4.03311184827433e-05
4.03307118370639e-05
4.03303051995846e-05
4.03298985703051e-05
4.03294919492252e-05
4.03290853363446e-05
4.03286787316631e-05
4.03282721351804e-05
4.03278655468963e-05
4.03274589668105e-05
4.03270523949228e-05
4.0326645831233e-05
4.03262392757407e-05
4.03258327284458e-05
4.0325426189348e-05
4.03250196584471e-05
4.03246131357427e-05
4.03242066212347e-05
4.03238001149228e-05
4.03233936168068e-05
4.03229871268864e-05
4.03225806451613e-05
4.03221741716313e-05
4.03217677062962e-05
4.03213612491558e-05
4.03209548002097e-05
4.03205483594577e-05
4.03201419268996e-05
4.03197355025351e-05
4.0319329086364e-05
4.0318922678386e-05
4.03185162786009e-05
4.03181098870085e-05
4.03177035036084e-05
4.03172971284005e-05
4.03168907613845e-05
4.03164844025601e-05
4.03160780519271e-05
4.03156717094853e-05
4.03152653752343e-05
4.0314859049174e-05
4.03144527313042e-05
4.03140464216245e-05
4.03136401201346e-05
4.03132338268345e-05
4.03128275417238e-05
4.03124212648022e-05
4.03120149960696e-05
4.03116087355256e-05
4.03112024831701e-05
4.03107962390027e-05
4.03103900030233e-05
4.03099837752315e-05
4.03095775556272e-05
4.03091713442101e-05
4.03087651409799e-05
4.03083589459364e-05
4.03079527590794e-05
4.03075465804085e-05
4.03071404099236e-05
4.03067342476244e-05
4.03063280935107e-05
4.03059219475821e-05
4.03055158098386e-05
4.03051096802797e-05
4.03047035589053e-05
4.03042974457152e-05
4.03038913407089e-05
4.03034852438865e-05
4.03030791552475e-05
4.03026730747917e-05
4.03022670025189e-05
4.03018609384288e-05
4.03014548825213e-05
4.03010488347959e-05
4.03006427952526e-05
4.0300236763891e-05
4.02998307407109e-05
4.0299424725712e-05
4.02990187188942e-05
4.02986127202571e-05
4.02982067298005e-05
4.02978007475242e-05
4.02973947734279e-05
4.02969888075114e-05
4.02965828497743e-05
4.02961769002166e-05
4.02957709588379e-05
4.02953650256379e-05
4.02949591006165e-05
4.02945531837734e-05
4.02941472751083e-05
4.0293741374621e-05
4.02933354823112e-05
4.02929295981788e-05
4.02925237222233e-05
4.02921178544447e-05
4.02917119948427e-05
4.02913061434169e-05
4.02909003001672e-05
4.02904944650933e-05
4.0290088638195e-05
4.0289682819472e-05
4.02892770089241e-05
4.0288871206551e-05
4.02884654123524e-05
4.02880596263282e-05
4.02876538484781e-05
4.02872480788019e-05
4.02868423172992e-05
4.02864365639698e-05
4.02860308188136e-05
4.02856250818302e-05
4.02852193530194e-05
4.02848136323809e-05
4.02844079199146e-05
4.02840022156201e-05
4.02835965194973e-05
4.02831908315458e-05
4.02827851517654e-05
4.02823794801559e-05
4.0281973816717e-05
4.02815681614485e-05
4.02811625143502e-05
4.02807568754217e-05
4.02803512446629e-05
4.02799456220734e-05
4.02795400076531e-05
4.02791344014017e-05
4.0278728803319e-05
4.02783232134046e-05
4.02779176316584e-05
4.02775120580802e-05
4.02771064926696e-05
4.02767009354264e-05
4.02762953863504e-05
4.02758898454413e-05
4.02754843126989e-05
4.02750787881229e-05
4.02746732717131e-05
4.02742677634692e-05
4.02738622633911e-05
4.02734567714783e-05
4.02730512877308e-05
4.02726458121482e-05
4.02722403447304e-05
4.0271834885477e-05
4.02714294343878e-05
4.02710239914625e-05
4.0270618556701e-05
4.0270213130103e-05
4.02698077116682e-05
4.02694023013963e-05
4.02689968992872e-05
4.02685915053406e-05
4.02681861195562e-05
4.02677807419339e-05
4.02673753724732e-05
4.02669700111741e-05
4.02665646580362e-05
4.02661593130593e-05
4.02657539762432e-05
4.02653486475876e-05
4.02649433270923e-05
4.0264538014757e-05
4.02641327105814e-05
4.02637274145654e-05
4.02633221267087e-05
4.0262916847011e-05
4.02625115754721e-05
4.02621063120917e-05
4.02617010568697e-05
4.02612958098056e-05
4.02608905708994e-05
4.02604853401508e-05
4.02600801175594e-05
4.02596749031252e-05
4.02592696968477e-05
4.02588644987268e-05
4.02584593087623e-05
4.02580541269538e-05
4.02576489533011e-05
4.02572437878041e-05
4.02568386304624e-05
4.02564334812757e-05
4.0256028340244e-05
4.02556232073668e-05
4.0255218082644e-05
4.02548129660753e-05
4.02544078576604e-05
4.02540027573992e-05
4.02535976652913e-05
4.02531925813366e-05
4.02527875055348e-05
4.02523824378855e-05
4.02519773783887e-05
4.0251572327044e-05
4.02511672838512e-05
4.02507622488101e-05
4.02503572219203e-05
4.02499522031818e-05
4.02495471925941e-05
4.02491421901571e-05
4.02487371958705e-05
4.02483322097341e-05
4.02479272317476e-05
4.02475222619107e-05
4.02471173002234e-05
4.02467123466852e-05
4.02463074012959e-05
4.02459024640554e-05
4.02454975349633e-05
4.02450926140194e-05
4.02446877012234e-05
4.02442827965752e-05
4.02438779000744e-05
4.02434730117209e-05
4.02430681315143e-05
4.02426632594545e-05
4.02422583955412e-05
4.0241853539774e-05
4.02414486921529e-05
4.02410438526775e-05
4.02406390213477e-05
4.0240234198163e-05
4.02398293831234e-05
4.02394245762286e-05
4.02390197774782e-05
4.02386149868722e-05
4.02382102044101e-05
4.02378054300918e-05
4.02374006639171e-05
4.02369959058857e-05
4.02365911559973e-05
4.02361864142517e-05
4.02357816806486e-05
4.02353769551879e-05
4.02349722378692e-05
4.02345675286923e-05
4.0234162827657e-05
4.0233758134763e-05
4.02333534500101e-05
4.0232948773398e-05
4.02325441049265e-05
4.02321394445953e-05
4.02317347924043e-05
4.0231330148353e-05
4.02309255124414e-05
4.02305208846692e-05
4.0230116265036e-05
4.02297116535417e-05
4.02293070501861e-05
4.02289024549688e-05
4.02284978678896e-05
4.02280932889483e-05
4.02276887181447e-05
4.02272841554785e-05
4.02268796009494e-05
4.02264750545572e-05
4.02260705163016e-05
4.02256659861825e-05
4.02252614641995e-05
4.02248569503525e-05
4.02244524446411e-05
4.02240479470652e-05
4.02236434576244e-05
4.02232389763186e-05
4.02228345031474e-05
4.02224300381108e-05
4.02220255812083e-05
4.02216211324397e-05
4.02212166918049e-05
4.02208122593036e-05
4.02204078349354e-05
4.02200034187003e-05
4.02195990105979e-05
4.02191946106279e-05
4.02187902187902e-05
4.02183858350845e-05
4.02179814595105e-05
4.02175770920681e-05
4.02171727327569e-05
4.02167683815767e-05
4.02163640385273e-05
4.02159597036084e-05
4.02155553768198e-05
4.02151510581612e-05
4.02147467476324e-05
4.02143424452331e-05
4.02139381509631e-05
4.02135338648222e-05
4.02131295868101e-05
4.02127253169265e-05
4.02123210551713e-05
4.02119168015441e-05
4.02115125560448e-05
4.0211108318673e-05
4.02107040894286e-05
4.02102998683113e-05
4.02098956553208e-05
4.02094914504569e-05
4.02090872537193e-05
4.02086830651079e-05
4.02082788846223e-05
4.02078747122624e-05
4.02074705480278e-05
4.02070663919184e-05
4.02066622439338e-05
4.02062581040739e-05
4.02058539723384e-05
4.0205449848727e-05
4.02050457332395e-05
4.02046416258757e-05
4.02042375266353e-05
4.02038334355181e-05
4.02034293525238e-05
4.02030252776521e-05
4.02026212109029e-05
4.0202217152276e-05
4.02018131017709e-05
4.02014090593875e-05
4.02010050251256e-05
4.02006009989849e-05
4.02001969809652e-05
4.01997929710662e-05
4.01993889692877e-05
4.01989849756294e-05
4.0198580990091e-05
4.01981770126725e-05
4.01977730433734e-05
4.01973690821936e-05
4.01969651291328e-05
4.01965611841907e-05
4.01961572473672e-05
4.01957533186619e-05
4.01953493980746e-05
4.01949454856052e-05
4.01945415812533e-05
4.01941376850186e-05
4.01937337969011e-05
4.01933299169003e-05
4.01929260450161e-05
4.01925221812482e-05
4.01921183255963e-05
4.01917144780603e-05
4.01913106386399e-05
4.01909068073348e-05
4.01905029841448e-05
4.01900991690697e-05
4.01896953621092e-05
4.0189291563263e-05
4.01888877725309e-05
4.01884839899127e-05
4.01880802154081e-05
4.01876764490169e-05
4.01872726907388e-05
4.01868689405737e-05
4.01864651985211e-05
4.0186061464581e-05
4.0185657738753e-05
4.0185254021037e-05
4.01848503114326e-05
4.01844466099396e-05
4.01840429165578e-05
4.0183639231287e-05
4.01832355541268e-05
4.01828318850771e-05
4.01824282241376e-05
4.0182024571308e-05
4.01816209265882e-05
4.01812172899778e-05
4.01808136614766e-05
4.01804100410845e-05
4.0180006428801e-05
4.01796028246261e-05
4.01791992285594e-05
4.01787956406007e-05
4.01783920607497e-05
4.01779884890063e-05
4.01775849253701e-05
4.0177181369841e-05
4.01767778224186e-05
4.01763742831028e-05
4.01759707518933e-05
4.01755672287898e-05
4.01751637137921e-05
4.01747602069e-05
4.01743567081132e-05
4.01739532174315e-05
4.01735497348546e-05
4.01731462603822e-05
4.01727427940143e-05
4.01723393357504e-05
4.01719358855903e-05
4.01715324435339e-05
4.01711290095808e-05
4.01707255837309e-05
4.01703221659838e-05
4.01699187563393e-05
4.01695153547972e-05
4.01691119613573e-05
4.01687085760193e-05
4.01683051987829e-05
4.01679018296479e-05
4.01674984686141e-05
4.01670951156812e-05
4.0166691770849e-05
4.01662884341172e-05
4.01658851054857e-05
4.0165481784954e-05
4.01650784725221e-05
4.01646751681896e-05
4.01642718719563e-05
4.0163868583822e-05
4.01634653037864e-05
4.01630620318493e-05
4.01626587680104e-05
4.01622555122696e-05
4.01618522646264e-05
4.01614490250808e-05
4.01610457936325e-05
4.01606425702811e-05
4.01602393550266e-05
4.01598361478685e-05
4.01594329488068e-05
4.0159029757841e-05
4.01586265749711e-05
4.01582234001968e-05
4.01578202335177e-05
4.01574170749337e-05
4.01570139244446e-05
4.015661078205e-05
4.01562076477497e-05
4.01558045215436e-05
4.01554014034313e-05
4.01549982934126e-05
4.01545951914872e-05
4.0154192097655e-05
4.01537890119156e-05
4.01533859342689e-05
4.01529828647146e-05
4.01525798032524e-05
4.01521767498821e-05
4.01517737046034e-05
4.01513706674162e-05
4.01509676383201e-05
4.01505646173149e-05
4.01501616044005e-05
4.01497585995764e-05
4.01493556028426e-05
4.01489526141987e-05
4.01485496336445e-05
4.01481466611798e-05
4.01477436968042e-05
4.01473407405177e-05
4.01469377923199e-05
4.01465348522106e-05
4.01461319201895e-05
4.01457289962564e-05
4.01453260804111e-05
4.01449231726533e-05
4.01445202729827e-05
4.01441173813992e-05
4.01437144979025e-05
4.01433116224923e-05
4.01429087551684e-05
4.01425058959306e-05
4.01421030447785e-05
4.0141700201712e-05
4.01412973667309e-05
4.01408945398348e-05
4.01404917210236e-05
4.01400889102969e-05
4.01396861076546e-05
4.01392833130964e-05
4.01388805266221e-05
4.01384777482314e-05
4.01380749779241e-05
4.01376722156999e-05
4.01372694615585e-05
4.01368667154999e-05
4.01364639775236e-05
4.01360612476295e-05
4.01356585258173e-05
4.01352558120867e-05
4.01348531064376e-05
4.01344504088697e-05
4.01340477193827e-05
4.01336450379765e-05
4.01332423646506e-05
4.0132839699405e-05
4.01324370422394e-05
4.01320343931535e-05
4.0131631752147e-05
4.01312291192198e-05
4.01308264943717e-05
4.01304238776022e-05
4.01300212689113e-05
4.01296186682986e-05
4.0129216075764e-05
4.01288134913071e-05
4.01284109149278e-05
4.01280083466257e-05
4.01276057864008e-05
4.01272032342526e-05
4.0126800690181e-05
4.01263981541857e-05
4.01259956262665e-05
4.01255931064231e-05
4.01251905946553e-05
4.01247880909629e-05
4.01243855953456e-05
4.01239831078031e-05
4.01235806283353e-05
4.01231781569418e-05
4.01227756936225e-05
4.0122373238377e-05
4.01219707912053e-05
4.01215683521069e-05
4.01211659210817e-05
4.01207634981294e-05
4.01203610832497e-05
4.01199586764426e-05
4.01195562777076e-05
4.01191538870445e-05
4.01187515044532e-05
4.01183491299333e-05
4.01179467634846e-05
4.0117544405107e-05
4.01171420548e-05
4.01167397125636e-05
4.01163373783974e-05
4.01159350523011e-05
4.01155327342747e-05
4.01151304243178e-05
4.01147281224301e-05
4.01143258286115e-05
4.01139235428617e-05
4.01135212651805e-05
4.01131189955675e-05
4.01127167340226e-05
4.01123144805455e-05
4.0111912235136e-05
4.01115099977939e-05
4.01111077685188e-05
4.01107055473106e-05
4.0110303334169e-05
4.01099011290937e-05
4.01094989320846e-05
4.01090967431413e-05
4.01086945622637e-05
4.01082923894515e-05
4.01078902247045e-05
4.01074880680223e-05
4.01070859194048e-05
4.01066837788517e-05
4.01062816463629e-05
4.01058795219379e-05
4.01054774055767e-05
4.01050752972789e-05
4.01046731970443e-05
4.01042711048727e-05
4.01038690207638e-05
4.01034669447174e-05
4.01030648767332e-05
4.0102662816811e-05
4.01022607649506e-05
4.01018587211517e-05
4.01014566854141e-05
4.01010546577375e-05
4.01006526381217e-05
4.01002506265664e-05
4.00998486230714e-05
4.00994466276365e-05
4.00990446402614e-05
4.00986426609459e-05
4.00982406896897e-05
4.00978387264926e-05
4.00974367713544e-05
4.00970348242747e-05
4.00966328852535e-05
4.00962309542903e-05
4.0095829031385e-05
4.00954271165374e-05
4.00950252097471e-05
4.0094623311014e-05
4.00942214203378e-05
4.00938195377183e-05
4.00934176631552e-05
4.00930157966482e-05
4.00926139381972e-05
4.00922120878019e-05
4.00918102454621e-05
4.00914084111775e-05
4.00910065849478e-05
4.00906047667729e-05
4.00902029566525e-05
4.00898011545863e-05
4.00893993605741e-05
4.00889975746156e-05
4.00885957967107e-05
4.00881940268591e-05
4.00877922650605e-05
4.00873905113147e-05
4.00869887656214e-05
4.00865870279804e-05
4.00861852983915e-05
4.00857835768545e-05
4.0085381863369e-05
4.00849801579348e-05
4.00845784605518e-05
4.00841767712196e-05
4.0083775089938e-05
4.00833734167068e-05
4.00829717515257e-05
4.00825700943945e-05
4.00821684453129e-05
4.00817668042807e-05
4.00813651712977e-05
4.00809635463637e-05
4.00805619294783e-05
4.00801603206413e-05
4.00797587198525e-05
4.00793571271117e-05
4.00789555424186e-05
4.00785539657729e-05
4.00781523971745e-05
4.0077750836623e-05
4.00773492841183e-05
4.00769477396601e-05
4.00765462032482e-05
4.00761446748823e-05
4.00757431545621e-05
4.00753416422875e-05
4.00749401380582e-05
4.00745386418739e-05
4.00741371537344e-05
4.00737356736395e-05
4.00733342015889e-05
4.00729327375824e-05
4.00725312816197e-05
4.00721298337007e-05
4.00717283938249e-05
4.00713269619923e-05
4.00709255382026e-05
4.00705241224555e-05
4.00701227147508e-05
4.00697213150883e-05
4.00693199234676e-05
4.00689185398886e-05
4.0068517164351e-05
4.00681157968547e-05
4.00677144373992e-05
4.00673130859845e-05
4.00669117426102e-05
4.00665104072761e-05
4.0066109079982e-05
4.00657077607276e-05
4.00653064495127e-05
4.00649051463371e-05
4.00645038512004e-05
4.00641025641026e-05
4.00637012850432e-05
4.00633000140222e-05
4.00628987510391e-05
4.00624974960939e-05
4.00620962491862e-05
4.00616950103159e-05
4.00612937794826e-05
4.00608925566862e-05
4.00604913419263e-05
4.00600901352028e-05
4.00596889365154e-05
4.00592877458639e-05
4.0058886563248e-05
4.00584853886675e-05
4.00580842221221e-05
4.00576830636116e-05
4.00572819131358e-05
4.00568807706944e-05
4.00564796362872e-05
4.00560785099139e-05
4.00556773915743e-05
4.00552762812681e-05
4.00548751789952e-05
4.00544740847553e-05
4.0054072998548e-05
4.00536719203733e-05
4.00532708502308e-05
4.00528697881203e-05
4.00524687340416e-05
4.00520676879944e-05
4.00516666499785e-05
4.00512656199936e-05
4.00508645980395e-05
4.0050463584116e-05
4.00500625782228e-05
4.00496615803596e-05
4.00492605905263e-05
4.00488596087226e-05
4.00484586349483e-05
4.0048057669203e-05
4.00476567114867e-05
4.00472557617989e-05
4.00468548201396e-05
4.00464538865084e-05
4.0046052960905e-05
4.00456520433294e-05
4.00452511337812e-05
4.00448502322601e-05
4.0044449338766e-05
4.00440484532986e-05
4.00436475758577e-05
4.0043246706443e-05
4.00428458450542e-05
4.00424449916912e-05
4.00420441463537e-05
4.00416433090414e-05
4.00412424797541e-05
4.00408416584917e-05
4.00404408452537e-05
4.004004004004e-05
4.00396392428504e-05
4.00392384536846e-05
4.00388376725424e-05
4.00384368994234e-05
4.00380361343276e-05
4.00376353772546e-05
4.00372346282042e-05
4.00368338871762e-05
4.00364331541703e-05
4.00360324291863e-05
4.00356317122239e-05
4.00352310032829e-05
4.00348303023631e-05
4.00344296094641e-05
4.00340289245859e-05
4.00336282477281e-05
4.00332275788905e-05
4.00328269180728e-05
4.00324262652749e-05
4.00320256204964e-05
4.00316249837372e-05
4.00312243549969e-05
4.00308237342754e-05
4.00304231215724e-05
4.00300225168877e-05
4.0029621920221e-05
4.0029221331572e-05
4.00288207509407e-05
4.00284201783266e-05
4.00280196137296e-05
4.00276190571494e-05
4.00272185085858e-05
4.00268179680386e-05
4.00264174355074e-05
4.00260169109921e-05
4.00256163944925e-05
4.00252158860082e-05
4.0024815385539e-05
4.00244148930848e-05
4.00240144086452e-05
4.002361393222e-05
4.0023213463809e-05
4.00228130034119e-05
4.00224125510286e-05
4.00220121066587e-05
4.0021611670302e-05
4.00212112419582e-05
4.00208108216272e-05
4.00204104093088e-05
4.00200100050025e-05
4.00196096087083e-05
4.00192092204258e-05
4.00188088401549e-05
4.00184084678952e-05
4.00180081036466e-05
4.00176077474089e-05
4.00172073991817e-05
4.00168070589648e-05
4.0016406726758e-05
4.0016006402561e-05
4.00156060863737e-05
4.00152057781957e-05
4.00148054780269e-05
4.00144051858669e-05
4.00140049017156e-05
4.00136046255727e-05
4.0013204357438e-05
4.00128040973111e-05
4.0012403845192e-05
4.00120036010803e-05
4.00116033649758e-05
4.00112031368783e-05
4.00108029167875e-05
4.00104027047032e-05
4.00100025006252e-05
4.00096023045531e-05
4.00092021164868e-05
4.0008801936426e-05
4.00084017643705e-05
4.00080016003201e-05
4.00076014442744e-05
4.00072012962333e-05
4.00068011561966e-05
4.00064010241639e-05
4.0006000900135e-05
4.00056007841098e-05
4.00052006760879e-05
4.00048005760691e-05
4.00044004840532e-05
4.000400040004e-05
4.00036003240292e-05
4.00032002560205e-05
4.00028001960137e-05
4.00024001440086e-05
4.0002000100005e-05
4.00016000640026e-05
4.00012000360011e-05
4.00008000160003e-05
4.0000400004e-05
4e-05
3.9999600004e-05
3.99992000159997e-05
3.99988000359989e-05
3.99984000639974e-05
3.9998000099995e-05
3.99976001439914e-05
3.99972001959863e-05
3.99968002559795e-05
3.99964003239708e-05
3.999600039996e-05
3.99956004839468e-05
3.99952005759309e-05
3.99948006759121e-05
3.99944007838903e-05
3.9994000899865e-05
3.99936010238362e-05
3.99932011558035e-05
3.99928012957668e-05
3.99924014437257e-05
3.99920015996801e-05
3.99916017636296e-05
3.99912019355742e-05
3.99908021155134e-05
3.99904023034472e-05
3.99900024993752e-05
3.99896027032971e-05
3.99892029152129e-05
3.99888031351222e-05
3.99884033630247e-05
3.99880035989203e-05
3.99876038428087e-05
3.99872040946897e-05
3.9986804354563e-05
3.99864046224284e-05
3.99860048982856e-05
3.99856051821344e-05
3.99852054739746e-05
3.9984805773806e-05
3.99844060816282e-05
3.9984006397441e-05
3.99836067212443e-05
3.99832070530377e-05
3.99828073928211e-05
3.99824077405941e-05
3.99820080963566e-05
3.99816084601083e-05
3.9981208831849e-05
3.99808092115784e-05
3.99804095992963e-05
3.99800099950025e-05
3.99796103986967e-05
3.99792108103786e-05
3.99788112300481e-05
3.99784116577048e-05
3.99780120933487e-05
3.99776125369793e-05
3.99772129885965e-05
3.99768134482e-05
3.99764139157897e-05
3.99760143913652e-05
3.99756148749263e-05
3.99752153664728e-05
3.99748158660044e-05
3.99744163735209e-05
3.99740168890221e-05
3.99736174125077e-05
3.99732179439775e-05
3.99728184834313e-05
3.99724190308687e-05
3.99720195862896e-05
3.99716201496937e-05
3.99712207210808e-05
3.99708213004507e-05
3.9970421887803e-05
3.99700224831376e-05
3.99696230864543e-05
3.99692236977527e-05
3.99688243170327e-05
3.9968424944294e-05
3.99680255795364e-05
3.99676262227596e-05
3.99672268739633e-05
3.99668275331475e-05
3.99664282003117e-05
3.99660288754559e-05
3.99656295585796e-05
3.99652302496828e-05
3.99648309487651e-05
3.99644316558263e-05
3.99640323708662e-05
3.99636330938846e-05
3.99632338248811e-05
3.99628345638556e-05
3.99624353108078e-05
3.99620360657375e-05
3.99616368286445e-05
3.99612375995285e-05
3.99608383783892e-05
3.99604391652264e-05
3.996003996004e-05
3.99596407628295e-05
3.99592415735949e-05
3.99588423923359e-05
3.99584432190522e-05
3.99580440537436e-05
3.99576448964098e-05
3.99572457470507e-05
3.99568466056659e-05
3.99564474722552e-05
3.99560483468185e-05
3.99556492293554e-05
3.99552501198657e-05
3.99548510183493e-05
3.99544519248057e-05
3.99540528392349e-05
3.99536537616365e-05
3.99532546920103e-05
3.99528556303562e-05
3.99524565766738e-05
3.99520575309628e-05
3.99516584932232e-05
3.99512594634546e-05
3.99508604416568e-05
3.99504614278295e-05
3.99500624219725e-05
3.99496634240857e-05
3.99492644341686e-05
3.99488654522212e-05
3.99484664782431e-05
3.99480675122341e-05
3.9947668554194e-05
3.99472696041226e-05
3.99468706620195e-05
3.99464717278846e-05
3.99460728017177e-05
3.99456738835184e-05
3.99452749732866e-05
3.9944876071022e-05
3.99444771767244e-05
3.99440782903935e-05
3.9943679412029e-05
3.99432805416309e-05
3.99428816791987e-05
3.99424828247324e-05
3.99420839782316e-05
3.9941685139696e-05
3.99412863091256e-05
3.99408874865199e-05
3.99404886718789e-05
3.99400898652022e-05
3.99396910664896e-05
3.99392922757409e-05
3.99388934929558e-05
3.99384947181341e-05
3.99380959512755e-05
3.99376971923799e-05
3.99372984414469e-05
3.99368996984764e-05
3.99365009634681e-05
3.99361022364217e-05
3.99357035173371e-05
3.99353048062139e-05
3.9934906103052e-05
3.99345074078511e-05
3.9934108720611e-05
3.99337100413314e-05
3.99333113700121e-05
3.99329127066528e-05
3.99325140512534e-05
3.99321154038135e-05
3.9931716764333e-05
3.99313181328116e-05
3.9930919509249e-05
3.99305208936451e-05
3.99301222859995e-05
3.99297236863121e-05
3.99293250945826e-05
3.99289265108108e-05
3.99285279349964e-05
3.99281293671391e-05
3.99277308072389e-05
3.99273322552954e-05
3.99269337113083e-05
3.99265351752775e-05
3.99261366472027e-05
3.99257381270836e-05
3.99253396149201e-05
3.99249411107119e-05
3.99245426144587e-05
3.99241441261603e-05
3.99237456458165e-05
3.9923347173427e-05
3.99229487089916e-05
3.99225502525101e-05
3.99221518039822e-05
3.99217533634077e-05
3.99213549307864e-05
3.99209565061179e-05
3.99205580894021e-05
3.99201596806387e-05
3.99197612798275e-05
3.99193628869683e-05
3.99189645020608e-05
3.99185661251048e-05
3.99181677561e-05
3.99177693950462e-05
3.99173710419432e-05
3.99169726967907e-05
3.99165743595885e-05
3.99161760303363e-05
3.99157777090339e-05
3.99153793956812e-05
3.99149810902777e-05
3.99145827928234e-05
3.99141845033179e-05
3.9913786221761e-05
3.99133879481525e-05
3.99129896824922e-05
3.99125914247797e-05
3.9912193175015e-05
3.99117949331976e-05
3.99113966993275e-05
3.99109984734043e-05
3.99106002554278e-05
3.99102020453979e-05
3.99098038433141e-05
3.99094056491764e-05
3.99090074629844e-05
3.99086092847379e-05
3.99082111144368e-05
3.99078129520807e-05
3.99074147976694e-05
3.99070166512027e-05
3.99066185126803e-05
3.99062203821021e-05
3.99058222594677e-05
3.99054241447769e-05
3.99050260380295e-05
3.99046279392253e-05
3.99042298483639e-05
3.99038317654453e-05
3.99034336904691e-05
3.9903035623435e-05
3.9902637564343e-05
3.99022395131927e-05
3.99018414699838e-05
3.99014434347162e-05
3.99010454073897e-05
3.99006473880039e-05
3.99002493765586e-05
3.98998513730536e-05
3.98994533774887e-05
3.98990553898636e-05
3.98986574101781e-05
3.9898259438432e-05
3.9897861474625e-05
3.98974635187568e-05
3.98970655708273e-05
3.98966676308361e-05
3.98962696987832e-05
3.98958717746681e-05
3.98954738584908e-05
3.98950759502508e-05
3.98946780499481e-05
3.98942801575824e-05
3.98938822731534e-05
3.98934843966609e-05
3.98930865281047e-05
3.98926886674845e-05
3.98922908148e-05
3.98918929700512e-05
3.98914951332376e-05
3.98910973043591e-05
3.98906994834154e-05
3.98903016704064e-05
3.98899038653317e-05
3.98895060681911e-05
3.98891082789844e-05
3.98887104977114e-05
3.98883127243718e-05
3.98879149589653e-05
3.98875172014918e-05
3.9887119451951e-05
3.98867217103426e-05
3.98863239766665e-05
3.98859262509224e-05
3.988552853311e-05
3.98851308232291e-05
3.98847331212795e-05
3.98843354272609e-05
3.98839377411732e-05
3.9883540063016e-05
3.98831423927891e-05
3.98827447304924e-05
3.98823470761254e-05
3.98819494296881e-05
3.98815517911802e-05
3.98811541606014e-05
3.98807565379515e-05
3.98803589232303e-05
3.98799613164375e-05
3.98795637175729e-05
3.98791661266363e-05
3.98787685436274e-05
3.98783709685459e-05
3.98779734013917e-05
3.98775758421646e-05
3.98771782908641e-05
3.98767807474903e-05
3.98763832120427e-05
3.98759856845211e-05
3.98755881649254e-05
3.98751906532553e-05
3.98747931495105e-05
3.98743956536909e-05
3.98739981657961e-05
3.98736006858259e-05
3.98732032137802e-05
3.98728057496586e-05
3.98724082934609e-05
3.9872010845187e-05
3.98716134048364e-05
3.98712159724091e-05
3.98708185479048e-05
3.98704211313232e-05
3.98700237226641e-05
3.98696263219273e-05
3.98692289291125e-05
3.98688315442195e-05
3.98684341672481e-05
3.9868036798198e-05
3.98676394370689e-05
3.98672420838607e-05
3.98668447385732e-05
3.9866447401206e-05
3.98660500717589e-05
3.98656527502317e-05
3.98652554366242e-05
3.98648581309361e-05
3.98644608331672e-05
3.98640635433173e-05
3.98636662613861e-05
3.98632689873733e-05
3.98628717212788e-05
3.98624744631023e-05
3.98620772128436e-05
3.98616799705024e-05
3.98612827360784e-05
3.98608855095716e-05
3.98604882909816e-05
3.98600910803081e-05
3.9859693877551e-05
3.985929668271e-05
3.98588994957849e-05
3.98585023167754e-05
3.98581051456814e-05
3.98577079825025e-05
3.98573108272385e-05
3.98569136798892e-05
3.98565165404544e-05
3.98561194089337e-05
3.98557222853271e-05
3.98553251696342e-05
3.98549280618548e-05
3.98545309619887e-05
3.98541338700357e-05
3.98537367859954e-05
3.98533397098677e-05
3.98529426416523e-05
3.9852545581349e-05
3.98521485289576e-05
3.98517514844777e-05
3.98513544479093e-05
3.9850957419252e-05
3.98505603985056e-05
3.98501633856699e-05
3.98497663807446e-05
3.98493693837295e-05
3.98489723946244e-05
3.9848575413429e-05
3.98481784401431e-05
3.98477814747664e-05
3.98473845172987e-05
3.98469875677399e-05
3.98465906260896e-05
3.98461936923475e-05
3.98457967665136e-05
3.98453998485875e-05
3.9845002938569e-05
3.98446060364578e-05
3.98442091422538e-05
3.98438122559567e-05
3.98434153775662e-05
3.98430185070821e-05
3.98426216445042e-05
3.98422247898323e-05
3.9841827943066e-05
3.98414311042053e-05
3.98410342732497e-05
3.98406374501992e-05
3.98402406350534e-05
3.98398438278122e-05
3.98394470284752e-05
3.98390502370423e-05
3.98386534535133e-05
3.98382566778878e-05
3.98378599101656e-05
3.98374631503466e-05
3.98370663984304e-05
3.98366696544169e-05
3.98362729183058e-05
3.98358761900968e-05
3.98354794697898e-05
3.98350827573844e-05
3.98346860528805e-05
3.98342893562779e-05
3.98338926675762e-05
3.98334959867753e-05
3.98330993138749e-05
3.98327026488747e-05
3.98323059917746e-05
3.98319093425743e-05
3.98315127012736e-05
3.98311160678722e-05
3.98307194423699e-05
3.98303228247665e-05
3.98299262150617e-05
3.98295296132553e-05
3.9829133019347e-05
3.98287364333367e-05
3.9828339855224e-05
3.98279432850088e-05
3.98275467226908e-05
3.98271501682697e-05
3.98267536217454e-05
3.98263570831176e-05
3.98259605523861e-05
3.98255640295506e-05
3.98251675146109e-05
3.98247710075667e-05
3.98243745084179e-05
3.98239780171641e-05
3.98235815338052e-05
3.9823185058341e-05
3.98227885907711e-05
3.98223921310953e-05
3.98219956793135e-05
3.98215992354253e-05
3.98212027994306e-05
3.9820806371329e-05
3.98204099511204e-05
3.98200135388046e-05
3.98196171343813e-05
3.98192207378502e-05
3.98188243492111e-05
3.98184279684638e-05
3.98180315956081e-05
3.98176352306437e-05
3.98172388735703e-05
3.98168425243878e-05
3.98164461830959e-05
3.98160498496944e-05
3.9815653524183e-05
3.98152572065616e-05
3.98148608968297e-05
3.98144645949874e-05
3.98140683010342e-05
3.98136720149699e-05
3.98132757367944e-05
3.98128794665074e-05
3.98124832041086e-05
3.98120869495979e-05
3.98116907029749e-05
3.98112944642395e-05
3.98108982333914e-05
3.98105020104304e-05
3.98101057953562e-05
3.98097095881686e-05
3.98093133888673e-05
3.98089171974522e-05
3.9808521013923e-05
3.98081248382795e-05
3.98077286705214e-05
3.98073325106485e-05
3.98069363586605e-05
3.98065402145572e-05
3.98061440783385e-05
3.9805747950004e-05
3.98053518295535e-05
3.98049557169868e-05
3.98045596123036e-05
3.98041635155037e-05
3.98037674265869e-05
3.9803371345553e-05
3.98029752724016e-05
3.98025792071326e-05
3.98021831497458e-05
3.98017871002408e-05
3.98013910586175e-05
3.98009950248756e-05
3.98005989990149e-05
3.98002029810352e-05
3.97998069709362e-05
3.97994109687177e-05
3.97990149743794e-05
3.97986189879211e-05
3.97982230093426e-05
3.97978270386437e-05
3.97974310758241e-05
3.97970351208835e-05
3.97966391738218e-05
3.97962432346387e-05
3.97958473033339e-05
3.97954513799073e-05
3.97950554643586e-05
3.97946595566875e-05
3.97942636568939e-05
3.97938677649774e-05
3.97934718809379e-05
3.97930760047752e-05
3.97926801364889e-05
3.97922842760789e-05
3.97918884235449e-05
3.97914925788866e-05
3.9791096742104e-05
3.97907009131966e-05
3.97903050921643e-05
3.97899092790068e-05
3.9789513473724e-05
3.97891176763155e-05
3.97887218867812e-05
3.97883261051208e-05
3.9787930331334e-05
3.97875345654207e-05
3.97871388073805e-05
3.97867430572133e-05
3.97863473149189e-05
3.97859515804969e-05
3.97855558539472e-05
3.97851601352695e-05
3.97847644244637e-05
3.97843687215293e-05
3.97839730264663e-05
3.97835773392743e-05
3.97831816599533e-05
3.97827859885028e-05
3.97823903249227e-05
3.97819946692127e-05
3.97815990213727e-05
3.97812033814023e-05
3.97808077493013e-05
3.97804121250696e-05
3.97800165087069e-05
3.97796209002128e-05
3.97792252995873e-05
3.977882970683e-05
3.97784341219408e-05
3.97780385449193e-05
3.97776429757655e-05
3.97772474144789e-05
3.97768518610595e-05
3.97764563155069e-05
3.97760607778209e-05
3.97756652480013e-05
3.97752697260478e-05
3.97748742119603e-05
3.97744787057385e-05
3.97740832073821e-05
3.97736877168909e-05
3.97732922342647e-05
3.97728967595032e-05
3.97725012926063e-05
3.97721058335736e-05
3.9771710382405e-05
3.97713149391002e-05
3.97709195036589e-05
3.9770524076081e-05
3.97701286563662e-05
3.97697332445143e-05
3.9769337840525e-05
3.9768942444398e-05
3.97685470561333e-05
3.97681516757305e-05
3.97677563031894e-05
3.97673609385097e-05
3.97669655816913e-05
3.97665702327339e-05
3.97661748916372e-05
3.9765779558401e-05
3.97653842330252e-05
3.97649889155093e-05
3.97645936058533e-05
3.97641983040569e-05
3.97638030101199e-05
3.9763407724042e-05
3.97630124458229e-05
3.97626171754625e-05
3.97622219129605e-05
3.97618266583167e-05
3.97614314115308e-05
3.97610361726027e-05
3.9760640941532e-05
3.97602457183185e-05
3.97598505029621e-05
3.97594552954625e-05
3.97590600958193e-05
3.97586649040325e-05
3.97582697201018e-05
3.97578745440269e-05
3.97574793758076e-05
3.97570842154436e-05
3.97566890629348e-05
3.97562939182809e-05
3.97558987814817e-05
3.97555036525369e-05
3.97551085314463e-05
3.97547134182096e-05
3.97543183128267e-05
3.97539232152973e-05
3.97535281256211e-05
3.9753133043798e-05
3.97527379698277e-05
3.97523429037099e-05
3.97519478454444e-05
3.97515527950311e-05
3.97511577524695e-05
3.97507627177596e-05
3.97503676909011e-05
3.97499726718938e-05
3.97495776607374e-05
3.97491826574316e-05
3.97487876619763e-05
3.97483926743712e-05
3.97479976946161e-05
3.97476027227108e-05
3.9747207758655e-05
3.97468128024484e-05
3.97464178540909e-05
3.97460229135822e-05
3.97456279809221e-05
3.97452330561103e-05
3.97448381391467e-05
3.97444432300309e-05
3.97440483287628e-05
3.9743653435342e-05
3.97432585497685e-05
3.97428636720419e-05
3.9742468802162e-05
3.97420739401286e-05
3.97416790859414e-05
3.97412842396002e-05
3.97408894011048e-05
3.97404945704549e-05
3.97400997476504e-05
3.97397049326909e-05
3.97393101255762e-05
3.97389153263062e-05
3.97385205348805e-05
3.97381257512989e-05
3.97377309755613e-05
3.97373362076673e-05
3.97369414476168e-05
3.97365466954094e-05
3.97361519510451e-05
3.97357572145234e-05
3.97353624858443e-05
3.97349677650074e-05
3.97345730520126e-05
3.97341783468595e-05
3.9733783649548e-05
3.97333889600779e-05
3.97329942784488e-05
3.97325996046606e-05
3.97322049387131e-05
3.97318102806059e-05
3.97314156303389e-05
3.97310209879118e-05
3.97306263533245e-05
3.97302317265765e-05
3.97298371076679e-05
3.97294424965982e-05
3.97290478933672e-05
3.97286532979748e-05
3.97282587104207e-05
3.97278641307047e-05
3.97274695588265e-05
3.97270749947858e-05
3.97266804385826e-05
3.97262858902164e-05
3.97258913496872e-05
3.97254968169946e-05
3.97251022921384e-05
3.97247077751184e-05
3.97243132659344e-05
3.97239187645861e-05
3.97235242710733e-05
3.97231297853958e-05
3.97227353075533e-05
3.97223408375456e-05
3.97219463753724e-05
3.97215519210336e-05
3.97211574745288e-05
3.97207630358579e-05
3.97203686050207e-05
3.97199741820168e-05
3.97195797668461e-05
3.97191853595083e-05
3.97187909600032e-05
3.97183965683305e-05
3.97180021844901e-05
3.97176078084817e-05
3.9717213440305e-05
3.97168190799599e-05
3.9716424727446e-05
3.97160303827632e-05
3.97156360459113e-05
3.97152417168899e-05
3.97148473956989e-05
3.9714453082338e-05
3.9714058776807e-05
3.97136644791056e-05
3.97132701892337e-05
3.9712875907191e-05
3.97124816329772e-05
3.97120873665922e-05
3.97116931080357e-05
3.97112988573074e-05
3.97109046144071e-05
3.97105103793347e-05
3.97101161520897e-05
3.97097219326722e-05
3.97093277210817e-05
3.97089335173181e-05
3.97085393213811e-05
3.97081451332705e-05
3.9707750952986e-05
3.97073567805275e-05
3.97069626158947e-05
3.97065684590873e-05
3.97061743101052e-05
3.97057801689481e-05
3.97053860356157e-05
3.97049919101079e-05
3.97045977924244e-05
3.97042036825649e-05
3.97038095805293e-05
3.97034154863172e-05
3.97030213999285e-05
3.9702627321363e-05
3.97022332506204e-05
3.97018391877004e-05
3.97014451326028e-05
3.97010510853275e-05
3.97006570458741e-05
3.97002630142425e-05
3.96998689904323e-05
3.96994749744435e-05
3.96990809662756e-05
3.96986869659286e-05
3.96982929734021e-05
3.9697898988696e-05
3.969750501181e-05
3.96971110427439e-05
3.96967170814974e-05
3.96963231280703e-05
3.96959291824623e-05
3.96955352446734e-05
3.96951413147031e-05
3.96947473925513e-05
3.96943534782177e-05
3.96939595717022e-05
3.96935656730044e-05
3.96931717821242e-05
3.96927778990613e-05
3.96923840238154e-05
3.96919901563864e-05
3.96915962967741e-05
3.96912024449781e-05
3.96908086009982e-05
3.96904147648343e-05
3.9690020936486e-05
3.96896271159532e-05
3.96892333032357e-05
3.96888394983331e-05
3.96884457012452e-05
3.96880519119719e-05
3.96876581305129e-05
3.96872643568679e-05
3.96868705910367e-05
3.96864768330191e-05
3.96860830828149e-05
3.96856893404238e-05
3.96852956058456e-05
3.96849018790801e-05
3.9684508160127e-05
3.96841144489861e-05
3.96837207456571e-05
3.96833270501399e-05
3.96829333624342e-05
3.96825396825397e-05
3.96821460104562e-05
3.96817523461836e-05
3.96813586897215e-05
3.96809650410698e-05
3.96805714002282e-05
3.96801777671964e-05
3.96797841419743e-05
3.96793905245615e-05
3.9678996914958e-05
3.96786033131634e-05
3.96782097191775e-05
3.9677816133e-05
3.96774225546309e-05
3.96770289840697e-05
3.96766354213163e-05
3.96762418663704e-05
3.96758483192319e-05
3.96754547799004e-05
3.96750612483758e-05
3.96746677246578e-05
3.96742742087462e-05
3.96738807006407e-05
3.96734872003412e-05
3.96730937078473e-05
3.96727002231589e-05
3.96723067462758e-05
3.96719132771976e-05
3.96715198159242e-05
3.96711263624552e-05
3.96707329167906e-05
3.96703394789301e-05
3.96699460488734e-05
3.96695526266203e-05
3.96691592121705e-05
3.96687658055239e-05
3.96683724066802e-05
3.96679790156391e-05
3.96675856324005e-05
3.96671922569641e-05
3.96667988893296e-05
3.96664055294969e-05
3.96660121774657e-05
3.96656188332358e-05
3.9665225496807e-05
3.96648321681789e-05
3.96644388473514e-05
3.96640455343243e-05
3.96636522290973e-05
3.96632589316701e-05
3.96628656420426e-05
3.96624723602146e-05
3.96620790861857e-05
3.96616858199558e-05
3.96612925615246e-05
3.96608993108919e-05
3.96605060680574e-05
3.9660112833021e-05
3.96597196057824e-05
3.96593263863413e-05
3.96589331746976e-05
3.9658539970851e-05
3.96581467748012e-05
3.96577535865481e-05
3.96573604060914e-05
3.96569672334308e-05
3.96565740685662e-05
3.96561809114973e-05
3.96557877622239e-05
3.96553946207457e-05
3.96550014870626e-05
3.96546083611742e-05
3.96542152430803e-05
3.96538221327808e-05
3.96534290302754e-05
3.96530359355638e-05
3.96526428486459e-05
3.96522497695213e-05
3.96518566981899e-05
3.96514636346514e-05
3.96510705789056e-05
3.96506775309523e-05
3.96502844907912e-05
3.96498914584221e-05
3.96494984338448e-05
3.9649105417059e-05
3.96487124080646e-05
3.96483194068611e-05
3.96479264134486e-05
3.96475334278266e-05
3.9647140449995e-05
3.96467474799536e-05
3.96463545177021e-05
3.96459615632403e-05
3.96455686165679e-05
3.96451756776847e-05
3.96447827465905e-05
3.96443898232851e-05
3.96439969077682e-05
3.96436040000396e-05
3.96432111000991e-05
3.96428182079464e-05
3.96424253235813e-05
3.96420324470036e-05
3.9641639578213e-05
3.96412467172093e-05
3.96408538639922e-05
3.96404610185616e-05
3.96400681809173e-05
3.96396753510589e-05
3.96392825289862e-05
3.96388897146991e-05
3.96384969081972e-05
3.96381041094804e-05
3.96377113185485e-05
3.96373185354011e-05
3.96369257600381e-05
3.96365329924592e-05
3.96361402326641e-05
3.96357474806528e-05
3.96353547364249e-05
3.96349619999802e-05
3.96345692713184e-05
3.96341765504394e-05
3.9633783837343e-05
3.96333911320287e-05
3.96329984344966e-05
3.96326057447462e-05
3.96322130627774e-05
3.963182038859e-05
3.96314277221837e-05
3.96310350635583e-05
3.96306424127135e-05
3.96302497696492e-05
3.9629857134365e-05
3.96294645068608e-05
3.96290718871364e-05
3.96286792751915e-05
3.96282866710258e-05
3.96278940746391e-05
3.96275014860313e-05
3.9627108905202e-05
3.96267163321511e-05
3.96263237668783e-05
3.96259312093834e-05
3.96255386596662e-05
3.96251461177263e-05
3.96247535835637e-05
3.9624361057178e-05
3.9623968538569e-05
3.96235760277365e-05
3.96231835246803e-05
3.96227910294001e-05
3.96223985418957e-05
3.96220060621669e-05
3.96216135902135e-05
3.96212211260351e-05
3.96208286696316e-05
3.96204362210028e-05
3.96200437801484e-05
3.96196513470681e-05
3.96192589217619e-05
3.96188665042293e-05
3.96184740944703e-05
3.96180816924844e-05
3.96176892982717e-05
3.96172969118317e-05
3.96169045331643e-05
3.96165121622692e-05
3.96161197991463e-05
3.96157274437952e-05
3.96153350962157e-05
3.96149427564077e-05
3.96145504243709e-05
3.9614158100105e-05
3.96137657836098e-05
3.96133734748851e-05
3.96129811739307e-05
3.96125888807463e-05
3.96121965953317e-05
3.96118043176867e-05
3.9611412047811e-05
3.96110197857044e-05
3.96106275313667e-05
3.96102352847976e-05
3.96098430459969e-05
3.96094508149645e-05
3.96090585916999e-05
3.96086663762031e-05
3.96082741684738e-05
3.96078819685117e-05
3.96074897763167e-05
3.96070975918885e-05
3.96067054152268e-05
3.96063132463315e-05
3.96059210852022e-05
3.96055289318389e-05
3.96051367862412e-05
3.96047446484089e-05
3.96043525183418e-05
3.96039603960396e-05
3.96035682815022e-05
3.96031761747292e-05
3.96027840757205e-05
3.96023919844759e-05
3.9601999900995e-05
3.96016078252777e-05
3.96012157573238e-05
3.96008236971329e-05
3.96004316447049e-05
3.96000396000396e-05
3.95996475631367e-05
3.9599255533996e-05
3.95988635126172e-05
3.95984714990001e-05
3.95980794931446e-05
3.95976874950503e-05
3.9597295504717e-05
3.95969035221446e-05
3.95965115473327e-05
3.95961195802811e-05
3.95957276209897e-05
3.95953356694581e-05
3.95949437256862e-05
3.95945517896737e-05
3.95941598614204e-05
3.95937679409261e-05
3.95933760281905e-05
3.95929841232134e-05
3.95925922259945e-05
3.95922003365337e-05
3.95918084548307e-05
3.95914165808853e-05
3.95910247146972e-05
3.95906328562662e-05
3.95902410055921e-05
3.95898491626747e-05
3.95894573275137e-05
3.95890655001089e-05
3.958867368046e-05
3.95882818685669e-05
3.95878900644293e-05
3.9587498268047e-05
3.95871064794197e-05
3.95867146985472e-05
3.95863229254293e-05
3.95859311600657e-05
3.95855394024563e-05
3.95851476526007e-05
3.95847559104989e-05
3.95843641761504e-05
3.95839724495552e-05
3.95835807307129e-05
3.95831890196234e-05
3.95827973162863e-05
3.95824056207016e-05
3.95820139328689e-05
3.9581622252788e-05
3.95812305804587e-05
3.95808389158808e-05
3.9580447259054e-05
3.95800556099781e-05
3.95796639686529e-05
3.95792723350781e-05
3.95788807092535e-05
3.95784890911789e-05
3.95780974808541e-05
3.95777058782788e-05
3.95773142834527e-05
3.95769226963757e-05
3.95765311170476e-05
3.9576139545468e-05
3.95757479816369e-05
3.95753564255538e-05
3.95749648772187e-05
3.95745733366312e-05
3.95741818037912e-05
3.95737902786984e-05
3.95733987613526e-05
3.95730072517536e-05
3.95726157499011e-05
3.95722242557949e-05
3.95718327694347e-05
3.95714412908204e-05
3.95710498199517e-05
3.95706583568284e-05
3.95702669014503e-05
3.9569875453817e-05
3.95694840139285e-05
3.95690925817844e-05
3.95687011573845e-05
3.95683097407286e-05
3.95679183318166e-05
3.9567526930648e-05
3.95671355372228e-05
3.95667441515406e-05
3.95663527736013e-05
3.95659614034047e-05
3.95655700409504e-05
3.95651786862382e-05
3.95647873392681e-05
3.95643960000396e-05
3.95640046685525e-05
3.95636133448068e-05
3.9563222028802e-05
3.95628307205381e-05
3.95624394200146e-05
3.95620481272315e-05
3.95616568421886e-05
3.95612655648854e-05
3.95608742953219e-05
3.95604830334978e-05
3.95600917794129e-05
3.9559700533067e-05
3.95593092944597e-05
3.9558918063591e-05
3.95585268404605e-05
3.9558135625068e-05
3.95577444174133e-05
3.95573532174962e-05
3.95569620253165e-05
3.95565708408738e-05
3.9556179664168e-05
3.95557884951989e-05
3.95553973339662e-05
3.95550061804697e-05
3.95546150347092e-05
3.95542238966844e-05
3.95538327663951e-05
3.9553441643841e-05
3.95530505290221e-05
3.95526594219379e-05
3.95522683225883e-05
3.95518772309731e-05
3.9551486147092e-05
3.95510950709448e-05
3.95507040025312e-05
3.95503129418511e-05
3.95499218889043e-05
3.95495308436904e-05
3.95491398062092e-05
3.95487487764606e-05
3.95483577544442e-05
3.954796674016e-05
3.95475757336075e-05
3.95471847347867e-05
3.95467937436972e-05
3.95464027603389e-05
3.95460117847115e-05
3.95456208168148e-05
3.95452298566485e-05
3.95448389042125e-05
3.95444479595065e-05
3.95440570225302e-05
3.95436660932835e-05
3.95432751717661e-05
3.95428842579778e-05
3.95424933519183e-05
3.95421024535875e-05
3.9541711562985e-05
3.95413206801107e-05
3.95409298049644e-05
3.95405389375457e-05
3.95401480778546e-05
3.95397572258906e-05
3.95393663816537e-05
3.95389755451436e-05
3.95385847163601e-05
3.95381938953029e-05
3.95378030819718e-05
3.95374122763665e-05
3.95370214784869e-05
3.95366306883327e-05
3.95362399059038e-05
3.95358491311997e-05
3.95354583642204e-05
3.95350676049656e-05
3.95346768534351e-05
3.95342861096286e-05
3.95338953735459e-05
3.95335046451868e-05
3.9533113924551e-05
3.95327232116384e-05
3.95323325064487e-05
3.95319418089817e-05
3.9531551119237e-05
3.95311604372146e-05
3.95307697629142e-05
3.95303790963355e-05
3.95299884374784e-05
3.95295977863425e-05
3.95292071429277e-05
3.95288165072338e-05
3.95284258792604e-05
3.95280352590074e-05
3.95276446464746e-05
3.95272540416617e-05
3.95268634445685e-05
3.95264728551948e-05
3.95260822735402e-05
3.95256916996047e-05
3.9525301133388e-05
3.95249105748898e-05
3.952452002411e-05
3.95241294810482e-05
3.95237389457043e-05
3.9523348418078e-05
3.95229578981691e-05
3.95225673859774e-05
3.95221768815026e-05
3.95217863847446e-05
3.9521395895703e-05
3.95210054143777e-05
3.95206149407685e-05
3.9520224474875e-05
3.95198340166971e-05
3.95194435662346e-05
3.95190531234872e-05
3.95186626884546e-05
3.95182722611367e-05
3.95178818415333e-05
3.9517491429644e-05
3.95171010254688e-05
3.95167106290072e-05
3.95163202402592e-05
3.95159298592245e-05
3.95155394859028e-05
3.9515149120294e-05
3.95147587623978e-05
3.95143684122139e-05
3.95139780697422e-05
3.95135877349824e-05
3.95131974079343e-05
3.95128070885976e-05
3.95124167769722e-05
3.95120264730577e-05
3.95116361768541e-05
3.9511245888361e-05
3.95108556075782e-05
3.95104653345055e-05
3.95100750691426e-05
3.95096848114894e-05
3.95092945615456e-05
3.9508904319311e-05
3.95085140847853e-05
3.95081238579683e-05
3.95077336388598e-05
3.95073434274596e-05
3.95069532237674e-05
3.9506563027783e-05
3.95061728395062e-05
3.95057826589367e-05
3.95053924860744e-05
3.95050023209189e-05
3.95046121634701e-05
3.95042220137277e-05
3.95038318716916e-05
3.95034417373614e-05
3.95030516107369e-05
3.9502661491818e-05
3.95022713806044e-05
3.95018812770958e-05
3.95014911812921e-05
3.9501101093193e-05
3.95007110127982e-05
3.95003209401076e-05
3.9499930875121e-05
3.9499540817838e-05
3.94991507682585e-05
3.94987607263822e-05
3.94983706922089e-05
3.94979806657385e-05
3.94975906469705e-05
3.94972006359049e-05
3.94968106325414e-05
3.94964206368798e-05
3.94960306489198e-05
3.94956406686612e-05
3.94952506961038e-05
3.94948607312473e-05
3.94944707740916e-05
3.94940808246364e-05
3.94936908828815e-05
3.94933009488266e-05
3.94929110224715e-05
3.9492521103816e-05
3.94921311928598e-05
3.94917412896028e-05
3.94913513940447e-05
3.94909615061853e-05
3.94905716260243e-05
3.94901817535615e-05
3.94897918887967e-05
3.94894020317297e-05
3.94890121823603e-05
3.94886223406881e-05
3.9488232506713e-05
3.94878426804348e-05
3.94874528618531e-05
3.94870630509679e-05
3.94866732477789e-05
3.94862834522858e-05
3.94858936644884e-05
3.94855038843864e-05
3.94851141119798e-05
3.94847243472682e-05
3.94843345902513e-05
3.94839448409291e-05
3.94835550993011e-05
3.94831653653673e-05
3.94827756391274e-05
3.94823859205812e-05
3.94819962097284e-05
3.94816065065688e-05
3.94812168111021e-05
3.94808271233282e-05
3.94804374432469e-05
3.94800477708578e-05
3.94796581061608e-05
3.94792684491556e-05
3.94788787998421e-05
3.94784891582199e-05
3.94780995242889e-05
3.94777098980488e-05
3.94773202794994e-05
3.94769306686405e-05
3.94765410654718e-05
3.94761514699932e-05
3.94757618822043e-05
3.9475372302105e-05
3.94749827296951e-05
3.94745931649742e-05
3.94742036079422e-05
3.94738140585989e-05
3.9473424516944e-05
3.94730349829773e-05
3.94726454566985e-05
3.94722559381075e-05
3.9471866427204e-05
3.94714769239878e-05
3.94710874284587e-05
3.94706979406163e-05
3.94703084604606e-05
3.94699189879913e-05
3.94695295232081e-05
3.94691400661108e-05
3.94687506166992e-05
3.94683611749731e-05
3.94679717409322e-05
3.94675823145764e-05
3.94671928959053e-05
3.94668034849187e-05
3.94664140816165e-05
3.94660246859984e-05
3.94656352980642e-05
3.94652459178136e-05
3.94648565452465e-05
3.94644671803625e-05
3.94640778231615e-05
3.94636884736432e-05
3.94632991318074e-05
3.94629097976539e-05
3.94625204711825e-05
3.94621311523929e-05
3.94617418412849e-05
3.94613525378582e-05
3.94609632421127e-05
3.94605739540482e-05
3.94601846736643e-05
3.94597954009608e-05
3.94594061359377e-05
3.94590168785945e-05
3.94586276289311e-05
3.94582383869472e-05
3.94578491526427e-05
3.94574599260173e-05
3.94570707070707e-05
3.94566814958028e-05
3.94562922922133e-05
3.9455903096302e-05
3.94555139080687e-05
3.9455124727513e-05
3.94547355546349e-05
3.94543463894341e-05
3.94539572319104e-05
3.94535680820634e-05
3.94531789398931e-05
3.94527898053991e-05
3.94524006785813e-05
3.94520115594394e-05
3.94516224479732e-05
3.94512333441824e-05
3.94508442480669e-05
3.94504551596264e-05
3.94500660788607e-05
3.94496770057695e-05
3.94492879403527e-05
3.94488988826099e-05
3.94485098325411e-05
3.94481207901459e-05
3.94477317554241e-05
3.94473427283755e-05
3.94469537089998e-05
3.94465646972969e-05
3.94461756932665e-05
3.94457866969084e-05
3.94453977082224e-05
3.94450087272082e-05
3.94446197538656e-05
3.94442307881943e-05
3.94438418301943e-05
3.94434528798651e-05
3.94430639372066e-05
3.94426750022186e-05
3.94422860749009e-05
3.94418971552532e-05
3.94415082432752e-05
3.94411193389668e-05
3.94407304423278e-05
3.94403415533579e-05
3.94399526720568e-05
3.94395637984244e-05
3.94391749324604e-05
3.94387860741646e-05
3.94383972235368e-05
3.94380083805768e-05
3.94376195452842e-05
3.9437230717659e-05
3.94368418977008e-05
3.94364530854095e-05
3.94360642807848e-05
3.94356754838264e-05
3.94352866945343e-05
3.9434897912908e-05
3.94345091389475e-05
3.94341203726524e-05
3.94337316140226e-05
3.94333428630579e-05
3.94329541197579e-05
3.94325653841225e-05
3.94321766561514e-05
3.94317879358445e-05
3.94313992232014e-05
3.94310105182221e-05
3.94306218209061e-05
3.94302331312534e-05
3.94298444492636e-05
3.94294557749367e-05
3.94290671082722e-05
3.94286784492701e-05
3.942828979793e-05
3.94279011542518e-05
3.94275125182352e-05
3.942712388988e-05
3.9426735269186e-05
3.9426346656153e-05
3.94259580507806e-05
3.94255694530688e-05
3.94251808630172e-05
3.94247922806257e-05
3.9424403705894e-05
3.94240151388218e-05
3.9423626579409e-05
3.94232380276554e-05
3.94228494835607e-05
3.94224609471246e-05
3.9422072418347e-05
3.94216838972277e-05
3.94212953837663e-05
3.94209068779627e-05
3.94205183798167e-05
3.9420129889328e-05
3.94197414064964e-05
3.94193529313216e-05
3.94189644638035e-05
3.94185760039419e-05
3.94181875517364e-05
3.94177991071868e-05
3.94174106702931e-05
3.94170222410548e-05
3.94166338194718e-05
3.94162454055439e-05
3.94158569992708e-05
3.94154686006523e-05
3.94150802096882e-05
3.94146918263783e-05
3.94143034507223e-05
3.941391508272e-05
3.94135267223711e-05
3.94131383696755e-05
3.9412750024633e-05
3.94123616872432e-05
3.9411973357506e-05
3.94115850354212e-05
3.94111967209884e-05
3.94108084142076e-05
3.94104201150784e-05
3.94100318236007e-05
3.94096435397742e-05
3.94092552635987e-05
3.94088669950739e-05
3.94084787341997e-05
3.94080904809757e-05
3.94077022354019e-05
3.94073139974779e-05
3.94069257672036e-05
3.94065375445786e-05
3.94061493296029e-05
3.94057611222761e-05
3.9405372922598e-05
3.94049847305684e-05
3.94045965461871e-05
3.94042083694539e-05
3.94038202003684e-05
3.94034320389306e-05
3.94030438851401e-05
3.94026557389968e-05
3.94022676005004e-05
3.94018794696507e-05
3.94014913464475e-05
3.94011032308905e-05
3.94007151229795e-05
3.94003270227143e-05
3.93999389300947e-05
3.93995508451204e-05
3.93991627677912e-05
3.93987746981069e-05
3.93983866360673e-05
3.93979985816721e-05
3.93976105349211e-05
3.9397222495814e-05
3.93968344643508e-05
3.93964464405311e-05
3.93960584243546e-05
3.93956704158213e-05
3.93952824149308e-05
3.93948944216829e-05
3.93945064360775e-05
3.93941184581142e-05
3.93937304877929e-05
3.93933425251133e-05
3.93929545700751e-05
3.93925666226783e-05
3.93921786829225e-05
3.93917907508075e-05
3.93914028263332e-05
3.93910149094991e-05
3.93906270003053e-05
3.93902390987513e-05
3.93898512048371e-05
3.93894633185623e-05
3.93890754399267e-05
3.93886875689302e-05
3.93882997055725e-05
3.93879118498533e-05
3.93875240017724e-05
3.93871361613297e-05
3.93867483285249e-05
3.93863605033577e-05
3.93859726858279e-05
3.93855848759354e-05
3.93851970736799e-05
3.93848092790611e-05
3.93844214920788e-05
3.93840337127329e-05
3.9383645941023e-05
3.9383258176949e-05
3.93828704205106e-05
3.93824826717076e-05
3.93820949305398e-05
3.9381707197007e-05
3.93813194711089e-05
3.93809317528453e-05
3.93805440422159e-05
3.93801563392207e-05
3.93797686438592e-05
3.93793809561314e-05
3.93789932760369e-05
3.93786056035756e-05
3.93782179387472e-05
3.93778302815515e-05
3.93774426319883e-05
3.93770549900573e-05
3.93766673557583e-05
3.93762797290912e-05
3.93758921100556e-05
3.93755044986514e-05
3.93751168948783e-05
3.93747292987361e-05
3.93743417102245e-05
3.93739541293434e-05
3.93735665560926e-05
3.93731789904717e-05
3.93727914324806e-05
3.9372403882119e-05
3.93720163393868e-05
3.93716288042836e-05
3.93712412768094e-05
3.93708537569637e-05
3.93704662447465e-05
3.93700787401575e-05
3.93696912431964e-05
3.93693037538631e-05
3.93689162721573e-05
3.93685287980788e-05
3.93681413316274e-05
3.93677538728028e-05
3.93673664216048e-05
3.93669789780332e-05
3.93665915420878e-05
3.93662041137683e-05
3.93658166930746e-05
3.93654292800063e-05
3.93650418745633e-05
3.93646544767453e-05
3.93642670865522e-05
3.93638797039836e-05
3.93634923290394e-05
3.93631049617194e-05
3.93627176020232e-05
3.93623302499508e-05
3.93619429055018e-05
3.93615555686761e-05
3.93611682394733e-05
3.93607809178934e-05
3.9360393603936e-05
3.9360006297601e-05
3.93596189988881e-05
3.93592317077971e-05
3.93588444243277e-05
3.93584571484798e-05
3.93580698802531e-05
3.93576826196474e-05
3.93572953666624e-05
3.9356908121298e-05
3.93565208835539e-05
3.93561336534299e-05
3.93557464309257e-05
3.93553592160412e-05
3.93549720087762e-05
3.93545848091303e-05
3.93541976171033e-05
3.93538104326951e-05
3.93534232559055e-05
3.93530360867341e-05
3.93526489251808e-05
3.93522617712453e-05
3.93518746249274e-05
3.9351487486227e-05
3.93511003551437e-05
3.93507132316773e-05
3.93503261158277e-05
3.93499390075945e-05
3.93495519069777e-05
3.93491648139768e-05
3.93487777285918e-05
3.93483906508224e-05
3.93480035806683e-05
3.93476165181294e-05
3.93472294632054e-05
3.93468424158961e-05
3.93464553762013e-05
3.93460683441207e-05
3.93456813196542e-05
3.93452943028014e-05
3.93449072935622e-05
3.93445202919363e-05
3.93441332979236e-05
3.93437463115238e-05
3.93433593327366e-05
3.93429723615619e-05
3.93425853979994e-05
3.93421984420489e-05
3.93418114937102e-05
3.93414245529831e-05
3.93410376198672e-05
3.93406506943625e-05
3.93402637764686e-05
3.93398768661854e-05
3.93394899635126e-05
3.933910306845e-05
3.93387161809974e-05
3.93383293011546e-05
3.93379424289213e-05
3.93375555642972e-05
3.93371687072823e-05
3.93367818578762e-05
3.93363950160788e-05
3.93360081818897e-05
3.93356213553088e-05
3.93352345363359e-05
3.93348477249707e-05
3.93344609212131e-05
3.93340741250627e-05
3.93336873365194e-05
3.93333005555829e-05
3.9332913782253e-05
3.93325270165295e-05
3.93321402584122e-05
3.93317535079008e-05
3.93313667649951e-05
3.93309800296949e-05
3.9330593302e-05
3.93302065819101e-05
3.9329819869425e-05
3.93294331645445e-05
3.93290464672684e-05
3.93286597775964e-05
3.93282730955284e-05
3.9327886421064e-05
3.93274997542031e-05
3.93271130949455e-05
3.93267264432909e-05
3.9326339799239e-05
3.93259531627898e-05
3.93255665339429e-05
3.93251799126981e-05
3.93247932990552e-05
3.9324406693014e-05
3.93240200945743e-05
3.93236335037357e-05
3.93232469204982e-05
3.93228603448615e-05
3.93224737768253e-05
3.93220872163894e-05
3.93217006635537e-05
3.93213141183178e-05
3.93209275806816e-05
3.93205410506449e-05
3.93201545282073e-05
3.93197680133687e-05
3.93193815061289e-05
3.93189950064876e-05
3.93186085144447e-05
3.93182220299998e-05
3.93178355531528e-05
3.93174490839034e-05
3.93170626222515e-05
3.93166761681967e-05
3.9316289721739e-05
3.93159032828779e-05
3.93155168516134e-05
3.93151304279452e-05
3.93147440118731e-05
3.93143576033968e-05
3.93139712025161e-05
3.93135848092308e-05
3.93131984235407e-05
3.93128120454456e-05
3.93124256749452e-05
3.93120393120393e-05
3.93116529567277e-05
3.93112666090101e-05
3.93108802688864e-05
3.93104939363563e-05
3.93101076114196e-05
3.9309721294076e-05
3.93093349843254e-05
3.93089486821675e-05
3.93085623876021e-05
3.93081761006289e-05
3.93077898212478e-05
3.93074035494585e-05
3.93070172852609e-05
3.93066310286545e-05
3.93062447796394e-05
3.93058585382151e-05
3.93054723043816e-05
3.93050860781385e-05
3.93046998594857e-05
3.93043136484229e-05
3.93039274449499e-05
3.93035412490665e-05
3.93031550607725e-05
3.93027688800676e-05
3.93023827069516e-05
3.93019965414243e-05
3.93016103834855e-05
3.93012242331349e-05
3.93008380903723e-05
3.93004519551975e-05
3.93000658276103e-05
3.92996797076104e-05
3.92992935951976e-05
3.92989074903718e-05
3.92985213931326e-05
3.92981353034798e-05
3.92977492214133e-05
3.92973631469328e-05
3.92969770800381e-05
3.9296591020729e-05
3.92962049690051e-05
3.92958189248664e-05
3.92954328883126e-05
3.92950468593434e-05
3.92946608379586e-05
3.92942748241581e-05
3.92938888179416e-05
3.92935028193088e-05
3.92931168282596e-05
3.92927308447937e-05
3.92923448689109e-05
3.9291958900611e-05
3.92915729398937e-05
3.92911869867589e-05
3.92908010412062e-05
3.92904151032356e-05
3.92900291728467e-05
3.92896432500393e-05
3.92892573348132e-05
3.92888714271683e-05
3.92884855271041e-05
3.92880996346207e-05
3.92877137497176e-05
3.92873278723948e-05
3.92869420026519e-05
3.92865561404887e-05
3.92861702859051e-05
3.92857844389008e-05
3.92853985994755e-05
3.92850127676292e-05
3.92846269433614e-05
3.9284241126672e-05
3.92838553175609e-05
3.92834695160277e-05
3.92830837220722e-05
3.92826979356942e-05
3.92823121568936e-05
3.928192638567e-05
3.92815406220232e-05
3.92811548659531e-05
3.92807691174593e-05
3.92803833765418e-05
3.92799976432001e-05
3.92796119174343e-05
3.92792261992439e-05
3.92788404886288e-05
3.92784547855887e-05
3.92780690901235e-05
3.92776834022329e-05
3.92772977219167e-05
3.92769120491747e-05
3.92765263840066e-05
3.92761407264122e-05
3.92757550763913e-05
3.92753694339437e-05
3.92749837990692e-05
3.92745981717675e-05
3.92742125520383e-05
3.92738269398816e-05
3.9273441335297e-05
3.92730557382844e-05
3.92726701488434e-05
3.9272284566974e-05
3.92718989926758e-05
3.92715134259487e-05
3.92711278667923e-05
3.92707423152066e-05
3.92703567711913e-05
3.92699712347461e-05
3.92695857058708e-05
3.92692001845652e-05
3.92688146708292e-05
3.92684291646623e-05
3.92680436660646e-05
3.92676581750356e-05
3.92672726915752e-05
3.92668872156832e-05
3.92665017473593e-05
3.92661162866034e-05
3.92657308334151e-05
3.92653453877944e-05
3.92649599497409e-05
3.92645745192544e-05
3.92641890963347e-05
3.92638036809816e-05
3.92634182731949e-05
3.92630328729743e-05
3.92626474803196e-05
3.92622620952306e-05
3.92618767177071e-05
3.92614913477488e-05
3.92611059853556e-05
3.92607206305272e-05
3.92603352832633e-05
3.92599499435638e-05
3.92595646114285e-05
3.9259179286857e-05
3.92587939698492e-05
3.9258408660405e-05
3.92580233585239e-05
3.92576380642059e-05
3.92572527774506e-05
3.9256867498258e-05
3.92564822266277e-05
3.92560969625595e-05
3.92557117060532e-05
3.92553264571086e-05
3.92549412157255e-05
3.92545559819037e-05
3.92541707556428e-05
3.92537855369427e-05
3.92534003258032e-05
3.92530151222241e-05
3.92526299262051e-05
3.92522447377459e-05
3.92518595568465e-05
3.92514743835065e-05
3.92510892177258e-05
3.92507040595041e-05
3.92503189088411e-05
3.92499337657368e-05
3.92495486301908e-05
3.92491635022029e-05
3.92487783817729e-05
3.92483932689006e-05
3.92480081635857e-05
3.92476230658281e-05
3.92472379756275e-05
3.92468528929836e-05
3.92464678178964e-05
3.92460827503655e-05
3.92456976903907e-05
3.92453126379718e-05
3.92449275931086e-05
3.92445425558008e-05
3.92441575260483e-05
3.92437725038508e-05
3.92433874892081e-05
3.92430024821199e-05
3.92426174825861e-05
3.92422324906064e-05
3.92418475061806e-05
3.92414625293085e-05
3.92410775599898e-05
3.92406925982244e-05
3.92403076440119e-05
3.92399226973523e-05
3.92395377582452e-05
3.92391528266905e-05
3.92387679026879e-05
3.92383829862371e-05
3.92379980773381e-05
3.92376131759905e-05
3.92372282821941e-05
3.92368433959488e-05
3.92364585172542e-05
3.92360736461102e-05
3.92356887825166e-05
3.9235303926473e-05
3.92349190779794e-05
3.92345342370354e-05
3.92341494036409e-05
3.92337645777956e-05
3.92333797594994e-05
3.92329949487519e-05
3.9232610145553e-05
3.92322253499024e-05
3.92318405618e-05
3.92314557812454e-05
3.92310710082385e-05
3.92306862427791e-05
3.92303014848669e-05
3.92299167345017e-05
3.92295319916833e-05
3.92291472564115e-05
3.9228762528686e-05
3.92283778085067e-05
3.92279930958732e-05
3.92276083907854e-05
3.92272236932431e-05
3.9226839003246e-05
3.92264543207939e-05
3.92260696458867e-05
3.92256849785239e-05
3.92253003187056e-05
3.92249156664313e-05
3.9224531021701e-05
3.92241463845143e-05
3.92237617548711e-05
3.92233771327711e-05
3.92229925182142e-05
3.92226079112e-05
3.92222233117284e-05
3.92218387197992e-05
3.92214541354121e-05
3.92210695585669e-05
3.92206849892633e-05
3.92203004275013e-05
3.92199158732805e-05
3.92195313266006e-05
3.92191467874616e-05
3.92187622558632e-05
3.92183777318051e-05
3.92179932152872e-05
3.92176087063091e-05
3.92172242048708e-05
3.92168397109719e-05
3.92164552246122e-05
3.92160707457916e-05
3.92156862745098e-05
3.92153018107666e-05
3.92149173545617e-05
3.92145329058949e-05
3.92141484647661e-05
3.92137640311749e-05
3.92133796051213e-05
3.92129951866048e-05
3.92126107756254e-05
3.92122263721828e-05
3.92118419762768e-05
3.92114575879072e-05
3.92110732070737e-05
3.92106888337761e-05
3.92103044680142e-05
3.92099201097878e-05
3.92095357590966e-05
3.92091514159405e-05
3.92087670803192e-05
3.92083827522324e-05
3.92079984316801e-05
3.92076141186618e-05
3.92072298131775e-05
3.9206845515227e-05
3.92064612248098e-05
3.9206076941926e-05
3.92056926665752e-05
3.92053083987572e-05
3.92049241384718e-05
3.92045398857188e-05
3.92041556404979e-05
3.9203771402809e-05
3.92033871726517e-05
3.9203002950026e-05
3.92026187349315e-05
3.92022345273681e-05
3.92018503273355e-05
3.92014661348334e-05
3.92010819498618e-05
3.92006977724203e-05
3.92003136025088e-05
3.9199929440127e-05
3.91995452852747e-05
3.91991611379517e-05
3.91987769981577e-05
3.91983928658925e-05
3.9198008741156e-05
3.91976246239478e-05
3.91972405142678e-05
3.91968564121157e-05
3.91964723174914e-05
3.91960882303946e-05
3.91957041508251e-05
3.91953200787826e-05
3.9194936014267e-05
3.91945519572779e-05
3.91941679078153e-05
3.91937838658789e-05
3.91933998314684e-05
3.91930158045836e-05
3.91926317852244e-05
3.91922477733904e-05
3.91918637690815e-05
3.91914797722975e-05
3.91910957830381e-05
3.91907118013031e-05
3.91903278270923e-05
3.91899438604054e-05
3.91895599012423e-05
3.91891759496027e-05
3.91887920054864e-05
3.91884080688932e-05
3.91880241398229e-05
3.91876402182752e-05
3.91872563042499e-05
3.91868723977468e-05
3.91864884987656e-05
3.91861046073063e-05
3.91857207233684e-05
3.91853368469519e-05
3.91849529780564e-05
3.91845691166819e-05
3.91841852628279e-05
3.91838014164944e-05
3.91834175776811e-05
3.91830337463878e-05
3.91826499226143e-05
3.91822661063603e-05
3.91818822976256e-05
3.918149849641e-05
3.91811147027133e-05
3.91807309165353e-05
3.91803471378756e-05
3.91799633667343e-05
3.91795796031109e-05
3.91791958470052e-05
3.91788120984172e-05
3.91784283573464e-05
3.91780446237928e-05
3.91776608977561e-05
3.9177277179236e-05
3.91768934682324e-05
3.91765097647451e-05
3.91761260687737e-05
3.91757423803181e-05
3.91753586993781e-05
3.91749750259534e-05
3.91745913600439e-05
3.91742077016492e-05
3.91738240507693e-05
3.91734404074038e-05
3.91730567715525e-05
3.91726731432153e-05
3.91722895223919e-05
3.9171905909082e-05
3.91715223032855e-05
3.91711387050022e-05
3.91707551142317e-05
3.9170371530974e-05
3.91699879552287e-05
3.91696043869957e-05
3.91692208262747e-05
3.91688372730656e-05
3.9168453727368e-05
3.91680701891818e-05
3.91676866585067e-05
3.91673031353426e-05
3.91669196196892e-05
3.91665361115463e-05
3.91661526109136e-05
3.9165769117791e-05
3.91653856321783e-05
3.91650021540751e-05
3.91646186834813e-05
3.91642352203967e-05
3.91638517648211e-05
3.91634683167541e-05
3.91630848761957e-05
3.91627014431455e-05
3.91623180176035e-05
3.91619345995692e-05
3.91615511890426e-05
3.91611677860234e-05
3.91607843905113e-05
3.91604010025063e-05
3.91600176220079e-05
3.91596342490161e-05
3.91592508835306e-05
3.91588675255512e-05
3.91584841750776e-05
3.91581008321096e-05
3.91577174966471e-05
3.91573341686898e-05
3.91569508482374e-05
3.91565675352899e-05
3.91561842298468e-05
3.91558009319081e-05
3.91554176414734e-05
3.91550343585426e-05
3.91546510831155e-05
3.91542678151919e-05
3.91538845547714e-05
3.91535013018539e-05
3.91531180564392e-05
3.91527348185271e-05
3.91523515881173e-05
3.91519683652096e-05
3.91515851498038e-05
3.91512019418996e-05
3.91508187414969e-05
3.91504355485955e-05
3.9150052363195e-05
3.91496691852954e-05
3.91492860148963e-05
3.91489028519976e-05
3.9148519696599e-05
3.91481365487003e-05
3.91477534083013e-05
3.91473702754017e-05
3.91469871500015e-05
3.91466040321002e-05
3.91462209216978e-05
3.91458378187939e-05
3.91454547233884e-05
3.91450716354811e-05
3.91446885550717e-05
3.914430548216e-05
3.91439224167458e-05
3.91435393588288e-05
3.91431563084089e-05
3.91427732654859e-05
3.91423902300594e-05
3.91420072021293e-05
3.91416241816954e-05
3.91412411687575e-05
3.91408581633152e-05
3.91404751653685e-05
3.91400921749171e-05
3.91397091919607e-05
3.91393262164992e-05
3.91389432485323e-05
3.91385602880598e-05
3.91381773350815e-05
3.91377943895972e-05
3.91374114516066e-05
3.91370285211095e-05
3.91366455981058e-05
3.91362626825951e-05
3.91358797745773e-05
3.91354968740522e-05
3.91351139810195e-05
3.9134731095479e-05
3.91343482174304e-05
3.91339653468737e-05
3.91335824838085e-05
3.91331996282346e-05
3.91328167801518e-05
3.913243393956e-05
3.91320511064587e-05
3.9131668280848e-05
3.91312854627275e-05
3.91309026520969e-05
3.91305198489562e-05
3.9130137053305e-05
3.91297542651432e-05
3.91293714844705e-05
3.91289887112868e-05
3.91286059455917e-05
3.91282231873851e-05
3.91278404366667e-05
3.91274576934364e-05
3.91270749576938e-05
3.91266922294389e-05
3.91263095086714e-05
3.9125926795391e-05
3.91255440895975e-05
3.91251613912907e-05
3.91247787004705e-05
3.91243960171365e-05
3.91240133412886e-05
3.91236306729264e-05
3.912324801205e-05
3.91228653586589e-05
3.9122482712753e-05
3.9122100074332e-05
3.91217174433958e-05
3.91213348199441e-05
3.91209522039766e-05
3.91205695954933e-05
3.91201869944938e-05
3.9119804400978e-05
3.91194218149456e-05
3.91190392363964e-05
3.91186566653301e-05
3.91182741017466e-05
3.91178915456457e-05
3.91175089970271e-05
3.91171264558906e-05
3.91167439222359e-05
3.91163613960629e-05
3.91159788773714e-05
3.91155963661611e-05
3.91152138624318e-05
3.91148313661833e-05
3.91144488774153e-05
3.91140663961277e-05
3.91136839223202e-05
3.91133014559926e-05
3.91129189971448e-05
3.91125365457763e-05
3.91121541018872e-05
3.9111771665477e-05
3.91113892365457e-05
3.91110068150929e-05
3.91106244011186e-05
3.91102419946223e-05
3.9109859595604e-05
3.91094772040635e-05
3.91090948200004e-05
3.91087124434146e-05
3.91083300743058e-05
3.91079477126739e-05
3.91075653585186e-05
3.91071830118397e-05
3.9106800672637e-05
3.91064183409102e-05
3.91060360166592e-05
3.91056536998837e-05
3.91052713905835e-05
3.91048890887583e-05
3.91045067944081e-05
3.91041245075324e-05
3.91037422281312e-05
3.91033599562042e-05
3.91029776917512e-05
3.9102595434772e-05
3.91022131852663e-05
3.91018309432339e-05
3.91014487086747e-05
3.91010664815883e-05
3.91006842619746e-05
3.91003020498333e-05
3.90999198451643e-05
3.90995376479673e-05
3.90991554582421e-05
3.90987732759885e-05
3.90983911012062e-05
3.9098008933895e-05
3.90976267740548e-05
3.90972446216853e-05
3.90968624767862e-05
3.90964803393574e-05
3.90960982093987e-05
3.90957160869098e-05
3.90953339718905e-05
3.90949518643405e-05
3.90945697642597e-05
3.90941876716479e-05
3.90938055865048e-05
3.90934235088302e-05
3.90930414386239e-05
3.90926593758857e-05
3.90922773206153e-05
3.90918952728126e-05
3.90915132324772e-05
3.90911311996091e-05
3.90907491742079e-05
3.90903671562735e-05
3.90899851458056e-05
3.90896031428041e-05
3.90892211472686e-05
3.90888391591991e-05
3.90884571785952e-05
3.90880752054567e-05
3.90876932397835e-05
3.90873112815752e-05
3.90869293308318e-05
3.90865473875529e-05
3.90861654517384e-05
3.9085783523388e-05
3.90854016025015e-05
3.90850196890787e-05
3.90846377831193e-05
3.90842558846233e-05
3.90838739935902e-05
3.908349211002e-05
3.90831102339124e-05
3.90827283652672e-05
3.90823465040841e-05
3.9081964650363e-05
3.90815828041036e-05
3.90812009653057e-05
3.9080819133969e-05
3.90804373100935e-05
3.90800554936788e-05
3.90796736847247e-05
3.90792918832311e-05
3.90789100891976e-05
3.90785283026241e-05
3.90781465235104e-05
3.90777647518562e-05
3.90773829876613e-05
3.90770012309255e-05
3.90766194816486e-05
3.90762377398304e-05
3.90758560054706e-05
3.90754742785691e-05
3.90750925591255e-05
3.90747108471397e-05
3.90743291426115e-05
3.90739474455407e-05
3.9073565755927e-05
3.90731840737702e-05
3.90728023990701e-05
3.90724207318264e-05
3.90720390720391e-05
3.90716574197077e-05
3.90712757748322e-05
3.90708941374123e-05
3.90705125074478e-05
3.90701308849385e-05
3.90697492698841e-05
3.90693676622844e-05
3.90689860621392e-05
3.90686044694484e-05
3.90682228842116e-05
3.90678413064286e-05
3.90674597360993e-05
3.90670781732234e-05
3.90666966178007e-05
3.9066315069831e-05
3.90659335293141e-05
3.90655519962497e-05
3.90651704706376e-05
3.90647889524777e-05
3.90644074417696e-05
3.90640259385132e-05
3.90636444427083e-05
3.90632629543546e-05
3.90628814734519e-05
3.90625e-05
3.90621185339987e-05
3.90617370754477e-05
3.90613556243469e-05
3.90609741806961e-05
3.90605927444949e-05
3.90602113157432e-05
3.90598298944408e-05
3.90594484805875e-05
3.90590670741829e-05
3.9058685675227e-05
3.90583042837195e-05
3.90579228996602e-05
3.90575415230488e-05
3.90571601538852e-05
3.90567787921691e-05
3.90563974379003e-05
3.90560160910786e-05
3.90556347517038e-05
3.90552534197756e-05
3.90548720952939e-05
3.90544907782584e-05
3.90541094686688e-05
3.90537281665251e-05
3.90533468718269e-05
3.90529655845741e-05
3.90525843047664e-05
3.90522030324036e-05
3.90518217674855e-05
3.90514405100118e-05
3.90510592599824e-05
3.90506780173971e-05
3.90502967822555e-05
3.90499155545576e-05
3.90495343343031e-05
3.90491531214917e-05
3.90487719161232e-05
3.90483907181975e-05
3.90480095277143e-05
3.90476283446734e-05
3.90472471690746e-05
3.90468660009176e-05
3.90464848402023e-05
3.90461036869283e-05
3.90457225410956e-05
3.90453414027039e-05
3.90449602717529e-05
3.90445791482425e-05
3.90441980321724e-05
3.90438169235424e-05
3.90434358223524e-05
3.9043054728602e-05
3.9042673642291e-05
3.90422925634193e-05
3.90419114919866e-05
3.90415304279928e-05
3.90411493714375e-05
3.90407683223206e-05
3.90403872806418e-05
3.9040006246401e-05
3.90396252195979e-05
3.90392442002323e-05
3.9038863188304e-05
3.90384821838127e-05
3.90381011867583e-05
3.90377201971405e-05
3.90373392149591e-05
3.90369582402139e-05
3.90365772729047e-05
3.90361963130313e-05
3.90358153605933e-05
3.90354344155908e-05
3.90350534780233e-05
3.90346725478907e-05
3.90342916251927e-05
3.90339107099293e-05
3.90335298021e-05
3.90331489017048e-05
3.90327680087433e-05
3.90323871232155e-05
3.9032006245121e-05
3.90316253744597e-05
3.90312445112312e-05
3.90308636554355e-05
3.90304828070723e-05
3.90301019661414e-05
3.90297211326425e-05
3.90293403065755e-05
3.90289594879401e-05
3.9028578676736e-05
3.90281978729632e-05
3.90278170766214e-05
3.90274362877103e-05
3.90270555062297e-05
3.90266747321794e-05
3.90262939655593e-05
3.9025913206369e-05
3.90255324546084e-05
3.90251517102773e-05
3.90247709733753e-05
3.90243902439024e-05
3.90240095218583e-05
3.90236288072428e-05
3.90232481000556e-05
3.90228674002966e-05
3.90224867079655e-05
3.90221060230621e-05
3.90217253455862e-05
3.90213446755375e-05
3.90209640129159e-05
3.90205833577212e-05
3.90202027099531e-05
3.90198220696114e-05
3.90194414366958e-05
3.90190608112063e-05
3.90186801931425e-05
3.90182995825042e-05
3.90179189792912e-05
3.90175383835034e-05
3.90171577951404e-05
3.90167772142021e-05
3.90163966406883e-05
3.90160160745986e-05
3.9015635515933e-05
3.90152549646912e-05
3.9014874420873e-05
3.90144938844781e-05
3.90141133555064e-05
3.90137328339576e-05
3.90133523198315e-05
3.90129718131279e-05
3.90125913138465e-05
3.90122108219873e-05
3.90118303375499e-05
3.90114498605341e-05
3.90110693909397e-05
3.90106889287665e-05
3.90103084740143e-05
3.90099280266828e-05
3.90095475867719e-05
3.90091671542813e-05
3.90087867292108e-05
3.90084063115601e-05
3.90080259013292e-05
3.90076454985177e-05
3.90072651031255e-05
3.90068847151522e-05
3.90065043345978e-05
3.9006123961462e-05
3.90057435957445e-05
3.90053632374452e-05
3.90049828865638e-05
3.90046025431001e-05
3.90042222070539e-05
3.9003841878425e-05
3.90034615572132e-05
3.90030812434182e-05
3.90027009370399e-05
3.9002320638078e-05
3.90019403465322e-05
3.90015600624025e-05
3.90011797856885e-05
3.90007995163901e-05
3.9000419254507e-05
3.9000039000039e-05
3.89996587529859e-05
3.89992785133475e-05
3.89988982811236e-05
3.89985180563139e-05
3.89981378389182e-05
3.89977576289363e-05
3.89973774263681e-05
3.89969972312132e-05
3.89966170434715e-05
3.89962368631427e-05
3.89958566902267e-05
3.89954765247231e-05
3.89950963666319e-05
3.89947162159527e-05
3.89943360726854e-05
3.89939559368298e-05
3.89935758083856e-05
3.89931956873526e-05
3.89928155737305e-05
3.89924354675193e-05
3.89920553687186e-05
3.89916752773283e-05
3.89912951933481e-05
3.89909151167778e-05
3.89905350476172e-05
3.89901549858661e-05
3.89897749315242e-05
3.89893948845914e-05
3.89890148450674e-05
3.8988634812952e-05
3.8988254788245e-05
3.89878747709462e-05
3.89874947610554e-05
3.89871147585723e-05
3.89867347634967e-05
3.89863547758285e-05
3.89859747955673e-05
3.8985594822713e-05
3.89852148572654e-05
3.89848348992242e-05
3.89844549485892e-05
3.89840750053603e-05
3.89836950695372e-05
3.89833151411196e-05
3.89829352201074e-05
3.89825553065003e-05
3.89821754002982e-05
3.89817955015008e-05
3.89814156101079e-05
3.89810357261192e-05
3.89806558495347e-05
3.89802759803539e-05
3.89798961185768e-05
3.89795162642032e-05
3.89791364172327e-05
3.89787565776652e-05
3.89783767455004e-05
3.89779969207382e-05
3.89776171033784e-05
3.89772372934206e-05
3.89768574908648e-05
3.89764776957106e-05
3.89760979079579e-05
3.89757181276065e-05
3.89753383546561e-05
3.89749585891065e-05
3.89745788309575e-05
3.89741990802089e-05
3.89738193368605e-05
3.8973439600912e-05
3.89730598723632e-05
3.8972680151214e-05
3.89723004374641e-05
3.89719207311132e-05
3.89715410321613e-05
3.8971161340608e-05
3.89707816564531e-05
3.89704019796964e-05
3.89700223103378e-05
3.89696426483769e-05
3.89692629938136e-05
3.89688833466477e-05
3.89685037068789e-05
3.89681240745071e-05
3.89677444495319e-05
3.89673648319532e-05
3.89669852217709e-05
3.89666056189845e-05
3.89662260235941e-05
3.89658464355992e-05
3.89654668549998e-05
3.89650872817955e-05
3.89647077159862e-05
3.89643281575717e-05
3.89639486065518e-05
3.89635690629262e-05
3.89631895266947e-05
3.8962809997857e-05
3.89624304764131e-05
3.89620509623627e-05
3.89616714557055e-05
3.89612919564413e-05
3.89609124645699e-05
3.89605329800912e-05
3.89601535030048e-05
3.89597740333106e-05
3.89593945710084e-05
3.89590151160979e-05
3.89586356685789e-05
3.89582562284512e-05
3.89578767957146e-05
3.89574973703689e-05
3.89571179524139e-05
3.89567385418493e-05
3.89563591386749e-05
3.89559797428905e-05
3.8955600354496e-05
3.8955220973491e-05
3.89548415998753e-05
3.89544622336489e-05
3.89540828748113e-05
3.89537035233625e-05
3.89533241793022e-05
3.89529448426301e-05
3.89525655133461e-05
3.895218619145e-05
3.89518068769415e-05
3.89514275698204e-05
3.89510482700866e-05
3.89506689777397e-05
3.89502896927796e-05
3.8949910415206e-05
3.89495311450188e-05
3.89491518822178e-05
3.89487726268026e-05
3.89483933787731e-05
3.89480141381291e-05
3.89476349048704e-05
3.89472556789967e-05
3.89468764605079e-05
3.89464972494036e-05
3.89461180456838e-05
3.89457388493481e-05
3.89453596603965e-05
3.89449804788285e-05
3.89446013046441e-05
3.89442221378431e-05
3.89438429784251e-05
3.894346382639e-05
3.89430846817376e-05
3.89427055444677e-05
3.894232641458e-05
3.89419472920743e-05
3.89415681769505e-05
3.89411890692082e-05
3.89408099688474e-05
3.89404308758676e-05
3.89400517902689e-05
3.89396727120509e-05
3.89392936412133e-05
3.89389145777561e-05
3.8938535521679e-05
3.89381564729818e-05
3.89377774316642e-05
3.89373983977261e-05
3.89370193711671e-05
3.89366403519872e-05
3.89362613401861e-05
3.89358823357636e-05
3.89355033387194e-05
3.89351243490534e-05
3.89347453667653e-05
3.89343663918549e-05
3.89339874243221e-05
3.89336084641665e-05
3.8933229511388e-05
3.89328505659863e-05
3.89324716279613e-05
3.89320926973127e-05
3.89317137740403e-05
3.8931334858144e-05
3.89309559496233e-05
3.89305770484783e-05
3.89301981547086e-05
3.8929819268314e-05
3.89294403892944e-05
3.89290615176495e-05
3.8928682653379e-05
3.89283037964828e-05
3.89279249469607e-05
3.89275461048124e-05
3.89271672700378e-05
3.89267884426365e-05
3.89264096226085e-05
3.89260308099534e-05
3.89256520046711e-05
3.89252732067613e-05
3.89248944162239e-05
3.89245156330586e-05
3.89241368572652e-05
3.89237580888435e-05
3.89233793277932e-05
3.89230005741143e-05
3.89226218278063e-05
3.89222430888692e-05
3.89218643573027e-05
3.89214856331066e-05
3.89211069162807e-05
3.89207282068247e-05
3.89203495047386e-05
3.89199708100219e-05
3.89195921226746e-05
3.89192134426963e-05
3.8918834770087e-05
3.89184561048463e-05
3.89180774469741e-05
3.89176987964702e-05
3.89173201533342e-05
3.89169415175661e-05
3.89165628891656e-05
3.89161842681325e-05
3.89158056544666e-05
3.89154270481676e-05
3.89150484492353e-05
3.89146698576696e-05
3.89142912734702e-05
3.89139126966369e-05
3.89135341271694e-05
3.89131555650677e-05
3.89127770103313e-05
3.89123984629603e-05
3.89120199229542e-05
3.89116413903129e-05
3.89112628650363e-05
3.8910884347124e-05
3.89105058365759e-05
3.89101273333917e-05
3.89097488375713e-05
3.89093703491143e-05
3.89089918680207e-05
3.89086133942902e-05
3.89082349279225e-05
3.89078564689175e-05
3.89074780172749e-05
3.89070995729946e-05
3.89067211360763e-05
3.89063427065197e-05
3.89059642843248e-05
3.89055858694912e-05
3.89052074620188e-05
3.89048290619073e-05
3.89044506691566e-05
3.89040722837663e-05
3.89036939057363e-05
3.89033155350665e-05
3.89029371717565e-05
3.89025588158061e-05
3.89021804672152e-05
3.89018021259835e-05
3.89014237921108e-05
3.89010454655969e-05
3.89006671464416e-05
3.89002888346446e-05
3.88999105302058e-05
3.88995322331249e-05
3.88991539434017e-05
3.88987756610361e-05
3.88983973860277e-05
3.88980191183764e-05
3.8897640858082e-05
3.88972626051442e-05
3.88968843595628e-05
3.88965061213377e-05
3.88961278904685e-05
3.88957496669551e-05
3.88953714507974e-05
3.88949932419949e-05
3.88946150405476e-05
3.88942368464553e-05
3.88938586597176e-05
3.88934804803345e-05
3.88931023083056e-05
3.88927241436308e-05
3.88923459863099e-05
3.88919678363426e-05
3.88915896937287e-05
3.88912115584681e-05
3.88908334305604e-05
3.88904553100055e-05
3.88900771968032e-05
3.88896990909533e-05
3.88893209924555e-05
3.88889429013096e-05
3.88885648175154e-05
3.88881867410727e-05
3.88878086719813e-05
3.8887430610241e-05
3.88870525558515e-05
3.88866745088127e-05
3.88862964691243e-05
3.88859184367861e-05
3.88855404117979e-05
3.88851623941595e-05
3.88847843838706e-05
3.88844063809311e-05
3.88840283853407e-05
3.88836503970993e-05
3.88832724162065e-05
3.88828944426623e-05
3.88825164764664e-05
3.88821385176185e-05
3.88817605661184e-05
3.8881382621966e-05
3.88810046851611e-05
3.88806267557033e-05
3.88802488335925e-05
3.88798709188285e-05
3.88794930114111e-05
3.88791151113401e-05
3.88787372186151e-05
3.88783593332361e-05
3.88779814552028e-05
3.88776035845151e-05
3.88772257211725e-05
3.88768478651751e-05
3.88764700165225e-05
3.88760921752145e-05
3.8875714341251e-05
3.88753365146317e-05
3.88749586953564e-05
3.88745808834249e-05
3.88742030788369e-05
3.88738252815923e-05
3.88734474916908e-05
3.88730697091323e-05
3.88726919339164e-05
3.88723141660431e-05
3.8871936405512e-05
3.88715586523231e-05
3.88711809064759e-05
3.88708031679705e-05
3.88704254368064e-05
3.88700477129836e-05
3.88696699965017e-05
3.88692922873607e-05
3.88689145855602e-05
3.88685368911001e-05
3.88681592039801e-05
3.88677815242e-05
3.88674038517597e-05
3.88670261866589e-05
3.88666485288973e-05
3.88662708784749e-05
3.88658932353913e-05
3.88655155996463e-05
3.88651379712398e-05
3.88647603501715e-05
3.88643827364412e-05
3.88640051300487e-05
3.88636275309937e-05
3.88632499392762e-05
3.88628723548958e-05
3.88624947778523e-05
3.88621172081455e-05
3.88617396457752e-05
3.88613620907413e-05
3.88609845430434e-05
3.88606070026814e-05
3.8860229469655e-05
3.88598519439641e-05
3.88594744256084e-05
3.88590969145877e-05
3.88587194109018e-05
3.88583419145505e-05
3.88579644255336e-05
3.88575869438508e-05
3.88572094695019e-05
3.88568320024868e-05
3.88564545428052e-05
3.88560770904569e-05
3.88556996454417e-05
3.88553222077594e-05
3.88549447774097e-05
3.88545673543925e-05
3.88541899387075e-05
3.88538125303545e-05
3.88534351293334e-05
3.88530577356438e-05
3.88526803492856e-05
3.88523029702586e-05
3.88519255985625e-05
3.88515482341971e-05
3.88511708771623e-05
3.88507935274578e-05
3.88504161850834e-05
3.88500388500389e-05
3.8849661522324e-05
3.88492842019386e-05
3.88489068888824e-05
3.88485295831553e-05
3.8848152284757e-05
3.88477749936872e-05
3.88473977099459e-05
3.88470204335328e-05
3.88466431644475e-05
3.88462659026901e-05
3.88458886482602e-05
3.88455114011576e-05
3.88451341613821e-05
3.88447569289335e-05
3.88443797038116e-05
3.88440024860162e-05
3.8843625275547e-05
3.88432480724038e-05
3.88428708765865e-05
3.88424936880948e-05
3.88421165069285e-05
3.88417393330873e-05
3.88413621665712e-05
3.88409850073798e-05
3.88406078555129e-05
3.88402307109704e-05
3.8839853573752e-05
3.88394764438575e-05
3.88390993212867e-05
3.88387222060394e-05
3.88383450981154e-05
3.88379679975144e-05
3.88375909042362e-05
3.88372138182807e-05
3.88368367396476e-05
3.88364596683366e-05
3.88360826043477e-05
3.88357055476805e-05
3.88353284983349e-05
3.88349514563107e-05
3.88345744216076e-05
3.88341973942254e-05
3.88338203741639e-05
3.88334433614229e-05
3.88330663560021e-05
3.88326893579015e-05
3.88323123671207e-05
3.88319353836595e-05
3.88315584075178e-05
3.88311814386953e-05
3.88308044771918e-05
3.8830427523007e-05
3.88300505761409e-05
3.88296736365931e-05
3.88292967043634e-05
3.88289197794517e-05
3.88285428618577e-05
3.88281659515813e-05
3.88277890486221e-05
3.882741215298e-05
3.88270352646548e-05
3.88266583836462e-05
3.88262815099541e-05
3.88259046435782e-05
3.88255277845183e-05
3.88251509327742e-05
3.88247740883458e-05
3.88243972512327e-05
3.88240204214347e-05
3.88236435989518e-05
3.88232667837835e-05
3.88228899759298e-05
3.88225131753904e-05
3.88221363821651e-05
3.88217595962537e-05
3.8821382817656e-05
3.88210060463717e-05
3.88206292824007e-05
3.88202525257427e-05
3.88198757763975e-05
3.8819499034365e-05
3.88191222996448e-05
3.88187455722368e-05
3.88183688521408e-05
3.88179921393566e-05
3.88176154338839e-05
3.88172387357225e-05
3.88168620448723e-05
3.8816485361333e-05
3.88161086851043e-05
3.88157320161862e-05
3.88153553545783e-05
3.88149787002804e-05
3.88146020532925e-05
3.88142254136141e-05
3.88138487812451e-05
3.88134721561854e-05
3.88130955384347e-05
3.88127189279927e-05
3.88123423248593e-05
3.88119657290343e-05
3.88115891405174e-05
3.88112125593084e-05
3.88108359854071e-05
3.88104594188134e-05
3.88100828595269e-05
3.88097063075475e-05
3.8809329762875e-05
3.88089532255091e-05
3.88085766954497e-05
3.88082001726965e-05
3.88078236572493e-05
3.88074471491079e-05
3.88070706482721e-05
3.88066941547417e-05
3.88063176685164e-05
3.88059411895961e-05
3.88055647179806e-05
3.88051882536695e-05
3.88048117966628e-05
3.88044353469602e-05
3.88040589045614e-05
3.88036824694664e-05
3.88033060416748e-05
3.88029296211864e-05
3.88025532080011e-05
3.88021768021186e-05
3.88018004035387e-05
3.88014240122613e-05
3.8801047628286e-05
3.88006712516127e-05
3.88002948822411e-05
3.87999185201711e-05
3.87995421654024e-05
3.87991658179349e-05
3.87987894777683e-05
3.87984131449024e-05
3.87980368193369e-05
3.87976605010718e-05
3.87972841901067e-05
3.87969078864415e-05
3.87965315900758e-05
3.87961553010097e-05
3.87957790192427e-05
3.87954027447747e-05
3.87950264776056e-05
3.8794650217735e-05
3.87942739651627e-05
3.87938977198887e-05
3.87935214819125e-05
3.87931452512341e-05
3.87927690278532e-05
3.87923928117696e-05
3.87920166029831e-05
3.87916404014935e-05
3.87912642073005e-05
3.8790888020404e-05
3.87905118408037e-05
3.87901356684995e-05
3.87897595034911e-05
3.87893833457783e-05
3.87890071953608e-05
3.87886310522386e-05
3.87882549164113e-05
3.87878787878788e-05
3.87875026666408e-05
3.87871265526972e-05
3.87867504460476e-05
3.8786374346692e-05
3.87859982546301e-05
3.87856221698616e-05
3.87852460923865e-05
3.87848700222043e-05
3.87844939593151e-05
3.87841179037184e-05
3.87837418554142e-05
3.87833658144022e-05
3.87829897806822e-05
3.8782613754254e-05
3.87822377351173e-05
3.8781861723272e-05
3.87814857187179e-05
3.87811097214547e-05
3.87807337314822e-05
3.87803577488002e-05
3.87799817734086e-05
3.8779605805307e-05
3.87792298444953e-05
3.87788538909732e-05
3.87784779447407e-05
3.87781020057973e-05
3.8777726074143e-05
3.87773501497775e-05
3.87769742327006e-05
3.87765983229121e-05
3.87762224204118e-05
3.87758465251995e-05
3.87754706372749e-05
3.87750947566378e-05
3.87747188832881e-05
3.87743430172255e-05
3.87739671584498e-05
3.87735913069608e-05
3.87732154627583e-05
3.87728396258421e-05
3.87724637962119e-05
3.87720879738676e-05
3.87717121588089e-05
3.87713363510357e-05
3.87709605505476e-05
3.87705847573446e-05
3.87702089714264e-05
3.87698331927927e-05
3.87694574214434e-05
3.87690816573782e-05
3.8768705900597e-05
3.87683301510996e-05
3.87679544088856e-05
3.8767578673955e-05
3.87672029463074e-05
3.87668272259428e-05
3.87664515128608e-05
3.87660758070612e-05
3.8765700108544e-05
3.87653244173087e-05
3.87649487333553e-05
3.87645730566835e-05
3.87641973872931e-05
3.87638217251839e-05
3.87634460703557e-05
3.87630704228082e-05
3.87626947825413e-05
3.87623191495547e-05
3.87619435238483e-05
3.87615679054218e-05
3.8761192294275e-05
3.87608166904077e-05
3.87604410938196e-05
3.87600655045107e-05
3.87596899224806e-05
3.87593143477292e-05
3.87589387802562e-05
3.87585632200614e-05
3.87581876671447e-05
3.87578121215057e-05
3.87574365831444e-05
3.87570610520604e-05
3.87566855282536e-05
3.87563100117238e-05
3.87559345024707e-05
3.87555590004941e-05
3.87551835057939e-05
3.87548080183698e-05
3.87544325382216e-05
3.8754057065349e-05
3.8753681599752e-05
3.87533061414302e-05
3.87529306903835e-05
3.87525552466116e-05
3.87521798101143e-05
3.87518043808915e-05
3.87514289589429e-05
3.87510535442682e-05
3.87506781368674e-05
3.87503027367401e-05
3.87499273438862e-05
3.87495519583055e-05
3.87491765799977e-05
3.87488012089626e-05
3.87484258452e-05
3.87480504887098e-05
3.87476751394916e-05
3.87472997975454e-05
3.87469244628708e-05
3.87465491354676e-05
3.87461738153357e-05
3.87457985024749e-05
3.87454231968849e-05
3.87450478985655e-05
3.87446726075165e-05
3.87442973237377e-05
3.87439220472288e-05
3.87435467779898e-05
3.87431715160203e-05
3.87427962613202e-05
3.87424210138892e-05
3.87420457737271e-05
3.87416705408337e-05
3.87412953152089e-05
3.87409200968523e-05
3.87405448857638e-05
3.87401696819432e-05
3.87397944853903e-05
3.87394192961048e-05
3.87390441140865e-05
3.87386689393352e-05
3.87382937718508e-05
3.8737918611633e-05
3.87375434586816e-05
3.87371683129963e-05
3.8736793174577e-05
3.87364180434235e-05
3.87360429195356e-05
3.87356678029129e-05
3.87352926935554e-05
3.87349175914628e-05
3.87345424966349e-05
3.87341674090715e-05
3.87337923287724e-05
3.87334172557374e-05
3.87330421899662e-05
3.87326671314587e-05
3.87322920802146e-05
3.87319170362337e-05
3.87315419995159e-05
3.87311669700608e-05
3.87307919478684e-05
3.87304169329383e-05
3.87300419252704e-05
3.87296669248644e-05
3.87292919317203e-05
3.87289169458376e-05
3.87285419672163e-05
3.87281669958561e-05
3.87277920317568e-05
3.87274170749182e-05
3.87270421253401e-05
3.87266671830222e-05
3.87262922479645e-05
3.87259173201665e-05
3.87255423996282e-05
3.87251674863494e-05
3.87247925803297e-05
3.87244176815691e-05
3.87240427900673e-05
3.8723667905824e-05
3.87232930288392e-05
3.87229181591125e-05
3.87225432966437e-05
3.87221684414327e-05
3.87217935934793e-05
3.87214187527831e-05
3.87210439193441e-05
3.87206690931619e-05
3.87202942742365e-05
3.87199194625675e-05
3.87195446581548e-05
3.87191698609982e-05
3.87187950710974e-05
3.87184202884522e-05
3.87180455130625e-05
3.8717670744928e-05
3.87172959840485e-05
3.87169212304238e-05
3.87165464840536e-05
3.87161717449379e-05
3.87157970130763e-05
3.87154222884686e-05
3.87150475711147e-05
3.87146728610143e-05
3.87142981581673e-05
3.87139234625733e-05
3.87135487742323e-05
3.87131740931439e-05
3.8712799419308e-05
3.87124247527244e-05
3.87120500933928e-05
3.87116754413131e-05
3.8711300796485e-05
3.87109261589084e-05
3.87105515285829e-05
3.87101769055085e-05
3.87098022896848e-05
3.87094276811117e-05
3.8709053079789e-05
3.87086784857165e-05
3.87083038988939e-05
3.87079293193211e-05
3.87075547469977e-05
3.87071801819237e-05
3.87068056240989e-05
3.87064310735229e-05
3.87060565301956e-05
3.87056819941167e-05
3.87053074652862e-05
3.87049329437037e-05
3.8704558429369e-05
3.8704183922282e-05
3.87038094224424e-05
3.870343492985e-05
3.87030604445047e-05
3.87026859664061e-05
3.87023114955541e-05
3.87019370319484e-05
3.8701562575589e-05
3.87011881264755e-05
3.87008136846077e-05
3.87004392499855e-05
3.87000648226086e-05
3.86996904024768e-05
3.86993159895899e-05
3.86989415839477e-05
3.869856718555e-05
3.86981927943965e-05
3.86978184104871e-05
3.86974440338216e-05
3.86970696643997e-05
3.86966953022212e-05
3.86963209472859e-05
3.86959465995937e-05
3.86955722591442e-05
3.86951979259374e-05
3.86948235999729e-05
3.86944492812506e-05
3.86940749697703e-05
3.86937006655317e-05
3.86933263685346e-05
3.86929520787788e-05
3.86925777962642e-05
3.86922035209905e-05
3.86918292529575e-05
3.8691454992165e-05
3.86910807386127e-05
3.86907064923006e-05
3.86903322532282e-05
3.86899580213955e-05
3.86895837968023e-05
3.86892095794483e-05
3.86888353693333e-05
3.86884611664571e-05
3.86880869708195e-05
3.86877127824203e-05
3.86873386012593e-05
3.86869644273362e-05
3.86865902606509e-05
3.86862161012031e-05
3.86858419489927e-05
3.86854678040194e-05
3.8685093666283e-05
3.86847195357834e-05
3.86843454125202e-05
3.86839712964933e-05
3.86835971877025e-05
3.86832230861475e-05
3.86828489918282e-05
3.86824749047444e-05
3.86821008248958e-05
3.86817267522822e-05
3.86813526869035e-05
3.86809786287593e-05
3.86806045778496e-05
3.8680230534174e-05
3.86798564977324e-05
3.86794824685246e-05
3.86791084465503e-05
3.86787344318094e-05
3.86783604243016e-05
3.86779864240268e-05
3.86776124309846e-05
3.8677238445175e-05
3.86768644665977e-05
3.86764904952525e-05
3.86761165311391e-05
3.86757425742574e-05
3.86753686246072e-05
3.86749946821882e-05
3.86746207470003e-05
3.86742468190432e-05
3.86738728983167e-05
3.86734989848207e-05
3.86731250785548e-05
3.86727511795189e-05
3.86723772877128e-05
3.86720034031363e-05
3.86716295257891e-05
3.86712556556711e-05
3.86708817927821e-05
3.86705079371218e-05
3.867013408869e-05
3.86697602474865e-05
3.86693864135111e-05
3.86690125867636e-05
3.86686387672438e-05
3.86682649549515e-05
3.86678911498864e-05
3.86675173520484e-05
3.86671435614373e-05
3.86667697780527e-05
3.86663960018947e-05
3.86660222329628e-05
3.86656484712569e-05
3.86652747167769e-05
3.86649009695224e-05
3.86645272294933e-05
3.86641534966894e-05
3.86637797711104e-05
3.86634060527562e-05
3.86630323416266e-05
3.86626586377212e-05
3.866228494104e-05
3.86619112515827e-05
3.86615375693491e-05
3.8661163894339e-05
3.86607902265522e-05
3.86604165659885e-05
3.86600429126476e-05
3.86596692665294e-05
3.86592956276337e-05
3.86589219959601e-05
3.86585483715087e-05
3.8658174754279e-05
3.86578011442709e-05
3.86574275414843e-05
3.86570539459188e-05
3.86566803575743e-05
3.86563067764506e-05
3.86559332025474e-05
3.86555596358646e-05
3.8655186076402e-05
3.86548125241593e-05
3.86544389791363e-05
3.86540654413328e-05
3.86536919107486e-05
3.86533183873836e-05
3.86529448712374e-05
3.86525713623099e-05
3.86521978606009e-05
3.86518243661101e-05
3.86514508788374e-05
3.86510773987825e-05
3.86507039259453e-05
3.86503304603254e-05
3.86499570019228e-05
3.86495835507372e-05
3.86492101067684e-05
3.86488366700162e-05
3.86484632404804e-05
3.86480898181607e-05
3.8647716403057e-05
3.86473429951691e-05
3.86469695944967e-05
3.86465962010396e-05
3.86462228147976e-05
3.86458494357706e-05
3.86454760639583e-05
3.86451026993604e-05
3.86447293419769e-05
3.86443559918074e-05
3.86439826488518e-05
3.86436093131098e-05
3.86432359845813e-05
3.86428626632661e-05
3.86424893491639e-05
3.86421160422745e-05
3.86417427425977e-05
3.86413694501333e-05
3.86409961648811e-05
3.86406228868409e-05
3.86402496160125e-05
3.86398763523957e-05
3.86395030959902e-05
3.86391298467959e-05
3.86387566048125e-05
3.86383833700398e-05
3.86380101424777e-05
3.86376369221258e-05
3.86372637089841e-05
3.86368905030523e-05
3.86365173043302e-05
3.86361441128175e-05
3.86357709285142e-05
3.86353977514199e-05
3.86350245815344e-05
3.86346514188576e-05
3.86342782633892e-05
3.8633905115129e-05
3.86335319740769e-05
3.86331588402326e-05
3.86327857135958e-05
3.86324125941665e-05
3.86320394819444e-05
3.86316663769292e-05
3.86312932791208e-05
3.86309201885189e-05
3.86305471051234e-05
3.8630174028934e-05
3.86298009599506e-05
3.86294278981728e-05
3.86290548436006e-05
3.86286817962337e-05
3.86283087560719e-05
3.8627935723115e-05
3.86275626973627e-05
3.86271896788149e-05
3.86268166674714e-05
3.86264436633319e-05
3.86260706663963e-05
3.86256976766643e-05
3.86253246941357e-05
3.86249517188103e-05
3.8624578750688e-05
3.86242057897684e-05
3.86238328360515e-05
3.86234598895369e-05
3.86230869502245e-05
3.86227140181141e-05
3.86223410932054e-05
3.86219681754982e-05
3.86215952649924e-05
3.86212223616877e-05
3.8620849465584e-05
3.8620476576681e-05
3.86201036949784e-05
3.86197308204762e-05
3.8619357953174e-05
3.86189850930718e-05
3.86186122401691e-05
3.8618239394466e-05
3.86178665559621e-05
3.86174937246573e-05
3.86171209005513e-05
3.86167480836439e-05
3.86163752739349e-05
3.86160024714242e-05
3.86156296761114e-05
3.86152568879964e-05
3.86148841070791e-05
3.86145113333591e-05
3.86141385668362e-05
3.86137658075104e-05
3.86133930553813e-05
3.86130203104487e-05
3.86126475727124e-05
3.86122748421723e-05
3.86119021188281e-05
3.86115294026796e-05
3.86111566937267e-05
3.8610783991969e-05
3.86104112974063e-05
3.86100386100386e-05
3.86096659298655e-05
3.86092932568869e-05
3.86089205911026e-05
3.86085479325123e-05
3.86081752811158e-05
3.86078026369129e-05
3.86074299999035e-05
3.86070573700872e-05
3.8606684747464e-05
3.86063121320336e-05
3.86059395237957e-05
3.86055669227503e-05
3.8605194328897e-05
3.86048217422356e-05
3.8604449162766e-05
3.8604076590488e-05
3.86037040254012e-05
3.86033314675056e-05
3.8602958916801e-05
3.8602586373287e-05
3.86022138369636e-05
3.86018413078304e-05
3.86014687858873e-05
3.86010962711341e-05
3.86007237635706e-05
3.86003512631965e-05
3.85999787700117e-05
3.85996062840159e-05
3.8599233805209e-05
3.85988613335907e-05
3.85984888691608e-05
3.85981164119191e-05
3.85977439618654e-05
3.85973715189996e-05
3.85969990833213e-05
3.85966266548304e-05
3.85962542335266e-05
3.85958818194099e-05
3.85955094124799e-05
3.85951370127364e-05
3.85947646201793e-05
3.85943922348083e-05
3.85940198566232e-05
3.85936474856239e-05
3.859327512181e-05
3.85929027651815e-05
3.8592530415738e-05
3.85921580734795e-05
3.85917857384056e-05
3.85914134105162e-05
3.8591041089811e-05
3.85906687762899e-05
3.85902964699526e-05
3.8589924170799e-05
3.85895518788288e-05
3.85891795940418e-05
3.85888073164379e-05
3.85884350460167e-05
3.85880627827781e-05
3.8587690526722e-05
3.8587318277848e-05
3.8586946036156e-05
3.85865738016457e-05
3.8586201574317e-05
3.85858293541697e-05
3.85854571412035e-05
3.85850849354182e-05
3.85847127368137e-05
3.85843405453897e-05
3.85839683611459e-05
3.85835961840823e-05
3.85832240141986e-05
3.85828518514946e-05
3.85824796959701e-05
3.85821075476248e-05
3.85817354064586e-05
3.85813632724712e-05
3.85809911456625e-05
3.85806190260323e-05
3.85802469135802e-05
3.85798748083062e-05
3.85795027102101e-05
3.85791306192915e-05
3.85787585355503e-05
3.85783864589864e-05
3.85780143895994e-05
3.85776423273892e-05
3.85772702723555e-05
3.85768982244983e-05
3.85765261838171e-05
3.8576154150312e-05
3.85757821239826e-05
3.85754101048287e-05
3.85750380928501e-05
3.85746660880467e-05
3.85742940904181e-05
3.85739220999643e-05
3.8573550116685e-05
3.85731781405799e-05
3.8572806171649e-05
3.85724342098919e-05
3.85720622553085e-05
3.85716903078985e-05
3.85713183676618e-05
3.85709464345981e-05
3.85705745087073e-05
3.85702025899891e-05
3.85698306784433e-05
3.85694587740698e-05
3.85690868768682e-05
3.85687149868384e-05
3.85683431039803e-05
3.85679712282935e-05
3.85675993597779e-05
3.85672274984332e-05
3.85668556442593e-05
3.8566483797256e-05
3.8566111957423e-05
3.85657401247602e-05
3.85653682992673e-05
3.85649964809441e-05
3.85646246697904e-05
3.8564252865806e-05
3.85638810689908e-05
3.85635092793444e-05
3.85631374968667e-05
3.85627657215576e-05
3.85623939534166e-05
3.85620221924438e-05
3.85616504386388e-05
3.85612786920014e-05
3.85609069525315e-05
3.85605352202289e-05
3.85601634950932e-05
3.85597917771244e-05
3.85594200663222e-05
3.85590483626864e-05
3.85586766662168e-05
3.85583049769132e-05
3.85579332947754e-05
3.85575616198032e-05
3.85571899519963e-05
3.85568182913546e-05
3.85564466378779e-05
3.85560749915659e-05
3.85557033524184e-05
3.85553317204353e-05
3.85549600956163e-05
3.85545884779612e-05
3.85542168674699e-05
3.8553845264142e-05
3.85534736679775e-05
3.8553102078976e-05
3.85527304971375e-05
3.85523589224616e-05
3.85519873549482e-05
3.8551615794597e-05
3.85512442414079e-05
3.85508726953806e-05
3.8550501156515e-05
3.85501296248109e-05
3.85497581002679e-05
3.8549386582886e-05
3.85490150726649e-05
3.85486435696044e-05
3.85482720737043e-05
3.85479005849644e-05
3.85475291033845e-05
3.85471576289643e-05
3.85467861617038e-05
3.85464147016026e-05
3.85460432486605e-05
3.85456718028774e-05
3.85453003642531e-05
3.85449289327873e-05
3.85445575084798e-05
3.85441860913305e-05
3.8543814681339e-05
3.85434432785053e-05
3.85430718828291e-05
3.85427004943101e-05
3.85423291129483e-05
3.85419577387433e-05
3.85415863716951e-05
3.85412150118032e-05
3.85408436590677e-05
3.85404723134882e-05
3.85401009750646e-05
3.85397296437966e-05
3.8539358319684e-05
3.85389870027266e-05
3.85386156929243e-05
3.85382443902768e-05
3.85378730947839e-05
3.85375018064454e-05
3.85371305252611e-05
3.85367592512308e-05
3.85363879843542e-05
3.85360167246313e-05
3.85356454720617e-05
3.85352742266452e-05
3.85349029883817e-05
3.8534531757271e-05
3.85341605333128e-05
3.85337893165069e-05
3.85334181068532e-05
3.85330469043513e-05
3.85326757090012e-05
3.85323045208026e-05
3.85319333397553e-05
3.85315621658591e-05
3.85311909991138e-05
3.85308198395191e-05
3.8530448687075e-05
3.85300775417811e-05
3.85297064036372e-05
3.85293352726432e-05
3.85289641487989e-05
3.85285930321039e-05
3.85282219225583e-05
3.85278508201616e-05
3.85274797249138e-05
3.85271086368146e-05
3.85267375558638e-05
3.85263664820612e-05
3.85259954154065e-05
3.85256243558997e-05
3.85252533035405e-05
3.85248822583286e-05
3.85245112202639e-05
3.85241401893461e-05
3.85237691655752e-05
3.85233981489507e-05
3.85230271394726e-05
3.85226561371407e-05
3.85222851419546e-05
3.85219141539143e-05
3.85215431730195e-05
3.852117219927e-05
3.85208012326656e-05
3.85204302732062e-05
3.85200593208914e-05
3.8519688375721e-05
3.8519317437695e-05
3.8518946506813e-05
3.85185755830749e-05
3.85182046664805e-05
3.85178337570295e-05
3.85174628547218e-05
3.85170919595571e-05
3.85167210715352e-05
3.85163501906559e-05
3.85159793169191e-05
3.85156084503245e-05
3.85152375908719e-05
3.85148667385611e-05
3.85144958933919e-05
3.85141250553641e-05
3.85137542244774e-05
3.85133834007318e-05
3.85130125841269e-05
3.85126417746625e-05
3.85122709723386e-05
3.85119001771547e-05
3.85115293891109e-05
3.85111586082067e-05
3.85107878344421e-05
3.85104170678168e-05
3.85100463083307e-05
3.85096755559834e-05
3.85093048107749e-05
3.85089340727049e-05
3.85085633417731e-05
3.85081926179795e-05
3.85078219013237e-05
3.85074511918056e-05
3.8507080489425e-05
3.85067097941816e-05
3.85063391060753e-05
3.85059684251059e-05
3.85055977512731e-05
3.85052270845767e-05
3.85048564250166e-05
3.85044857725925e-05
3.85041151273042e-05
3.85037444891516e-05
3.85033738581343e-05
3.85030032342523e-05
3.85026326175052e-05
3.8502262007893e-05
3.85018914054153e-05
3.8501520810072e-05
3.85011502218629e-05
3.85007796407877e-05
3.85004090668463e-05
3.85000385000385e-05
3.8499667940364e-05
3.84992973878227e-05
3.84989268424143e-05
3.84985563041386e-05
3.84981857729954e-05
3.84978152489846e-05
3.84974447321059e-05
3.84970742223591e-05
3.8496703719744e-05
3.84963332242604e-05
3.84959627359081e-05
3.84955922546868e-05
3.84952217805965e-05
3.84948513136368e-05
3.84944808538076e-05
3.84941104011086e-05
3.84937399555397e-05
3.84933695171007e-05
3.84929990857913e-05
3.84926286616113e-05
3.84922582445606e-05
3.84918878346389e-05
3.8491517431846e-05
3.84911470361817e-05
3.84907766476458e-05
3.84904062662381e-05
3.84900358919585e-05
3.84896655248066e-05
3.84892951647823e-05
3.84889248118854e-05
3.84885544661156e-05
3.84881841274729e-05
3.84878137959569e-05
3.84874434715674e-05
3.84870731543043e-05
3.84867028441673e-05
3.84863325411563e-05
3.8485962245271e-05
3.84855919565113e-05
3.84852216748768e-05
3.84848514003675e-05
3.84844811329831e-05
3.84841108727234e-05
3.84837406195882e-05
3.84833703735773e-05
3.84830001346905e-05
3.84826299029276e-05
3.84822596782883e-05
3.84818894607725e-05
3.848151925038e-05
3.84811490471105e-05
3.84807788509639e-05
3.848040866194e-05
3.84800384800385e-05
3.84796683052592e-05
3.8479298137602e-05
3.84789279770666e-05
3.84785578236528e-05
3.84781876773604e-05
3.84778175381892e-05
3.84774474061391e-05
3.84770772812097e-05
3.8476707163401e-05
3.84763370527126e-05
3.84759669491444e-05
3.84755968526962e-05
3.84752267633677e-05
3.84748566811589e-05
3.84744866060693e-05
3.8474116538099e-05
3.84737464772476e-05
3.84733764235149e-05
3.84730063769008e-05
3.8472636337405e-05
3.84722663050274e-05
3.84718962797676e-05
3.84715262616256e-05
3.84711562506011e-05
3.84707862466939e-05
3.84704162499038e-05
3.84700462602306e-05
3.84696762776741e-05
3.84693063022341e-05
3.84689363339104e-05
3.84685663727027e-05
3.84681964186109e-05
3.84678264716348e-05
3.84674565317741e-05
3.84670865990287e-05
3.84667166733983e-05
3.84663467548828e-05
3.84659768434819e-05
3.84656069391955e-05
3.84652370420233e-05
3.84648671519651e-05
3.84644972690207e-05
3.84641273931899e-05
3.84637575244726e-05
3.84633876628684e-05
3.84630178083772e-05
3.84626479609989e-05
3.84622781207331e-05
3.84619082875797e-05
3.84615384615385e-05
3.84611686426092e-05
3.84607988307917e-05
3.84604290260858e-05
3.84600592284912e-05
3.84596894380078e-05
3.84593196546353e-05
3.84589498783736e-05
3.84585801092224e-05
3.84582103471815e-05
3.84578405922507e-05
3.84574708444299e-05
3.84571011037188e-05
3.84567313701172e-05
3.84563616436249e-05
3.84559919242417e-05
3.84556222119674e-05
3.84552525068018e-05
3.84548828087446e-05
3.84545131177958e-05
3.8454143433955e-05
3.84537737572221e-05
3.84534040875969e-05
3.84530344250791e-05
3.84526647696685e-05
3.84522951213651e-05
3.84519254801684e-05
3.84515558460784e-05
3.84511862190949e-05
3.84508165992175e-05
3.84504469864462e-05
3.84500773807807e-05
3.84497077822209e-05
3.84493381907664e-05
3.84489686064171e-05
3.84485990291729e-05
3.84482294590334e-05
3.84478598959985e-05
3.84474903400681e-05
3.84471207912417e-05
3.84467512495194e-05
3.84463817149009e-05
3.84460121873859e-05
3.84456426669742e-05
3.84452731536658e-05
3.84449036474602e-05
3.84445341483575e-05
3.84441646563572e-05
3.84437951714593e-05
3.84434256936636e-05
3.84430562229697e-05
3.84426867593776e-05
3.8442317302887e-05
3.84419478534977e-05
3.84415784112096e-05
3.84412089760223e-05
3.84408395479357e-05
3.84404701269496e-05
3.84401007130639e-05
3.84397313062782e-05
3.84393619065924e-05
3.84389925140062e-05
3.84386231285195e-05
3.84382537501321e-05
3.84378843788438e-05
3.84375150146543e-05
3.84371456575635e-05
3.84367763075711e-05
3.84364069646769e-05
3.84360376288808e-05
3.84356683001826e-05
3.84352989785819e-05
3.84349296640787e-05
3.84345603566727e-05
3.84341910563637e-05
3.84338217631516e-05
3.8433452477036e-05
3.84330831980169e-05
3.84327139260939e-05
3.84323446612669e-05
3.84319754035357e-05
3.84316061529001e-05
3.84312369093599e-05
3.84308676729149e-05
3.84304984435648e-05
3.84301292213095e-05
3.84297600061488e-05
3.84293907980824e-05
3.84290215971101e-05
3.84286524032319e-05
3.84282832164473e-05
3.84279140367563e-05
3.84275448641586e-05
3.84271756986541e-05
3.84268065402425e-05
3.84264373889236e-05
3.84260682446972e-05
3.84256991075631e-05
3.84253299775212e-05
3.84249608545711e-05
3.84245917387128e-05
3.84242226299459e-05
3.84238535282703e-05
3.84234844336859e-05
3.84231153461923e-05
3.84227462657894e-05
3.84223771924769e-05
3.84220081262547e-05
3.84216390671226e-05
3.84212700150803e-05
3.84209009701277e-05
3.84205319322646e-05
3.84201629014907e-05
3.84197938778058e-05
3.84194248612098e-05
3.84190558517024e-05
3.84186868492835e-05
3.84183178539528e-05
3.84179488657101e-05
3.84175798845552e-05
3.84172109104879e-05
3.8416841943508e-05
3.84164729836154e-05
3.84161040308097e-05
3.84157350850909e-05
3.84153661464586e-05
3.84149972149127e-05
3.8414628290453e-05
3.84142593730793e-05
3.84138904627913e-05
3.8413521559589e-05
3.8413152663472e-05
3.84127837744401e-05
3.84124148924933e-05
3.84120460176311e-05
3.84116771498536e-05
3.84113082891603e-05
3.84109394355512e-05
3.84105705890261e-05
3.84102017495847e-05
3.84098329172268e-05
3.84094640919523e-05
3.84090952737608e-05
3.84087264626523e-05
3.84083576586265e-05
3.84079888616832e-05
3.84076200718223e-05
3.84072512890434e-05
3.84068825133464e-05
3.84065137447311e-05
3.84061449831973e-05
3.84057762287448e-05
3.84054074813734e-05
3.84050387410828e-05
3.8404670007873e-05
3.84043012817436e-05
3.84039325626944e-05
3.84035638507253e-05
3.84031951458361e-05
3.84028264480266e-05
3.84024577572965e-05
3.84020890736456e-05
3.84017203970738e-05
3.84013517275808e-05
3.84009830651665e-05
3.84006144098306e-05
3.84002457615729e-05
3.83998771203932e-05
3.83995084862914e-05
3.83991398592672e-05
3.83987712393203e-05
3.83984026264507e-05
3.83980340206581e-05
3.83976654219423e-05
3.83972968303031e-05
3.83969282457403e-05
3.83965596682537e-05
3.83961910978431e-05
3.83958225345082e-05
3.8395453978249e-05
3.83950854290651e-05
3.83947168869564e-05
3.83943483519226e-05
3.83939798239636e-05
3.83936113030792e-05
3.83932427892691e-05
3.83928742825332e-05
3.83925057828712e-05
3.8392137290283e-05
3.83917688047683e-05
3.83914003263269e-05
3.83910318549587e-05
3.83906633906634e-05
3.83902949334408e-05
3.83899264832908e-05
3.83895580402131e-05
3.83891896042075e-05
3.83888211752738e-05
3.83884527534118e-05
3.83880843386213e-05
3.83877159309021e-05
3.8387347530254e-05
3.83869791366768e-05
3.83866107501703e-05
3.83862423707343e-05
3.83858739983686e-05
3.8385505633073e-05
3.83851372748472e-05
3.83847689236911e-05
3.83844005796045e-05
3.83840322425871e-05
3.83836639126388e-05
3.83832955897593e-05
3.83829272739485e-05
3.83825589652062e-05
3.83821906635321e-05
3.83818223689261e-05
3.83814540813879e-05
3.83810858009173e-05
3.83807175275142e-05
3.83803492611783e-05
3.83799810019094e-05
3.83796127497074e-05
3.83792445045719e-05
3.83788762665029e-05
3.83785080355001e-05
3.83781398115633e-05
3.83777715946924e-05
3.8377403384887e-05
3.8377035182147e-05
3.83766669864722e-05
3.83762987978624e-05
3.83759306163174e-05
3.8375562441837e-05
3.8375194274421e-05
3.83748261140692e-05
3.83744579607813e-05
3.83740898145572e-05
3.83737216753967e-05
3.83733535432995e-05
3.83729854182655e-05
3.83726173002945e-05
3.83722491893862e-05
3.83718810855405e-05
3.83715129887571e-05
3.83711448990359e-05
3.83707768163766e-05
3.83704087407791e-05
3.83700406722431e-05
3.83696726107685e-05
3.83693045563549e-05
3.83689365090023e-05
3.83685684687104e-05
3.83682004354791e-05
3.8367832409308e-05
3.83674643901971e-05
3.83670963781461e-05
3.83667283731548e-05
3.8366360375223e-05
3.83659923843505e-05
3.83656244005371e-05
3.83652564237826e-05
3.83648884540868e-05
3.83645204914495e-05
3.83641525358705e-05
3.83637845873495e-05
3.83634166458865e-05
3.83630487114811e-05
3.83626807841332e-05
3.83623128638426e-05
3.8361944950609e-05
3.83615770444323e-05
3.83612091453123e-05
3.83608412532487e-05
3.83604733682414e-05
3.83601054902901e-05
3.83597376193947e-05
3.83593697555549e-05
3.83590018987706e-05
3.83586340490415e-05
3.83582662063675e-05
3.83578983707483e-05
3.83575305421837e-05
3.83571627206736e-05
3.83567949062176e-05
3.83564270988157e-05
3.83560592984677e-05
3.83556915051732e-05
3.83553237189322e-05
3.83549559397444e-05
3.83545881676096e-05
3.83542204025275e-05
3.83538526444981e-05
3.83534848935211e-05
3.83531171495963e-05
3.83527494127235e-05
3.83523816829025e-05
3.83520139601331e-05
3.8351646244415e-05
3.83512785357482e-05
3.83509108341323e-05
3.83505431395672e-05
3.83501754520527e-05
3.83498077715885e-05
3.83494400981746e-05
3.83490724318106e-05
3.83487047724963e-05
3.83483371202316e-05
3.83479694750163e-05
3.83476018368501e-05
3.83472342057329e-05
3.83468665816644e-05
3.83464989646445e-05
3.8346131354673e-05
3.83457637517495e-05
3.8345396155874e-05
3.83450285670463e-05
3.83446609852661e-05
3.83442934105332e-05
3.83439258428474e-05
3.83435582822086e-05
3.83431907286165e-05
3.83428231820709e-05
3.83424556425716e-05
3.83420881101185e-05
3.83417205847112e-05
3.83413530663497e-05
3.83409855550337e-05
3.8340618050763e-05
3.83402505535374e-05
3.83398830633567e-05
3.83395155802206e-05
3.83391481041291e-05
3.83387806350819e-05
3.83384131730788e-05
3.83380457181195e-05
3.8337678270204e-05
3.83373108293319e-05
3.83369433955031e-05
3.83365759687174e-05
3.83362085489745e-05
3.83358411362743e-05
3.83354737306166e-05
3.83351063320012e-05
3.83347389404278e-05
3.83343715558963e-05
3.83340041784065e-05
3.83336368079581e-05
3.83332694445509e-05
3.83329020881848e-05
3.83325347388596e-05
3.8332167396575e-05
3.83318000613309e-05
3.8331432733127e-05
3.83310654119631e-05
3.83306980978391e-05
3.83303307907547e-05
3.83299634907098e-05
3.83295961977041e-05
3.83292289117374e-05
3.83288616328095e-05
3.83284943609203e-05
3.83281270960695e-05
3.83277598382569e-05
3.83273925874823e-05
3.83270253437455e-05
3.83266581070464e-05
3.83262908773846e-05
3.83259236547601e-05
3.83255564391726e-05
3.83251892306218e-05
3.83248220291077e-05
3.832445483463e-05
3.83240876471885e-05
3.83237204667829e-05
3.83233532934132e-05
3.8322986127079e-05
3.83226189677803e-05
3.83222518155167e-05
3.83218846702881e-05
3.83215175320943e-05
3.8321150400935e-05
3.83207832768102e-05
3.83204161597195e-05
3.83200490496628e-05
3.83196819466398e-05
3.83193148506505e-05
3.83189477616945e-05
3.83185806797716e-05
3.83182136048817e-05
3.83178465370246e-05
3.83174794762001e-05
3.83171124224078e-05
3.83167453756478e-05
3.83163783359197e-05
3.83160113032233e-05
3.83156442775585e-05
3.83152772589251e-05
3.83149102473227e-05
3.83145432427514e-05
3.83141762452107e-05
3.83138092547006e-05
3.83134422712209e-05
3.83130752947712e-05
3.83127083253515e-05
3.83123413629615e-05
3.83119744076011e-05
3.831160745927e-05
3.8311240517968e-05
3.83108735836949e-05
3.83105066564505e-05
3.83101397362347e-05
3.83097728230472e-05
3.83094059168877e-05
3.83090390177562e-05
3.83086721256524e-05
3.83083052405762e-05
3.83079383625272e-05
3.83075714915053e-05
3.83072046275103e-05
3.8306837770542e-05
3.83064709206003e-05
3.83061040776848e-05
3.83057372417954e-05
3.83053704129319e-05
3.83050035910941e-05
3.83046367762818e-05
3.83042699684947e-05
3.83039031677328e-05
3.83035363739957e-05
3.83031695872833e-05
3.83028028075954e-05
3.83024360349318e-05
3.83020692692923e-05
3.83017025106766e-05
3.83013357590846e-05
3.83009690145161e-05
3.83006022769708e-05
3.83002355464486e-05
3.82998688229493e-05
3.82995021064726e-05
3.82991353970184e-05
3.82987686945865e-05
3.82984019991766e-05
3.82980353107886e-05
3.82976686294222e-05
3.82973019550773e-05
3.82969352877536e-05
3.8296568627451e-05
3.82962019741692e-05
3.82958353279081e-05
3.82954686886674e-05
3.8295102056447e-05
3.82947354312466e-05
3.8294368813066e-05
3.82940022019051e-05
3.82936355977637e-05
3.82932690006414e-05
3.82929024105382e-05
3.82925358274538e-05
3.82921692513881e-05
3.82918026823408e-05
3.82914361203117e-05
3.82910695653006e-05
3.82907030173074e-05
3.82903364763318e-05
3.82899699423736e-05
3.82896034154326e-05
3.82892368955087e-05
3.82888703826015e-05
3.8288503876711e-05
3.82881373778369e-05
3.8287770885979e-05
3.82874044011371e-05
3.82870379233111e-05
3.82866714525006e-05
3.82863049887055e-05
3.82859385319257e-05
3.82855720821608e-05
3.82852056394108e-05
3.82848392036753e-05
3.82844727749543e-05
3.82841063532475e-05
3.82837399385546e-05
3.82833735308755e-05
3.82830071302101e-05
3.8282640736558e-05
3.82822743499191e-05
3.82819079702932e-05
3.82815415976801e-05
3.82811752320796e-05
3.82808088734915e-05
3.82804425219156e-05
3.82800761773516e-05
3.82797098397994e-05
3.82793435092588e-05
3.82789771857296e-05
3.82786108692116e-05
3.82782445597045e-05
3.82778782572082e-05
3.82775119617225e-05
3.82771456732471e-05
3.8276779391782e-05
3.82764131173268e-05
3.82760468498813e-05
3.82756805894455e-05
3.8275314336019e-05
3.82749480896017e-05
3.82745818501933e-05
3.82742156177937e-05
3.82738493924026e-05
3.827348317402e-05
3.82731169626454e-05
3.82727507582789e-05
3.82723845609201e-05
3.82720183705688e-05
3.82716521872249e-05
3.82712860108882e-05
3.82709198415584e-05
3.82705536792354e-05
3.82701875239189e-05
3.82698213756087e-05
3.82694552343047e-05
3.82690891000067e-05
3.82687229727144e-05
3.82683568524276e-05
3.82679907391462e-05
3.826762463287e-05
3.82672585335987e-05
3.82668924413321e-05
3.826652635607e-05
3.82661602778123e-05
3.82657942065588e-05
3.82654281423091e-05
3.82650620850632e-05
3.82646960348209e-05
3.82643299915818e-05
3.8263963955346e-05
3.8263597926113e-05
3.82632319038828e-05
3.82628658886551e-05
3.82624998804297e-05
3.82621338792064e-05
3.82617678849851e-05
3.82614018977655e-05
3.82610359175475e-05
3.82606699443307e-05
3.82603039781151e-05
3.82599380189004e-05
3.82595720666864e-05
3.8259206121473e-05
3.82588401832598e-05
3.82584742520468e-05
3.82581083278337e-05
3.82577424106203e-05
3.82573765004065e-05
3.82570105971919e-05
3.82566447009765e-05
3.825627881176e-05
3.82559129295422e-05
3.82555470543229e-05
3.82551811861019e-05
3.8254815324879e-05
3.82544494706541e-05
3.82540836234268e-05
3.82537177831971e-05
3.82533519499646e-05
3.82529861237293e-05
3.82526203044909e-05
3.82522544922491e-05
3.82518886870039e-05
3.8251522888755e-05
3.82511570975022e-05
3.82507913132453e-05
3.82504255359841e-05
3.82500597657184e-05
3.8249694002448e-05
3.82493282461727e-05
3.82489624968923e-05
3.82485967546066e-05
3.82482310193154e-05
3.82478652910184e-05
3.82474995697156e-05
3.82471338554067e-05
3.82467681480915e-05
3.82464024477698e-05
3.82460367544413e-05
3.8245671068106e-05
3.82453053887635e-05
3.82449397164138e-05
3.82445740510565e-05
3.82442083926915e-05
3.82438427413187e-05
3.82434770969377e-05
3.82431114595484e-05
3.82427458291505e-05
3.8242380205744e-05
3.82420145893286e-05
3.8241648979904e-05
3.82412833774701e-05
3.82409177820268e-05
3.82405521935737e-05
3.82401866121107e-05
3.82398210376375e-05
3.82394554701541e-05
3.82390899096602e-05
3.82387243561555e-05
3.82383588096399e-05
3.82379932701132e-05
3.82376277375752e-05
3.82372622120256e-05
3.82368966934644e-05
3.82365311818912e-05
3.82361656773059e-05
3.82358001797083e-05
3.82354346890981e-05
3.82350692054753e-05
3.82347037288395e-05
3.82343382591906e-05
3.82339727965284e-05
3.82336073408526e-05
3.82332418921631e-05
3.82328764504598e-05
3.82325110157422e-05
3.82321455880104e-05
3.8231780167264e-05
3.8231414753503e-05
3.82310493467269e-05
3.82306839469358e-05
3.82303185541294e-05
3.82299531683074e-05
3.82295877894697e-05
3.8229222417616e-05
3.82288570527463e-05
3.82284916948602e-05
3.82281263439576e-05
3.82277610000382e-05
3.8227395663102e-05
3.82270303331486e-05
3.82266650101778e-05
3.82262996941896e-05
3.82259343851836e-05
3.82255690831597e-05
3.82252037881177e-05
3.82248385000573e-05
3.82244732189785e-05
3.82241079448808e-05
3.82237426777643e-05
3.82233774176286e-05
3.82230121644736e-05
3.82226469182991e-05
3.82222816791048e-05
3.82219164468906e-05
3.82215512216563e-05
3.82211860034017e-05
3.82208207921265e-05
3.82204555878306e-05
3.82200903905138e-05
3.82197252001758e-05
3.82193600168165e-05
3.82189948404357e-05
3.82186296710331e-05
3.82182645086087e-05
3.82178993531621e-05
3.82175342046931e-05
3.82171690632016e-05
3.82168039286874e-05
3.82164388011503e-05
3.82160736805901e-05
3.82157085670065e-05
3.82153434603993e-05
3.82149783607685e-05
3.82146132681137e-05
3.82142481824348e-05
3.82138831037316e-05
3.82135180320038e-05
3.82131529672513e-05
3.82127879094739e-05
3.82124228586714e-05
3.82120578148435e-05
3.82116927779901e-05
3.82113277481109e-05
3.82109627252059e-05
3.82105977092747e-05
3.82102327003171e-05
3.82098676983331e-05
3.82095027033223e-05
3.82091377152846e-05
3.82087727342198e-05
3.82084077601276e-05
3.82080427930079e-05
3.82076778328605e-05
3.82073128796852e-05
3.82069479334817e-05
3.82065829942499e-05
3.82062180619896e-05
3.82058531367005e-05
3.82054882183826e-05
3.82051233070355e-05
3.8204758402659e-05
3.82043935052531e-05
3.82040286148174e-05
3.82036637313518e-05
3.82032988548561e-05
3.82029339853301e-05
3.82025691227735e-05
3.82022042671862e-05
3.8201839418568e-05
3.82014745769187e-05
3.8201109742238e-05
3.82007449145258e-05
3.82003800937819e-05
3.82000152800061e-05
3.81996504731982e-05
3.81992856733579e-05
3.81989208804851e-05
3.81985560945796e-05
3.81981913156412e-05
3.81978265436697e-05
3.81974617786648e-05
3.81970970206264e-05
3.81967322695543e-05
3.81963675254483e-05
3.81960027883082e-05
3.81956380581338e-05
3.81952733349248e-05
3.81949086186811e-05
3.81945439094025e-05
3.81941792070888e-05
3.81938145117398e-05
3.81934498233553e-05
3.81930851419351e-05
3.81927204674789e-05
3.81923557999866e-05
3.81919911394581e-05
3.8191626485893e-05
3.81912618392912e-05
3.81908971996525e-05
3.81905325669766e-05
3.81901679412635e-05
3.81898033225129e-05
3.81894387107246e-05
3.81890741058983e-05
3.8188709508034e-05
3.81883449171313e-05
3.81879803331901e-05
3.81876157562103e-05
3.81872511861915e-05
3.81868866231336e-05
3.81865220670364e-05
3.81861575178998e-05
3.81857929757234e-05
3.81854284405071e-05
3.81850639122507e-05
3.8184699390954e-05
3.81843348766169e-05
3.8183970369239e-05
3.81836058688202e-05
3.81832413753604e-05
3.81828768888592e-05
3.81825124093165e-05
3.81821479367322e-05
3.81817834711059e-05
3.81814190124376e-05
3.8181054560727e-05
3.81806901159738e-05
3.8180325678178e-05
3.81799612473393e-05
3.81795968234575e-05
3.81792324065325e-05
3.81788679965639e-05
3.81785035935517e-05
3.81781391974955e-05
3.81777748083953e-05
3.81774104262508e-05
3.81770460510618e-05
3.81766816828281e-05
3.81763173215496e-05
3.81759529672259e-05
3.8175588619857e-05
3.81752242794426e-05
3.81748599459826e-05
3.81744956194766e-05
3.81741312999246e-05
3.81737669873263e-05
3.81734026816815e-05
3.81730383829901e-05
3.81726740912518e-05
3.81723098064664e-05
3.81719455286337e-05
3.81715812577536e-05
3.81712169938258e-05
3.81708527368501e-05
3.81704884868264e-05
3.81701242437544e-05
3.8169760007634e-05
3.81693957784648e-05
3.81690315562468e-05
3.81686673409798e-05
3.81683031326635e-05
3.81679389312977e-05
3.81675747368823e-05
3.8167210549417e-05
3.81668463689017e-05
3.81664821953361e-05
3.816611802872e-05
3.81657538690533e-05
3.81653897163357e-05
3.81650255705671e-05
3.81646614317473e-05
3.8164297299876e-05
3.8163933174953e-05
3.81635690569782e-05
3.81632049459514e-05
3.81628408418723e-05
3.81624767447407e-05
3.81621126545566e-05
3.81617485713195e-05
3.81613844950295e-05
3.81610204256862e-05
3.81606563632895e-05
3.81602923078391e-05
3.81599282593349e-05
3.81595642177766e-05
3.81592001831642e-05
3.81588361554973e-05
3.81584721347757e-05
3.81581081209994e-05
3.8157744114168e-05
3.81573801142814e-05
3.81570161213393e-05
3.81566521353416e-05
3.81562881562882e-05
3.81559241841786e-05
3.81555602190129e-05
3.81551962607908e-05
3.8154832309512e-05
3.81544683651764e-05
3.81541044277838e-05
3.8153740497334e-05
3.81533765738268e-05
3.81530126572619e-05
3.81526487476393e-05
3.81522848449587e-05
3.81519209492198e-05
3.81515570604225e-05
3.81511931785667e-05
3.8150829303652e-05
3.81504654356783e-05
3.81501015746454e-05
3.81497377205532e-05
3.81493738734013e-05
3.81490100331896e-05
3.8148646199918e-05
3.81482823735861e-05
3.81479185541939e-05
3.81475547417411e-05
3.81471909362274e-05
3.81468271376528e-05
3.8146463346017e-05
3.81460995613199e-05
3.81457357835611e-05
3.81453720127406e-05
3.8145008248858e-05
3.81446444919133e-05
3.81442807419063e-05
3.81439169988366e-05
3.81435532627042e-05
3.81431895335088e-05
3.81428258112502e-05
3.81424620959283e-05
3.81420983875428e-05
3.81417346860935e-05
3.81413709915803e-05
3.81410073040029e-05
3.81406436233611e-05
3.81402799496548e-05
3.81399162828838e-05
3.81395526230477e-05
3.81391889701466e-05
3.813882532418e-05
3.81384616851479e-05
3.81380980530501e-05
3.81377344278863e-05
3.81373708096564e-05
3.81370071983601e-05
3.81366435939973e-05
3.81362799965677e-05
3.81359164060712e-05
3.81355528225076e-05
3.81351892458766e-05
3.81348256761781e-05
3.81344621134119e-05
3.81340985575777e-05
3.81337350086754e-05
3.81333714667048e-05
3.81330079316656e-05
3.81326444035578e-05
3.8132280882381e-05
3.81319173681351e-05
3.81315538608198e-05
3.81311903604351e-05
3.81308268669806e-05
3.81304633804562e-05
3.81300999008617e-05
3.81297364281969e-05
3.81293729624616e-05
3.81290095036556e-05
3.81286460517787e-05
3.81282826068307e-05
3.81279191688114e-05
3.81275557377205e-05
3.8127192313558e-05
3.81268288963236e-05
3.81264654860171e-05
3.81261020826383e-05
3.8125738686187e-05
3.81253752966631e-05
3.81250119140662e-05
3.81246485383963e-05
3.81242851696531e-05
3.81239218078364e-05
3.8123558452946e-05
3.81231951049817e-05
3.81228317639434e-05
3.81224684298308e-05
3.81221051026438e-05
3.8121741782382e-05
3.81213784690454e-05
3.81210151626338e-05
3.81206518631469e-05
3.81202885705845e-05
3.81199252849464e-05
3.81195620062325e-05
3.81191987344426e-05
3.81188354695764e-05
3.81184722116338e-05
3.81181089606145e-05
3.81177457165183e-05
3.81173824793451e-05
3.81170192490947e-05
3.81166560257669e-05
3.81162928093614e-05
3.8115929599878e-05
3.81155663973167e-05
3.81152032016771e-05
3.8114840012959e-05
3.81144768311624e-05
3.81141136562869e-05
3.81137504883324e-05
3.81133873272987e-05
3.81130241731856e-05
3.81126610259928e-05
3.81122978857203e-05
3.81119347523677e-05
3.81115716259349e-05
3.81112085064217e-05
3.81108453938279e-05
3.81104822881534e-05
3.81101191893978e-05
3.8109756097561e-05
3.81093930126428e-05
3.8109029934643e-05
3.81086668635614e-05
3.81083037993979e-05
3.81079407421521e-05
3.8107577691824e-05
3.81072146484133e-05
3.81068516119198e-05
3.81064885823434e-05
3.81061255596837e-05
3.81057625439407e-05
3.81053995351141e-05
3.81050365332038e-05
3.81046735382095e-05
3.8104310550131e-05
3.81039475689681e-05
3.81035845947207e-05
3.81032216273886e-05
3.81028586669715e-05
3.81024957134692e-05
3.81021327668816e-05
3.81017698272085e-05
3.81014068944496e-05
3.81010439686047e-05
3.81006810496738e-05
3.81003181376564e-05
3.80999552325526e-05
3.8099592334362e-05
3.80992294430845e-05
3.80988665587199e-05
3.80985036812679e-05
3.80981408107284e-05
3.80977779471012e-05
3.80974150903861e-05
3.80970522405829e-05
3.80966893976913e-05
3.80963265617113e-05
3.80959637326425e-05
3.80956009104849e-05
3.80952380952381e-05
3.8094875286902e-05
3.80945124854765e-05
3.80941496909612e-05
3.80937869033561e-05
3.80934241226608e-05
3.80930613488753e-05
3.80926985819993e-05
3.80923358220326e-05
3.8091973068975e-05
3.80916103228264e-05
3.80912475835865e-05
3.80908848512551e-05
3.8090522125832e-05
3.80901594073171e-05
3.80897966957101e-05
3.80894339910109e-05
3.80890712932192e-05
3.80887086023348e-05
3.80883459183576e-05
3.80879832412874e-05
3.80876205711239e-05
3.80872579078669e-05
3.80868952515163e-05
3.80865326020719e-05
3.80861699595334e-05
3.80858073239008e-05
3.80854446951736e-05
3.80850820733519e-05
3.80847194584353e-05
3.80843568504237e-05
3.80839942493169e-05
3.80836316551146e-05
3.80832690678168e-05
3.80829064874231e-05
3.80825439139335e-05
3.80821813473476e-05
3.80818187876653e-05
3.80814562348864e-05
3.80810936890107e-05
3.80807311500381e-05
3.80803686179682e-05
3.8080006092801e-05
3.80796435745361e-05
3.80792810631735e-05
3.80789185587129e-05
3.80785560611542e-05
3.8078193570497e-05
3.80778310867413e-05
3.80774686098868e-05
3.80771061399334e-05
3.80767436768808e-05
3.80763812207288e-05
3.80760187714773e-05
3.8075656329126e-05
3.80752938936747e-05
3.80749314651234e-05
3.80745690434716e-05
3.80742066287194e-05
3.80738442208664e-05
3.80734818199124e-05
3.80731194258574e-05
3.8072757038701e-05
3.8072394658443e-05
3.80720322850834e-05
3.80716699186218e-05
3.80713075590581e-05
3.80709452063921e-05
3.80705828606236e-05
3.80702205217524e-05
3.80698581897782e-05
3.8069495864701e-05
3.80691335465205e-05
3.80687712352365e-05
3.80684089308487e-05
3.80680466333571e-05
3.80676843427614e-05
3.80673220590615e-05
3.8066959782257e-05
3.80665975123479e-05
3.80662352493338e-05
3.80658729932148e-05
3.80655107439904e-05
3.80651485016606e-05
3.80647862662251e-05
3.80644240376838e-05
3.80640618160364e-05
3.80636996012827e-05
3.80633373934227e-05
3.80629751924559e-05
3.80626129983823e-05
3.80622508112017e-05
3.80618886309139e-05
3.80615264575186e-05
3.80611642910157e-05
3.80608021314049e-05
3.80604399786862e-05
3.80600778328592e-05
3.80597156939238e-05
3.80593535618798e-05
3.80589914367269e-05
3.80586293184651e-05
3.80582672070941e-05
3.80579051026136e-05
3.80575430050236e-05
3.80571809143238e-05
3.8056818830514e-05
3.8056456753594e-05
3.80560946835636e-05
3.80557326204226e-05
3.80553705641709e-05
3.80550085148082e-05
3.80546464723343e-05
3.8054284436749e-05
3.80539224080522e-05
3.80535603862436e-05
3.80531983713231e-05
3.80528363632904e-05
3.80524743621454e-05
3.80521123678878e-05
3.80517503805175e-05
3.80513884000342e-05
3.80510264264379e-05
3.80506644597281e-05
3.80503024999049e-05
3.80499405469679e-05
3.8049578600917e-05
3.8049216661752e-05
3.80488547294726e-05
3.80484928040788e-05
3.80481308855702e-05
3.80477689739468e-05
3.80474070692082e-05
3.80470451713544e-05
3.8046683280385e-05
3.80463213963e-05
3.80459595190991e-05
3.80455976487821e-05
3.80452357853488e-05
3.8044873928799e-05
3.80445120791326e-05
3.80441502363493e-05
3.80437884004489e-05
3.80434265714313e-05
3.80430647492962e-05
3.80427029340435e-05
3.80423411256729e-05
3.80419793241842e-05
3.80416175295774e-05
3.8041255741852e-05
3.80408939610081e-05
3.80405321870453e-05
3.80401704199635e-05
3.80398086597624e-05
3.8039446906442e-05
3.80390851600019e-05
3.8038723420442e-05
3.80383616877621e-05
3.8037999961962e-05
3.80376382430415e-05
3.80372765310004e-05
3.80369148258385e-05
3.80365531275556e-05
3.80361914361515e-05
3.8035829751626e-05
3.8035468073979e-05
3.80351064032102e-05
3.80347447393194e-05
3.80343830823064e-05
3.80340214321711e-05
3.80336597889132e-05
3.80332981525325e-05
3.80329365230289e-05
3.80325749004022e-05
3.80322132846521e-05
3.80318516757785e-05
3.80314900737811e-05
3.80311284786598e-05
3.80307668904143e-05
3.80304053090446e-05
3.80300437345503e-05
3.80296821669313e-05
3.80293206061874e-05
3.80289590523183e-05
3.8028597505324e-05
3.80282359652042e-05
3.80278744319586e-05
3.80275129055872e-05
3.80271513860897e-05
3.80267898734659e-05
3.80264283677156e-05
3.80260668688386e-05
3.80257053768347e-05
3.80253438917038e-05
3.80249824134456e-05
3.802462094206e-05
3.80242594775467e-05
3.80238980199055e-05
3.80235365691363e-05
3.80231751252388e-05
3.80228136882129e-05
3.80224522580584e-05
3.8022090834775e-05
3.80217294183626e-05
3.8021368008821e-05
3.80210066061499e-05
3.80206452103492e-05
3.80202838214187e-05
3.80199224393582e-05
3.80195610641675e-05
3.80191996958464e-05
3.80188383343947e-05
3.80184769798122e-05
3.80181156320987e-05
3.8017754291254e-05
3.8017392957278e-05
3.80170316301703e-05
3.80166703099309e-05
3.80163089965595e-05
3.8015947690056e-05
3.80155863904201e-05
3.80152250976516e-05
3.80148638117504e-05
3.80145025327162e-05
3.80141412605489e-05
3.80137799952483e-05
3.80134187368141e-05
3.80130574852462e-05
3.80126962405443e-05
3.80123350027084e-05
3.80119737717381e-05
3.80116125476333e-05
3.80112513303938e-05
3.80108901200194e-05
3.80105289165099e-05
3.80101677198651e-05
3.80098065300848e-05
3.80094453471688e-05
3.80090841711169e-05
3.80087230019289e-05
3.80083618396047e-05
3.8008000684144e-05
3.80076395355466e-05
3.80072783938124e-05
3.80069172589411e-05
3.80065561309326e-05
3.80061950097866e-05
3.8005833895503e-05
3.80054727880815e-05
3.8005111687522e-05
3.80047505938242e-05
3.80043895069881e-05
3.80040284270133e-05
3.80036673538996e-05
3.8003306287647e-05
3.80029452282552e-05
3.80025841757239e-05
3.80022231300531e-05
3.80018620912425e-05
3.80015010592918e-05
3.8001140034201e-05
3.80007790159698e-05
3.80004180045981e-05
3.80000570000855e-05
3.7999696002432e-05
3.79993350116373e-05
3.79989740277013e-05
3.79986130506237e-05
3.79982520804043e-05
3.7997891117043e-05
3.79975301605396e-05
3.79971692108938e-05
3.79968082681055e-05
3.79964473321744e-05
3.79960864031005e-05
3.79957254808834e-05
3.7995364565523e-05
3.79950036570191e-05
3.79946427553715e-05
3.799428186058e-05
3.79939209726444e-05
3.79935600915645e-05
3.79931992173401e-05
3.7992838349971e-05
3.79924774894571e-05
3.79921166357981e-05
3.79917557889938e-05
3.7991394949044e-05
3.79910341159486e-05
3.79906732897074e-05
3.79903124703201e-05
3.79899516577865e-05
3.79895908521065e-05
3.79892300532799e-05
3.79888692613064e-05
3.7988508476186e-05
3.79881476979183e-05
3.79877869265031e-05
3.79874261619404e-05
3.79870654042299e-05
3.79867046533713e-05
3.79863439093646e-05
3.79859831722095e-05
3.79856224419057e-05
3.79852617184532e-05
3.79849010018518e-05
3.79845402921011e-05
3.79841795892011e-05
3.79838188931515e-05
3.79834582039522e-05
3.79830975216029e-05
3.79827368461034e-05
3.79823761774537e-05
3.79820155156533e-05
3.79816548607023e-05
3.79812942126003e-05
3.79809335713472e-05
3.79805729369428e-05
3.79802123093868e-05
3.79798516886792e-05
3.79794910748196e-05
3.79791304678079e-05
3.7978769867644e-05
3.79784092743275e-05
3.79780486878584e-05
3.79776881082364e-05
3.79773275354613e-05
3.7976966969533e-05
3.79766064104512e-05
3.79762458582157e-05
3.79758853128264e-05
3.7975524774283e-05
3.79751642425853e-05
3.79748037177333e-05
3.79744431997266e-05
3.79740826885651e-05
3.79737221842485e-05
3.79733616867767e-05
3.79730011961495e-05
3.79726407123667e-05
3.79722802354281e-05
3.79719197653335e-05
3.79715593020827e-05
3.79711988456756e-05
3.79708383961118e-05
3.79704779533912e-05
3.79701175175137e-05
3.7969757088479e-05
3.7969396666287e-05
3.79690362509374e-05
3.796867584243e-05
3.79683154407647e-05
3.79679550459412e-05
3.79675946579594e-05
3.79672342768191e-05
3.79668739025201e-05
3.79665135350621e-05
3.7966153174445e-05
3.79657928206686e-05
3.79654324737327e-05
3.79650721336371e-05
3.79647118003815e-05
3.79643514739659e-05
3.79639911543901e-05
3.79636308416537e-05
3.79632705357567e-05
3.79629102366987e-05
3.79625499444798e-05
3.79621896590995e-05
3.79618293805578e-05
3.79614691088545e-05
3.79611088439893e-05
3.79607485859621e-05
3.79603883347727e-05
3.79600280904208e-05
3.79596678529063e-05
3.7959307622229e-05
3.79589473983886e-05
3.79585871813851e-05
3.79582269712182e-05
3.79578667678876e-05
3.79575065713933e-05
3.7957146381735e-05
3.79567861989125e-05
3.79564260229257e-05
3.79560658537743e-05
3.79557056914581e-05
3.79553455359769e-05
3.79549853873306e-05
3.7954625245519e-05
3.79542651105418e-05
3.79539049823989e-05
3.795354486109e-05
3.7953184746615e-05
3.79528246389738e-05
3.79524645381659e-05
3.79521044441914e-05
3.795174435705e-05
3.79513842767415e-05
3.79510242032657e-05
3.79506641366224e-05
3.79503040768114e-05
3.79499440238326e-05
3.79495839776856e-05
3.79492239383705e-05
3.79488639058868e-05
3.79485038802345e-05
3.79481438614134e-05
3.79477838494232e-05
3.79474238442638e-05
3.79470638459349e-05
3.79467038544364e-05
3.79463438697681e-05
3.79459838919298e-05
3.79456239209213e-05
3.79452639567424e-05
3.79449039993929e-05
3.79445440488726e-05
3.79441841051813e-05
3.79438241683188e-05
3.7943464238285e-05
3.79431043150795e-05
3.79427443987024e-05
3.79423844891532e-05
3.79420245864319e-05
3.79416646905383e-05
3.79413048014721e-05
3.79409449192332e-05
3.79405850438214e-05
3.79402251752364e-05
3.79398653134781e-05
3.79395054585463e-05
3.79391456104409e-05
3.79387857691615e-05
3.7938425934708e-05
3.79380661070802e-05
3.79377062862779e-05
3.7937346472301e-05
3.79369866651492e-05
3.79366268648223e-05
3.79362670713202e-05
3.79359072846426e-05
3.79355475047894e-05
3.79351877317603e-05
3.79348279655552e-05
3.79344682061738e-05
3.79341084536161e-05
3.79337487078817e-05
3.79333889689705e-05
3.79330292368823e-05
3.79326695116169e-05
3.79323097931741e-05
3.79319500815537e-05
3.79315903767555e-05
3.79312306787794e-05
3.79308709876251e-05
3.79305113032924e-05
3.79301516257811e-05
3.79297919550911e-05
3.79294322912222e-05
3.79290726341741e-05
3.79287129839467e-05
3.79283533405397e-05
3.7927993703953e-05
3.79276340741865e-05
3.79272744512397e-05
3.79269148351127e-05
3.79265552258052e-05
3.7926195623317e-05
3.79258360276479e-05
3.79254764387978e-05
3.79251168567663e-05
3.79247572815534e-05
3.79243977131588e-05
3.79240381515824e-05
3.79236785968239e-05
3.79233190488832e-05
3.792295950776e-05
3.79225999734542e-05
3.79222404459655e-05
3.79218809252939e-05
3.7921521411439e-05
3.79211619044008e-05
3.79208024041789e-05
3.79204429107732e-05
3.79200834241835e-05
3.79197239444097e-05
3.79193644714515e-05
3.79190050053087e-05
3.79186455459811e-05
3.79182860934686e-05
3.79179266477709e-05
3.79175672088879e-05
3.79172077768193e-05
3.7916848351565e-05
3.79164889331248e-05
3.79161295214984e-05
3.79157701166858e-05
3.79154107186866e-05
3.79150513275007e-05
3.7914691943128e-05
3.79143325655681e-05
3.79139731948209e-05
3.79136138308863e-05
3.7913254473764e-05
3.79128951234539e-05
3.79125357799556e-05
3.79121764432692e-05
3.79118171133942e-05
3.79114577903307e-05
3.79110984740783e-05
3.79107391646369e-05
3.79103798620062e-05
3.79100205661862e-05
3.79096612771765e-05
3.7909301994977e-05
3.79089427195876e-05
3.79085834510079e-05
3.79082241892379e-05
3.79078649342772e-05
3.79075056861259e-05
3.79071464447835e-05
3.790678721025e-05
3.79064279825251e-05
3.79060687616087e-05
3.79057095475006e-05
3.79053503402005e-05
3.79049911397083e-05
3.79046319460238e-05
3.79042727591468e-05
3.7903913579077e-05
3.79035544058144e-05
3.79031952393587e-05
3.79028360797097e-05
3.79024769268672e-05
3.7902117780831e-05
3.7901758641601e-05
3.79013995091769e-05
3.79010403835585e-05
3.79006812647457e-05
3.79003221527383e-05
3.7899963047536e-05
3.78996039491387e-05
3.78992448575462e-05
3.78988857727583e-05
3.78985266947747e-05
3.78981676235954e-05
3.78978085592201e-05
3.78974495016485e-05
3.78970904508806e-05
3.78967314069162e-05
3.78963723697549e-05
3.78960133393967e-05
3.78956543158413e-05
3.78952952990886e-05
3.78949362891384e-05
3.78945772859904e-05
3.78942182896445e-05
3.78938593001004e-05
3.78935003173581e-05
3.78931413414172e-05
3.78927823722776e-05
3.78924234099392e-05
3.78920644544016e-05
3.78917055056648e-05
3.78913465637285e-05
3.78909876285925e-05
3.78906287002567e-05
3.78902697787208e-05
3.78899108639847e-05
3.78895519560481e-05
3.78891930549109e-05
3.78888341605729e-05
3.78884752730338e-05
3.78881163922936e-05
3.78877575183519e-05
3.78873986512086e-05
3.78870397908635e-05
3.78866809373165e-05
3.78863220905673e-05
3.78859632506156e-05
3.78856044174615e-05
3.78852455911045e-05
3.78848867715447e-05
3.78845279587816e-05
3.78841691528153e-05
3.78838103536454e-05
3.78834515612717e-05
3.78830927756942e-05
3.78827339969126e-05
3.78823752249266e-05
3.78820164597361e-05
3.7881657701341e-05
3.7881298949741e-05
3.78809402049359e-05
3.78805814669255e-05
3.78802227357097e-05
3.78798640112882e-05
3.78795052936609e-05
3.78791465828275e-05
3.78787878787879e-05
3.78784291815418e-05
3.78780704910892e-05
3.78777118074297e-05
3.78773531305632e-05
3.78769944604896e-05
3.78766357972085e-05
3.78762771407198e-05
3.78759184910234e-05
3.7875559848119e-05
3.78752012120064e-05
3.78748425826855e-05
3.7874483960156e-05
3.78741253444178e-05
3.78737667354707e-05
3.78734081333144e-05
3.78730495379488e-05
3.78726909493737e-05
3.78723323675889e-05
3.78719737925941e-05
3.78716152243893e-05
3.78712566629742e-05
3.78708981083486e-05
3.78705395605124e-05
3.78701810194653e-05
3.78698224852071e-05
3.78694639577377e-05
3.78691054370568e-05
3.78687469231643e-05
3.786838841606e-05
3.78680299157436e-05
3.78676714222151e-05
3.78673129354741e-05
3.78669544555205e-05
3.78665959823542e-05
3.78662375159748e-05
3.78658790563823e-05
3.78655206035764e-05
3.78651621575569e-05
3.78648037183237e-05
3.78644452858766e-05
3.78640868602153e-05
3.78637284413396e-05
3.78633700292495e-05
3.78630116239446e-05
3.78626532254248e-05
3.78622948336899e-05
3.78619364487397e-05
3.7861578070574e-05
3.78612196991926e-05
3.78608613345954e-05
3.7860502976782e-05
3.78601446257525e-05
3.78597862815064e-05
3.78594279440438e-05
3.78590696133643e-05
3.78587112894677e-05
3.78583529723539e-05
3.78579946620227e-05
3.7857636358474e-05
3.78572780617074e-05
3.78569197717228e-05
3.785656148852e-05
3.78562032120988e-05
3.78558449424591e-05
3.78554866796006e-05
3.78551284235232e-05
3.78547701742266e-05
3.78544119317106e-05
3.78540536959752e-05
3.785369546702e-05
3.78533372448448e-05
3.78529790294496e-05
3.78526208208341e-05
3.78522626189981e-05
3.78519044239413e-05
3.78515462356637e-05
3.7851188054165e-05
3.78508298794451e-05
3.78504717115037e-05
3.78501135503407e-05
3.78497553959558e-05
3.78493972483488e-05
3.78490391075197e-05
3.78486809734681e-05
3.78483228461939e-05
3.78479647256969e-05
3.78476066119769e-05
3.78472485050337e-05
3.78468904048671e-05
3.7846532311477e-05
3.7846174224863e-05
3.78458161450252e-05
3.78454580719631e-05
3.78451000056768e-05
3.78447419461659e-05
3.78443838934302e-05
3.78440258474697e-05
3.7843667808284e-05
3.7843309775873e-05
3.78429517502365e-05
3.78425937313743e-05
3.78422357192863e-05
3.78418777139722e-05
3.78415197154318e-05
3.78411617236649e-05
3.78408037386714e-05
3.78404457604511e-05
3.78400877890037e-05
3.78397298243291e-05
3.7839371866427e-05
3.78390139152974e-05
3.78386559709399e-05
3.78382980333545e-05
3.78379401025408e-05
3.78375821784988e-05
3.78372242612282e-05
3.78368663507288e-05
3.78365084470005e-05
3.7836150550043e-05
3.78357926598562e-05
3.78354347764399e-05
3.78350768997938e-05
3.78347190299178e-05
3.78343611668117e-05
3.78340033104753e-05
3.78336454609084e-05
3.78332876181108e-05
3.78329297820823e-05
3.78325719528228e-05
3.7832214130332e-05
3.78318563146097e-05
3.78314985056558e-05
3.78311407034701e-05
3.78307829080523e-05
3.78304251194023e-05
3.78300673375199e-05
3.78297095624048e-05
3.7829351794057e-05
3.78289940324762e-05
3.78286362776622e-05
3.78282785296148e-05
3.78279207883339e-05
3.78275630538192e-05
3.78272053260705e-05
3.78268476050877e-05
3.78264898908706e-05
3.78261321834189e-05
3.78257744827325e-05
3.78254167888112e-05
3.78250591016548e-05
3.78247014212632e-05
3.7824343747636e-05
3.78239860807731e-05
3.78236284206744e-05
3.78232707673396e-05
3.78229131207686e-05
3.78225554809611e-05
3.78221978479169e-05
3.7821840221636e-05
3.7821482602118e-05
3.78211249893628e-05
3.78207673833702e-05
3.782040978414e-05
3.7820052191672e-05
3.78196946059661e-05
3.78193370270219e-05
3.78189794548394e-05
3.78186218894183e-05
3.78182643307585e-05
3.78179067788598e-05
3.78175492337219e-05
3.78171916953447e-05
3.7816834163728e-05
3.78164766388716e-05
3.78161191207752e-05
3.78157616094388e-05
3.78154041048621e-05
3.78150466070449e-05
3.78146891159871e-05
3.78143316316884e-05
3.78139741541487e-05
3.78136166833677e-05
3.78132592193453e-05
3.78129017620812e-05
3.78125443115754e-05
3.78121868678275e-05
3.78118294308374e-05
3.7811472000605e-05
3.781111457713e-05
3.78107571604121e-05
3.78103997504514e-05
3.78100423472474e-05
3.78096849508001e-05
3.78093275611093e-05
3.78089701781748e-05
3.78086128019963e-05
3.78082554325737e-05
3.78078980699068e-05
3.78075407139954e-05
3.78071833648393e-05
3.78068260224384e-05
3.78064686867923e-05
3.7806111357901e-05
3.78057540357642e-05
3.78053967203818e-05
3.78050394117536e-05
3.78046821098793e-05
3.78043248147588e-05
3.78039675263919e-05
3.78036102447784e-05
3.78032529699181e-05
3.78028957018108e-05
3.78025384404563e-05
3.78021811858544e-05
3.7801823938005e-05
3.78014666969078e-05
3.78011094625627e-05
3.78007522349695e-05
3.78003950141279e-05
3.78000378000378e-05
3.7799680592699e-05
3.77993233921113e-05
3.77989661982745e-05
3.77986090111884e-05
3.77982518308528e-05
3.77978946572676e-05
3.77975374904325e-05
3.77971803303474e-05
3.7796823177012e-05
3.77964660304262e-05
3.77961088905897e-05
3.77957517575025e-05
3.77953946311642e-05
3.77950375115747e-05
3.77946803987339e-05
3.77943232926414e-05
3.77939661932972e-05
3.77936091007011e-05
3.77932520148527e-05
3.77928949357521e-05
3.77925378633989e-05
3.77921807977929e-05
3.77918237389341e-05
3.77914666868221e-05
3.77911096414568e-05
3.77907526028381e-05
3.77903955709656e-05
3.77900385458393e-05
3.77896815274589e-05
3.77893245158243e-05
3.77889675109352e-05
3.77886105127914e-05
3.77882535213929e-05
3.77878965367393e-05
3.77875395588305e-05
3.77871825876663e-05
3.77868256232465e-05
3.77864686655709e-05
3.77861117146393e-05
3.77857547704515e-05
3.77853978330074e-05
3.77850409023068e-05
3.77846839783494e-05
3.7784327061135e-05
3.77839701506636e-05
3.77836132469348e-05
3.77832563499485e-05
3.77828994597045e-05
3.77825425762027e-05
3.77821856994427e-05
3.77818288294245e-05
3.77814719661478e-05
3.77811151096125e-05
3.77807582598183e-05
3.77804014167651e-05
3.77800445804526e-05
3.77796877508807e-05
3.77793309280493e-05
3.7778974111958e-05
3.77786173026067e-05
3.77782604999953e-05
3.77779037041235e-05
3.77775469149911e-05
3.77771901325979e-05
3.77768333569439e-05
3.77764765880286e-05
3.77761198258521e-05
3.7775763070414e-05
3.77754063217142e-05
3.77750495797526e-05
3.77746928445288e-05
3.77743361160428e-05
3.77739793942942e-05
3.77736226792831e-05
3.7773265971009e-05
3.77729092694719e-05
3.77725525746716e-05
3.77721958866079e-05
3.77718392052805e-05
3.77714825306893e-05
3.77711258628342e-05
3.77707692017148e-05
3.7770412547331e-05
3.77700558996827e-05
3.77696992587697e-05
3.77693426245916e-05
3.77689859971484e-05
3.77686293764399e-05
3.77682727624659e-05
3.77679161552261e-05
3.77675595547205e-05
3.77672029609487e-05
3.77668463739107e-05
3.77664897936061e-05
3.77661332200349e-05
3.77657766531969e-05
3.77654200930918e-05
3.77650635397194e-05
3.77647069930796e-05
3.77643504531722e-05
3.7763993919997e-05
3.77636373935537e-05
3.77632808738423e-05
3.77629243608625e-05
3.77625678546141e-05
3.7762211355097e-05
3.77618548623108e-05
3.77614983762556e-05
3.7761141896931e-05
3.77607854243368e-05
3.7760428958473e-05
3.77600724993392e-05
3.77597160469353e-05
3.77593596012612e-05
3.77590031623165e-05
3.77586467301012e-05
3.7758290304615e-05
3.77579338858578e-05
3.77575774738293e-05
3.77572210685294e-05
3.77568646699578e-05
3.77565082781144e-05
3.77561518929991e-05
3.77557955146115e-05
3.77554391429515e-05
3.7755082778019e-05
3.77547264198137e-05
3.77543700683354e-05
3.7754013723584e-05
3.77536573855592e-05
3.77533010542609e-05
3.77529447296889e-05
3.7752588411843e-05
3.7752232100723e-05
3.77518757963286e-05
3.77515194986598e-05
3.77511632077163e-05
3.7750806923498e-05
3.77504506460046e-05
3.77500943752359e-05
3.77497381111919e-05
3.77493818538721e-05
3.77490256032766e-05
3.77486693594051e-05
3.77483131222573e-05
3.77479568918332e-05
3.77476006681325e-05
3.77472444511551e-05
3.77468882409006e-05
3.77465320373691e-05
3.77461758405602e-05
3.77458196504737e-05
3.77454634671095e-05
3.77451072904675e-05
3.77447511205473e-05
3.77443949573488e-05
3.77440388008719e-05
3.77436826511163e-05
3.77433265080818e-05
3.77429703717683e-05
3.77426142421755e-05
3.77422581193033e-05
3.77419020031514e-05
3.77415458937198e-05
3.77411897910082e-05
3.77408336950163e-05
3.77404776057441e-05
3.77401215231913e-05
3.77397654473577e-05
3.77394093782432e-05
3.77390533158476e-05
3.77386972601706e-05
3.77383412112121e-05
3.77379851689718e-05
3.77376291334497e-05
3.77372731046455e-05
3.77369170825589e-05
3.77365610671899e-05
3.77362050585383e-05
3.77358490566038e-05
3.77354930613862e-05
3.77351370728854e-05
3.77347810911012e-05
3.77344251160334e-05
3.77340691476817e-05
3.77337131860461e-05
3.77333572311262e-05
3.7733001282922e-05
3.77326453414333e-05
3.77322894066597e-05
3.77319334786013e-05
3.77315775572577e-05
3.77312216426287e-05
3.77308657347143e-05
3.77305098335141e-05
3.77301539390281e-05
3.77297980512559e-05
3.77294421701975e-05
3.77290862958526e-05
3.77287304282211e-05
3.77283745673027e-05
3.77280187130973e-05
3.77276628656046e-05
3.77273070248246e-05
3.77269511907569e-05
3.77265953634014e-05
3.7726239542758e-05
3.77258837288263e-05
3.77255279216064e-05
3.77251721210978e-05
3.77248163273005e-05
3.77244605402143e-05
3.77241047598389e-05
3.77237489861742e-05
3.77233932192201e-05
3.77230374589762e-05
3.77226817054424e-05
3.77223259586186e-05
3.77219702185045e-05
3.77216144851e-05
3.77212587584048e-05
3.77209030384187e-05
3.77205473251417e-05
3.77201916185734e-05
3.77198359187138e-05
3.77194802255625e-05
3.77191245391194e-05
3.77187688593844e-05
3.77184131863572e-05
3.77180575200377e-05
3.77177018604256e-05
3.77173462075208e-05
3.77169905613231e-05
3.77166349218323e-05
3.77162792890481e-05
3.77159236629705e-05
3.77155680435992e-05
3.7715212430934e-05
3.77148568249748e-05
3.77145012257213e-05
3.77141456331734e-05
3.77137900473308e-05
3.77134344681934e-05
3.7713078895761e-05
3.77127233300335e-05
3.77123677710105e-05
3.7712012218692e-05
3.77116566730776e-05
3.77113011341674e-05
3.7710945601961e-05
3.77105900764582e-05
3.7710234557659e-05
3.7709879045563e-05
3.77095235401701e-05
3.77091680414801e-05
3.77088125494928e-05
3.77084570642081e-05
3.77081015856257e-05
3.77077461137454e-05
3.77073906485671e-05
3.77070351900906e-05
3.77066797383156e-05
3.77063242932421e-05
3.77059688548697e-05
3.77056134231984e-05
3.77052579982279e-05
3.7704902579958e-05
3.77045471683885e-05
3.77041917635193e-05
3.77038363653502e-05
3.77034809738809e-05
3.77031255891113e-05
3.77027702110413e-05
3.77024148396705e-05
3.77020594749988e-05
3.77017041170261e-05
3.77013487657521e-05
3.77009934211766e-05
3.77006380832996e-05
3.77002827521206e-05
3.76999274276397e-05
3.76995721098566e-05
3.7699216798771e-05
3.76988614943829e-05
3.7698506196692e-05
3.76981509056981e-05
3.7697795621401e-05
3.76974403438007e-05
3.76970850728967e-05
3.76967298086891e-05
3.76963745511775e-05
3.76960193003619e-05
3.76956640562419e-05
3.76953088188175e-05
3.76949535880884e-05
3.76945983640544e-05
3.76942431467154e-05
3.76938879360712e-05
3.76935327321215e-05
3.76931775348662e-05
3.76928223443051e-05
3.7692467160438e-05
3.76921119832647e-05
3.7691756812785e-05
3.76914016489988e-05
3.76910464919058e-05
3.76906913415059e-05
3.76903361977989e-05
3.76899810607845e-05
3.76896259304626e-05
3.76892708068331e-05
3.76889156898956e-05
3.76885605796501e-05
3.76882054760963e-05
3.7687850379234e-05
3.76874952890631e-05
3.76871402055833e-05
3.76867851287946e-05
3.76864300586966e-05
3.76860749952892e-05
3.76857199385723e-05
3.76853648885455e-05
3.76850098452088e-05
3.7684654808562e-05
3.76842997786047e-05
3.7683944755337e-05
3.76835897387585e-05
3.76832347288691e-05
3.76828797256686e-05
3.76825247291569e-05
3.76821697393336e-05
3.76818147561987e-05
3.76814597797519e-05
3.7681104809993e-05
3.7680749846922e-05
3.76803948905385e-05
3.76800399408423e-05
3.76796849978334e-05
3.76793300615115e-05
3.76789751318764e-05
3.7678620208928e-05
3.76782652926659e-05
3.76779103830902e-05
3.76775554802004e-05
3.76772005839966e-05
3.76768456944785e-05
3.76764908116458e-05
3.76761359354985e-05
3.76757810660362e-05
3.76754262032589e-05
3.76750713471664e-05
3.76747164977584e-05
3.76743616550347e-05
3.76740068189952e-05
3.76736519896397e-05
3.76732971669681e-05
3.767294235098e-05
3.76725875416753e-05
3.76722327390539e-05
3.76718779431155e-05
3.76715231538599e-05
3.7671168371287e-05
3.76708135953966e-05
3.76704588261885e-05
3.76701040636625e-05
3.76697493078184e-05
3.7669394558656e-05
3.76690398161751e-05
3.76686850803756e-05
3.76683303512572e-05
3.76679756288198e-05
3.76676209130631e-05
3.76672662039871e-05
3.76669115015914e-05
3.7666556805876e-05
3.76662021168406e-05
3.7665847434485e-05
3.7665492758809e-05
3.76651380898125e-05
3.76647834274953e-05
3.76644287718571e-05
3.76640741228979e-05
3.76637194806173e-05
3.76633648450153e-05
3.76630102160915e-05
3.76626555938459e-05
3.76623009782783e-05
3.76619463693884e-05
3.7661591767176e-05
3.76612371716411e-05
3.76608825827833e-05
3.76605280006026e-05
3.76601734250986e-05
3.76598188562713e-05
3.76594642941204e-05
3.76591097386458e-05
3.76587551898472e-05
3.76584006477245e-05
3.76580461122775e-05
3.76576915835059e-05
3.76573370614097e-05
3.76569825459886e-05
3.76566280372424e-05
3.7656273535171e-05
3.76559190397741e-05
3.76555645510515e-05
3.76552100690032e-05
3.76548555936288e-05
3.76545011249282e-05
3.76541466629013e-05
3.76537922075477e-05
3.76534377588674e-05
3.76530833168601e-05
3.76527288815257e-05
3.76523744528639e-05
3.76520200308747e-05
3.76516656155577e-05
3.76513112069128e-05
3.76509568049398e-05
3.76506024096386e-05
3.76502480210088e-05
3.76498936390505e-05
3.76495392637633e-05
3.7649184895147e-05
3.76488305332016e-05
3.76484761779267e-05
3.76481218293222e-05
3.7647767487388e-05
3.76474131521238e-05
3.76470588235294e-05
3.76467045016047e-05
3.76463501863494e-05
3.76459958777634e-05
3.76456415758466e-05
3.76452872805986e-05
3.76449329920193e-05
3.76445787101085e-05
3.76442244348661e-05
3.76438701662918e-05
3.76435159043855e-05
3.76431616491469e-05
3.76428074005759e-05
3.76424531586724e-05
3.7642098923436e-05
3.76417446948666e-05
3.76413904729641e-05
3.76410362577282e-05
3.76406820491587e-05
3.76403278472555e-05
3.76399736520184e-05
3.76396194634472e-05
3.76392652815417e-05
3.76389111063017e-05
3.7638556937727e-05
3.76382027758175e-05
3.76378486205728e-05
3.7637494471993e-05
3.76371403300777e-05
3.76367861948268e-05
3.76364320662401e-05
3.76360779443174e-05
3.76357238290585e-05
3.76353697204633e-05
3.76350156185315e-05
3.76346615232629e-05
3.76343074346574e-05
3.76339533527148e-05
3.76335992774349e-05
3.76332452088175e-05
3.76328911468624e-05
3.76325370915694e-05
3.76321830429383e-05
3.7631829000969e-05
3.76314749656613e-05
3.76311209370149e-05
3.76307669150297e-05
3.76304128997055e-05
3.76300588910422e-05
3.76297048890394e-05
3.76293508936971e-05
3.7628996905015e-05
3.7628642922993e-05
3.76282889476308e-05
3.76279349789284e-05
3.76275810168854e-05
3.76272270615017e-05
3.76268731127771e-05
3.76265191707115e-05
3.76261652353046e-05
3.76258113065563e-05
3.76254573844663e-05
3.76251034690345e-05
3.76247495602607e-05
3.76243956581447e-05
3.76240417626864e-05
3.76236878738854e-05
3.76233339917417e-05
3.7622980116255e-05
3.76226262474252e-05
3.76222723852521e-05
3.76219185297354e-05
3.76215646808751e-05
3.76212108386708e-05
3.76208570031225e-05
3.762050317423e-05
3.76201493519929e-05
3.76197955364113e-05
3.76194417274848e-05
3.76190879252133e-05
3.76187341295965e-05
3.76183803406344e-05
3.76180265583268e-05
3.76176727826733e-05
3.76173190136739e-05
3.76169652513284e-05
3.76166114956365e-05
3.76162577465981e-05
3.7615904004213e-05
3.7615550268481e-05
3.76151965394019e-05
3.76148428169756e-05
3.76144891012018e-05
3.76141353920803e-05
3.76137816896111e-05
3.76134279937938e-05
3.76130743046283e-05
3.76127206221144e-05
3.76123669462519e-05
3.76120132770407e-05
3.76116596144805e-05
3.76113059585711e-05
3.76109523093125e-05
3.76105986667043e-05
3.76102450307464e-05
3.76098914014386e-05
3.76095377787807e-05
3.76091841627725e-05
3.76088305534139e-05
3.76084769507047e-05
3.76081233546446e-05
3.76077697652335e-05
3.76074161824712e-05
3.76070626063575e-05
3.76067090368922e-05
3.76063554740751e-05
3.76060019179061e-05
3.76056483683849e-05
3.76052948255114e-05
3.76049412892854e-05
3.76045877597067e-05
3.76042342367751e-05
3.76038807204904e-05
3.76035272108524e-05
3.76031737078609e-05
3.76028202115159e-05
3.7602466721817e-05
3.7602113238764e-05
3.76017597623569e-05
3.76014062925953e-05
3.76010528294792e-05
3.76006993730083e-05
3.76003459231825e-05
3.75999924800015e-05
3.75996390434652e-05
3.75992856135733e-05
3.75989321903258e-05
3.75985787737223e-05
3.75982253637628e-05
3.7597871960447e-05
3.75975185637748e-05
3.75971651737459e-05
3.75968117903602e-05
3.75964584136174e-05
3.75961050435175e-05
3.75957516800602e-05
3.75953983232452e-05
3.75950449730725e-05
3.75946916295419e-05
3.75943382926531e-05
3.7593984962406e-05
3.75936316388004e-05
3.75932783218361e-05
3.75929250115128e-05
3.75925717078305e-05
3.7592218410789e-05
3.75918651203879e-05
3.75915118366273e-05
3.75911585595068e-05
3.75908052890263e-05
3.75904520251856e-05
3.75900987679845e-05
3.75897455174228e-05
3.75893922735004e-05
3.7589039036217e-05
3.75886858055725e-05
3.75883325815667e-05
3.75879793641993e-05
3.75876261534703e-05
3.75872729493793e-05
3.75869197519263e-05
3.75865665611111e-05
3.75862133769333e-05
3.7585860199393e-05
3.75855070284898e-05
3.75851538642236e-05
3.75848007065943e-05
3.75844475556015e-05
3.75840944112452e-05
3.75837412735251e-05
3.7583388142441e-05
3.75830350179929e-05
3.75826819001804e-05
3.75823287890034e-05
3.75819756844617e-05
3.75816225865552e-05
3.75812694952835e-05
3.75809164106467e-05
3.75805633326444e-05
3.75802102612764e-05
3.75798571965427e-05
3.75795041384429e-05
3.75791510869769e-05
3.75787980421446e-05
3.75784450039457e-05
3.75780919723801e-05
3.75777389474475e-05
3.75773859291478e-05
3.75770329174808e-05
3.75766799124463e-05
3.75763269140442e-05
3.75759739222741e-05
3.7575620937136e-05
3.75752679586296e-05
3.75749149867548e-05
3.75745620215114e-05
3.75742090628992e-05
3.7573856110918e-05
3.75735031655676e-05
3.75731502268479e-05
3.75727972947586e-05
3.75724443692996e-05
3.75720914504706e-05
3.75717385382715e-05
3.75713856327021e-05
3.75710327337623e-05
3.75706798414517e-05
3.75703269557703e-05
3.75699740767179e-05
3.75696212042942e-05
3.75692683384991e-05
3.75689154793324e-05
3.75685626267939e-05
3.75682097808834e-05
3.75678569416008e-05
3.75675041089458e-05
3.75671512829182e-05
3.75667984635179e-05
3.75664456507448e-05
3.75660928445985e-05
3.75657400450789e-05
3.75653872521858e-05
3.75650344659191e-05
3.75646816862786e-05
3.7564328913264e-05
3.75639761468751e-05
3.75636233871119e-05
3.75632706339741e-05
3.75629178874615e-05
3.75625651475739e-05
3.75622124143112e-05
3.75618596876731e-05
3.75615069676595e-05
3.75611542542702e-05
3.7560801547505e-05
3.75604488473637e-05
3.75600961538462e-05
3.75597434669521e-05
3.75593907866814e-05
3.75590381130339e-05
3.75586854460094e-05
3.75583327856076e-05
3.75579801318285e-05
3.75576274846718e-05
3.75572748441373e-05
3.75569222102249e-05
3.75565695829343e-05
3.75562169622654e-05
3.7555864348218e-05
3.75555117407919e-05
3.75551591399869e-05
3.75548065458028e-05
3.75544539582394e-05
3.75541013772967e-05
3.75537488029743e-05
3.7553396235272e-05
3.75530436741898e-05
3.75526911197274e-05
3.75523385718846e-05
3.75519860306612e-05
3.75516334960571e-05
3.7551280968072e-05
3.75509284467058e-05
3.75505759319584e-05
3.75502234238294e-05
3.75498709223187e-05
3.75495184274262e-05
3.75491659391516e-05
3.75488134574947e-05
3.75484609824555e-05
3.75481085140336e-05
3.75477560522289e-05
3.75474035970413e-05
3.75470511484704e-05
3.75466987065162e-05
3.75463462711785e-05
3.7545993842457e-05
3.75456414203516e-05
3.75452890048621e-05
3.75449365959883e-05
3.75445841937301e-05
3.75442317980871e-05
3.75438794090593e-05
3.75435270266465e-05
3.75431746508485e-05
3.7542822281665e-05
3.7542469919096e-05
3.75421175631411e-05
3.75417652138003e-05
3.75414128710734e-05
3.75410605349601e-05
3.75407082054603e-05
3.75403558825738e-05
3.75400035663003e-05
3.75396512566398e-05
3.7539298953592e-05
3.75389466571568e-05
3.75385943673339e-05
3.75382420841232e-05
3.75378898075245e-05
3.75375375375375e-05
3.75371852741622e-05
3.75368330173983e-05
3.75364807672457e-05
3.75361285237041e-05
3.75357762867733e-05
3.75354240564533e-05
3.75350718327437e-05
3.75347196156445e-05
3.75343674051553e-05
3.75340152012762e-05
3.75336630040067e-05
3.75333108133468e-05
3.75329586292964e-05
3.7532606451855e-05
3.75322542810228e-05
3.75319021167993e-05
3.75315499591844e-05
3.75311978081781e-05
3.75308456637799e-05
3.75304935259899e-05
3.75301413948077e-05
3.75297892702332e-05
3.75294371522663e-05
3.75290850409067e-05
3.75287329361542e-05
3.75283808380087e-05
3.752802874647e-05
3.75276766615379e-05
3.75273245832122e-05
3.75269725114926e-05
3.75266204463791e-05
3.75262683878715e-05
3.75259163359695e-05
3.7525564290673e-05
3.75252122519818e-05
3.75248602198957e-05
3.75245081944145e-05
3.7524156175538e-05
3.75238041632661e-05
3.75234521575985e-05
3.75231001585351e-05
3.75227481660757e-05
3.75223961802201e-05
3.75220442009681e-05
3.75216922283195e-05
3.75213402622742e-05
3.75209883028319e-05
3.75206363499925e-05
3.75202844037558e-05
3.75199324641216e-05
3.75195805310897e-05
3.75192286046599e-05
3.75188766848321e-05
3.7518524771606e-05
3.75181728649815e-05
3.75178209649584e-05
3.75174690715364e-05
3.75171171847155e-05
3.75167653044954e-05
3.7516413430876e-05
3.7516061563857e-05
3.75157097034383e-05
3.75153578496197e-05
3.7515006002401e-05
3.75146541617819e-05
3.75143023277625e-05
3.75139505003423e-05
3.75135986795213e-05
3.75132468652993e-05
3.75128950576761e-05
3.75125432566514e-05
3.75121914622252e-05
3.75118396743972e-05
3.75114878931673e-05
3.75111361185352e-05
3.75107843505008e-05
3.75104325890638e-05
3.75100808342242e-05
3.75097290859817e-05
3.75093773443361e-05
3.75090256092872e-05
3.75086738808349e-05
3.7508322158979e-05
3.75079704437193e-05
3.75076187350556e-05
3.75072670329876e-05
3.75069153375154e-05
3.75065636486385e-05
3.75062119663569e-05
3.75058602906704e-05
3.75055086215788e-05
3.75051569590819e-05
3.75048053031795e-05
3.75044536538714e-05
3.75041020111575e-05
3.75037503750375e-05
3.75033987455113e-05
3.75030471225787e-05
3.75026955062395e-05
3.75023438964935e-05
3.75019922933406e-05
3.75016406967805e-05
3.7501289106813e-05
3.75009375234381e-05
3.75005859466554e-05
3.75002343764649e-05
3.74998828128662e-05
3.74995312558593e-05
3.74991797054439e-05
3.74988281616199e-05
3.74984766243871e-05
3.74981250937453e-05
3.74977735696943e-05
3.74974220522339e-05
3.7497070541364e-05
3.74967190370843e-05
3.74963675393946e-05
3.74960160482949e-05
3.74956645637848e-05
3.74953130858643e-05
3.7494961614533e-05
3.7494610149791e-05
3.74942586916378e-05
3.74939072400735e-05
3.74935557950977e-05
3.74932043567103e-05
3.74928529249112e-05
3.74925014997001e-05
3.74921500810768e-05
3.74917986690412e-05
3.7491447263593e-05
3.74910958647321e-05
3.74907444724584e-05
3.74903930867715e-05
3.74900417076714e-05
3.74896903351578e-05
3.74893389692306e-05
3.74889876098896e-05
3.74886362571346e-05
3.74882849109653e-05
3.74879335713817e-05
3.74875822383835e-05
3.74872309119706e-05
3.74868795921427e-05
3.74865282788998e-05
3.74861769722415e-05
3.74858256721677e-05
3.74854743786783e-05
3.7485123091773e-05
3.74847718114516e-05
3.7484420537714e-05
3.748406927056e-05
3.74837180099894e-05
3.7483366756002e-05
3.74830155085977e-05
3.74826642677762e-05
3.74823130335373e-05
3.74819618058809e-05
3.74816105848068e-05
3.74812593703148e-05
3.74809081624048e-05
3.74805569610764e-05
3.74802057663297e-05
3.74798545781642e-05
3.747950339658e-05
3.74791522215767e-05
3.74788010531543e-05
3.74784498913125e-05
3.74780987360511e-05
3.747774758737e-05
3.74773964452689e-05
3.74770453097478e-05
3.74766941808063e-05
3.74763430584444e-05
3.74759919426617e-05
3.74756408334583e-05
3.74752897308337e-05
3.7474938634788e-05
3.74745875453208e-05
3.74742364624321e-05
3.74738853861215e-05
3.74735343163891e-05
3.74731832532344e-05
3.74728321966574e-05
3.74724811466579e-05
3.74721301032357e-05
3.74717790663906e-05
3.74714280361225e-05
3.7471077012431e-05
3.74707259953162e-05
3.74703749847777e-05
3.74700239808153e-05
3.7469672983429e-05
3.74693219926185e-05
3.74689710083837e-05
3.74686200307243e-05
3.74682690596401e-05
3.7467918095131e-05
3.74675671371969e-05
3.74672161858374e-05
3.74668652410524e-05
3.74665143028418e-05
3.74661633712054e-05
3.74658124461429e-05
3.74654615276542e-05
3.74651106157391e-05
3.74647597103974e-05
3.7464408811629e-05
3.74640579194335e-05
3.7463707033811e-05
3.74633561547611e-05
3.74630052822837e-05
3.74626544163787e-05
3.74623035570457e-05
3.74619527042847e-05
3.74616018580955e-05
3.74612510184778e-05
3.74609001854315e-05
3.74605493589563e-05
3.74601985390523e-05
3.7459847725719e-05
3.74594969189564e-05
3.74591461187642e-05
3.74587953251423e-05
3.74584445380906e-05
3.74580937576087e-05
3.74577429836965e-05
3.74573922163539e-05
3.74570414555806e-05
3.74566907013765e-05
3.74563399537414e-05
3.74559892126751e-05
3.74556384781774e-05
3.74552877502481e-05
3.74549370288871e-05
3.74545863140942e-05
3.74542356058691e-05
3.74538849042117e-05
3.74535342091218e-05
3.74531835205993e-05
3.74528328386438e-05
3.74524821632554e-05
3.74521314944337e-05
3.74517808321786e-05
3.74514301764899e-05
3.74510795273674e-05
3.74507288848109e-05
3.74503782488203e-05
3.74500276193954e-05
3.74496769965359e-05
3.74493263802417e-05
3.74489757705127e-05
3.74486251673485e-05
3.74482745707492e-05
3.74479239807143e-05
3.74475733972439e-05
3.74472228203376e-05
3.74468722499953e-05
3.74465216862169e-05
3.74461711290021e-05
3.74458205783507e-05
3.74454700342626e-05
3.74451194967376e-05
3.74447689657755e-05
3.74444184413761e-05
3.74440679235392e-05
3.74437174122647e-05
3.74433669075523e-05
3.74430164094019e-05
3.74426659178133e-05
3.74423154327864e-05
3.74419649543208e-05
3.74416144824165e-05
3.74412640170732e-05
3.74409135582908e-05
3.74405631060691e-05
3.74402126604079e-05
3.7439862221307e-05
3.74395117887663e-05
3.74391613627855e-05
3.74388109433644e-05
3.7438460530503e-05
3.74381101242009e-05
3.74377597244581e-05
3.74374093312743e-05
3.74370589446493e-05
3.7436708564583e-05
3.74363581910752e-05
3.74360078241256e-05
3.74356574637342e-05
3.74353071099007e-05
3.74349567626249e-05
3.74346064219067e-05
3.74342560877459e-05
3.74339057601422e-05
3.74335554390956e-05
3.74332051246058e-05
3.74328548166726e-05
3.74325045152959e-05
3.74321542204754e-05
3.7431803932211e-05
3.74314536505025e-05
3.74311033753497e-05
3.74307531067525e-05
3.74304028447106e-05
3.74300525892239e-05
3.74297023402921e-05
3.74293520979152e-05
3.74290018620928e-05
3.74286516328249e-05
3.74283014101113e-05
3.74279511939516e-05
3.74276009843459e-05
3.74272507812939e-05
3.74269005847953e-05
3.74265503948501e-05
3.7426200211458e-05
3.74258500346189e-05
3.74254998643326e-05
3.74251497005988e-05
3.74247995434174e-05
3.74244493927883e-05
3.74240992487112e-05
3.7423749111186e-05
3.74233989802124e-05
3.74230488557903e-05
3.74226987379195e-05
3.74223486265998e-05
3.74219985218311e-05
3.74216484236131e-05
3.74212983319456e-05
3.74209482468286e-05
3.74205981682617e-05
3.74202480962449e-05
3.74198980307779e-05
3.74195479718605e-05
3.74191979194926e-05
3.7418847873674e-05
3.74184978344044e-05
3.74181478016838e-05
3.74177977755119e-05
3.74174477558886e-05
3.74170977428136e-05
3.74167477362868e-05
3.74163977363079e-05
3.74160477428769e-05
3.74156977559935e-05
3.74153477756576e-05
3.74149978018689e-05
3.74146478346273e-05
3.74142978739325e-05
3.74139479197845e-05
3.7413597972183e-05
3.74132480311278e-05
3.74128980966188e-05
3.74125481686558e-05
3.74121982472385e-05
3.74118483323669e-05
3.74114984240406e-05
3.74111485222596e-05
3.74107986270237e-05
3.74104487383326e-05
3.74100988561862e-05
3.74097489805843e-05
3.74093991115268e-05
3.74090492490133e-05
3.74086993930439e-05
3.74083495436181e-05
3.7407999700736e-05
3.74076498643973e-05
3.74073000346018e-05
3.74069502113493e-05
3.74066003946396e-05
3.74062505844727e-05
3.74059007808482e-05
3.7405550983766e-05
3.74052011932259e-05
3.74048514092278e-05
3.74045016317714e-05
3.74041518608566e-05
3.74038020964831e-05
3.74034523386509e-05
3.74031025873596e-05
3.74027528426092e-05
3.74024031043995e-05
3.74020533727302e-05
3.74017036476011e-05
3.74013539290122e-05
3.74010042169632e-05
3.7400654511454e-05
3.74003048124842e-05
3.73999551200539e-05
3.73996054341627e-05
3.73992557548105e-05
3.73989060819971e-05
3.73985564157224e-05
3.73982067559861e-05
3.7397857102788e-05
3.7397507456128e-05
3.7397157816006e-05
3.73968081824216e-05
3.73964585553748e-05
3.73961089348653e-05
3.7395759320893e-05
3.73954097134577e-05
3.73950601125591e-05
3.73947105181972e-05
3.73943609303717e-05
3.73940113490824e-05
3.73936617743293e-05
3.73933122061119e-05
3.73929626444303e-05
3.73926130892842e-05
3.73922635406734e-05
3.73919139985978e-05
3.73915644630571e-05
3.73912149340512e-05
3.73908654115799e-05
3.73905158956431e-05
3.73901663862404e-05
3.73898168833718e-05
3.73894673870371e-05
3.7389117897236e-05
3.73887684139684e-05
3.73884189372342e-05
3.73880694670331e-05
3.73877200033649e-05
3.73873705462295e-05
3.73870210956267e-05
3.73866716515562e-05
3.7386322214018e-05
3.73859727830118e-05
3.73856233585375e-05
3.73852739405948e-05
3.73849245291836e-05
3.73845751243037e-05
3.73842257259549e-05
3.73838763341371e-05
3.738352694885e-05
3.73831775700935e-05
3.73828281978673e-05
3.73824788321714e-05
3.73821294730054e-05
3.73817801203693e-05
3.73814307742629e-05
3.73810814346859e-05
3.73807321016382e-05
3.73803827751196e-05
3.73800334551299e-05
3.7379684141669e-05
3.73793348347366e-05
3.73789855343326e-05
3.73786362404568e-05
3.73782869531089e-05
3.73779376722889e-05
3.73775883979966e-05
3.73772391302316e-05
3.7376889868994e-05
3.73765406142834e-05
3.73761913660998e-05
3.73758421244429e-05
3.73754928893125e-05
3.73751436607084e-05
3.73747944386306e-05
3.73744452230787e-05
3.73740960140527e-05
3.73737468115522e-05
3.73733976155772e-05
3.73730484261275e-05
3.73726992432028e-05
3.73723500668031e-05
3.7372000896928e-05
3.73716517335775e-05
3.73713025767513e-05
3.73709534264493e-05
3.73706042826712e-05
3.7370255145417e-05
3.73699060146864e-05
3.73695568904792e-05
3.73692077727952e-05
3.73688586616343e-05
3.73685095569963e-05
3.7368160458881e-05
3.73678113672882e-05
3.73674622822178e-05
3.73671132036695e-05
3.73667641316431e-05
3.73664150661386e-05
3.73660660071556e-05
3.73657169546941e-05
3.73653679087538e-05
3.73650188693345e-05
3.73646698364362e-05
3.73643208100585e-05
3.73639717902013e-05
3.73636227768644e-05
3.73632737700477e-05
3.7362924769751e-05
3.7362575775974e-05
3.73622267887166e-05
3.73618778079786e-05
3.73615288337599e-05
3.73611798660602e-05
3.73608309048793e-05
3.73604819502172e-05
3.73601330020735e-05
3.73597840604481e-05
3.73594351253409e-05
3.73590861967516e-05
3.73587372746801e-05
3.73583883591262e-05
3.73580394500897e-05
3.73576905475703e-05
3.73573416515681e-05
3.73569927620827e-05
3.73566438791139e-05
3.73562950026616e-05
3.73559461327257e-05
3.73555972693058e-05
3.73552484124019e-05
3.73548995620138e-05
3.73545507181412e-05
3.73542018807841e-05
3.73538530499421e-05
3.73535042256152e-05
3.73531554078031e-05
3.73528065965056e-05
3.73524577917227e-05
3.7352108993454e-05
3.73517602016995e-05
3.73514114164589e-05
3.7351062637732e-05
3.73507138655188e-05
3.73503650998189e-05
3.73500163406321e-05
3.73496675879585e-05
3.73493188417976e-05
3.73489701021494e-05
3.73486213690137e-05
3.73482726423903e-05
3.7347923922279e-05
3.73475752086796e-05
3.73472265015919e-05
3.73468778010158e-05
3.73465291069511e-05
3.73461804193976e-05
3.73458317383551e-05
3.73454830638234e-05
3.73451343958024e-05
3.73447857342918e-05
3.73444370792916e-05
3.73440884308014e-05
3.73437397888211e-05
3.73433911533506e-05
3.73430425243897e-05
3.73426939019381e-05
3.73423452859957e-05
3.73419966765623e-05
3.73416480736377e-05
3.73412994772218e-05
3.73409508873143e-05
3.73406023039152e-05
3.73402537270241e-05
3.73399051566409e-05
3.73395565927655e-05
3.73392080353976e-05
3.7338859484537e-05
3.73385109401837e-05
3.73381624023374e-05
3.73378138709979e-05
3.7337465346165e-05
3.73371168278386e-05
3.73367683160184e-05
3.73364198107044e-05
3.73360713118962e-05
3.73357228195938e-05
3.73353743337969e-05
3.73350258545054e-05
3.73346773817191e-05
3.73343289154377e-05
3.73339804556612e-05
3.73336320023893e-05
3.73332835556219e-05
3.73329351153588e-05
3.73325866815997e-05
3.73322382543445e-05
3.73318898335931e-05
3.73315414193452e-05
3.73311930116007e-05
3.73308446103593e-05
3.73304962156209e-05
3.73301478273854e-05
3.73297994456525e-05
3.7329451070422e-05
3.73291027016938e-05
3.73287543394677e-05
3.73284059837435e-05
3.7328057634521e-05
3.73277092918e-05
3.73273609555804e-05
3.7327012625862e-05
3.73266643026446e-05
3.7326315985928e-05
3.7325967675712e-05
3.73256193719965e-05
3.73252710747812e-05
3.7324922784066e-05
3.73245744998507e-05
3.73242262221351e-05
3.73238779509191e-05
3.73235296862024e-05
3.73231814279849e-05
3.73228331762664e-05
3.73224849310467e-05
3.73221366923256e-05
3.7321788460103e-05
3.73214402343786e-05
3.73210920151524e-05
3.7320743802424e-05
3.73203955961933e-05
3.73200473964602e-05
3.73196992032244e-05
3.73193510164858e-05
3.73190028362442e-05
3.73186546624994e-05
3.73183064952512e-05
3.73179583344995e-05
3.73176101802441e-05
3.73172620324847e-05
3.73169138912212e-05
3.73165657564534e-05
3.73162176281812e-05
3.73158695064043e-05
3.73155213911226e-05
3.73151732823359e-05
3.7314825180044e-05
3.73144770842468e-05
3.73141289949439e-05
3.73137809121354e-05
3.73134328358209e-05
3.73130847660003e-05
3.73127367026735e-05
3.73123886458401e-05
3.73120405955002e-05
3.73116925516534e-05
3.73113445142996e-05
3.73109964834386e-05
3.73106484590702e-05
3.73103004411943e-05
3.73099524298106e-05
3.73096044249191e-05
3.73092564265194e-05
3.73089084346115e-05
3.73085604491951e-05
3.730821247027e-05
3.73078644978361e-05
3.73075165318933e-05
3.73071685724412e-05
3.73068206194798e-05
3.73064726730088e-05
3.7306124733028e-05
3.73057767995374e-05
3.73054288725367e-05
3.73050809520257e-05
3.73047330380042e-05
3.73043851304721e-05
3.73040372294292e-05
3.73036893348752e-05
3.73033414468101e-05
3.73029935652336e-05
3.73026456901456e-05
3.73022978215458e-05
3.73019499594341e-05
3.73016021038104e-05
3.73012542546743e-05
3.73009064120258e-05
3.73005585758647e-05
3.73002107461907e-05
3.72998629230038e-05
3.72995151063036e-05
3.72991672960901e-05
3.72988194923631e-05
3.72984716951223e-05
3.72981239043676e-05
3.72977761200988e-05
3.72974283423158e-05
3.72970805710183e-05
3.72967328062062e-05
3.72963850478792e-05
3.72960372960373e-05
3.72956895506802e-05
3.72953418118077e-05
3.72949940794197e-05
3.7294646353516e-05
3.72942986340963e-05
3.72939509211606e-05
3.72936032147086e-05
3.72932555147402e-05
3.72929078212551e-05
3.72925601342532e-05
3.72922124537343e-05
3.72918647796983e-05
3.72915171121449e-05
3.7291169451074e-05
3.72908217964853e-05
3.72904741483788e-05
3.72901265067542e-05
3.72897788716113e-05
3.728943124295e-05
3.728908362077e-05
3.72887360050713e-05
3.72883883958535e-05
3.72880407931166e-05
3.72876931968604e-05
3.72873456070846e-05
3.72869980237891e-05
3.72866504469737e-05
3.72863028766383e-05
3.72859553127826e-05
3.72856077554064e-05
3.72852602045097e-05
3.72849126600921e-05
3.72845651221536e-05
3.72842175906939e-05
3.72838700657128e-05
3.72835225472103e-05
3.7283175035186e-05
3.72828275296398e-05
3.72824800305716e-05
3.72821325379812e-05
3.72817850518683e-05
3.72814375722328e-05
3.72810900990745e-05
3.72807426323932e-05
3.72803951721888e-05
3.72800477184611e-05
3.72797002712098e-05
3.72793528304349e-05
3.7279005396136e-05
3.72786579683131e-05
3.7278310546966e-05
3.72779631320945e-05
3.72776157236983e-05
3.72772683217774e-05
3.72769209263315e-05
3.72765735373604e-05
3.72762261548641e-05
3.72758787788422e-05
3.72755314092947e-05
3.72751840462212e-05
3.72748366896218e-05
3.72744893394961e-05
3.72741419958439e-05
3.72737946586652e-05
3.72734473279597e-05
3.72731000037273e-05
3.72727526859677e-05
3.72724053746809e-05
3.72720580698665e-05
3.72717107715244e-05
3.72713634796545e-05
3.72710161942565e-05
3.72706689153304e-05
3.72703216428758e-05
3.72699743768926e-05
3.72696271173807e-05
3.72692798643398e-05
3.72689326177698e-05
3.72685853776705e-05
3.72682381440417e-05
3.72678909168833e-05
3.7267543696195e-05
3.72671964819767e-05
3.72668492742281e-05
3.72665020729492e-05
3.72661548781397e-05
3.72658076897994e-05
3.72654605079282e-05
3.72651133325259e-05
3.72647661635923e-05
3.72644190011272e-05
3.72640718451305e-05
3.72637246956019e-05
3.72633775525414e-05
3.72630304159486e-05
3.72626832858234e-05
3.72623361621657e-05
3.72619890449752e-05
3.72616419342518e-05
3.72612948299953e-05
3.72609477322056e-05
3.72606006408823e-05
3.72602535560255e-05
3.72599064776347e-05
3.725955940571e-05
3.72592123402511e-05
3.72588652812579e-05
3.725851822873e-05
3.72581711826675e-05
3.725782414307e-05
3.72574771099375e-05
3.72571300832697e-05
3.72567830630664e-05
3.72564360493275e-05
3.72560890420528e-05
3.72557420412421e-05
3.72553950468952e-05
3.7255048059012e-05
3.72547010775922e-05
3.72543541026357e-05
3.72540071341424e-05
3.72536601721119e-05
3.72533132165442e-05
3.7252966267439e-05
3.72526193247963e-05
3.72522723886157e-05
3.72519254588972e-05
3.72515785356404e-05
3.72512316188454e-05
3.72508847085118e-05
3.72505378046396e-05
3.72501909072284e-05
3.72498440162782e-05
3.72494971317887e-05
3.72491502537598e-05
3.72488033821913e-05
3.72484565170831e-05
3.72481096584348e-05
3.72477628062464e-05
3.72474159605177e-05
3.72470691212485e-05
3.72467222884386e-05
3.72463754620878e-05
3.7246028642196e-05
3.7245681828763e-05
3.72453350217885e-05
3.72449882212725e-05
3.72446414272147e-05
3.72442946396149e-05
3.7243947858473e-05
3.72436010837888e-05
3.72432543155621e-05
3.72429075537927e-05
3.72425607984805e-05
3.72422140496252e-05
3.72418673072268e-05
3.72415205712849e-05
3.72411738417995e-05
3.72408271187703e-05
3.72404804021972e-05
3.724013369208e-05
3.72397869884184e-05
3.72394402912124e-05
3.72390936004618e-05
3.72387469161663e-05
3.72384002383258e-05
3.72380535669401e-05
3.7237706902009e-05
3.72373602435323e-05
3.723701359151e-05
3.72366669459417e-05
3.72363203068273e-05
3.72359736741666e-05
3.72356270479595e-05
3.72352804282057e-05
3.72349338149051e-05
3.72345872080576e-05
3.72342406076628e-05
3.72338940137207e-05
3.7233547426231e-05
3.72332008451937e-05
3.72328542706084e-05
3.7232507702475e-05
3.72321611407934e-05
3.72318145855634e-05
3.72314680367847e-05
3.72311214944572e-05
3.72307749585808e-05
3.72304284291552e-05
3.72300819061802e-05
3.72297353896557e-05
3.72293888795815e-05
3.72290423759575e-05
3.72286958787834e-05
3.7228349388059e-05
3.72280029037842e-05
3.72276564259588e-05
3.72273099545827e-05
3.72269634896556e-05
3.72266170311773e-05
3.72262705791477e-05
3.72259241335666e-05
3.72255776944338e-05
3.72252312617492e-05
3.72248848355125e-05
3.72245384157236e-05
3.72241920023824e-05
3.72238455954885e-05
3.72234991950418e-05
3.72231528010423e-05
3.72228064134895e-05
3.72224600323835e-05
3.72221136577241e-05
3.72217672895109e-05
3.72214209277439e-05
3.72210745724229e-05
3.72207282235477e-05
3.72203818811181e-05
3.72200355451339e-05
3.7219689215595e-05
3.72193428925012e-05
3.72189965758523e-05
3.72186502656481e-05
3.72183039618885e-05
3.72179576645732e-05
3.7217611373702e-05
3.72172650892749e-05
3.72169188112916e-05
3.7216572539752e-05
3.72162262746557e-05
3.72158800160028e-05
3.7215533763793e-05
3.72151875180261e-05
3.72148412787019e-05
3.72144950458203e-05
3.72141488193811e-05
3.72138025993841e-05
3.72134563858291e-05
3.7213110178716e-05
3.72127639780445e-05
3.72124177838145e-05
3.72120715960257e-05
3.72117254146782e-05
3.72113792397715e-05
3.72110330713056e-05
3.72106869092803e-05
3.72103407536955e-05
3.72099946045508e-05
3.72096484618462e-05
3.72093023255814e-05
3.72089561957563e-05
3.72086100723707e-05
3.72082639554245e-05
3.72079178449174e-05
3.72075717408493e-05
3.72072256432199e-05
3.72068795520292e-05
3.72065334672769e-05
3.72061873889628e-05
3.72058413170868e-05
3.72054952516487e-05
3.72051491926483e-05
3.72048031400854e-05
3.72044570939599e-05
3.72041110542715e-05
3.72037650210201e-05
3.72034189942056e-05
3.72030729738276e-05
3.72027269598862e-05
3.7202380952381e-05
3.72020349513118e-05
3.72016889566786e-05
3.72013429684812e-05
3.72009969867192e-05
3.72006510113927e-05
3.72003050425013e-05
3.7199959080045e-05
3.71996131240235e-05
3.71992671744367e-05
3.71989212312843e-05
3.71985752945662e-05
3.71982293642823e-05
3.71978834404322e-05
3.7197537523016e-05
3.71971916120333e-05
3.7196845707484e-05
3.71964998093679e-05
3.71961539176849e-05
3.71958080324347e-05
3.71954621536173e-05
3.71951162812323e-05
3.71947704152796e-05
3.71944245557591e-05
3.71940787026705e-05
3.71937328560138e-05
3.71933870157886e-05
3.71930411819948e-05
3.71926953546324e-05
3.71923495337009e-05
3.71920037192004e-05
3.71916579111305e-05
3.71913121094912e-05
3.71909663142823e-05
3.71906205255035e-05
3.71902747431547e-05
3.71899289672357e-05
3.71895831977463e-05
3.71892374346864e-05
3.71888916780558e-05
3.71885459278542e-05
3.71882001840816e-05
3.71878544467377e-05
3.71875087158224e-05
3.71871629913354e-05
3.71868172732766e-05
3.71864715616459e-05
3.7186125856443e-05
3.71857801576677e-05
3.71854344653199e-05
3.71850887793995e-05
3.71847430999061e-05
3.71843974268397e-05
3.71840517602001e-05
3.7183706099987e-05
3.71833604462003e-05
3.71830147988399e-05
3.71826691579055e-05
3.7182323523397e-05
3.71819778953141e-05
3.71816322736568e-05
3.71812866584248e-05
3.7180941049618e-05
3.71805954472361e-05
3.7180249851279e-05
3.71799042617465e-05
3.71795586786385e-05
3.71792131019547e-05
3.7178867531695e-05
3.71785219678592e-05
3.71781764104471e-05
3.71778308594585e-05
3.71774853148933e-05
3.71771397767513e-05
3.71767942450322e-05
3.7176448719736e-05
3.71761032008625e-05
3.71757576884114e-05
3.71754121823826e-05
3.71750666827759e-05
3.71747211895911e-05
3.7174375702828e-05
3.71740302224866e-05
3.71736847485665e-05
3.71733392810676e-05
3.71729938199898e-05
3.71726483653328e-05
3.71723029170965e-05
3.71719574752806e-05
3.71716120398851e-05
3.71712666109098e-05
3.71709211883543e-05
3.71705757722187e-05
3.71702303625027e-05
3.7169884959206e-05
3.71695395623287e-05
3.71691941718704e-05
3.71688487878309e-05
3.71685034102102e-05
3.7168158039008e-05
3.71678126742241e-05
3.71674673158584e-05
3.71671219639107e-05
3.71667766183808e-05
3.71664312792686e-05
3.71660859465738e-05
3.71657406202962e-05
3.71653953004358e-05
3.71650499869922e-05
3.71647046799654e-05
3.71643593793552e-05
3.71640140851613e-05
3.71636687973837e-05
3.7163323516022e-05
3.71629782410762e-05
3.71626329725461e-05
3.71622877104315e-05
3.71619424547321e-05
3.71615972054479e-05
3.71612519625786e-05
3.71609067261241e-05
3.71605614960842e-05
3.71602162724587e-05
3.71598710552474e-05
3.71595258444502e-05
3.71591806400669e-05
3.71588354420972e-05
3.71584902505411e-05
3.71581450653983e-05
3.71577998866687e-05
3.71574547143521e-05
3.71571095484482e-05
3.7156764388957e-05
3.71564192358782e-05
3.71560740892117e-05
3.71557289489573e-05
3.71553838151148e-05
3.7155038687684e-05
3.71546935666648e-05
3.7154348452057e-05
3.71540033438603e-05
3.71536582420747e-05
3.71533131466999e-05
3.71529680577357e-05
3.7152622975182e-05
3.71522778990387e-05
3.71519328293054e-05
3.71515877659821e-05
3.71512427090686e-05
3.71508976585647e-05
3.71505526144701e-05
3.71502075767848e-05
3.71498625455086e-05
3.71495175206412e-05
3.71491725021825e-05
3.71488274901323e-05
3.71484824844905e-05
3.71481374852568e-05
3.71477924924311e-05
3.71474475060132e-05
3.7147102526003e-05
3.71467575524001e-05
3.71464125852046e-05
3.71460676244161e-05
3.71457226700345e-05
3.71453777220597e-05
3.71450327804914e-05
3.71446878453295e-05
3.71443429165738e-05
3.71439979942241e-05
3.71436530782803e-05
3.71433081687421e-05
3.71429632656093e-05
3.71426183688819e-05
3.71422734785596e-05
3.71419285946423e-05
3.71415837171297e-05
3.71412388460217e-05
3.71408939813181e-05
3.71405491230188e-05
3.71402042711235e-05
3.71398594256321e-05
3.71395145865444e-05
3.71391697538602e-05
3.71388249275793e-05
3.71384801077016e-05
3.71381352942269e-05
3.7137790487155e-05
3.71374456864857e-05
3.71371008922188e-05
3.71367561043543e-05
3.71364113228918e-05
3.71360665478313e-05
3.71357217791724e-05
3.71353770169152e-05
3.71350322610593e-05
3.71346875116046e-05
3.71343427685509e-05
3.71339980318981e-05
3.71336533016459e-05
3.71333085777943e-05
3.71329638603429e-05
3.71326191492917e-05
3.71322744446404e-05
3.71319297463889e-05
3.7131585054537e-05
3.71312403690845e-05
3.71308956900313e-05
3.71305510173771e-05
3.71302063511218e-05
3.71298616912652e-05
3.71295170378071e-05
3.71291723907474e-05
3.71288277500859e-05
3.71284831158223e-05
3.71281384879566e-05
3.71277938664885e-05
3.71274492514178e-05
3.71271046427444e-05
3.71267600404682e-05
3.71264154445888e-05
3.71260708551062e-05
3.71257262720202e-05
3.71253816953306e-05
3.71250371250371e-05
3.71246925611397e-05
3.71243480036382e-05
3.71240034525323e-05
3.7123658907822e-05
3.71233143695069e-05
3.7122969837587e-05
3.71226253120621e-05
3.71222807929319e-05
3.71219362801964e-05
3.71215917738553e-05
3.71212472739084e-05
3.71209027803556e-05
3.71205582931967e-05
3.71202138124316e-05
3.71198693380599e-05
3.71195248700817e-05
3.71191804084966e-05
3.71188359533045e-05
3.71184915045053e-05
3.71181470620987e-05
3.71178026260845e-05
3.71174581964627e-05
3.7117113773233e-05
3.71167693563952e-05
3.71164249459492e-05
3.71160805418948e-05
3.71157361442318e-05
3.711539175296e-05
3.71150473680792e-05
3.71147029895893e-05
3.71143586174901e-05
3.71140142517815e-05
3.71136698924631e-05
3.7113325539535e-05
3.71129811929968e-05
3.71126368528484e-05
3.71122925190896e-05
3.71119481917203e-05
3.71116038707403e-05
3.71112595561493e-05
3.71109152479473e-05
3.7110570946134e-05
3.71102266507093e-05
3.71098823616729e-05
3.71095380790248e-05
3.71091938027646e-05
3.71088495328924e-05
3.71085052694077e-05
3.71081610123106e-05
3.71078167616008e-05
3.71074725172782e-05
3.71071282793425e-05
3.71067840477935e-05
3.71064398226312e-05
3.71060956038553e-05
3.71057513914657e-05
3.71054071854621e-05
3.71050629858444e-05
3.71047187926124e-05
3.7104374605766e-05
3.7104030425305e-05
3.71036862512291e-05
3.71033420835382e-05
3.71029979222321e-05
3.71026537673107e-05
3.71023096187738e-05
3.71019654766211e-05
3.71016213408526e-05
3.7101277211468e-05
3.71009330884672e-05
3.71005889718499e-05
3.71002448616161e-05
3.70999007577655e-05
3.70995566602979e-05
3.70992125692132e-05
3.70988684845112e-05
3.70985244061917e-05
3.70981803342546e-05
3.70978362686996e-05
3.70974922095266e-05
3.70971481567354e-05
3.70968041103259e-05
3.70964600702978e-05
3.7096116036651e-05
3.70957720093852e-05
3.70954279885004e-05
3.70950839739963e-05
3.70947399658728e-05
3.70943959641297e-05
3.70940519687668e-05
3.70937079797839e-05
3.70933639971809e-05
3.70930200209576e-05
3.70926760511137e-05
3.70923320876492e-05
3.70919881305638e-05
3.70916441798574e-05
3.70913002355298e-05
3.70909562975807e-05
3.70906123660102e-05
3.70902684408178e-05
3.70899245220036e-05
3.70895806095673e-05
3.70892367035086e-05
3.70888928038276e-05
3.70885489105239e-05
3.70882050235974e-05
3.70878611430479e-05
3.70875172688752e-05
3.70871734010792e-05
3.70868295396597e-05
3.70864856846165e-05
3.70861418359494e-05
3.70857979936583e-05
3.7085454157743e-05
3.70851103282032e-05
3.70847665050389e-05
3.70844226882498e-05
3.70840788778358e-05
3.70837350737966e-05
3.70833912761322e-05
3.70830474848423e-05
3.70827036999268e-05
3.70823599213854e-05
3.7082016149218e-05
3.70816723834245e-05
3.70813286240046e-05
3.70809848709582e-05
3.7080641124285e-05
3.7080297383985e-05
3.70799536500579e-05
3.70796099225036e-05
3.70792662013219e-05
3.70789224865125e-05
3.70785787780754e-05
3.70782350760104e-05
3.70778913803172e-05
3.70775476909957e-05
3.70772040080458e-05
3.70768603314671e-05
3.70765166612597e-05
3.70761729974232e-05
3.70758293399575e-05
3.70754856888625e-05
3.7075142044138e-05
3.70747984057837e-05
3.70744547737995e-05
3.70741111481852e-05
3.70737675289407e-05
3.70734239160658e-05
3.70730803095602e-05
3.70727367094239e-05
3.70723931156566e-05
3.70720495282582e-05
3.70717059472284e-05
3.70713623725672e-05
3.70710188042743e-05
3.70706752423495e-05
3.70703316867928e-05
3.70699881376038e-05
3.70696445947824e-05
3.70693010583285e-05
3.70689575282419e-05
3.70686140045224e-05
3.70682704871697e-05
3.70679269761839e-05
3.70675834715645e-05
3.70672399733116e-05
3.70668964814248e-05
3.70665529959041e-05
3.70662095167493e-05
3.70658660439601e-05
3.70655225775364e-05
3.70651791174781e-05
3.70648356637849e-05
3.70644922164566e-05
3.70641487754932e-05
3.70638053408943e-05
3.706346191266e-05
3.70631184907898e-05
3.70627750752838e-05
3.70624316661416e-05
3.70620882633632e-05
3.70617448669483e-05
3.70614014768968e-05
3.70610580932086e-05
3.70607147158833e-05
3.70603713449209e-05
3.70600279803211e-05
3.70596846220839e-05
3.70593412702089e-05
3.70589979246961e-05
3.70586545855453e-05
3.70583112527562e-05
3.70579679263288e-05
3.70576246062627e-05
3.7057281292558e-05
3.70569379852143e-05
3.70565946842315e-05
3.70562513896094e-05
3.70559081013479e-05
3.70555648194468e-05
3.70552215439058e-05
3.70548782747249e-05
3.70545350119038e-05
3.70541917554423e-05
3.70538485053404e-05
3.70535052615977e-05
3.70531620242142e-05
3.70528187931897e-05
3.70524755685239e-05
3.70521323502168e-05
3.7051789138268e-05
3.70514459326775e-05
3.70511027334451e-05
3.70507595405706e-05
3.70504163540538e-05
3.70500731738945e-05
3.70497300000926e-05
3.70493868326479e-05
3.70490436715602e-05
3.70487005168294e-05
3.70483573684552e-05
3.70480142264375e-05
3.70476710907761e-05
3.70473279614708e-05
3.70469848385215e-05
3.70466417219279e-05
3.704629861169e-05
3.70459555078074e-05
3.70456124102802e-05
3.7045269319108e-05
3.70449262342906e-05
3.7044583155828e-05
3.704424008372e-05
3.70438970179663e-05
3.70435539585668e-05
3.70432109055213e-05
3.70428678588296e-05
3.70425248184916e-05
3.70421817845071e-05
3.70418387568759e-05
3.70414957355978e-05
3.70411527206727e-05
3.70408097121003e-05
3.70404667098805e-05
3.70401237140132e-05
3.70397807244981e-05
3.70394377413351e-05
3.7039094764524e-05
3.70387517940645e-05
3.70384088299567e-05
3.70380658722002e-05
3.70377229207948e-05
3.70373799757405e-05
3.7037037037037e-05
3.70366941046842e-05
3.70363511786819e-05
3.70360082590298e-05
3.70356653457279e-05
3.7035322438776e-05
3.70349795381738e-05
3.70346366439212e-05
3.70342937560181e-05
3.70339508744642e-05
3.70336079992593e-05
3.70332651304034e-05
3.70329222678962e-05
3.70325794117375e-05
3.70322365619272e-05
3.7031893718465e-05
3.70315508813509e-05
3.70312080505846e-05
3.7030865226166e-05
3.70305224080949e-05
3.7030179596371e-05
3.70298367909943e-05
3.70294939919646e-05
3.70291511992816e-05
3.70288084129453e-05
3.70284656329553e-05
3.70281228593116e-05
3.7027780092014e-05
3.70274373310623e-05
3.70270945764563e-05
3.70267518281959e-05
3.70264090862808e-05
3.70260663507109e-05
3.7025723621486e-05
3.7025380898606e-05
3.70250381820706e-05
3.70246954718797e-05
3.70243527680332e-05
3.70240100705307e-05
3.70236673793723e-05
3.70233246945576e-05
3.70229820160865e-05
3.70226393439588e-05
3.70222966781744e-05
3.70219540187331e-05
3.70216113656347e-05
3.7021268718879e-05
3.70209260784659e-05
3.70205834443951e-05
3.70202408166665e-05
3.701989819528e-05
3.70195555802353e-05
3.70192129715322e-05
3.70188703691707e-05
3.70185277731505e-05
3.70181851834714e-05
3.70178426001333e-05
3.70175000231359e-05
3.70171574524792e-05
3.70168148881629e-05
3.70164723301869e-05
3.7016129778551e-05
3.7015787233255e-05
3.70154446942987e-05
3.7015102161682e-05
3.70147596354046e-05
3.70144171154665e-05
3.70140746018674e-05
3.70137320946071e-05
3.70133895936855e-05
3.70130470991024e-05
3.70127046108577e-05
3.70123621289511e-05
3.70120196533824e-05
3.70116771841516e-05
3.70113347212584e-05
3.70109922647026e-05
3.70106498144841e-05
3.70103073706027e-05
3.70099649330582e-05
3.70096225018505e-05
3.70092800769793e-05
3.70089376584445e-05
3.70085952462459e-05
3.70082528403834e-05
3.70079104408567e-05
3.70075680476657e-05
3.70072256608103e-05
3.70068832802901e-05
3.70065409061052e-05
3.70061985382552e-05
3.700585617674e-05
3.70055138215594e-05
3.70051714727133e-05
3.70048291302015e-05
3.70044867940238e-05
3.700414446418e-05
3.700380214067e-05
3.70034598234935e-05
3.70031175126504e-05
3.70027752081406e-05
3.70024329099638e-05
3.70020906181199e-05
3.70017483326087e-05
3.700140605343e-05
3.70010637805837e-05
3.70007215140695e-05
3.70003792538874e-05
3.7000037000037e-05
3.69996947525183e-05
3.69993525113311e-05
3.69990102764751e-05
3.69986680479503e-05
3.69983258257564e-05
3.69979836098933e-05
3.69976414003607e-05
3.69972991971586e-05
3.69969570002867e-05
3.69966148097449e-05
3.6996272625533e-05
3.69959304476508e-05
3.69955882760981e-05
3.69952461108747e-05
3.69949039519806e-05
3.69945617994155e-05
3.69942196531792e-05
3.69938775132716e-05
3.69935353796924e-05
3.69931932524416e-05
3.69928511315188e-05
3.69925090169241e-05
3.69921669086571e-05
3.69918248067177e-05
3.69914827111058e-05
3.69911406218211e-05
3.69907985388635e-05
3.69904564622327e-05
3.69901143919288e-05
3.69897723279513e-05
3.69894302703003e-05
3.69890882189754e-05
3.69887461739766e-05
3.69884041353036e-05
3.69880621029563e-05
3.69877200769345e-05
3.6987378057238e-05
3.69870360438666e-05
3.69866940368203e-05
3.69863520360987e-05
3.69860100417017e-05
3.69856680536292e-05
3.6985326071881e-05
3.69849840964568e-05
3.69846421273566e-05
3.69843001645801e-05
3.69839582081272e-05
3.69836162579977e-05
3.69832743141914e-05
3.69829323767081e-05
3.69825904455478e-05
3.69822485207101e-05
3.69819066021949e-05
3.6981564690002e-05
3.69812227841314e-05
3.69808808845827e-05
3.69805389913558e-05
3.69801971044506e-05
3.69798552238668e-05
3.69795133496043e-05
3.6979171481663e-05
3.69788296200425e-05
3.69784877647429e-05
3.69781459157638e-05
3.69778040731051e-05
3.69774622367667e-05
3.69771204067483e-05
3.69767785830498e-05
3.69764367656711e-05
3.69760949546118e-05
3.6975753149872e-05
3.69754113514513e-05
3.69750695593496e-05
3.69747277735668e-05
3.69743859941026e-05
3.69740442209569e-05
3.69737024541295e-05
3.69733606936202e-05
3.6973018939429e-05
3.69726771915554e-05
3.69723354499995e-05
3.69719937147611e-05
3.69716519858399e-05
3.69713102632357e-05
3.69709685469485e-05
3.6970626836978e-05
3.69702851333241e-05
3.69699434359865e-05
3.69696017449652e-05
3.69692600602599e-05
3.69689183818704e-05
3.69685767097967e-05
3.69682350440384e-05
3.69678933845955e-05
3.69675517314677e-05
3.69672100846549e-05
3.69668684441569e-05
3.69665268099736e-05
3.69661851821047e-05
3.696584356055e-05
3.69655019453095e-05
3.6965160336383e-05
3.69648187337701e-05
3.69644771374709e-05
3.69641355474851e-05
3.69637939638124e-05
3.69634523864529e-05
3.69631108154062e-05
3.69627692506723e-05
3.69624276922508e-05
3.69620861401417e-05
3.69617445943449e-05
3.696140305486e-05
3.69610615216869e-05
3.69607199948255e-05
3.69603784742756e-05
3.6960036960037e-05
3.69596954521095e-05
3.69593539504929e-05
3.69590124551872e-05
3.69586709661921e-05
3.69583294835073e-05
3.69579880071329e-05
3.69576465370685e-05
3.69573050733141e-05
3.69569636158693e-05
3.69566221647341e-05
3.69562807199083e-05
3.69559392813918e-05
3.69555978491842e-05
3.69552564232855e-05
3.69549150036955e-05
3.6954573590414e-05
3.69542321834408e-05
3.69538907827758e-05
3.69535493884188e-05
3.69532080003695e-05
3.69528666186279e-05
3.69525252431938e-05
3.6952183874067e-05
3.69518425112472e-05
3.69515011547344e-05
3.69511598045284e-05
3.69508184606289e-05
3.69504771230359e-05
3.6950135791749e-05
3.69497944667683e-05
3.69494531480934e-05
3.69491118357242e-05
3.69487705296606e-05
3.69484292299024e-05
3.69480879364493e-05
3.69477466493012e-05
3.6947405368458e-05
3.69470640939194e-05
3.69467228256854e-05
3.69463815637556e-05
3.694604030813e-05
3.69456990588083e-05
3.69453578157904e-05
3.69450165790762e-05
3.69446753486654e-05
3.69443341245578e-05
3.69439929067534e-05
3.69436516952518e-05
3.6943310490053e-05
3.69429692911568e-05
3.69426280985629e-05
3.69422869122713e-05
3.69419457322817e-05
3.6941604558594e-05
3.6941263391208e-05
3.69409222301235e-05
3.69405810753403e-05
3.69402399268583e-05
3.69398987846773e-05
3.69395576487972e-05
3.69392165192176e-05
3.69388753959386e-05
3.69385342789598e-05
3.69381931682812e-05
3.69378520639025e-05
3.69375109658236e-05
3.69371698740442e-05
3.69368287885644e-05
3.69364877093837e-05
3.69361466365021e-05
3.69358055699195e-05
3.69354645096355e-05
3.69351234556502e-05
3.69347824079631e-05
3.69344413665743e-05
3.69341003314835e-05
3.69337593026906e-05
3.69334182801954e-05
3.69330772639976e-05
3.69327362540972e-05
3.6932395250494e-05
3.69320542531877e-05
3.69317132621782e-05
3.69313722774654e-05
3.6931031299049e-05
3.69306903269289e-05
3.6930349361105e-05
3.69300084015769e-05
3.69296674483446e-05
3.69293265014079e-05
3.69289855607666e-05
3.69286446264206e-05
3.69283036983696e-05
3.69279627766135e-05
3.69276218611521e-05
3.69272809519853e-05
3.69269400491128e-05
3.69265991525346e-05
3.69262582622503e-05
3.69259173782599e-05
3.69255765005631e-05
3.69252356291599e-05
3.69248947640499e-05
3.69245539052331e-05
3.69242130527093e-05
3.69238722064783e-05
3.69235313665399e-05
3.69231905328939e-05
3.69228497055403e-05
3.69225088844787e-05
3.69221680697091e-05
3.69218272612312e-05
3.69214864590448e-05
3.69211456631499e-05
3.69208048735462e-05
3.69204640902336e-05
3.69201233132119e-05
3.69197825424808e-05
3.69194417780403e-05
3.69191010198902e-05
3.69187602680302e-05
3.69184195224602e-05
3.69180787831801e-05
3.69177380501897e-05
3.69173973234887e-05
3.6917056603077e-05
3.69167158889545e-05
3.6916375181121e-05
3.69160344795762e-05
3.69156937843201e-05
3.69153530953524e-05
3.69150124126729e-05
3.69146717362816e-05
3.69143310661782e-05
3.69139904023625e-05
3.69136497448344e-05
3.69133090935937e-05
3.69129684486402e-05
3.69126278099738e-05
3.69122871775942e-05
3.69119465515014e-05
3.69116059316951e-05
3.69112653181751e-05
3.69109247109413e-05
3.69105841099935e-05
3.69102435153316e-05
3.69099029269553e-05
3.69095623448645e-05
3.6909221769059e-05
3.69088811995386e-05
3.69085406363032e-05
3.69082000793526e-05
3.69078595286866e-05
3.69075189843051e-05
3.69071784462078e-05
3.69068379143946e-05
3.69064973888653e-05
3.69061568696198e-05
3.69058163566578e-05
3.69054758499792e-05
3.69051353495839e-05
3.69047948554716e-05
3.69044543676422e-05
3.69041138860955e-05
3.69037734108313e-05
3.69034329418494e-05
3.69030924791498e-05
3.69027520227321e-05
3.69024115725963e-05
3.69020711287421e-05
3.69017306911694e-05
3.6901390259878e-05
3.69010498348678e-05
3.69007094161385e-05
3.690036900369e-05
3.69000285975222e-05
3.68996881976347e-05
3.68993478040276e-05
3.68990074167005e-05
3.68986670356533e-05
3.68983266608859e-05
3.68979862923981e-05
3.68976459301897e-05
3.68973055742604e-05
3.68969652246103e-05
3.6896624881239e-05
3.68962845441464e-05
3.68959442133323e-05
3.68956038887967e-05
3.68952635705391e-05
3.68949232585596e-05
3.68945829528579e-05
3.68942426534339e-05
3.68939023602874e-05
3.68935620734182e-05
3.68932217928261e-05
3.6892881518511e-05
3.68925412504727e-05
3.6892200988711e-05
3.68918607332257e-05
3.68915204840167e-05
3.68911802410839e-05
3.68908400044269e-05
3.68904997740457e-05
3.68901595499401e-05
3.68898193321098e-05
3.68894791205548e-05
3.68891389152749e-05
3.68887987162698e-05
3.68884585235394e-05
3.68881183370836e-05
3.68877781569022e-05
3.68874379829949e-05
3.68870978153616e-05
3.68867576540022e-05
3.68864174989165e-05
3.68860773501042e-05
3.68857372075653e-05
3.68853970712995e-05
3.68850569413067e-05
3.68847168175866e-05
3.68843767001392e-05
3.68840365889643e-05
3.68836964840616e-05
3.68833563854311e-05
3.68830162930724e-05
3.68826762069856e-05
3.68823361271703e-05
3.68819960536264e-05
3.68816559863538e-05
3.68813159253522e-05
3.68809758706215e-05
3.68806358221616e-05
3.68802957799722e-05
3.68799557440531e-05
3.68796157144043e-05
3.68792756910254e-05
3.68789356739164e-05
3.68785956630772e-05
3.68782556585074e-05
3.68779156602069e-05
3.68775756681756e-05
3.68772356824132e-05
3.68768957029197e-05
3.68765557296948e-05
3.68762157627384e-05
3.68758758020503e-05
3.68755358476303e-05
3.68751958994782e-05
3.68748559575939e-05
3.68745160219772e-05
3.68741760926279e-05
3.68738361695459e-05
3.68734962527309e-05
3.68731563421829e-05
3.68728164379016e-05
3.68724765398868e-05
3.68721366481384e-05
3.68717967626562e-05
3.68714568834401e-05
3.68711170104898e-05
3.68707771438052e-05
3.68704372833862e-05
3.68700974292325e-05
3.68697575813439e-05
3.68694177397203e-05
3.68690779043616e-05
3.68687380752675e-05
3.68683982524379e-05
3.68680584358726e-05
3.68677186255714e-05
3.68673788215342e-05
3.68670390237608e-05
3.6866699232251e-05
3.68663594470046e-05
3.68660196680215e-05
3.68656798953015e-05
3.68653401288444e-05
3.686500036865e-05
3.68646606147182e-05
3.68643208670488e-05
3.68639811256417e-05
3.68636413904966e-05
3.68633016616133e-05
3.68629619389918e-05
3.68626222226318e-05
3.68622825125332e-05
3.68619428086957e-05
3.68616031111193e-05
3.68612634198037e-05
3.68609237347488e-05
3.68605840559544e-05
3.68602443834203e-05
3.68599047171463e-05
3.68595650571323e-05
3.68592254033781e-05
3.68588857558836e-05
3.68585461146485e-05
3.68582064796727e-05
3.6857866850956e-05
3.68575272284982e-05
3.68571876122992e-05
3.68568480023588e-05
3.68565083986769e-05
3.68561688012531e-05
3.68558292100874e-05
3.68554896251797e-05
3.68551500465296e-05
3.68548104741371e-05
3.6854470908002e-05
3.68541313481241e-05
3.68537917945033e-05
3.68534522471392e-05
3.68531127060319e-05
3.68527731711811e-05
3.68524336425867e-05
3.68520941202484e-05
3.68517546041661e-05
3.68514150943396e-05
3.68510755907688e-05
3.68507360934535e-05
3.68503966023934e-05
3.68500571175885e-05
3.68497176390386e-05
3.68493781667434e-05
3.68490387007029e-05
3.68486992409168e-05
3.6848359787385e-05
3.68480203401072e-05
3.68476808990834e-05
3.68473414643133e-05
3.68470020357969e-05
3.68466626135338e-05
3.68463231975239e-05
3.68459837877671e-05
3.68456443842632e-05
3.6845304987012e-05
3.68449655960134e-05
3.68446262112671e-05
3.6844286832773e-05
3.68439474605309e-05
3.68436080945407e-05
3.68432687348022e-05
3.68429293813151e-05
3.68425900340794e-05
3.68422506930948e-05
3.68419113583613e-05
3.68415720298785e-05
3.68412327076464e-05
3.68408933916648e-05
3.68405540819334e-05
3.68402147784522e-05
3.68398754812209e-05
3.68395361902394e-05
3.68391969055075e-05
3.6838857627025e-05
3.68385183547918e-05
3.68381790888076e-05
3.68378398290724e-05
3.68375005755859e-05
3.6837161328348e-05
3.68368220873585e-05
3.68364828526172e-05
3.6836143624124e-05
3.68358044018786e-05
3.6835465185881e-05
3.68351259761308e-05
3.68347867726281e-05
3.68344475753725e-05
3.68341083843639e-05
3.68337691996022e-05
3.68334300210871e-05
3.68330908488186e-05
3.68327516827963e-05
3.68324125230203e-05
3.68320733694902e-05
3.68317342222059e-05
3.68313950811672e-05
3.6831055946374e-05
3.68307168178261e-05
3.68303776955233e-05
3.68300385794654e-05
3.68296994696523e-05
3.68293603660838e-05
3.68290212687598e-05
3.682868217768e-05
3.68283430928443e-05
3.68280040142524e-05
3.68276649419044e-05
3.68273258757998e-05
3.68269868159387e-05
3.68266477623208e-05
3.6826308714946e-05
3.6825969673814e-05
3.68256306389247e-05
3.68252916102779e-05
3.68249525878735e-05
3.68246135717113e-05
3.68242745617911e-05
3.68239355581128e-05
3.68235965606761e-05
3.68232575694809e-05
3.6822918584527e-05
3.68225796058143e-05
3.68222406333425e-05
3.68219016671116e-05
3.68215627071213e-05
3.68212237533714e-05
3.68208848058619e-05
3.68205458645924e-05
3.68202069295629e-05
3.68198680007732e-05
3.68195290782231e-05
3.68191901619124e-05
3.68188512518409e-05
3.68185123480086e-05
3.68181734504151e-05
3.68178345590604e-05
3.68174956739443e-05
3.68171567950665e-05
3.6816817922427e-05
3.68164790560255e-05
3.68161401958619e-05
3.6815801341936e-05
3.68154624942476e-05
3.68151236527966e-05
3.68147848175827e-05
3.68144459886059e-05
3.6814107165866e-05
3.68137683493627e-05
3.68134295390959e-05
3.68130907350654e-05
3.68127519372711e-05
3.68124131457127e-05
3.68120743603902e-05
3.68117355813033e-05
3.68113968084519e-05
3.68110580418358e-05
3.68107192814548e-05
3.68103805273087e-05
3.68100417793974e-05
3.68097030377207e-05
3.68093643022785e-05
3.68090255730705e-05
3.68086868500966e-05
3.68083481333566e-05
3.68080094228504e-05
3.68076707185778e-05
3.68073320205385e-05
3.68069933287325e-05
3.68066546431595e-05
3.68063159638194e-05
3.6805977290712e-05
3.68056386238372e-05
3.68052999631947e-05
3.68049613087844e-05
3.68046226606062e-05
3.68042840186598e-05
3.68039453829451e-05
3.68036067534618e-05
3.680326813021e-05
3.68029295131892e-05
3.68025909023995e-05
3.68022522978406e-05
3.68019136995124e-05
3.68015751074146e-05
3.68012365215471e-05
3.68008979419098e-05
3.68005593685024e-05
3.68002208013248e-05
3.67998822403768e-05
3.67995436856583e-05
3.6799205137169e-05
3.67988665949089e-05
3.67985280588776e-05
3.67981895290752e-05
3.67978510055013e-05
3.67975124881558e-05
3.67971739770386e-05
3.67968354721494e-05
3.67964969734881e-05
3.67961584810546e-05
3.67958199948486e-05
3.679548151487e-05
3.67951430411186e-05
3.67948045735942e-05
3.67944661122967e-05
3.67941276572259e-05
3.67937892083816e-05
3.67934507657637e-05
3.67931123293719e-05
3.67927738992062e-05
3.67924354752663e-05
3.6792097057552e-05
3.67917586460633e-05
3.67914202407998e-05
3.67910818417616e-05
3.67907434489482e-05
3.67904050623597e-05
3.67900666819959e-05
3.67897283078564e-05
3.67893899399413e-05
3.67890515782503e-05
3.67887132227832e-05
3.678837487354e-05
3.67880365305203e-05
3.6787698193724e-05
3.6787359863151e-05
3.67870215388011e-05
3.67866832206741e-05
3.67863449087699e-05
3.67860066030882e-05
3.67856683036289e-05
3.67853300103919e-05
3.67849917233769e-05
3.67846534425838e-05
3.67843151680124e-05
3.67839768996625e-05
3.6783638637534e-05
3.67833003816267e-05
3.67829621319405e-05
3.67826238884751e-05
3.67822856512304e-05
3.67819474202062e-05
3.67816091954023e-05
3.67812709768186e-05
3.67809327644549e-05
3.6780594558311e-05
3.67802563583868e-05
3.67799181646821e-05
3.67795799771967e-05
3.67792417959304e-05
3.67789036208831e-05
3.67785654520545e-05
3.67782272894446e-05
3.67778891330532e-05
3.67775509828801e-05
3.6777212838925e-05
3.67768747011879e-05
3.67765365696686e-05
3.67761984443668e-05
3.67758603252825e-05
3.67755222124154e-05
3.67751841057654e-05
3.67748460053324e-05
3.6774507911116e-05
3.67741698231162e-05
3.67738317413329e-05
3.67734936657657e-05
3.67731555964146e-05
3.67728175332794e-05
3.67724794763599e-05
3.67721414256559e-05
3.67718033811673e-05
3.67714653428939e-05
3.67711273108355e-05
3.6770789284992e-05
3.67704512653632e-05
3.67701132519488e-05
3.67697752447488e-05
3.6769437243763e-05
3.67690992489911e-05
3.67687612604331e-05
3.67684232780888e-05
3.67680853019579e-05
3.67677473320403e-05
3.67674093683359e-05
3.67670714108445e-05
3.67667334595658e-05
3.67663955144997e-05
3.67660575756462e-05
3.67657196430049e-05
3.67653817165757e-05
3.67650437963584e-05
3.67647058823529e-05
3.67643679745591e-05
3.67640300729766e-05
3.67636921776054e-05
3.67633542884453e-05
3.67630164054961e-05
3.67626785287576e-05
3.67623406582297e-05
3.67620027939122e-05
3.67616649358049e-05
3.67613270839077e-05
3.67609892382204e-05
3.67606513987428e-05
3.67603135654747e-05
3.6759975738416e-05
3.67596379175665e-05
3.6759300102926e-05
3.67589622944944e-05
3.67586244922715e-05
3.67582866962571e-05
3.6757948906451e-05
3.67576111228531e-05
3.67572733454632e-05
3.67569355742812e-05
3.67565978093068e-05
3.67562600505399e-05
3.67559222979803e-05
3.67555845516278e-05
3.67552468114823e-05
3.67549090775437e-05
3.67545713498116e-05
3.67542336282861e-05
3.67538959129668e-05
3.67535582038536e-05
3.67532205009464e-05
3.6752882804245e-05
3.67525451137491e-05
3.67522074294587e-05
3.67518697513736e-05
3.67515320794936e-05
3.67511944138184e-05
3.67508567543481e-05
3.67505191010823e-05
3.67501814540209e-05
3.67498438131638e-05
3.67495061785107e-05
3.67491685500616e-05
3.67488309278161e-05
3.67484933117742e-05
3.67481557019357e-05
3.67478180983004e-05
3.67474805008682e-05
3.67471429096388e-05
3.67468053246121e-05
3.67464677457879e-05
3.67461301731661e-05
3.67457926067465e-05
3.67454550465289e-05
3.67451174925132e-05
3.67447799446991e-05
3.67444424030865e-05
3.67441048676753e-05
3.67437673384652e-05
3.67434298154561e-05
3.67430922986479e-05
3.67427547880402e-05
3.67424172836331e-05
3.67420797854263e-05
3.67417422934196e-05
3.67414048076128e-05
3.67410673280059e-05
3.67407298545986e-05
3.67403923873907e-05
3.67400549263821e-05
3.67397174715726e-05
3.67393800229621e-05
3.67390425805503e-05
3.67387051443372e-05
3.67383677143225e-05
3.6738030290506e-05
3.67376928728876e-05
3.67373554614671e-05
3.67370180562444e-05
3.67366806572192e-05
3.67363432643915e-05
3.67360058777609e-05
3.67356684973275e-05
3.67353311230909e-05
3.67349937550511e-05
3.67346563932078e-05
3.67343190375608e-05
3.67339816881101e-05
3.67336443448555e-05
3.67333070077966e-05
3.67329696769335e-05
3.67326323522659e-05
3.67322950337937e-05
3.67319577215167e-05
3.67316204154346e-05
3.67312831155474e-05
3.67309458218549e-05
3.67306085343569e-05
3.67302712530532e-05
3.67299339779437e-05
3.67295967090281e-05
3.67292594463064e-05
3.67289221897783e-05
3.67285849394437e-05
3.67282476953025e-05
3.67279104573543e-05
3.67275732255991e-05
3.67272360000367e-05
3.6726898780667e-05
3.67265615674896e-05
3.67262243605046e-05
3.67258871597117e-05
3.67255499651107e-05
3.67252127767015e-05
3.67248755944839e-05
3.67245384184578e-05
3.67242012486228e-05
3.6723864084979e-05
3.67235269275261e-05
3.6723189776264e-05
3.67228526311924e-05
3.67225154923112e-05
3.67221783596203e-05
3.67218412331194e-05
3.67215041128085e-05
3.67211669986872e-05
3.67208298907555e-05
3.67204927890132e-05
3.67201556934601e-05
3.67198186040961e-05
3.67194815209209e-05
3.67191444439345e-05
3.67188073731365e-05
3.67184703085269e-05
3.67181332501056e-05
3.67177961978722e-05
3.67174591518267e-05
3.67171221119689e-05
3.67167850782985e-05
3.67164480508156e-05
3.67161110295198e-05
3.67157740144109e-05
3.6715437005489e-05
3.67151000027536e-05
3.67147630062048e-05
3.67144260158423e-05
3.67140890316659e-05
3.67137520536755e-05
3.67134150818709e-05
3.6713078116252e-05
3.67127411568185e-05
3.67124042035703e-05
3.67120672565072e-05
3.67117303156291e-05
3.67113933809358e-05
3.67110564524271e-05
3.67107195301028e-05
3.67103826139628e-05
3.67100457040069e-05
3.67097088002349e-05
3.67093719026467e-05
3.67090350112421e-05
3.6708698126021e-05
3.6708361246983e-05
3.67080243741282e-05
3.67076875074563e-05
3.67073506469671e-05
3.67070137926604e-05
3.67066769445362e-05
3.67063401025942e-05
3.67060032668343e-05
3.67056664372563e-05
3.67053296138599e-05
3.67049927966452e-05
3.67046559856118e-05
3.67043191807596e-05
3.67039823820885e-05
3.67036455895982e-05
3.67033088032886e-05
3.67029720231596e-05
3.67026352492109e-05
3.67022984814424e-05
3.67019617198539e-05
3.67016249644453e-05
3.67012882152164e-05
3.67009514721669e-05
3.67006147352968e-05
3.67002780046059e-05
3.6699941280094e-05
3.66996045617608e-05
3.66992678496064e-05
3.66989311436304e-05
3.66985944438328e-05
3.66982577502133e-05
3.66979210627718e-05
3.66975843815081e-05
3.6697247706422e-05
3.66969110375134e-05
3.66965743747821e-05
3.66962377182279e-05
3.66959010678507e-05
3.66955644236503e-05
3.66952277856265e-05
3.66948911537791e-05
3.6694554528108e-05
3.6694217908613e-05
3.6693881295294e-05
3.66935446881507e-05
3.66932080871831e-05
3.66928714923908e-05
3.66925349037738e-05
3.66921983213319e-05
3.66918617450649e-05
3.66915251749727e-05
3.66911886110551e-05
3.66908520533118e-05
3.66905155017428e-05
3.66901789563479e-05
3.66898424171268e-05
3.66895058840795e-05
3.66891693572058e-05
3.66888328365054e-05
3.66884963219782e-05
3.66881598136241e-05
3.66878233114429e-05
3.66874868154344e-05
3.66871503255985e-05
3.66868138419349e-05
3.66864773644435e-05
3.66861408931241e-05
3.66858044279766e-05
3.66854679690008e-05
3.66851315161965e-05
3.66847950695635e-05
3.66844586291018e-05
3.6684122194811e-05
3.66837857666911e-05
3.66834493447419e-05
3.66831129289632e-05
3.66827765193547e-05
3.66824401159165e-05
3.66821037186483e-05
3.66817673275498e-05
3.66814309426211e-05
3.66810945638618e-05
3.66807581912718e-05
3.6680421824851e-05
3.66800854645991e-05
3.66797491105161e-05
3.66794127626017e-05
3.66790764208557e-05
3.66787400852781e-05
3.66784037558685e-05
3.6678067432627e-05
3.66777311155532e-05
3.6677394804647e-05
3.66770584999083e-05
3.66767222013369e-05
3.66763859089325e-05
3.66760496226951e-05
3.66757133426245e-05
3.66753770687205e-05
3.66750408009829e-05
3.66747045394116e-05
3.66743682840063e-05
3.6674032034767e-05
3.66736957916934e-05
3.66733595547854e-05
3.66730233240428e-05
3.66726870994655e-05
3.66723508810532e-05
3.66720146688059e-05
3.66716784627232e-05
3.66713422628052e-05
3.66710060690515e-05
3.66706698814621e-05
3.66703337000367e-05
3.66699975247752e-05
3.66696613556774e-05
3.66693251927431e-05
3.66689890359723e-05
3.66686528853646e-05
3.666831674092e-05
3.66679806026383e-05
3.66676444705192e-05
3.66673083445627e-05
3.66669722247685e-05
3.66666361111366e-05
3.66663000036666e-05
3.66659639023585e-05
3.66656278072121e-05
3.66652917182272e-05
3.66649556354037e-05
3.66646195587413e-05
3.66642834882399e-05
3.66639474238994e-05
3.66636113657195e-05
3.66632753137001e-05
3.66629392678411e-05
3.66626032281422e-05
3.66622671946033e-05
3.66619311672242e-05
3.66615951460048e-05
3.66612591309449e-05
3.66609231220442e-05
3.66605871193027e-05
3.66602511227202e-05
3.66599151322965e-05
3.66595791480314e-05
3.66592431699248e-05
3.66589071979764e-05
3.66585712321862e-05
3.6658235272554e-05
3.66578993190795e-05
3.66575633717627e-05
3.66572274306033e-05
3.66568914956012e-05
3.66565555667562e-05
3.66562196440681e-05
3.66558837275368e-05
3.66555478171621e-05
3.66552119129439e-05
3.66548760148819e-05
3.6654540122976e-05
3.6654204237226e-05
3.66538683576318e-05
3.66535324841932e-05
3.665319661691e-05
3.6652860755782e-05
3.66525249008091e-05
3.66521890519911e-05
3.66518532093279e-05
3.66515173728192e-05
3.6651181542465e-05
3.66508457182649e-05
3.6650509900219e-05
3.66501740883269e-05
3.66498382825886e-05
3.66495024830038e-05
3.66491666895724e-05
3.66488309022942e-05
3.66484951211691e-05
3.66481593461968e-05
3.66478235773773e-05
3.66474878147103e-05
3.66471520581957e-05
3.66468163078333e-05
3.66464805636229e-05
3.66461448255644e-05
3.66458090936575e-05
3.66454733679022e-05
3.66451376482983e-05
3.66448019348455e-05
3.66444662275438e-05
3.66441305263929e-05
3.66437948313927e-05
3.66434591425431e-05
3.66431234598437e-05
3.66427877832946e-05
3.66424521128954e-05
3.66421164486461e-05
3.66417807905464e-05
3.66414451385963e-05
3.66411094927954e-05
3.66407738531438e-05
3.66404382196411e-05
3.66401025922873e-05
3.66397669710821e-05
3.66394313560254e-05
3.6639095747117e-05
3.66387601443567e-05
3.66384245477444e-05
3.663808895728e-05
3.66377533729632e-05
3.66374177947938e-05
3.66370822227718e-05
3.66367466568969e-05
3.66364110971689e-05
3.66360755435878e-05
3.66357399961532e-05
3.66354044548652e-05
3.66350689197234e-05
3.66347333907277e-05
3.6634397867878e-05
3.66340623511741e-05
3.66337268406158e-05
3.6633391336203e-05
3.66330558379354e-05
3.66327203458129e-05
3.66323848598353e-05
3.66320493800026e-05
3.66317139063144e-05
3.66313784387707e-05
3.66310429773712e-05
3.66307075221158e-05
3.66303720730043e-05
3.66300366300366e-05
3.66297011932125e-05
3.66293657625318e-05
3.66290303379944e-05
3.66286949196e-05
3.66283595073486e-05
3.66280241012399e-05
3.66276887012737e-05
3.662735330745e-05
3.66270179197685e-05
3.66266825382291e-05
3.66263471628316e-05
3.66260117935758e-05
3.66256764304616e-05
3.66253410734887e-05
3.66250057226571e-05
3.66246703779666e-05
3.66243350394169e-05
3.6623999707008e-05
3.66236643807396e-05
3.66233290606116e-05
3.66229937466238e-05
3.66226584387761e-05
3.66223231370682e-05
3.66219878415e-05
3.66216525520714e-05
3.66213172687822e-05
3.66209819916321e-05
3.66206467206211e-05
3.66203114557489e-05
3.66199761970155e-05
3.66196409444205e-05
3.6619305697964e-05
3.66189704576456e-05
3.66186352234652e-05
3.66182999954227e-05
3.66179647735179e-05
3.66176295577506e-05
3.66172943481206e-05
3.66169591446278e-05
3.66166239472721e-05
3.66162887560531e-05
3.66159535709709e-05
3.66156183920251e-05
3.66152832192157e-05
3.66149480525424e-05
3.66146128920052e-05
3.66142777376038e-05
3.6613942589338e-05
3.66136074472078e-05
3.66132723112128e-05
3.6612937181353e-05
3.66126020576282e-05
3.66122669400383e-05
3.66119318285829e-05
3.66115967232621e-05
3.66112616240756e-05
3.66109265310232e-05
3.66105914441048e-05
3.66102563633202e-05
3.66099212886692e-05
3.66095862201517e-05
3.66092511577676e-05
3.66089161015165e-05
3.66085810513984e-05
3.66082460074132e-05
3.66079109695605e-05
3.66075759378403e-05
3.66072409122524e-05
3.66069058927967e-05
3.66065708794729e-05
3.66062358722808e-05
3.66059008712204e-05
3.66055658762915e-05
3.66052308874938e-05
3.66048959048273e-05
3.66045609282917e-05
3.66042259578868e-05
3.66038909936126e-05
3.66035560354688e-05
3.66032210834553e-05
3.6602886137572e-05
3.66025511978185e-05
3.66022162641948e-05
3.66018813367007e-05
3.66015464153361e-05
3.66012115001007e-05
3.66008765909944e-05
3.6600541688017e-05
3.66002067911684e-05
3.65998719004484e-05
3.65995370158568e-05
3.65992021373934e-05
3.65988672650581e-05
3.65985323988508e-05
3.65981975387712e-05
3.65978626848192e-05
3.65975278369946e-05
3.65971929952973e-05
3.6596858159727e-05
3.65965233302836e-05
3.6596188506967e-05
3.65958536897769e-05
3.65955188787133e-05
3.65951840737759e-05
3.65948492749646e-05
3.65945144822791e-05
3.65941796957194e-05
3.65938449152853e-05
3.65935101409765e-05
3.6593175372793e-05
3.65928406107345e-05
3.65925058548009e-05
3.65921711049921e-05
3.65918363613078e-05
3.65915016237479e-05
3.65911668923122e-05
3.65908321670006e-05
3.65904974478128e-05
3.65901627347488e-05
3.65898280278083e-05
3.65894933269912e-05
3.65891586322973e-05
3.65888239437264e-05
3.65884892612784e-05
3.65881545849531e-05
3.65878199147504e-05
3.658748525067e-05
3.65871505927118e-05
3.65868159408757e-05
3.65864812951614e-05
3.65861466555689e-05
3.65858120220978e-05
3.65854773947482e-05
3.65851427735197e-05
3.65848081584122e-05
3.65844735494256e-05
3.65841389465597e-05
3.65838043498143e-05
3.65834697591893e-05
3.65831351746845e-05
3.65828005962997e-05
3.65824660240347e-05
3.65821314578894e-05
3.65817968978636e-05
3.65814623439572e-05
3.658112779617e-05
3.65807932545017e-05
3.65804587189523e-05
3.65801241895216e-05
3.65797896662094e-05
3.65794551490156e-05
3.65791206379399e-05
3.65787861329822e-05
3.65784516341423e-05
3.65781171414201e-05
3.65777826548155e-05
3.65774481743281e-05
3.65771136999579e-05
3.65767792317048e-05
3.65764447695684e-05
3.65761103135487e-05
3.65757758636455e-05
3.65754414198586e-05
3.65751069821879e-05
3.65747725506332e-05
3.65744381251943e-05
3.65741037058711e-05
3.65737692926633e-05
3.65734348855709e-05
3.65731004845936e-05
3.65727660897313e-05
3.65724317009838e-05
3.6572097318351e-05
3.65717629418326e-05
3.65714285714286e-05
3.65710942071387e-05
3.65707598489628e-05
3.65704254969007e-05
3.65700911509522e-05
3.65697568111172e-05
3.65694224773955e-05
3.6569088149787e-05
3.65687538282914e-05
3.65684195129087e-05
3.65680852036385e-05
3.65677509004809e-05
3.65674166034355e-05
3.65670823125023e-05
3.6566748027681e-05
3.65664137489716e-05
3.65660794763737e-05
3.65657452098874e-05
3.65654109495123e-05
3.65650766952484e-05
3.65647424470954e-05
3.65644082050532e-05
3.65640739691216e-05
3.65637397393005e-05
3.65634055155897e-05
3.6563071297989e-05
3.65627370864983e-05
3.65624028811173e-05
3.6562068681846e-05
3.65617344886841e-05
3.65614003016316e-05
3.65610661206881e-05
3.65607319458536e-05
3.65603977771278e-05
3.65600636145107e-05
3.6559729458002e-05
3.65593953076016e-05
3.65590611633093e-05
3.6558727025125e-05
3.65583928930484e-05
3.65580587670795e-05
3.6557724647218e-05
3.65573905334637e-05
3.65570564258166e-05
3.65567223242764e-05
3.6556388228843e-05
3.65560541395162e-05
3.65557200562958e-05
3.65553859791817e-05
3.65550519081737e-05
3.65547178432716e-05
3.65543837844754e-05
3.65540497317847e-05
3.65537156851994e-05
3.65533816447194e-05
3.65530476103445e-05
3.65527135820746e-05
3.65523795599094e-05
3.65520455438487e-05
3.65517115338926e-05
3.65513775300407e-05
3.65510435322928e-05
3.6550709540649e-05
3.65503755551088e-05
3.65500415756723e-05
3.65497076023392e-05
3.65493736351093e-05
3.65490396739826e-05
3.65487057189587e-05
3.65483717700376e-05
3.65480378272192e-05
3.65477038905031e-05
3.65473699598893e-05
3.65470360353775e-05
3.65467021169677e-05
3.65463682046597e-05
3.65460342984532e-05
3.65457003983481e-05
3.65453665043443e-05
3.65450326164416e-05
3.65446987346398e-05
3.65443648589388e-05
3.65440309893383e-05
3.65436971258382e-05
3.65433632684384e-05
3.65430294171387e-05
3.65426955719389e-05
3.65423617328388e-05
3.65420278998383e-05
3.65416940729372e-05
3.65413602521354e-05
3.65410264374326e-05
3.65406926288288e-05
3.65403588263237e-05
3.65400250299171e-05
3.6539691239609e-05
3.65393574553991e-05
3.65390236772873e-05
3.65386899052734e-05
3.65383561393573e-05
3.65380223795387e-05
3.65376886258175e-05
3.65373548781936e-05
3.65370211366667e-05
3.65366874012368e-05
3.65363536719035e-05
3.65360199486669e-05
3.65356862315266e-05
3.65353525204826e-05
3.65350188155347e-05
3.65346851166827e-05
3.65343514239263e-05
3.65340177372656e-05
3.65336840567003e-05
3.65333503822302e-05
3.65330167138551e-05
3.6532683051575e-05
3.65323493953896e-05
3.65320157452988e-05
3.65316821013024e-05
3.65313484634002e-05
3.6531014831592e-05
3.65306812058778e-05
3.65303475862573e-05
3.65300139727303e-05
3.65296803652968e-05
3.65293467639565e-05
3.65290131687092e-05
3.65286795795549e-05
3.65283459964933e-05
3.65280124195242e-05
3.65276788486476e-05
3.65273452838631e-05
3.65270117251708e-05
3.65266781725703e-05
3.65263446260615e-05
3.65260110856444e-05
3.65256775513186e-05
3.6525344023084e-05
3.65250105009405e-05
3.65246769848879e-05
3.6524343474926e-05
3.65240099710547e-05
3.65236764732738e-05
3.65233429815831e-05
3.65230094959825e-05
3.65226760164717e-05
3.65223425430507e-05
3.65220090757193e-05
3.65216756144772e-05
3.65213421593244e-05
3.65210087102606e-05
3.65206752672857e-05
3.65203418303995e-05
3.65200083996019e-05
3.65196749748927e-05
3.65193415562717e-05
3.65190081437388e-05
3.65186747372938e-05
3.65183413369365e-05
3.65180079426667e-05
3.65176745544844e-05
3.65173411723892e-05
3.65170077963812e-05
3.651667442646e-05
3.65163410626255e-05
3.65160077048776e-05
3.65156743532161e-05
3.65153410076408e-05
3.65150076681516e-05
3.65146743347483e-05
3.65143410074307e-05
3.65140076861986e-05
3.6513674371052e-05
3.65133410619905e-05
3.65130077590141e-05
3.65126744621227e-05
3.65123411713159e-05
3.65120078865937e-05
3.65116746079559e-05
3.65113413354023e-05
3.65110080689328e-05
3.65106748085471e-05
3.65103415542452e-05
3.65100083060269e-05
3.65096750638919e-05
3.65093418278402e-05
3.65090085978715e-05
3.65086753739857e-05
3.65083421561827e-05
3.65080089444622e-05
3.65076757388241e-05
3.65073425392682e-05
3.65070093457944e-05
3.65066761584025e-05
3.65063429770923e-05
3.65060098018636e-05
3.65056766327164e-05
3.65053434696504e-05
3.65050103126654e-05
3.65046771617614e-05
3.6504344016938e-05
3.65040108781952e-05
3.65036777455329e-05
3.65033446189507e-05
3.65030114984486e-05
3.65026783840264e-05
3.6502345275684e-05
3.65020121734211e-05
3.65016790772376e-05
3.65013459871333e-05
3.65010129031081e-05
3.65006798251617e-05
3.65003467532942e-05
3.65000136875051e-05
3.64996806277945e-05
3.64993475741621e-05
3.64990145266078e-05
3.64986814851313e-05
3.64983484497327e-05
3.64980154204115e-05
3.64976823971678e-05
3.64973493800013e-05
3.64970163689118e-05
3.64966833638993e-05
3.64963503649635e-05
3.64960173721043e-05
3.64956843853214e-05
3.64953514046148e-05
3.64950184299843e-05
3.64946854614297e-05
3.64943524989508e-05
3.64940195425475e-05
3.64936865922195e-05
3.64933536479669e-05
3.64930207097893e-05
3.64926877776865e-05
3.64923548516586e-05
3.64920219317052e-05
3.64916890178262e-05
3.64913561100214e-05
3.64910232082908e-05
3.6490690312634e-05
3.6490357423051e-05
3.64900245395415e-05
3.64896916621055e-05
3.64893587907426e-05
3.64890259254529e-05
3.64886930662361e-05
3.6488360213092e-05
3.64880273660205e-05
3.64876945250214e-05
3.64873616900946e-05
3.64870288612398e-05
3.6486696038457e-05
3.64863632217459e-05
3.64860304111063e-05
3.64856976065382e-05
3.64853648080414e-05
3.64850320156156e-05
3.64846992292607e-05
3.64843664489766e-05
3.64840336747631e-05
3.648370090662e-05
3.64833681445471e-05
3.64830353885443e-05
3.64827026386115e-05
3.64823698947484e-05
3.64820371569548e-05
3.64817044252307e-05
3.64813716995759e-05
3.64810389799902e-05
3.64807062664733e-05
3.64803735590252e-05
3.64800408576458e-05
3.64797081623347e-05
3.64793754730919e-05
3.64790427899172e-05
3.64787101128104e-05
3.64783774417714e-05
3.64780447768e-05
3.6477712117896e-05
3.64773794650592e-05
3.64770468182896e-05
3.64767141775869e-05
3.64763815429509e-05
3.64760489143816e-05
3.64757162918787e-05
3.6475383675442e-05
3.64750510650715e-05
3.64747184607669e-05
3.6474385862528e-05
3.64740532703548e-05
3.6473720684247e-05
3.64733881042045e-05
3.6473055530227e-05
3.64727229623146e-05
3.64723904004668e-05
3.64720578446837e-05
3.64717252949651e-05
3.64713927513107e-05
3.64710602137204e-05
3.64707276821941e-05
3.64703951567315e-05
3.64700626373326e-05
3.64697301239971e-05
3.64693976167249e-05
3.64690651155158e-05
3.64687326203696e-05
3.64684001312862e-05
3.64680676482655e-05
3.64677351713072e-05
3.64674027004112e-05
3.64670702355773e-05
3.64667377768053e-05
3.64664053240952e-05
3.64660728774466e-05
3.64657404368596e-05
3.64654080023338e-05
3.64650755738691e-05
3.64647431514654e-05
3.64644107351225e-05
3.64640783248402e-05
3.64637459206184e-05
3.64634135224569e-05
3.64630811303555e-05
3.64627487443141e-05
3.64624163643325e-05
3.64620839904105e-05
3.64617516225479e-05
3.64614192607447e-05
3.64610869050006e-05
3.64607545553155e-05
3.64604222116892e-05
3.64600898741215e-05
3.64597575426123e-05
3.64594252171615e-05
3.64590928977687e-05
3.64587605844339e-05
3.6458428277157e-05
3.64580959759377e-05
3.64577636807758e-05
3.64574313916713e-05
3.64570991086239e-05
3.64567668316335e-05
3.64564345607e-05
3.6456102295823e-05
3.64557700370026e-05
3.64554377842385e-05
3.64551055375305e-05
3.64547732968786e-05
3.64544410622824e-05
3.64541088337419e-05
3.64537766112569e-05
3.64534443948273e-05
3.64531121844527e-05
3.64527799801332e-05
3.64524477818686e-05
3.64521155896585e-05
3.6451783403503e-05
3.64514512234018e-05
3.64511190493548e-05
3.64507868813618e-05
3.64504547194226e-05
3.64501225635371e-05
3.64497904137051e-05
3.64494582699265e-05
3.6449126132201e-05
3.64487940005285e-05
3.64484618749089e-05
3.64481297553419e-05
3.64477976418275e-05
3.64474655343654e-05
3.64471334329555e-05
3.64468013375976e-05
3.64464692482916e-05
3.64461371650372e-05
3.64458050878344e-05
3.64454730166829e-05
3.64451409515826e-05
3.64448088925334e-05
3.6444476839535e-05
3.64441447925873e-05
3.64438127516901e-05
3.64434807168433e-05
3.64431486880466e-05
3.64428166653001e-05
3.64424846486033e-05
3.64421526379563e-05
3.64418206333588e-05
3.64414886348107e-05
3.64411566423118e-05
3.6440824655862e-05
3.6440492675461e-05
3.64401607011087e-05
3.6439828732805e-05
3.64394967705496e-05
3.64391648143425e-05
3.64388328641834e-05
3.64385009200722e-05
3.64381689820087e-05
3.64378370499927e-05
3.64375051240242e-05
3.64371732041028e-05
3.64368412902286e-05
3.64365093824012e-05
3.64361774806205e-05
3.64358455848864e-05
3.64355136951987e-05
3.64351818115572e-05
3.64348499339618e-05
3.64345180624123e-05
3.64341861969086e-05
3.64338543374504e-05
3.64335224840376e-05
3.643319063667e-05
3.64328587953475e-05
3.643252696007e-05
3.64321951308371e-05
3.64318633076489e-05
3.6431531490505e-05
3.64311996794054e-05
3.64308678743499e-05
3.64305360753384e-05
3.64302042823705e-05
3.64298724954463e-05
3.64295407145654e-05
3.64292089397279e-05
3.64288771709334e-05
3.64285454081819e-05
3.64282136514731e-05
3.64278819008069e-05
3.64275501561831e-05
3.64272184176016e-05
3.64268866850622e-05
3.64265549585648e-05
3.64262232381091e-05
3.6425891523695e-05
3.64255598153224e-05
3.64252281129911e-05
3.64248964167008e-05
3.64245647264515e-05
3.6424233042243e-05
3.64239013640751e-05
3.64235696919477e-05
3.64232380258605e-05
3.64229063658135e-05
3.64225747118064e-05
3.64222430638391e-05
3.64219114219114e-05
3.64215797860232e-05
3.64212481561743e-05
3.64209165323645e-05
3.64205849145937e-05
3.64202533028617e-05
3.64199216971684e-05
3.64195900975135e-05
3.64192585038969e-05
3.64189269163184e-05
3.64185953347779e-05
3.64182637592753e-05
3.64179321898103e-05
3.64176006263827e-05
3.64172690689925e-05
3.64169375176395e-05
3.64166059723234e-05
3.64162744330441e-05
3.64159428998015e-05
3.64156113725954e-05
3.64152798514257e-05
3.64149483362921e-05
3.64146168271944e-05
3.64142853241327e-05
3.64139538271066e-05
3.64136223361159e-05
3.64132908511607e-05
3.64129593722406e-05
3.64126278993555e-05
3.64122964325053e-05
3.64119649716897e-05
3.64116335169087e-05
3.6411302068162e-05
3.64109706254494e-05
3.6410639188771e-05
3.64103077581263e-05
3.64099763335154e-05
3.6409644914938e-05
3.64093135023939e-05
3.64089820958831e-05
3.64086506954052e-05
3.64083193009603e-05
3.6407987912548e-05
3.64076565301683e-05
3.64073251538209e-05
3.64069937835058e-05
3.64066624192227e-05
3.64063310609715e-05
3.6405999708752e-05
3.64056683625641e-05
3.64053370224075e-05
3.64050056882821e-05
3.64046743601878e-05
3.64043430381244e-05
3.64040117220918e-05
3.64036804120897e-05
3.64033491081179e-05
3.64030178101765e-05
3.6402686518265e-05
3.64023552323835e-05
3.64020239525318e-05
3.64016926787096e-05
3.64013614109168e-05
3.64010301491532e-05
3.64006988934188e-05
3.64003676437132e-05
3.64000364000364e-05
3.63997051623882e-05
3.63993739307684e-05
3.63990427051769e-05
3.63987114856134e-05
3.63983802720779e-05
3.63980490645701e-05
3.639771786309e-05
3.63973866676373e-05
3.63970554782118e-05
3.63967242948135e-05
3.63963931174421e-05
3.63960619460974e-05
3.63957307807794e-05
3.63953996214878e-05
3.63950684682226e-05
3.63947373209834e-05
3.63944061797702e-05
3.63940750445827e-05
3.63937439154209e-05
3.63934127922846e-05
3.63930816751736e-05
3.63927505640876e-05
3.63924194590267e-05
3.63920883599905e-05
3.6391757266979e-05
3.6391426179992e-05
3.63910950990293e-05
3.63907640240907e-05
3.63904329551761e-05
3.63901018922853e-05
3.63897708354182e-05
3.63894397845745e-05
3.63891087397542e-05
3.6388777700957e-05
3.63884466681829e-05
3.63881156414315e-05
3.63877846207028e-05
3.63874536059967e-05
3.63871225973128e-05
3.63867915946511e-05
3.63864605980115e-05
3.63861296073937e-05
3.63857986227975e-05
3.63854676442229e-05
3.63851366716696e-05
3.63848057051375e-05
3.63844747446265e-05
3.63841437901363e-05
3.63838128416667e-05
3.63834818992178e-05
3.63831509627891e-05
3.63828200323807e-05
3.63824891079923e-05
3.63821581896238e-05
3.6381827277275e-05
3.63814963709457e-05
3.63811654706359e-05
3.63808345763452e-05
3.63805036880736e-05
3.63801728058208e-05
3.63798419295868e-05
3.63795110593714e-05
3.63791801951743e-05
3.63788493369955e-05
3.63785184848347e-05
3.63781876386918e-05
3.63778567985667e-05
3.63775259644592e-05
3.6377195136369e-05
3.63768643142961e-05
3.63765334982403e-05
3.63762026882014e-05
3.63758718841792e-05
3.63755410861737e-05
3.63752102941845e-05
3.63748795082116e-05
3.63745487282548e-05
3.6374217954314e-05
3.63738871863889e-05
3.63735564244794e-05
3.63732256685854e-05
3.63728949187066e-05
3.63725641748429e-05
3.63722334369942e-05
3.63719027051603e-05
3.63715719793409e-05
3.63712412595361e-05
3.63709105457455e-05
3.63705798379691e-05
3.63702491362066e-05
3.63699184404579e-05
3.63695877507228e-05
3.63692570670013e-05
3.6368926389293e-05
3.63685957175979e-05
3.63682650519157e-05
3.63679343922464e-05
3.63676037385897e-05
3.63672730909455e-05
3.63669424493136e-05
3.63666118136938e-05
3.63662811840861e-05
3.63659505604902e-05
3.6365619942906e-05
3.63652893313332e-05
3.63649587257718e-05
3.63646281262216e-05
3.63642975326824e-05
3.63639669451541e-05
3.63636363636364e-05
3.63633057881292e-05
3.63629752186324e-05
3.63626446551458e-05
3.63623140976692e-05
3.63619835462024e-05
3.63616530007454e-05
3.63613224612979e-05
3.63609919278598e-05
3.63606614004309e-05
3.6360330879011e-05
3.63600003636e-05
3.63596698541977e-05
3.6359339350804e-05
3.63590088534187e-05
3.63586783620415e-05
3.63583478766725e-05
3.63580173973113e-05
3.63576869239579e-05
3.6357356456612e-05
3.63570259952736e-05
3.63566955399424e-05
3.63563650906182e-05
3.6356034647301e-05
3.63557042099905e-05
3.63553737786867e-05
3.63550433533892e-05
3.6354712934098e-05
3.63543825208129e-05
3.63540521135337e-05
3.63537217122603e-05
3.63533913169925e-05
3.63530609277301e-05
3.6352730544473e-05
3.6352400167221e-05
3.6352069795974e-05
3.63517394307318e-05
3.63514090714941e-05
3.6351078718261e-05
3.63507483710321e-05
3.63504180298073e-05
3.63500876945866e-05
3.63497573653696e-05
3.63494270421562e-05
3.63490967249464e-05
3.63487664137398e-05
3.63484361085364e-05
3.6348105809336e-05
3.63477755161384e-05
3.63474452289435e-05
3.6347114947751e-05
3.63467846725609e-05
3.63464544033729e-05
3.6346124140187e-05
3.63457938830029e-05
3.63454636318205e-05
3.63451333866395e-05
3.634480314746e-05
3.63444729142816e-05
3.63441426871042e-05
3.63438124659277e-05
3.63434822507519e-05
3.63431520415766e-05
3.63428218384016e-05
3.63424916412269e-05
3.63421614500522e-05
3.63418312648774e-05
3.63415010857023e-05
3.63411709125268e-05
3.63408407453506e-05
3.63405105841737e-05
3.63401804289958e-05
3.63398502798169e-05
3.63395201366366e-05
3.63391899994549e-05
3.63388598682716e-05
3.63385297430866e-05
3.63381996238996e-05
3.63378695107106e-05
3.63375394035193e-05
3.63372093023256e-05
3.63368792071293e-05
3.63365491179303e-05
3.63362190347283e-05
3.63358889575233e-05
3.63355588863151e-05
3.63352288211035e-05
3.63348987618883e-05
3.63345687086694e-05
3.63342386614466e-05
3.63339086202198e-05
3.63335785849888e-05
3.63332485557534e-05
3.63329185325134e-05
3.63325885152688e-05
3.63322585040193e-05
3.63319284987647e-05
3.6331598499505e-05
3.63312685062399e-05
3.63309385189693e-05
3.6330608537693e-05
3.63302785624109e-05
3.63299485931227e-05
3.63296186298284e-05
3.63292886725278e-05
3.63289587212207e-05
3.63286287759069e-05
3.63282988365862e-05
3.63279689032586e-05
3.63276389759239e-05
3.63273090545818e-05
3.63269791392322e-05
3.6326649229875e-05
3.632631932651e-05
3.63259894291371e-05
3.6325659537756e-05
3.63253296523666e-05
3.63249997729688e-05
3.63246698995623e-05
3.6324340032147e-05
3.63240101707228e-05
3.63236803152895e-05
3.6323350465847e-05
3.6323020622395e-05
3.63226907849333e-05
3.6322360953462e-05
3.63220311279807e-05
3.63217013084893e-05
3.63213714949877e-05
3.63210416874756e-05
3.6320711885953e-05
3.63203820904196e-05
3.63200523008753e-05
3.631972251732e-05
3.63193927397534e-05
3.63190629681754e-05
3.63187332025859e-05
3.63184034429846e-05
3.63180736893715e-05
3.63177439417463e-05
3.63174142001089e-05
3.63170844644592e-05
3.63167547347969e-05
3.63164250111219e-05
3.6316095293434e-05
3.63157655817332e-05
3.63154358760191e-05
3.63151061762917e-05
3.63147764825507e-05
3.63144467947961e-05
3.63141171130277e-05
3.63137874372452e-05
3.63134577674486e-05
3.63131281036377e-05
3.63127984458122e-05
3.63124687939721e-05
3.63121391481172e-05
3.63118095082473e-05
3.63114798743623e-05
3.63111502464619e-05
3.63108206245461e-05
3.63104910086147e-05
3.63101613986674e-05
3.63098317947042e-05
3.63095021967249e-05
3.63091726047293e-05
3.63088430187172e-05
3.63085134386885e-05
3.63081838646431e-05
3.63078542965807e-05
3.63075247345012e-05
3.63071951784045e-05
3.63068656282903e-05
3.63065360841586e-05
3.6306206546009e-05
3.63058770138416e-05
3.63055474876561e-05
3.63052179674524e-05
3.63048884532302e-05
3.63045589449895e-05
3.63042294427301e-05
3.63038999464517e-05
3.63035704561544e-05
3.63032409718378e-05
3.63029114935018e-05
3.63025820211463e-05
3.6302252554771e-05
3.63019230943759e-05
3.63015936399608e-05
3.63012641915255e-05
3.63009347490698e-05
3.63006053125936e-05
3.63002758820967e-05
3.6299946457579e-05
3.62996170390402e-05
3.62992876264803e-05
3.62989582198991e-05
3.62986288192964e-05
3.6298299424672e-05
3.62979700360257e-05
3.62976406533575e-05
3.62973112766672e-05
3.62969819059545e-05
3.62966525412194e-05
3.62963231824616e-05
3.62959938296811e-05
3.62956644828775e-05
3.62953351420509e-05
3.62950058072009e-05
3.62946764783275e-05
3.62943471554305e-05
3.62940178385098e-05
3.62936885275651e-05
3.62933592225962e-05
3.62930299236032e-05
3.62927006305857e-05
3.62923713435436e-05
3.62920420624767e-05
3.6291712787385e-05
3.62913835182682e-05
3.62910542551261e-05
3.62907249979586e-05
3.62903957467656e-05
3.62900665015469e-05
3.62897372623022e-05
3.62894080290315e-05
3.62890788017346e-05
3.62887495804113e-05
3.62884203650615e-05
3.6288091155685e-05
3.62877619522816e-05
3.62874327548512e-05
3.62871035633936e-05
3.62867743779086e-05
3.62864451983961e-05
3.6286116024856e-05
3.6285786857288e-05
3.6285457695692e-05
3.62851285400679e-05
3.62847993904154e-05
3.62844702467344e-05
3.62841411090248e-05
3.62838119772863e-05
3.62834828515189e-05
3.62831537317224e-05
3.62828246178965e-05
3.62824955100412e-05
3.62821664081562e-05
3.62818373122415e-05
3.62815082222968e-05
3.6281179138322e-05
3.62808500603169e-05
3.62805209882814e-05
3.62801919222153e-05
3.62798628621184e-05
3.62795338079906e-05
3.62792047598317e-05
3.62788757176415e-05
3.62785466814199e-05
3.62782176511668e-05
3.62778886268819e-05
3.62775596085651e-05
3.62772305962163e-05
3.62769015898352e-05
3.62765725894217e-05
3.62762435949757e-05
3.6275914606497e-05
3.62755856239854e-05
3.62752566474408e-05
3.62749276768629e-05
3.62745987122517e-05
3.6274269753607e-05
3.62739408009286e-05
3.62736118542164e-05
3.62732829134701e-05
3.62729539786896e-05
3.62726250498749e-05
3.62722961270256e-05
3.62719672101416e-05
3.62716382992229e-05
3.62713093942691e-05
3.62709804952802e-05
3.6270651602256e-05
3.62703227151964e-05
3.6269993834101e-05
3.62696649589699e-05
3.62693360898029e-05
3.62690072265997e-05
3.62686783693602e-05
3.62683495180843e-05
3.62680206727718e-05
3.62676918334225e-05
3.62673630000363e-05
3.6267034172613e-05
3.62667053511524e-05
3.62663765356544e-05
3.62660477261188e-05
3.62657189225455e-05
3.62653901249343e-05
3.6265061333285e-05
3.62647325475975e-05
3.62644037678716e-05
3.62640749941071e-05
3.62637462263039e-05
3.62634174644619e-05
3.62630887085808e-05
3.62627599586605e-05
3.62624312147008e-05
3.62621024767016e-05
3.62617737446627e-05
3.6261445018584e-05
3.62611162984652e-05
3.62607875843063e-05
3.62604588761071e-05
3.62601301738673e-05
3.62598014775869e-05
3.62594727872657e-05
3.62591441029035e-05
3.62588154245001e-05
3.62584867520554e-05
3.62581580855693e-05
3.62578294250415e-05
3.62575007704719e-05
3.62571721218604e-05
3.62568434792067e-05
3.62565148425108e-05
3.62561862117724e-05
3.62558575869914e-05
3.62555289681676e-05
3.6255200355301e-05
3.62548717483912e-05
3.62545431474382e-05
3.62542145524417e-05
3.62538859634017e-05
3.62535573803179e-05
3.62532288031903e-05
3.62529002320186e-05
3.62525716668026e-05
3.62522431075423e-05
3.62519145542374e-05
3.62515860068878e-05
3.62512574654933e-05
3.62509289300538e-05
3.62506004005691e-05
3.62502718770391e-05
3.62499433594635e-05
3.62496148478422e-05
3.62492863421751e-05
3.6248957842462e-05
3.62486293487028e-05
3.62483008608971e-05
3.6247972379045e-05
3.62476439031463e-05
3.62473154332007e-05
3.62469869692082e-05
3.62466585111685e-05
3.62463300590815e-05
3.62460016129471e-05
3.6245673172765e-05
3.62453447385351e-05
3.62450163102573e-05
3.62446878879314e-05
3.62443594715572e-05
3.62440310611346e-05
3.62437026566634e-05
3.62433742581434e-05
3.62430458655745e-05
3.62427174789566e-05
3.62423890982894e-05
3.62420607235727e-05
3.62417323548066e-05
3.62414039919907e-05
3.62410756351249e-05
3.6240747284209e-05
3.62404189392429e-05
3.62400906002265e-05
3.62397622671595e-05
3.62394339400419e-05
3.62391056188733e-05
3.62387773036538e-05
3.6238448994383e-05
3.6238120691061e-05
3.62377923936874e-05
3.62374641022621e-05
3.6237135816785e-05
3.6236807537256e-05
3.62364792636747e-05
3.62361509960412e-05
3.62358227343552e-05
3.62354944786165e-05
3.62351662288251e-05
3.62348379849807e-05
3.62345097470831e-05
3.62341815151323e-05
3.6233853289128e-05
3.62335250690702e-05
3.62331968549585e-05
3.62328686467929e-05
3.62325404445733e-05
3.62322122482993e-05
3.6231884057971e-05
3.62315558735881e-05
3.62312276951505e-05
3.62308995226579e-05
3.62305713561103e-05
3.62302431955075e-05
3.62299150408492e-05
3.62295868921355e-05
3.6229258749366e-05
3.62289306125406e-05
3.62286024816593e-05
3.62282743567217e-05
3.62279462377278e-05
3.62276181246773e-05
3.62272900175702e-05
3.62269619164063e-05
3.62266338211853e-05
3.62263057319072e-05
3.62259776485718e-05
3.62256495711789e-05
3.62253214997283e-05
3.62249934342199e-05
3.62246653746536e-05
3.62243373210291e-05
3.62240092733464e-05
3.62236812316052e-05
3.62233531958053e-05
3.62230251659467e-05
3.62226971420292e-05
3.62223691240526e-05
3.62220411120167e-05
3.62217131059213e-05
3.62213851057664e-05
3.62210571115518e-05
3.62207291232773e-05
3.62204011409426e-05
3.62200731645478e-05
3.62197451940926e-05
3.62194172295768e-05
3.62190892710003e-05
3.62187613183629e-05
3.62184333716645e-05
3.62181054309049e-05
3.6217777496084e-05
3.62174495672015e-05
3.62171216442573e-05
3.62167937272513e-05
3.62164658161833e-05
3.62161379110532e-05
3.62158100118607e-05
3.62154821186057e-05
3.62151542312881e-05
3.62148263499077e-05
3.62144984744642e-05
3.62141706049577e-05
3.62138427413879e-05
3.62135148837546e-05
3.62131870320577e-05
3.62128591862971e-05
3.62125313464724e-05
3.62122035125837e-05
3.62118756846308e-05
3.62115478626134e-05
3.62112200465314e-05
3.62108922363847e-05
3.62105644321731e-05
3.62102366338964e-05
3.62099088415545e-05
3.62095810551472e-05
3.62092532746743e-05
3.62089255001358e-05
3.62085977315314e-05
3.62082699688609e-05
3.62079422121242e-05
3.62076144613212e-05
3.62072867164517e-05
3.62069589775155e-05
3.62066312445124e-05
3.62063035174424e-05
3.62059757963052e-05
3.62056480811006e-05
3.62053203718286e-05
3.6204992668489e-05
3.62046649710815e-05
3.62043372796061e-05
3.62040095940625e-05
3.62036819144507e-05
3.62033542407704e-05
3.62030265730215e-05
3.62026989112038e-05
3.62023712553172e-05
3.62020436053615e-05
3.62017159613366e-05
3.62013883232422e-05
3.62010606910782e-05
3.62007330648446e-05
3.6200405444541e-05
3.62000778301673e-05
3.61997502217235e-05
3.61994226192092e-05
3.61990950226244e-05
3.61987674319689e-05
3.61984398472426e-05
3.61981122684452e-05
3.61977846955766e-05
3.61974571286367e-05
3.61971295676253e-05
3.61968020125422e-05
3.61964744633873e-05
3.61961469201603e-05
3.61958193828613e-05
3.61954918514899e-05
3.6195164326046e-05
3.61948368065295e-05
3.61945092929403e-05
3.6194181785278e-05
3.61938542835427e-05
3.6193526787734e-05
3.61931992978519e-05
3.61928718138963e-05
3.61925443358668e-05
3.61922168637634e-05
3.6191889397586e-05
3.61915619373343e-05
3.61912344830082e-05
3.61909070346076e-05
3.61905795921322e-05
3.61902521555819e-05
3.61899247249566e-05
3.6189597300256e-05
3.61892698814801e-05
3.61889424686287e-05
3.61886150617016e-05
3.61882876606986e-05
3.61879602656196e-05
3.61876328764645e-05
3.6187305493233e-05
3.6186978115925e-05
3.61866507445403e-05
3.61863233790789e-05
3.61859960195404e-05
3.61856686659249e-05
3.6185341318232e-05
3.61850139764617e-05
3.61846866406137e-05
3.6184359310688e-05
3.61840319866843e-05
3.61837046686025e-05
3.61833773564424e-05
3.6183050050204e-05
3.61827227498869e-05
3.61823954554911e-05
3.61820681670164e-05
3.61817408844627e-05
3.61814136078297e-05
3.61810863371173e-05
3.61807590723253e-05
3.61804318134537e-05
3.61801045605022e-05
3.61797773134706e-05
3.61794500723589e-05
3.61791228371668e-05
3.61787956078942e-05
3.61784683845409e-05
3.61781411671068e-05
3.61778139555917e-05
3.61774867499955e-05
3.61771595503179e-05
3.61768323565589e-05
3.61765051687182e-05
3.61761779867957e-05
3.61758508107913e-05
3.61755236407047e-05
3.61751964765359e-05
3.61748693182846e-05
3.61745421659507e-05
3.61742150195341e-05
3.61738878790345e-05
3.61735607444519e-05
3.6173233615786e-05
3.61729064930367e-05
3.61725793762039e-05
3.61722522652873e-05
3.61719251602868e-05
3.61715980612023e-05
3.61712709680336e-05
3.61709438807806e-05
3.6170616799443e-05
3.61702897240207e-05
3.61699626545136e-05
3.61696355909214e-05
3.61693085332441e-05
3.61689814814815e-05
3.61686544356334e-05
3.61683273956996e-05
3.616800036168e-05
3.61676733335745e-05
3.61673463113828e-05
3.61670192951048e-05
3.61666922847404e-05
3.61663652802893e-05
3.61660382817515e-05
3.61657112891268e-05
3.61653843024149e-05
3.61650573216159e-05
3.61647303467294e-05
3.61644033777553e-05
3.61640764146935e-05
3.61637494575438e-05
3.6163422506306e-05
3.616309556098e-05
3.61627686215657e-05
3.61624416880628e-05
3.61621147604712e-05
3.61617878387907e-05
3.61614609230213e-05
3.61611340131626e-05
3.61608071092147e-05
3.61604802111772e-05
3.61601533190501e-05
3.61598264328331e-05
3.61594995525262e-05
3.61591726781291e-05
3.61588458096418e-05
3.61585189470639e-05
3.61581920903955e-05
3.61578652396363e-05
3.61575383947861e-05
3.61572115558448e-05
3.61568847228123e-05
3.61565578956883e-05
3.61562310744728e-05
3.61559042591655e-05
3.61555774497663e-05
3.61552506462751e-05
3.61549238486916e-05
3.61545970570158e-05
3.61542702712474e-05
3.61539434913863e-05
3.61536167174324e-05
3.61532899493854e-05
3.61529631872452e-05
3.61526364310117e-05
3.61523096806847e-05
3.61519829362641e-05
3.61516561977496e-05
3.61513294651411e-05
3.61510027384385e-05
3.61506760176415e-05
3.61503493027501e-05
3.61500225937641e-05
3.61496958906833e-05
3.61493691935076e-05
3.61490425022367e-05
3.61487158168706e-05
3.61483891374091e-05
3.61480624638519e-05
3.61477357961991e-05
3.61474091344503e-05
3.61470824786054e-05
3.61467558286644e-05
3.61464291846269e-05
3.61461025464929e-05
3.61457759142622e-05
3.61454492879346e-05
3.61451226675101e-05
3.61447960529883e-05
3.61444694443691e-05
3.61441428416525e-05
3.61438162448382e-05
3.61434896539261e-05
3.6143163068916e-05
3.61428364898077e-05
3.61425099166012e-05
3.61421833492961e-05
3.61418567878925e-05
3.614153023239e-05
3.61412036827887e-05
3.61408771390882e-05
3.61405506012884e-05
3.61402240693892e-05
3.61398975433905e-05
3.6139571023292e-05
3.61392445090935e-05
3.61389180007951e-05
3.61385914983963e-05
3.61382650018973e-05
3.61379385112976e-05
3.61376120265973e-05
3.61372855477961e-05
3.61369590748938e-05
3.61366326078904e-05
3.61363061467857e-05
3.61359796915794e-05
3.61356532422715e-05
3.61353267988617e-05
3.613500036135e-05
3.61346739297361e-05
3.61343475040199e-05
3.61340210842013e-05
3.613369467028e-05
3.6133368262256e-05
3.6133041860129e-05
3.61327154638989e-05
3.61323890735655e-05
3.61320626891288e-05
3.61317363105884e-05
3.61314099379443e-05
3.61310835711963e-05
3.61307572103442e-05
3.61304308553879e-05
3.61301045063273e-05
3.61297781631621e-05
3.61294518258922e-05
3.61291254945174e-05
3.61287991690376e-05
3.61284728494527e-05
3.61281465357623e-05
3.61278202279665e-05
3.61274939260651e-05
3.61271676300578e-05
3.61268413399445e-05
3.61265150557251e-05
3.61261887773995e-05
3.61258625049673e-05
3.61255362384285e-05
3.6125209977783e-05
3.61248837230305e-05
3.61245574741709e-05
3.61242312312041e-05
3.61239049941299e-05
3.6123578762948e-05
3.61232525376585e-05
3.6122926318261e-05
3.61226001047555e-05
3.61222738971418e-05
3.61219476954197e-05
3.61216214995891e-05
3.61212953096498e-05
3.61209691256016e-05
3.61206429474445e-05
3.61203167751781e-05
3.61199906088024e-05
3.61196644483173e-05
3.61193382937225e-05
3.61190121450178e-05
3.61186860022032e-05
3.61183598652785e-05
3.61180337342435e-05
3.61177076090981e-05
3.6117381489842e-05
3.61170553764752e-05
3.61167292689974e-05
3.61164031674086e-05
3.61160770717085e-05
3.6115750981897e-05
3.61154248979739e-05
3.61150988199391e-05
3.61147727477925e-05
3.61144466815338e-05
3.61141206211629e-05
3.61137945666796e-05
3.61134685180838e-05
3.61131424753754e-05
3.6112816438554e-05
3.61124904076197e-05
3.61121643825723e-05
3.61118383634115e-05
3.61115123501372e-05
3.61111863427493e-05
3.61108603412476e-05
3.6110534345632e-05
3.61102083559022e-05
3.61098823720582e-05
3.61095563940997e-05
3.61092304220266e-05
3.61089044558388e-05
3.61085784955361e-05
3.61082525411183e-05
3.61079265925852e-05
3.61076006499368e-05
3.61072747131728e-05
3.61069487822932e-05
3.61066228572976e-05
3.6106296938186e-05
3.61059710249582e-05
3.61056451176141e-05
3.61053192161535e-05
3.61049933205762e-05
3.61046674308821e-05
3.6104341547071e-05
3.61040156691428e-05
3.61036897970973e-05
3.61033639309343e-05
3.61030380706536e-05
3.61027122162552e-05
3.61023863677389e-05
3.61020605251045e-05
3.61017346883518e-05
3.61014088574807e-05
3.6101083032491e-05
3.61007572133825e-05
3.61004314001552e-05
3.61001055928089e-05
3.60997797913433e-05
3.60994539957583e-05
3.60991282060538e-05
3.60988024222296e-05
3.60984766442856e-05
3.60981508722216e-05
3.60978251060374e-05
3.60974993457328e-05
3.60971735913078e-05
3.60968478427621e-05
3.60965221000957e-05
3.60961963633082e-05
3.60958706323997e-05
3.60955449073698e-05
3.60952191882185e-05
3.60948934749456e-05
3.6094567767551e-05
3.60942420660344e-05
3.60939163703958e-05
3.60935906806349e-05
3.60932649967516e-05
3.60929393187458e-05
3.60926136466172e-05
3.60922879803658e-05
3.60919623199913e-05
3.60916366654937e-05
3.60913110168727e-05
3.60909853741282e-05
3.609065973726e-05
3.6090334106268e-05
3.6090008481152e-05
3.60896828619119e-05
3.60893572485474e-05
3.60890316410585e-05
3.6088706039445e-05
3.60883804437066e-05
3.60880548538434e-05
3.6087729269855e-05
3.60874036917414e-05
3.60870781195024e-05
3.60867525531377e-05
3.60864269926474e-05
3.60861014380311e-05
3.60857758892888e-05
3.60854503464203e-05
3.60851248094254e-05
3.6084799278304e-05
3.60844737530559e-05
3.60841482336809e-05
3.6083822720179e-05
3.60834972125498e-05
3.60831717107934e-05
3.60828462149094e-05
3.60825207248978e-05
3.60821952407584e-05
3.60818697624911e-05
3.60815442900956e-05
3.60812188235719e-05
3.60808933629197e-05
3.60805679081389e-05
3.60802424592293e-05
3.60799170161909e-05
3.60795915790233e-05
3.60792661477266e-05
3.60789407223004e-05
3.60786153027447e-05
3.60782898890593e-05
3.6077964481244e-05
3.60776390792987e-05
3.60773136832231e-05
3.60769882930173e-05
3.60766629086809e-05
3.60763375302139e-05
3.60760121576161e-05
3.60756867908873e-05
3.60753614300273e-05
3.60750360750361e-05
3.60747107259134e-05
3.6074385382659e-05
3.60740600452729e-05
3.60737347137549e-05
3.60734093881048e-05
3.60730840683224e-05
3.60727587544076e-05
3.60724334463603e-05
3.60721081441802e-05
3.60717828478673e-05
3.60714575574213e-05
3.6071132272842e-05
3.60708069941295e-05
3.60704817212834e-05
3.60701564543036e-05
3.606983119319e-05
3.60695059379424e-05
3.60691806885607e-05
3.60688554450446e-05
3.6068530207394e-05
3.60682049756089e-05
3.60678797496889e-05
3.6067554529634e-05
3.6067229315444e-05
3.60669041071187e-05
3.6066578904658e-05
3.60662537080617e-05
3.60659285173297e-05
3.60656033324618e-05
3.60652781534578e-05
3.60649529803175e-05
3.6064627813041e-05
3.60643026516279e-05
3.6063977496078e-05
3.60636523463914e-05
3.60633272025677e-05
3.60630020646069e-05
3.60626769325087e-05
3.6062351806273e-05
3.60620266858997e-05
3.60617015713886e-05
3.60613764627396e-05
3.60610513599524e-05
3.60607262630269e-05
3.6060401171963e-05
3.60600760867605e-05
3.60597510074193e-05
3.60594259339391e-05
3.60591008663199e-05
3.60587758045614e-05
3.60584507486636e-05
3.60581256986262e-05
3.60578006544491e-05
3.60574756161321e-05
3.60571505836751e-05
3.6056825557078e-05
3.60565005363404e-05
3.60561755214624e-05
3.60558505124438e-05
3.60555255092843e-05
3.60552005119838e-05
3.60548755205423e-05
3.60545505349594e-05
3.60542255552351e-05
3.60539005813691e-05
3.60535756133615e-05
3.60532506512118e-05
3.60529256949201e-05
3.60526007444862e-05
3.60522757999099e-05
3.6051950861191e-05
3.60516259283294e-05
3.60513010013249e-05
3.60509760801774e-05
3.60506511648867e-05
3.60503262554526e-05
3.6050001351875e-05
3.60496764541538e-05
3.60493515622888e-05
3.60490266762797e-05
3.60487017961266e-05
3.60483769218291e-05
3.60480520533872e-05
3.60477271908006e-05
3.60474023340693e-05
3.6047077483193e-05
3.60467526381717e-05
3.60464277990051e-05
3.60461029656931e-05
3.60457781382356e-05
3.60454533166323e-05
3.60451285008831e-05
3.60448036909879e-05
3.60444788869465e-05
3.60441540887587e-05
3.60438292964245e-05
3.60435045099435e-05
3.60431797293157e-05
3.6042854954541e-05
3.6042530185619e-05
3.60422054225498e-05
3.60418806653331e-05
3.60415559139688e-05
3.60412311684567e-05
3.60409064287967e-05
3.60405816949886e-05
3.60402569670322e-05
3.60399322449274e-05
3.6039607528674e-05
3.60392828182719e-05
3.60389581137209e-05
3.60386334150209e-05
3.60383087221717e-05
3.60379840351731e-05
3.6037659354025e-05
3.60373346787272e-05
3.60370100092795e-05
3.60366853456819e-05
3.60363606879341e-05
3.6036036036036e-05
3.60357113899875e-05
3.60353867497883e-05
3.60350621154383e-05
3.60347374869374e-05
3.60344128642854e-05
3.60340882474821e-05
3.60337636365274e-05
3.60334390314212e-05
3.60331144321632e-05
3.60327898387533e-05
3.60324652511913e-05
3.60321406694772e-05
3.60318160936107e-05
3.60314915235916e-05
3.60311669594199e-05
3.60308424010953e-05
3.60305178486178e-05
3.60301933019871e-05
3.6029868761203e-05
3.60295442262655e-05
3.60292196971744e-05
3.60288951739295e-05
3.60285706565306e-05
3.60282461449777e-05
3.60279216392704e-05
3.60275971394088e-05
3.60272726453926e-05
3.60269481572216e-05
3.60266236748957e-05
3.60262991984148e-05
3.60259747277787e-05
3.60256502629872e-05
3.60253258040402e-05
3.60250013509376e-05
3.6024676903679e-05
3.60243524622645e-05
3.60240280266938e-05
3.60237035969668e-05
3.60233791730833e-05
3.60230547550432e-05
3.60227303428463e-05
3.60224059364925e-05
3.60220815359816e-05
3.60217571413134e-05
3.60214327524877e-05
3.60211083695045e-05
3.60207839923636e-05
3.60204596210648e-05
3.60201352556079e-05
3.60198108959928e-05
3.60194865422193e-05
3.60191621942874e-05
3.60188378521967e-05
3.60185135159472e-05
3.60181891855387e-05
3.6017864860971e-05
3.60175405422441e-05
3.60172162293576e-05
3.60168919223116e-05
3.60165676211057e-05
3.60162433257399e-05
3.6015919036214e-05
3.60155947525278e-05
3.60152704746813e-05
3.60149462026741e-05
3.60146219365062e-05
3.60142976761774e-05
3.60139734216876e-05
3.60136491730366e-05
3.60133249302242e-05
3.60130006932503e-05
3.60126764621147e-05
3.60123522368172e-05
3.60120280173578e-05
3.60117038037362e-05
3.60113795959523e-05
3.6011055394006e-05
3.6010731197897e-05
3.60104070076252e-05
3.60100828231905e-05
3.60097586445927e-05
3.60094344718316e-05
3.60091103049071e-05
3.60087861438191e-05
3.60084619885673e-05
3.60081378391517e-05
3.60078136955719e-05
3.6007489557828e-05
3.60071654259198e-05
3.6006841299847e-05
3.60065171796095e-05
3.60061930652072e-05
3.60058689566399e-05
3.60055448539075e-05
3.60052207570098e-05
3.60048966659466e-05
3.60045725807178e-05
3.60042485013232e-05
3.60039244277626e-05
3.6003600360036e-05
3.60032762981431e-05
3.60029522420838e-05
3.6002628191858e-05
3.60023041474654e-05
3.6001980108906e-05
3.60016560761795e-05
3.60013320492858e-05
3.60010080282248e-05
3.60006840129962e-05
3.60003600036e-05
3.6000036000036e-05
3.5999712002304e-05
3.59993880104038e-05
3.59990640243354e-05
3.59987400440985e-05
3.59984160696929e-05
3.59980921011186e-05
3.59977681383754e-05
3.59974441814631e-05
3.59971202303816e-05
3.59967962851306e-05
3.59964723457101e-05
3.59961484121199e-05
3.59958244843598e-05
3.59955005624297e-05
3.59951766463294e-05
3.59948527360587e-05
3.59945288316176e-05
3.59942049330058e-05
3.59938810402232e-05
3.59935571532696e-05
3.59932332721448e-05
3.59929093968488e-05
3.59925855273814e-05
3.59922616637423e-05
3.59919378059315e-05
3.59916139539487e-05
3.59912901077939e-05
3.59909662674669e-05
3.59906424329674e-05
3.59903186042954e-05
3.59899947814508e-05
3.59896709644332e-05
3.59893471532426e-05
3.59890233478789e-05
3.59886995483418e-05
3.59883757546313e-05
3.5988051966747e-05
3.5987728184689e-05
3.5987404408457e-05
3.59870806380509e-05
3.59867568734706e-05
3.59864331147158e-05
3.59861093617863e-05
3.59857856146822e-05
3.59854618734031e-05
3.5985138137949e-05
3.59848144083197e-05
3.5984490684515e-05
3.59841669665347e-05
3.59838432543788e-05
3.5983519548047e-05
3.59831958475392e-05
3.59828721528552e-05
3.5982548463995e-05
3.59822247809582e-05
3.59819011037448e-05
3.59815774323546e-05
3.59812537667875e-05
3.59809301070433e-05
3.59806064531218e-05
3.59802828050228e-05
3.59799591627463e-05
3.59796355262921e-05
3.597931189566e-05
3.59789882708498e-05
3.59786646518614e-05
3.59783410386947e-05
3.59780174313494e-05
3.59776938298255e-05
3.59773702341227e-05
3.5977046644241e-05
3.59767230601801e-05
3.59763994819398e-05
3.59760759095202e-05
3.59757523429209e-05
3.59754287821418e-05
3.59751052271828e-05
3.59747816780437e-05
3.59744581347243e-05
3.59741345972246e-05
3.59738110655443e-05
3.59734875396833e-05
3.59731640196414e-05
3.59728405054184e-05
3.59725169970143e-05
3.59721934944288e-05
3.59718699976618e-05
3.59715465067132e-05
3.59712230215827e-05
3.59708995422703e-05
3.59705760687757e-05
3.59702526010989e-05
3.59699291392396e-05
3.59696056831977e-05
3.5969282232973e-05
3.59689587885655e-05
3.59686353499748e-05
3.59683119172009e-05
3.59679884902437e-05
3.59676650691029e-05
3.59673416537784e-05
3.596701824427e-05
3.59666948405776e-05
3.59663714427011e-05
3.59660480506402e-05
3.59657246643948e-05
3.59654012839648e-05
3.596507790935e-05
3.59647545405503e-05
3.59644311775654e-05
3.59641078203952e-05
3.59637844690397e-05
3.59634611234985e-05
3.59631377837716e-05
3.59628144498588e-05
3.596249112176e-05
3.59621677994749e-05
3.59618444830035e-05
3.59615211723456e-05
3.5961197867501e-05
3.59608745684695e-05
3.5960551275251e-05
3.59602279878454e-05
3.59599047062525e-05
3.59595814304721e-05
3.59592581605041e-05
3.59589348963484e-05
3.59586116380047e-05
3.59582883854729e-05
3.59579651387528e-05
3.59576418978443e-05
3.59573186627473e-05
3.59569954334616e-05
3.5956672209987e-05
3.59563489923233e-05
3.59560257804705e-05
3.59557025744283e-05
3.59553793741966e-05
3.59550561797753e-05
3.59547329911641e-05
3.5954409808363e-05
3.59540866313717e-05
3.59537634601902e-05
3.59534402948182e-05
3.59531171352556e-05
3.59527939815023e-05
3.5952470833558e-05
3.59521476914227e-05
3.59518245550962e-05
3.59515014245782e-05
3.59511782998688e-05
3.59508551809676e-05
3.59505320678746e-05
3.59502089605896e-05
3.59498858591124e-05
3.59495627634429e-05
3.59492396735809e-05
3.59489165895263e-05
3.59485935112789e-05
3.59482704388385e-05
3.5947947372205e-05
3.59476243113783e-05
3.59473012563582e-05
3.59469782071445e-05
3.5946655163737e-05
3.59463321261357e-05
3.59460090943403e-05
3.59456860683507e-05
3.59453630481668e-05
3.59450400337883e-05
3.59447170252152e-05
3.59443940224473e-05
3.59440710254843e-05
3.59437480343263e-05
3.59434250489729e-05
3.59431020694241e-05
3.59427790956797e-05
3.59424561277395e-05
3.59421331656034e-05
3.59418102092712e-05
3.59414872587428e-05
3.5941164314018e-05
3.59408413750966e-05
3.59405184419785e-05
3.59401955146636e-05
3.59398725931517e-05
3.59395496774425e-05
3.59392267675361e-05
3.59389038634322e-05
3.59385809651306e-05
3.59382580726312e-05
3.59379351859339e-05
3.59376123050385e-05
3.59372894299447e-05
3.59369665606526e-05
3.59366436971619e-05
3.59363208394725e-05
3.59359979875841e-05
3.59356751414967e-05
3.59353523012101e-05
3.59350294667242e-05
3.59347066380387e-05
3.59343838151535e-05
3.59340609980685e-05
3.59337381867836e-05
3.59334153812985e-05
3.5933092581613e-05
3.59327697877272e-05
3.59324469996407e-05
3.59321242173534e-05
3.59318014408652e-05
3.5931478670176e-05
3.59311559052855e-05
3.59308331461936e-05
3.59305103929001e-05
3.5930187645405e-05
3.5929864903708e-05
3.59295421678089e-05
3.59292194377077e-05
3.59288967134042e-05
3.59285739948981e-05
3.59282512821895e-05
3.5927928575278e-05
3.59276058741636e-05
3.5927283178846e-05
3.59269604893252e-05
3.5926637805601e-05
3.59263151276731e-05
3.59259924555416e-05
3.59256697892061e-05
3.59253471286666e-05
3.59250244739229e-05
3.59247018249749e-05
3.59243791818223e-05
3.5924056544465e-05
3.59237339129029e-05
3.59234112871358e-05
3.59230886671636e-05
3.59227660529861e-05
3.59224434446031e-05
3.59221208420145e-05
3.59217982452202e-05
3.59214756542199e-05
3.59211530690135e-05
3.59208304896009e-05
3.59205079159819e-05
3.59201853481564e-05
3.59198627861242e-05
3.59195402298851e-05
3.59192176794389e-05
3.59188951347857e-05
3.5918572595925e-05
3.59182500628569e-05
3.59179275355812e-05
3.59176050140977e-05
3.59172824984062e-05
3.59169599885066e-05
3.59166374843987e-05
3.59163149860824e-05
3.59159924935576e-05
3.5915670006824e-05
3.59153475258815e-05
3.591502505073e-05
3.59147025813692e-05
3.59143801177992e-05
3.59140576600196e-05
3.59137352080303e-05
3.59134127618312e-05
3.59130903214222e-05
3.5912767886803e-05
3.59124454579735e-05
3.59121230349335e-05
3.5911800617683e-05
3.59114782062217e-05
3.59111558005494e-05
3.59108334006661e-05
3.59105110065716e-05
3.59101886182657e-05
3.59098662357483e-05
3.59095438590191e-05
3.59092214880781e-05
3.59088991229251e-05
3.590857676356e-05
3.59082544099825e-05
3.59079320621925e-05
3.590760972019e-05
3.59072873839746e-05
3.59069650535463e-05
3.59066427289048e-05
3.59063204100502e-05
3.59059980969821e-05
3.59056757897005e-05
3.59053534882051e-05
3.59050311924958e-05
3.59047089025726e-05
3.59043866184351e-05
3.59040643400833e-05
3.5903742067517e-05
3.5903419800736e-05
3.59030975397402e-05
3.59027752845295e-05
3.59024530351036e-05
3.59021307914625e-05
3.59018085536059e-05
3.59014863215337e-05
3.59011640952458e-05
3.5900841874742e-05
3.59005196600221e-05
3.5900197451086e-05
3.58998752479335e-05
3.58995530505645e-05
3.58992308589788e-05
3.58989086731763e-05
3.58985864931568e-05
3.58982643189202e-05
3.58979421504662e-05
3.58976199877948e-05
3.58972978309058e-05
3.5896975679799e-05
3.58966535344742e-05
3.58963313949314e-05
3.58960092611704e-05
3.58956871331909e-05
3.5895365010993e-05
3.58950428945763e-05
3.58947207839407e-05
3.58943986790861e-05
3.58940765800124e-05
3.58937544867193e-05
3.58934323992068e-05
3.58931103174746e-05
3.58927882415226e-05
3.58924661713506e-05
3.58921441069586e-05
3.58918220483463e-05
3.58914999955136e-05
3.58911779484603e-05
3.58908559071862e-05
3.58905338716913e-05
3.58902118419754e-05
3.58898898180383e-05
3.58895677998798e-05
3.58892457874998e-05
3.58889237808981e-05
3.58886017800747e-05
3.58882797850292e-05
3.58879577957616e-05
3.58876358122718e-05
3.58873138345595e-05
3.58869918626246e-05
3.5886669896467e-05
3.58863479360864e-05
3.58860259814828e-05
3.5885704032656e-05
3.58853820896058e-05
3.58850601523321e-05
3.58847382208347e-05
3.58844162951134e-05
3.58840943751682e-05
3.58837724609988e-05
3.58834505526051e-05
3.5883128649987e-05
3.58828067531442e-05
3.58824848620767e-05
3.58821629767842e-05
3.58818410972667e-05
3.58815192235239e-05
3.58811973555558e-05
3.5880875493362e-05
3.58805536369426e-05
3.58802317862973e-05
3.5879909941426e-05
3.58795881023286e-05
3.58792662690048e-05
3.58789444414545e-05
3.58786226196776e-05
3.58783008036739e-05
3.58779789934433e-05
3.58776571889856e-05
3.58773353903006e-05
3.58770135973882e-05
3.58766918102482e-05
3.58763700288805e-05
3.58760482532849e-05
3.58757264834613e-05
3.58754047194095e-05
3.58750829611293e-05
3.58747612086207e-05
3.58744394618834e-05
3.58741177209173e-05
3.58737959857222e-05
3.5873474256298e-05
3.58731525326446e-05
3.58728308147617e-05
3.58725091026492e-05
3.5872187396307e-05
3.58718656957348e-05
3.58715440009327e-05
3.58712223119003e-05
3.58709006286375e-05
3.58705789511443e-05
3.58702572794203e-05
3.58699356134656e-05
3.58696139532798e-05
3.58692922988629e-05
3.58689706502148e-05
3.58686490073351e-05
3.58683273702239e-05
3.58680057388809e-05
3.5867684113306e-05
3.5867362493499e-05
3.58670408794598e-05
3.58667192711883e-05
3.58663976686842e-05
3.58660760719474e-05
3.58657544809777e-05
3.5865432895775e-05
3.58651113163392e-05
3.58647897426701e-05
3.58644681747676e-05
3.58641466126314e-05
3.58638250562614e-05
3.58635035056575e-05
3.58631819608195e-05
3.58628604217472e-05
3.58625388884406e-05
3.58622173608994e-05
3.58618958391235e-05
3.58615743231128e-05
3.5861252812867e-05
3.58609313083861e-05
3.58606098096698e-05
3.58602883167181e-05
3.58599668295307e-05
3.58596453481075e-05
3.58593238724484e-05
3.58590024025532e-05
3.58586809384217e-05
3.58583594800538e-05
3.58580380274493e-05
3.58577165806081e-05
3.58573951395301e-05
3.5857073704215e-05
3.58567522746627e-05
3.58564308508731e-05
3.5856109432846e-05
3.58557880205812e-05
3.58554666140786e-05
3.58551452133381e-05
3.58548238183595e-05
3.58545024291425e-05
3.58541810456872e-05
3.58538596679933e-05
3.58535382960606e-05
3.5853216929889e-05
3.58528955694784e-05
3.58525742148286e-05
3.58522528659395e-05
3.58519315228108e-05
3.58516101854425e-05
3.58512888538343e-05
3.58509675279862e-05
3.58506462078979e-05
3.58503248935693e-05
3.58500035850004e-05
3.58496822821908e-05
3.58493609851404e-05
3.58490396938492e-05
3.58487184083169e-05
3.58483971285434e-05
3.58480758545285e-05
3.58477545862721e-05
3.5847433323774e-05
3.58471120670341e-05
3.58467908160522e-05
3.58464695708281e-05
3.58461483313618e-05
3.5845827097653e-05
3.58455058697016e-05
3.58451846475074e-05
3.58448634310703e-05
3.58445422203902e-05
3.58442210154668e-05
3.58438998163e-05
3.58435786228897e-05
3.58432574352357e-05
3.58429362533379e-05
3.5842615077196e-05
3.584229390681e-05
3.58419727421797e-05
3.5841651583305e-05
3.58413304301856e-05
3.58410092828214e-05
3.58406881412123e-05
3.58403670053581e-05
3.58400458752587e-05
3.58397247509139e-05
3.58394036323236e-05
3.58390825194875e-05
3.58387614124056e-05
3.58384403110777e-05
3.58381192155036e-05
3.58377981256832e-05
3.58374770416163e-05
3.58371559633028e-05
3.58368348907425e-05
3.58365138239352e-05
3.58361927628809e-05
3.58358717075793e-05
3.58355506580303e-05
3.58352296142338e-05
3.58349085761895e-05
3.58345875438974e-05
3.58342665173572e-05
3.58339454965689e-05
3.58336244815322e-05
3.58333034722471e-05
3.58329824687133e-05
3.58326614709308e-05
3.58323404788992e-05
3.58320194926186e-05
3.58316985120887e-05
3.58313775373094e-05
3.58310565682806e-05
3.5830735605002e-05
3.58304146474735e-05
3.5830093695695e-05
3.58297727496663e-05
3.58294518093873e-05
3.58291308748578e-05
3.58288099460776e-05
3.58284890230467e-05
3.58281681057648e-05
3.58278471942317e-05
3.58275262884474e-05
3.58272053884117e-05
3.58268844941244e-05
3.58265636055854e-05
3.58262427227944e-05
3.58259218457515e-05
3.58256009744563e-05
3.58252801089088e-05
3.58249592491089e-05
3.58246383950562e-05
3.58243175467507e-05
3.58239967041923e-05
3.58236758673808e-05
3.58233550363159e-05
3.58230342109977e-05
3.58227133914258e-05
3.58223925776003e-05
3.58220717695208e-05
3.58217509671873e-05
3.58214301705996e-05
3.58211093797575e-05
3.58207885946609e-05
3.58204678153097e-05
3.58201470417036e-05
3.58198262738426e-05
3.58195055117264e-05
3.5819184755355e-05
3.58188640047281e-05
3.58185432598456e-05
3.58182225207074e-05
3.58179017873133e-05
3.58175810596631e-05
3.58172603377568e-05
3.5816939621594e-05
3.58166189111748e-05
3.58162982064989e-05
3.58159775075661e-05
3.58156568143764e-05
3.58153361269295e-05
3.58150154452254e-05
3.58146947692638e-05
3.58143740990446e-05
3.58140534345677e-05
3.58137327758329e-05
3.581341212284e-05
3.58130914755889e-05
3.58127708340794e-05
3.58124501983114e-05
3.58121295682848e-05
3.58118089439993e-05
3.58114883254548e-05
3.58111677126512e-05
3.58108471055883e-05
3.58105265042659e-05
3.5810205908684e-05
3.58098853188423e-05
3.58095647347406e-05
3.5809244156379e-05
3.58089235837571e-05
3.58086030168748e-05
3.5808282455732e-05
3.58079619003285e-05
3.58076413506642e-05
3.58073208067389e-05
3.58070002685525e-05
3.58066797361048e-05
3.58063592093956e-05
3.58060386884248e-05
3.58057181731923e-05
3.58053976636978e-05
3.58050771599413e-05
3.58047566619225e-05
3.58044361696414e-05
3.58041156830978e-05
3.58037952022914e-05
3.58034747272223e-05
3.58031542578901e-05
3.58028337942948e-05
3.58025133364362e-05
3.58021928843142e-05
3.58018724379285e-05
3.58015519972791e-05
3.58012315623657e-05
3.58009111331883e-05
3.58005907097467e-05
3.58002702920407e-05
3.57999498800702e-05
3.57996294738349e-05
3.57993090733349e-05
3.57989886785698e-05
3.57986682895396e-05
3.57983479062441e-05
3.57980275286832e-05
3.57977071568566e-05
3.57973867907643e-05
3.5797066430406e-05
3.57967460757817e-05
3.57964257268912e-05
3.57961053837343e-05
3.57957850463108e-05
3.57954647146207e-05
3.57951443886637e-05
3.57948240684397e-05
3.57945037539486e-05
3.57941834451902e-05
3.57938631421643e-05
3.57935428448708e-05
3.57932225533095e-05
3.57929022674804e-05
3.57925819873831e-05
3.57922617130176e-05
3.57919414443838e-05
3.57916211814814e-05
3.57913009243103e-05
3.57909806728704e-05
3.57906604271615e-05
3.57903401871835e-05
3.57900199529361e-05
3.57896997244193e-05
3.57893795016329e-05
3.57890592845767e-05
3.57887390732506e-05
3.57884188676544e-05
3.5788098667788e-05
3.57877784736512e-05
3.57874582852439e-05
3.57871381025659e-05
3.57868179256171e-05
3.57864977543973e-05
3.57861775889063e-05
3.5785857429144e-05
3.57855372751103e-05
3.57852171268049e-05
3.57848969842278e-05
3.57845768473788e-05
3.57842567162577e-05
3.57839365908644e-05
3.57836164711987e-05
3.57832963572604e-05
3.57829762490495e-05
3.57826561465658e-05
3.5782336049809e-05
3.57820159587791e-05
3.57816958734759e-05
3.57813757938993e-05
3.5781055720049e-05
3.5780735651925e-05
3.57804155895271e-05
3.57800955328551e-05
3.57797754819088e-05
3.57794554366883e-05
3.57791353971931e-05
3.57788153634233e-05
3.57784953353787e-05
3.5778175313059e-05
3.57778552964643e-05
3.57775352855942e-05
3.57772152804486e-05
3.57768952810275e-05
3.57765752873306e-05
3.57762552993578e-05
3.57759353171089e-05
3.57756153405839e-05
3.57752953697824e-05
3.57749754047044e-05
3.57746554453497e-05
3.57743354917182e-05
3.57740155438098e-05
3.57736956016241e-05
3.57733756651612e-05
3.57730557344208e-05
3.57727358094029e-05
3.57724158901071e-05
3.57720959765335e-05
3.57717760686818e-05
3.57714561665519e-05
3.57711362701436e-05
3.57708163794568e-05
3.57704964944913e-05
3.5770176615247e-05
3.57698567417238e-05
3.57695368739213e-05
3.57692170118396e-05
3.57688971554785e-05
3.57685773048377e-05
3.57682574599172e-05
3.57679376207168e-05
3.57676177872363e-05
3.57672979594757e-05
3.57669781374346e-05
3.57666583211131e-05
3.57663385105108e-05
3.57660187056278e-05
3.57656989064638e-05
3.57653791130186e-05
3.57650593252922e-05
3.57647395432843e-05
3.57644197669948e-05
3.57640999964236e-05
3.57637802315705e-05
3.57634604724353e-05
3.57631407190179e-05
3.57628209713182e-05
3.5762501229336e-05
3.57621814930711e-05
3.57618617625234e-05
3.57615420376927e-05
3.57612223185788e-05
3.57609026051818e-05
3.57605828975012e-05
3.57602631955371e-05
3.57599434992893e-05
3.57596238087575e-05
3.57593041239417e-05
3.57589844448418e-05
3.57586647714574e-05
3.57583451037886e-05
3.57580254418351e-05
3.57577057855968e-05
3.57573861350735e-05
3.57570664902651e-05
3.57567468511715e-05
3.57564272177924e-05
3.57561075901277e-05
3.57557879681773e-05
3.57554683519411e-05
3.57551487414188e-05
3.57548291366103e-05
3.57545095375154e-05
3.57541899441341e-05
3.57538703564661e-05
3.57535507745113e-05
3.57532311982695e-05
3.57529116277407e-05
3.57525920629246e-05
3.5752272503821e-05
3.57519529504299e-05
3.57516334027511e-05
3.57513138607844e-05
3.57509943245296e-05
3.57506747939867e-05
3.57503552691555e-05
3.57500357500358e-05
3.57497162366274e-05
3.57493967289302e-05
3.57490772269441e-05
3.57487577306689e-05
3.57484382401044e-05
3.57481187552505e-05
3.57477992761071e-05
3.57474798026739e-05
3.57471603349509e-05
3.57468408729379e-05
3.57465214166346e-05
3.57462019660411e-05
3.57458825211571e-05
3.57455630819824e-05
3.5745243648517e-05
3.57449242207607e-05
3.57446047987132e-05
3.57442853823745e-05
3.57439659717444e-05
3.57436465668227e-05
3.57433271676094e-05
3.57430077741042e-05
3.5742688386307e-05
3.57423690042176e-05
3.57420496278359e-05
3.57417302571617e-05
3.5741410892195e-05
3.57410915329354e-05
3.57407721793829e-05
3.57404528315374e-05
3.57401334893986e-05
3.57398141529664e-05
3.57394948222407e-05
3.57391754972213e-05
3.5738856177908e-05
3.57385368643008e-05
3.57382175563994e-05
3.57378982542037e-05
3.57375789577135e-05
3.57372596669287e-05
3.57369403818492e-05
4.46707763780935e-05
4.46703772860066e-05
4.46699782010506e-05
4.46695791232255e-05
4.4669180052531e-05
4.46687809889668e-05
4.46683819325329e-05
4.4667982883229e-05
4.46675838410549e-05
4.46671848060104e-05
4.46667857780954e-05
4.46663867573097e-05
4.4665987743653e-05
4.46655887371251e-05
4.4665189737726e-05
4.46647907454554e-05
4.4664391760313e-05
4.46639927822988e-05
4.46635938114124e-05
4.46631948476538e-05
4.46627958910228e-05
4.46623969415191e-05
4.46619979991425e-05
4.46615990638929e-05
4.466120013577e-05
4.46608012147738e-05
4.46604023009039e-05
4.46600033941603e-05
4.46596044945426e-05
4.46592056020508e-05
4.46588067166845e-05
4.46584078384437e-05
4.46580089673282e-05
4.46576101033377e-05
4.46572112464721e-05
4.46568123967311e-05
4.46564135541146e-05
4.46560147186225e-05
4.46556158902544e-05
4.46552170690102e-05
4.46548182548897e-05
4.46544194478928e-05
4.46540206480191e-05
4.46536218552687e-05
4.46532230696412e-05
4.46528242911364e-05
4.46524255197542e-05
4.46520267554944e-05
4.46516279983568e-05
4.46512292483412e-05
4.46508305054474e-05
4.46504317696752e-05
4.46500330410245e-05
4.46496343194949e-05
4.46492356050864e-05
4.46488368977988e-05
4.46484381976318e-05
4.46480395045854e-05
4.46476408186591e-05
4.4647242139853e-05
4.46468434681668e-05
4.46464448036003e-05
4.46460461461533e-05
4.46456474958256e-05
4.46452488526171e-05
4.46448502165275e-05
4.46444515875567e-05
4.46440529657044e-05
4.46436543509706e-05
4.46432557433549e-05
4.46428571428571e-05
4.46424585494772e-05
4.46420599632149e-05
4.46416613840701e-05
4.46412628120424e-05
4.46408642471318e-05
4.46404656893381e-05
4.4640067138661e-05
4.46396685951003e-05
4.4639270058656e-05
4.46388715293277e-05
4.46384730071154e-05
4.46380744920187e-05
4.46376759840376e-05
4.46372774831717e-05
4.46368789894211e-05
4.46364805027853e-05
4.46360820232643e-05
4.46356835508579e-05
4.46352850855658e-05
4.4634886627388e-05
4.46344881763241e-05
4.4634089732374e-05
4.46336912955375e-05
4.46332928658145e-05
4.46328944432046e-05
4.46324960277079e-05
4.46320976193239e-05
4.46316992180526e-05
4.46313008238938e-05
4.46309024368473e-05
4.46305040569128e-05
4.46301056840903e-05
4.46297073183794e-05
4.46293089597801e-05
4.46289106082921e-05
4.46285122639152e-05
4.46281139266492e-05
4.4627715596494e-05
4.46273172734494e-05
4.46269189575152e-05
4.46265206486911e-05
4.4626122346977e-05
4.46257240523728e-05
4.46253257648781e-05
4.46249274844928e-05
4.46245292112168e-05
4.46241309450498e-05
4.46237326859917e-05
4.46233344340423e-05
4.46229361892012e-05
4.46225379514685e-05
4.46221397208439e-05
4.46217414973272e-05
4.46213432809181e-05
4.46209450716166e-05
4.46205468694224e-05
4.46201486743354e-05
4.46197504863553e-05
4.46193523054819e-05
4.46189541317151e-05
4.46185559650547e-05
4.46181578055005e-05
4.46177596530523e-05
4.46173615077099e-05
4.46169633694731e-05
4.46165652383417e-05
4.46161671143155e-05
4.46157689973944e-05
4.46153708875782e-05
4.46149727848666e-05
4.46145746892595e-05
4.46141766007567e-05
4.46137785193579e-05
4.46133804450631e-05
4.4612982377872e-05
4.46125843177844e-05
4.46121862648001e-05
4.4611788218919e-05
4.46113901801408e-05
4.46109921484654e-05
4.46105941238925e-05
4.46101961064221e-05
4.46097980960538e-05
4.46094000927876e-05
4.46090020966231e-05
4.46086041075603e-05
4.46082061255989e-05
4.46078081507387e-05
4.46074101829796e-05
4.46070122223213e-05
4.46066142687638e-05
4.46062163223067e-05
4.46058183829499e-05
4.46054204506932e-05
4.46050225255364e-05
4.46046246074793e-05
4.46042266965218e-05
4.46038287926636e-05
4.46034308959045e-05
4.46030330062444e-05
4.46026351236831e-05
4.46022372482204e-05
4.4601839379856e-05
4.46014415185899e-05
4.46010436644218e-05
4.46006458173514e-05
4.46002479773788e-05
4.45998501445035e-05
4.45994523187255e-05
4.45990545000446e-05
4.45986566884605e-05
4.45982588839732e-05
4.45978610865823e-05
4.45974632962877e-05
4.45970655130892e-05
4.45966677369867e-05
4.45962699679799e-05
4.45958722060686e-05
4.45954744512527e-05
4.45950767035319e-05
4.45946789629061e-05
4.45942812293751e-05
4.45938835029387e-05
4.45934857835967e-05
4.45930880713489e-05
4.45926903661952e-05
4.45922926681352e-05
4.45918949771689e-05
4.45914972932961e-05
4.45910996165165e-05
4.459070194683e-05
4.45903042842364e-05
4.45899066287355e-05
4.45895089803271e-05
4.4589111339011e-05
4.4588713704787e-05
4.4588316077655e-05
4.45879184576147e-05
4.4587520844666e-05
4.45871232388086e-05
4.45867256400424e-05
4.45863280483672e-05
4.45859304637828e-05
4.45855328862891e-05
4.45851353158857e-05
4.45847377525725e-05
4.45843401963494e-05
4.45839426472162e-05
4.45835451051726e-05
4.45831475702185e-05
4.45827500423536e-05
4.45823525215779e-05
4.4581955007891e-05
4.45815575012929e-05
4.45811600017832e-05
4.4580762509362e-05
4.45803650240288e-05
4.45799675457836e-05
4.45795700746262e-05
4.45791726105563e-05
4.45787751535739e-05
4.45783777036786e-05
4.45779802608703e-05
4.45775828251489e-05
4.45771853965141e-05
4.45767879749657e-05
4.45763905605035e-05
4.45759931531275e-05
4.45755957528372e-05
4.45751983596327e-05
4.45748009735137e-05
4.45744035944799e-05
4.45740062225313e-05
4.45736088576676e-05
4.45732114998886e-05
4.45728141491941e-05
4.4572416805584e-05
4.45720194690581e-05
4.45716221396161e-05
4.4571224817258e-05
4.45708275019834e-05
4.45704301937922e-05
4.45700328926843e-05
4.45696355986593e-05
4.45692383117172e-05
4.45688410318578e-05
4.45684437590808e-05
4.45680464933861e-05
4.45676492347735e-05
4.45672519832427e-05
4.45668547387937e-05
4.45664575014261e-05
4.45660602711399e-05
4.45656630479348e-05
4.45652658318107e-05
4.45648686227673e-05
4.45644714208045e-05
4.4564074225922e-05
4.45636770381198e-05
4.45632798573975e-05
4.4562882683755e-05
4.45624855171922e-05
4.45620883577088e-05
4.45616912053046e-05
4.45612940599795e-05
4.45608969217332e-05
4.45604997905657e-05
4.45601026664765e-05
4.45597055494657e-05
4.4559308439533e-05
4.45589113366782e-05
4.45585142409012e-05
4.45581171522016e-05
4.45577200705794e-05
4.45573229960344e-05
4.45569259285663e-05
4.45565288681751e-05
4.45561318148604e-05
4.45557347686221e-05
4.455533772946e-05
4.45549406973739e-05
4.45545436723637e-05
4.45541466544291e-05
4.455374964357e-05
4.45533526397861e-05
4.45529556430774e-05
4.45525586534435e-05
4.45521616708843e-05
4.45517646953996e-05
4.45513677269892e-05
4.4550970765653e-05
4.45505738113907e-05
4.45501768642021e-05
4.45497799240872e-05
4.45493829910456e-05
4.45489860650772e-05
4.45485891461817e-05
4.45481922343591e-05
4.45477953296091e-05
4.45473984319316e-05
4.45470015413263e-05
4.4546604657793e-05
4.45462077813316e-05
4.45458109119418e-05
4.45454140496236e-05
4.45450171943766e-05
4.45446203462008e-05
4.45442235050959e-05
4.45438266710617e-05
4.4543429844098e-05
4.45430330242047e-05
4.45426362113815e-05
4.45422394056284e-05
4.4541842606945e-05
4.45414458153312e-05
4.45410490307868e-05
4.45406522533116e-05
4.45402554829055e-05
4.45398587195681e-05
4.45394619632995e-05
4.45390652140993e-05
4.45386684719674e-05
4.45382717369035e-05
4.45378750089076e-05
4.45374782879793e-05
4.45370815741186e-05
4.45366848673252e-05
4.4536288167599e-05
4.45358914749397e-05
4.45354947893471e-05
4.45350981108211e-05
4.45347014393615e-05
4.45343047749682e-05
4.45339081176408e-05
4.45335114673792e-05
4.45331148241833e-05
4.45327181880528e-05
4.45323215589875e-05
4.45319249369873e-05
4.4531528322052e-05
4.45311317141814e-05
4.45307351133753e-05
4.45303385196334e-05
4.45299419329557e-05
4.45295453533419e-05
4.45291487807919e-05
4.45287522153054e-05
4.45283556568823e-05
4.45279591055224e-05
4.45275625612254e-05
4.45271660239912e-05
4.45267694938197e-05
4.45263729707105e-05
4.45259764546637e-05
4.45255799456788e-05
4.45251834437558e-05
4.45247869488945e-05
4.45243904610946e-05
4.4523993980356e-05
4.45235975066785e-05
4.4523201040062e-05
4.45228045805061e-05
4.45224081280108e-05
4.45220116825759e-05
4.45216152442011e-05
4.45212188128862e-05
4.45208223886312e-05
4.45204259714357e-05
4.45200295612996e-05
4.45196331582228e-05
4.45192367622049e-05
4.4518840373246e-05
4.45184439913456e-05
4.45180476165037e-05
4.45176512487201e-05
4.45172548879946e-05
4.45168585343269e-05
4.4516462187717e-05
4.45160658481646e-05
4.45156695156695e-05
4.45152731902316e-05
4.45148768718506e-05
4.45144805605263e-05
4.45140842562587e-05
4.45136879590474e-05
4.45132916688923e-05
4.45128953857933e-05
4.451249910975e-05
4.45121028407624e-05
4.45117065788302e-05
4.45113103239533e-05
4.45109140761315e-05
4.45105178353645e-05
4.45101216016522e-05
4.45097253749944e-05
4.4509329155391e-05
4.45089329428416e-05
4.45085367373462e-05
4.45081405389046e-05
4.45077443475165e-05
4.45073481631817e-05
4.45069519859002e-05
4.45065558156716e-05
4.45061596524959e-05
4.45057634963728e-05
4.45053673473021e-05
4.45049712052836e-05
4.45045750703172e-05
4.45041789424027e-05
4.45037828215398e-05
4.45033867077285e-05
4.45029906009684e-05
4.45025945012594e-05
4.45021984086014e-05
4.45018023229941e-05
4.45014062444373e-05
4.45010101729309e-05
4.45006141084747e-05
4.45002180510685e-05
4.4499822000712e-05
4.44994259574051e-05
4.44990299211477e-05
4.44986338919395e-05
4.44982378697804e-05
4.449784185467e-05
4.44974458466084e-05
4.44970498455952e-05
4.44966538516304e-05
4.44962578647136e-05
4.44958618848447e-05
4.44954659120236e-05
4.449506994625e-05
4.44946739875237e-05
4.44942780358446e-05
4.44938820912125e-05
4.44934861536271e-05
4.44930902230884e-05
4.4492694299596e-05
4.44922983831499e-05
4.44919024737498e-05
4.44915065713955e-05
4.44911106760869e-05
4.44907147878238e-05
4.44903189066059e-05
4.44899230324332e-05
4.44895271653053e-05
4.44891313052221e-05
4.44887354521835e-05
4.44883396061892e-05
4.44879437672391e-05
4.44875479353329e-05
4.44871521104705e-05
4.44867562926517e-05
4.44863604818763e-05
4.4485964678144e-05
4.44855688814549e-05
4.44851730918085e-05
4.44847773092048e-05
4.44843815336435e-05
4.44839857651246e-05
4.44835900036477e-05
4.44831942492126e-05
4.44827985018193e-05
4.44824027614676e-05
4.44820070281571e-05
4.44816113018878e-05
4.44812155826594e-05
4.44808198704719e-05
4.44804241653248e-05
4.44800284672182e-05
4.44796327761518e-05
4.44792370921254e-05
4.44788414151388e-05
4.44784457451919e-05
4.44780500822844e-05
4.44776544264162e-05
4.4477258777587e-05
4.44768631357968e-05
4.44764675010452e-05
4.44760718733321e-05
4.44756762526574e-05
4.44752806390208e-05
4.44748850324222e-05
4.44744894328613e-05
4.4474093840338e-05
4.44736982548521e-05
4.44733026764034e-05
4.44729071049916e-05
4.44725115406167e-05
4.44721159832785e-05
4.44717204329767e-05
4.44713248897111e-05
4.44709293534816e-05
4.4470533824288e-05
4.44701383021301e-05
4.44697427870077e-05
4.44693472789206e-05
4.44689517778687e-05
4.44685562838517e-05
4.44681607968694e-05
4.44677653169218e-05
4.44673698440085e-05
4.44669743781294e-05
4.44665789192843e-05
4.4466183467473e-05
4.44657880226953e-05
4.44653925849511e-05
4.44649971542402e-05
4.44646017305623e-05
4.44642063139173e-05
4.4463810904305e-05
4.44634155017252e-05
4.44630201061777e-05
4.44626247176623e-05
4.44622293361789e-05
4.44618339617273e-05
4.44614385943072e-05
4.44610432339184e-05
4.44606478805609e-05
4.44602525342344e-05
4.44598571949387e-05
4.44594618626736e-05
4.4459066537439e-05
4.44586712192346e-05
4.44582759080603e-05
4.44578806039158e-05
4.44574853068011e-05
4.44570900167159e-05
4.44566947336599e-05
4.44562994576331e-05
4.44559041886353e-05
4.44555089266662e-05
4.44551136717257e-05
4.44547184238135e-05
4.44543231829295e-05
4.44539279490736e-05
4.44535327222454e-05
4.44531375024449e-05
4.44527422896718e-05
4.4452347083926e-05
4.44519518852073e-05
4.44515566935154e-05
4.44511615088502e-05
4.44507663312116e-05
4.44503711605992e-05
4.4449975997013e-05
4.44495808404527e-05
4.44491856909181e-05
4.44487905484092e-05
4.44483954129256e-05
4.44480002844672e-05
4.44476051630338e-05
4.44472100486252e-05
4.44468149412413e-05
4.44464198408818e-05
4.44460247475466e-05
4.44456296612354e-05
4.44452345819481e-05
4.44448395096845e-05
4.44444444444444e-05
4.44440493862277e-05
4.4443654335034e-05
4.44432592908634e-05
4.44428642537154e-05
4.44424692235901e-05
4.44420742004871e-05
4.44416791844063e-05
4.44412841753475e-05
4.44408891733106e-05
4.44404941782953e-05
4.44400991903014e-05
4.44397042093288e-05
4.44393092353772e-05
4.44389142684466e-05
4.44385193085366e-05
4.44381243556472e-05
4.44377294097781e-05
4.44373344709291e-05
4.44369395391001e-05
4.44365446142908e-05
4.44361496965011e-05
4.44357547857308e-05
4.44353598819797e-05
4.44349649852476e-05
4.44345700955343e-05
4.44341752128397e-05
4.44337803371635e-05
4.44333854685056e-05
4.44329906068658e-05
4.44325957522438e-05
4.44322009046396e-05
4.44318060640529e-05
4.44314112304835e-05
4.44310164039313e-05
4.4430621584396e-05
4.44302267718774e-05
4.44298319663755e-05
4.442943716789e-05
4.44290423764206e-05
4.44286475919673e-05
4.44282528145298e-05
4.4427858044108e-05
4.44274632807016e-05
4.44270685243105e-05
4.44266737749345e-05
4.44262790325734e-05
4.44258842972269e-05
4.4425489568895e-05
4.44250948475775e-05
4.44247001332741e-05
4.44243054259847e-05
4.4423910725709e-05
4.44235160324469e-05
4.44231213461983e-05
4.44227266669628e-05
4.44223319947404e-05
4.44219373295308e-05
4.44215426713339e-05
4.44211480201494e-05
4.44207533759773e-05
4.44203587388172e-05
4.4419964108669e-05
4.44195694855325e-05
4.44191748694076e-05
4.44187802602941e-05
4.44183856581916e-05
4.44179910631002e-05
4.44175964750195e-05
4.44172018939495e-05
4.44168073198898e-05
4.44164127528404e-05
4.4416018192801e-05
4.44156236397715e-05
4.44152290937517e-05
4.44148345547413e-05
4.44144400227402e-05
4.44140454977482e-05
4.44136509797651e-05
4.44132564687908e-05
4.4412861964825e-05
4.44124674678676e-05
4.44120729779183e-05
4.4411678494977e-05
4.44112840190436e-05
4.44108895501177e-05
4.44104950881992e-05
4.4410100633288e-05
4.44097061853839e-05
4.44093117444866e-05
4.4408917310596e-05
4.44085228837118e-05
4.4408128463834e-05
4.44077340509623e-05
4.44073396450965e-05
4.44069452462365e-05
4.4406550854382e-05
4.44061564695329e-05
4.4405762091689e-05
4.44053677208501e-05
4.4404973357016e-05
4.44045790001865e-05
4.44041846503615e-05
4.44037903075407e-05
4.44033959717239e-05
4.44030016429111e-05
4.44026073211019e-05
4.44022130062962e-05
4.44018186984939e-05
4.44014243976947e-05
4.44010301038984e-05
4.44006358171049e-05
4.4400241537314e-05
4.43998472645254e-05
4.43994529987391e-05
4.43990587399547e-05
4.43986644881722e-05
4.43982702433913e-05
4.43978760056119e-05
4.43974817748337e-05
4.43970875510567e-05
4.43966933342805e-05
4.4396299124505e-05
4.439590492173e-05
4.43955107259554e-05
4.43951165371809e-05
4.43947223554064e-05
4.43943281806316e-05
4.43939340128565e-05
4.43935398520807e-05
4.43931456983042e-05
4.43927515515267e-05
4.4392357411748e-05
4.4391963278968e-05
4.43915691531864e-05
4.43911750344032e-05
4.4390780922618e-05
4.43903868178307e-05
4.43899927200412e-05
4.43895986292492e-05
4.43892045454545e-05
4.43888104686571e-05
4.43884163988566e-05
4.43880223360528e-05
4.43876282802457e-05
4.4387234231435e-05
4.43868401896206e-05
4.43864461548022e-05
4.43860521269796e-05
4.43856581061527e-05
4.43852640923214e-05
4.43848700854853e-05
4.43844760856443e-05
4.43840820927982e-05
4.43836881069469e-05
4.43832941280902e-05
4.43829001562278e-05
4.43825061913596e-05
4.43821122334854e-05
4.4381718282605e-05
4.43813243387183e-05
4.43809304018249e-05
4.43805364719249e-05
4.43801425490179e-05
4.43797486331037e-05
4.43793547241823e-05
4.43789608222534e-05
4.43785669273168e-05
4.43781730393723e-05
4.43777791584198e-05
4.4377385284459e-05
4.43769914174899e-05
4.43765975575121e-05
4.43762037045255e-05
4.43758098585299e-05
4.43754160195252e-05
4.43750221875111e-05
4.43746283624875e-05
4.43742345444541e-05
4.43738407334108e-05
4.43734469293575e-05
4.43730531322938e-05
4.43726593422197e-05
4.43722655591349e-05
4.43718717830393e-05
4.43714780139326e-05
4.43710842518148e-05
4.43706904966855e-05
4.43702967485447e-05
4.4369903007392e-05
4.43695092732274e-05
4.43691155460507e-05
4.43687218258616e-05
4.43683281126601e-05
4.43679344064458e-05
4.43675407072186e-05
4.43671470149783e-05
4.43667533297248e-05
4.43663596514579e-05
4.43659659801773e-05
4.43655723158829e-05
4.43651786585745e-05
4.43647850082518e-05
4.43643913649149e-05
4.43639977285633e-05
4.4363604099197e-05
4.43632104768158e-05
4.43628168614194e-05
4.43624232530078e-05
4.43620296515806e-05
4.43616360571378e-05
4.43612424696791e-05
4.43608488892043e-05
4.43604553157134e-05
4.4360061749206e-05
4.43596681896819e-05
4.43592746371411e-05
4.43588810915833e-05
4.43584875530084e-05
4.43580940214161e-05
4.43577004968062e-05
4.43573069791787e-05
4.43569134685332e-05
4.43565199648696e-05
4.43561264681878e-05
4.43557329784875e-05
4.43553394957685e-05
4.43549460200307e-05
4.43545525512739e-05
4.43541590894978e-05
4.43537656347024e-05
4.43533721868874e-05
4.43529787460526e-05
4.43525853121979e-05
4.4352191885323e-05
4.43517984654278e-05
4.43514050525121e-05
4.43510116465757e-05
4.43506182476184e-05
4.435022485564e-05
4.43498314706404e-05
4.43494380926194e-05
4.43490447215767e-05
4.43486513575122e-05
4.43482580004257e-05
4.43478646503171e-05
4.43474713071861e-05
4.43470779710325e-05
4.43466846418562e-05
4.43462913196569e-05
4.43458980044346e-05
4.43455046961889e-05
4.43451113949198e-05
4.4344718100627e-05
4.43443248133104e-05
4.43439315329697e-05
4.43435382596048e-05
4.43431449932155e-05
4.43427517338016e-05
4.43423584813629e-05
4.43419652358993e-05
4.43415719974105e-05
4.43411787658963e-05
4.43407855413567e-05
4.43403923237913e-05
4.43399991132e-05
4.43396059095827e-05
4.43392127129391e-05
4.4338819523269e-05
4.43384263405723e-05
4.43380331648488e-05
4.43376399960983e-05
4.43372468343206e-05
4.43368536795155e-05
4.43364605316828e-05
4.43360673908224e-05
4.43356742569341e-05
4.43352811300176e-05
4.43348880100729e-05
4.43344948970996e-05
4.43341017910977e-05
4.43337086920669e-05
4.43333156000071e-05
4.4332922514918e-05
4.43325294367995e-05
4.43321363656515e-05
4.43317433014736e-05
4.43313502442657e-05
4.43309571940277e-05
4.43305641507594e-05
4.43301711144605e-05
4.43297780851309e-05
4.43293850627704e-05
4.43289920473788e-05
4.4328599038956e-05
4.43282060375017e-05
4.43278130430157e-05
4.43274200554979e-05
4.43270270749481e-05
4.43266341013661e-05
4.43262411347518e-05
4.43258481751048e-05
4.43254552224251e-05
4.43250622767125e-05
4.43246693379667e-05
4.43242764061877e-05
4.43238834813751e-05
4.43234905635289e-05
4.43230976526487e-05
4.43227047487346e-05
4.43223118517862e-05
4.43219189618034e-05
4.43215260787859e-05
4.43211332027337e-05
4.43207403336465e-05
4.43203474715242e-05
4.43199546163665e-05
4.43195617681732e-05
4.43191689269443e-05
4.43187760926794e-05
4.43183832653785e-05
4.43179904450413e-05
4.43175976316676e-05
4.43172048252573e-05
4.43168120258101e-05
4.43164192333259e-05
4.43160264478046e-05
4.43156336692458e-05
4.43152408976495e-05
4.43148481330154e-05
4.43144553753434e-05
4.43140626246333e-05
4.43136698808849e-05
4.43132771440979e-05
4.43128844142723e-05
4.43124916914078e-05
4.43120989755043e-05
4.43117062665615e-05
4.43113135645793e-05
4.43109208695575e-05
4.43105281814959e-05
4.43101355003944e-05
4.43097428262526e-05
4.43093501590706e-05
4.4308957498848e-05
4.43085648455846e-05
4.43081721992804e-05
4.43077795599351e-05
4.43073869275486e-05
4.43069943021205e-05
4.43066016836509e-05
4.43062090721394e-05
4.43058164675859e-05
4.43054238699902e-05
4.43050312793521e-05
4.43046386956714e-05
4.4304246118948e-05
4.43038535491817e-05
4.43034609863723e-05
4.43030684305195e-05
4.43026758816232e-05
4.43022833396833e-05
4.43018908046995e-05
4.43014982766717e-05
4.43011057555997e-05
4.43007132414832e-05
4.43003207343221e-05
4.42999282341163e-05
4.42995357408654e-05
4.42991432545695e-05
4.42987507752281e-05
4.42983583028413e-05
4.42979658374087e-05
4.42975733789303e-05
4.42971809274058e-05
4.4296788482835e-05
4.42963960452178e-05
4.42960036145539e-05
4.42956111908432e-05
4.42952187740855e-05
4.42948263642807e-05
4.42944339614284e-05
4.42940415655286e-05
4.42936491765811e-05
4.42932567945856e-05
4.4292864419542e-05
4.42924720514501e-05
4.42920796903098e-05
4.42916873361208e-05
4.42912949888829e-05
4.4290902648596e-05
4.42905103152599e-05
4.42901179888743e-05
4.42897256694392e-05
4.42893333569543e-05
4.42889410514195e-05
4.42885487528345e-05
4.42881564611991e-05
4.42877641765133e-05
4.42873718987768e-05
4.42869796279894e-05
4.42865873641509e-05
4.42861951072612e-05
4.428580285732e-05
4.42854106143272e-05
4.42850183782826e-05
4.4284626149186e-05
4.42842339270373e-05
4.42838417118362e-05
4.42834495035825e-05
4.42830573022761e-05
4.42826651079169e-05
4.42822729205045e-05
4.42818807400388e-05
4.42814885665197e-05
4.42810963999469e-05
4.42807042403202e-05
4.42803120876396e-05
4.42799199419047e-05
4.42795278031155e-05
4.42791356712717e-05
4.42787435463731e-05
4.42783514284196e-05
4.4277959317411e-05
4.4277567213347e-05
4.42771751162276e-05
4.42767830260525e-05
4.42763909428215e-05
4.42759988665344e-05
4.42756067971912e-05
4.42752147347915e-05
4.42748226793352e-05
4.42744306308221e-05
4.4274038589252e-05
4.42736465546248e-05
4.42732545269403e-05
4.42728625061982e-05
4.42724704923984e-05
4.42720784855407e-05
4.4271686485625e-05
4.4271294492651e-05
4.42709025066185e-05
4.42705105275274e-05
4.42701185553775e-05
4.42697265901686e-05
4.42693346319005e-05
4.4268942680573e-05
4.4268550736186e-05
4.42681587987392e-05
4.42677668682326e-05
4.42673749446658e-05
4.42669830280387e-05
4.42665911183512e-05
4.4266199215603e-05
4.42658073197939e-05
4.42654154309238e-05
4.42650235489925e-05
4.42646316739998e-05
4.42642398059456e-05
4.42638479448295e-05
4.42634560906516e-05
4.42630642434114e-05
4.4262672403109e-05
4.42622805697441e-05
4.42618887433165e-05
4.4261496923826e-05
4.42611051112724e-05
4.42607133056556e-05
4.42603215069754e-05
4.42599297152316e-05
4.4259537930424e-05
4.42591461525524e-05
4.42587543816167e-05
4.42583626176166e-05
4.4257970860552e-05
4.42575791104227e-05
4.42571873672284e-05
4.42567956309691e-05
4.42564039016446e-05
4.42560121792546e-05
4.42556204637989e-05
4.42552287552774e-05
4.425483705369e-05
4.42544453590363e-05
4.42540536713163e-05
4.42536619905297e-05
4.42532703166764e-05
4.42528786497562e-05
4.42524869897688e-05
4.42520953367142e-05
4.42517036905921e-05
4.42513120514023e-05
4.42509204191447e-05
4.42505287938191e-05
4.42501371754252e-05
4.4249745563963e-05
4.42493539594322e-05
4.42489623618326e-05
4.42485707711641e-05
4.42481791874264e-05
4.42477876106195e-05
4.4247396040743e-05
4.42470044777969e-05
4.42466129217808e-05
4.42462213726948e-05
4.42458298305385e-05
4.42454382953118e-05
4.42450467670144e-05
4.42446552456463e-05
4.42442637312072e-05
4.4243872223697e-05
4.42434807231155e-05
4.42430892294624e-05
4.42426977427376e-05
4.42423062629409e-05
4.42419147900721e-05
4.42415233241311e-05
4.42411318651176e-05
4.42407404130316e-05
4.42403489678727e-05
4.42399575296408e-05
4.42395660983357e-05
4.42391746739573e-05
4.42387832565053e-05
4.42383918459796e-05
4.423800044238e-05
4.42376090457063e-05
4.42372176559583e-05
4.42368262731359e-05
4.42364348972388e-05
4.42360435282668e-05
4.42356521662199e-05
4.42352608110977e-05
4.42348694629002e-05
4.42344781216271e-05
4.42340867872783e-05
4.42336954598535e-05
4.42333041393526e-05
4.42329128257754e-05
4.42325215191217e-05
4.42321302193914e-05
4.42317389265842e-05
4.42313476406999e-05
4.42309563617385e-05
4.42305650896996e-05
4.42301738245831e-05
4.42297825663889e-05
4.42293913151167e-05
4.42290000707664e-05
4.42286088333378e-05
4.42282176028306e-05
4.42278263792448e-05
4.42274351625801e-05
4.42270439528363e-05
4.42266527500133e-05
4.42262615541108e-05
4.42258703651288e-05
4.42254791830669e-05
4.42250880079251e-05
4.42246968397032e-05
4.42243056784008e-05
4.4223914524018e-05
4.42235233765545e-05
4.422313223601e-05
4.42227411023845e-05
4.42223499756777e-05
4.42219588558895e-05
4.42215677430196e-05
4.4221176637068e-05
4.42207855380343e-05
4.42203944459185e-05
4.42200033607203e-05
4.42196122824395e-05
4.4219221211076e-05
4.42188301466296e-05
4.42184390891002e-05
4.42180480384874e-05
4.42176569947912e-05
4.42172659580113e-05
4.42168749281476e-05
4.42164839051999e-05
4.42160928891679e-05
4.42157018800516e-05
4.42153108778508e-05
4.42149198825652e-05
4.42145288941946e-05
4.4214137912739e-05
4.4213746938198e-05
4.42133559705716e-05
4.42129650098595e-05
4.42125740560615e-05
4.42121831091776e-05
4.42117921692074e-05
4.42114012361508e-05
4.42110103100076e-05
4.42106193907777e-05
4.42102284784608e-05
4.42098375730568e-05
4.42094466745654e-05
4.42090557829866e-05
4.42086648983201e-05
4.42082740205657e-05
4.42078831497233e-05
4.42074922857926e-05
4.42071014287735e-05
4.42067105786658e-05
4.42063197354694e-05
4.4205928899184e-05
4.42055380698094e-05
4.42051472473455e-05
4.42047564317921e-05
4.42043656231489e-05
4.42039748214159e-05
4.42035840265929e-05
4.42031932386796e-05
4.42028024576758e-05
4.42024116835815e-05
4.42020209163963e-05
4.42016301561202e-05
4.42012394027529e-05
4.42008486562942e-05
4.4200457916744e-05
4.42000671841021e-05
4.41996764583683e-05
4.41992857395424e-05
4.41988950276243e-05
4.41985043226137e-05
4.41981136245105e-05
4.41977229333145e-05
4.41973322490254e-05
4.41969415716432e-05
4.41965509011677e-05
4.41961602375986e-05
4.41957695809357e-05
4.4195378931179e-05
4.41949882883281e-05
4.4194597652383e-05
4.41942070233434e-05
4.41938164012091e-05
4.41934257859801e-05
4.4193035177656e-05
4.41926445762367e-05
4.41922539817221e-05
4.41918633941119e-05
4.41914728134059e-05
4.4191082239604e-05
4.41906916727061e-05
4.41903011127118e-05
4.4189910559621e-05
4.41895200134336e-05
4.41891294741494e-05
4.41887389417681e-05
4.41883484162896e-05
4.41879578977137e-05
4.41875673860403e-05
4.41871768812691e-05
4.41867863833999e-05
4.41863958924326e-05
4.41860054083671e-05
4.4185614931203e-05
4.41852244609403e-05
4.41848339975787e-05
4.4184443541118e-05
4.41840530915582e-05
4.41836626488989e-05
4.41832722131401e-05
4.41828817842815e-05
4.41824913623229e-05
4.41821009472642e-05
4.41817105391052e-05
4.41813201378457e-05
4.41809297434855e-05
4.41805393560245e-05
4.41801489754623e-05
4.4179758601799e-05
4.41793682350342e-05
4.41789778751679e-05
4.41785875221997e-05
4.41781971761296e-05
4.41778068369574e-05
4.41774165046828e-05
4.41770261793057e-05
4.41766358608259e-05
4.41762455492433e-05
4.41758552445575e-05
4.41754649467686e-05
4.41750746558762e-05
4.41746843718802e-05
4.41742940947804e-05
4.41739038245766e-05
4.41735135612687e-05
4.41731233048564e-05
4.41727330553396e-05
4.41723428127181e-05
4.41719525769917e-05
4.41715623481603e-05
4.41711721262235e-05
4.41707819111814e-05
4.41703917030336e-05
4.417000150178e-05
4.41696113074205e-05
4.41692211199548e-05
4.41688309393827e-05
4.41684407657041e-05
4.41680505989188e-05
4.41676604390265e-05
4.41672702860272e-05
4.41668801399207e-05
4.41664900007067e-05
4.4166099868385e-05
4.41657097429556e-05
4.41653196244181e-05
4.41649295127725e-05
4.41645394080185e-05
4.4164149310156e-05
4.41637592191847e-05
4.41633691351046e-05
4.41629790579153e-05
4.41625889876168e-05
4.41621989242088e-05
4.41618088676912e-05
4.41614188180638e-05
4.41610287753264e-05
4.41606387394787e-05
4.41602487105207e-05
4.41598586884522e-05
4.41594686732729e-05
4.41590786649827e-05
4.41586886635814e-05
4.41582986690689e-05
4.41579086814448e-05
4.41575187007092e-05
4.41571287268617e-05
4.41567387599022e-05
4.41563487998304e-05
4.41559588466464e-05
4.41555689003497e-05
4.41551789609403e-05
4.4154789028418e-05
4.41543991027826e-05
4.41540091840339e-05
4.41536192721717e-05
4.41532293671959e-05
4.41528394691063e-05
4.41524495779026e-05
4.41520596935847e-05
4.41516698161524e-05
4.41512799456056e-05
4.41508900819441e-05
4.41505002251676e-05
4.41501103752759e-05
4.4149720532269e-05
4.41493306961466e-05
4.41489408669086e-05
4.41485510445547e-05
4.41481612290848e-05
4.41477714204987e-05
4.41473816187962e-05
4.41469918239771e-05
4.41466020360413e-05
4.41462122549885e-05
4.41458224808186e-05
4.41454327135315e-05
4.41450429531268e-05
4.41446531996045e-05
4.41442634529643e-05
4.41438737132061e-05
4.41434839803297e-05
4.41430942543349e-05
4.41427045352215e-05
4.41423148229893e-05
4.41419251176382e-05
4.4141535419168e-05
4.41411457275785e-05
4.41407560428695e-05
4.41403663650408e-05
4.41399766940923e-05
4.41395870300237e-05
4.4139197372835e-05
4.41388077225258e-05
4.4138418079096e-05
4.41380284425455e-05
4.41376388128741e-05
4.41372491900815e-05
4.41368595741676e-05
4.41364699651322e-05
4.41360803629751e-05
4.41356907676962e-05
4.41353011792952e-05
4.41349115977721e-05
4.41345220231265e-05
4.41341324553583e-05
4.41337428944674e-05
4.41333533404535e-05
4.41329637933165e-05
4.41325742530562e-05
4.41321847196724e-05
4.41317951931649e-05
4.41314056735335e-05
4.41310161607781e-05
4.41306266548985e-05
4.41302371558945e-05
4.41298476637659e-05
4.41294581785125e-05
4.41290687001342e-05
4.41286792286307e-05
4.41282897640019e-05
4.41279003062476e-05
4.41275108553677e-05
4.41271214113619e-05
4.412673197423e-05
4.41263425439719e-05
4.41259531205874e-05
4.41255637040763e-05
4.41251742944385e-05
4.41247848916737e-05
4.41243954957817e-05
4.41240061067624e-05
4.41236167246157e-05
4.41232273493412e-05
4.41228379809389e-05
4.41224486194086e-05
4.412205926475e-05
4.4121669916963e-05
4.41212805760474e-05
4.41208912420031e-05
4.41205019148298e-05
4.41201125945273e-05
4.41197232810956e-05
4.41193339745343e-05
4.41189446748434e-05
4.41185553820226e-05
4.41181660960717e-05
4.41177768169906e-05
4.41173875447792e-05
4.41169982794371e-05
4.41166090209642e-05
4.41162197693604e-05
4.41158305246255e-05
4.41154412867592e-05
4.41150520557614e-05
4.4114662831632e-05
4.41142736143707e-05
4.41138844039773e-05
4.41134952004517e-05
4.41131060037937e-05
4.41127168140031e-05
4.41123276310798e-05
4.41119384550235e-05
4.4111549285834e-05
4.41111601235113e-05
4.4110770968055e-05
4.4110381819465e-05
4.41099926777412e-05
4.41096035428834e-05
4.41092144148913e-05
4.41088252937648e-05
4.41084361795037e-05
4.41080470721078e-05
4.4107657971577e-05
4.41072688779111e-05
4.41068797911098e-05
4.41064907111731e-05
4.41061016381006e-05
4.41057125718923e-05
4.4105323512548e-05
4.41049344600674e-05
4.41045454144504e-05
4.41041563756968e-05
4.41037673438065e-05
4.41033783187792e-05
4.41029893006148e-05
4.41026002893131e-05
4.41022112848738e-05
4.41018222872969e-05
4.41014332965821e-05
4.41010443127293e-05
4.41006553357383e-05
4.41002663656089e-05
4.40998774023408e-05
4.4099488445934e-05
4.40990994963883e-05
4.40987105537034e-05
4.40983216178792e-05
4.40979326889155e-05
4.40975437668122e-05
4.4097154851569e-05
4.40967659431857e-05
4.40963770416623e-05
4.40959881469984e-05
4.40955992591939e-05
4.40952103782487e-05
4.40948215041625e-05
4.40944326369353e-05
4.40940437765667e-05
4.40936549230566e-05
4.40932660764048e-05
4.40928772366112e-05
4.40924884036756e-05
4.40920995775977e-05
4.40917107583774e-05
4.40913219460146e-05
4.4090933140509e-05
4.40905443418604e-05
4.40901555500688e-05
4.40897667651338e-05
4.40893779870554e-05
4.40889892158332e-05
4.40886004514673e-05
4.40882116939573e-05
4.40878229433031e-05
4.40874341995045e-05
4.40870454625613e-05
4.40866567324734e-05
4.40862680092405e-05
4.40858792928625e-05
4.40854905833392e-05
4.40851018806704e-05
4.4084713184856e-05
4.40843244958958e-05
4.40839358137895e-05
4.4083547138537e-05
4.40831584701381e-05
4.40827698085926e-05
4.40823811539004e-05
4.40819925060613e-05
4.4081603865075e-05
4.40812152309415e-05
4.40808266036605e-05
4.40804379832318e-05
4.40800493696553e-05
4.40796607629308e-05
4.4079272163058e-05
4.40788835700369e-05
4.40784949838673e-05
4.40781064045489e-05
4.40777178320815e-05
4.40773292664651e-05
4.40769407076994e-05
4.40765521557842e-05
4.40761636107193e-05
4.40757750725047e-05
4.407538654114e-05
4.40749980166251e-05
4.40746094989598e-05
4.4074220988144e-05
4.40738324841775e-05
4.407344398706e-05
4.40730554967915e-05
4.40726670133716e-05
4.40722785368004e-05
4.40718900670774e-05
4.40715016042027e-05
4.40711131481759e-05
4.40707246989969e-05
4.40703362566656e-05
4.40699478211818e-05
4.40695593925452e-05
4.40691709707557e-05
4.40687825558131e-05
4.40683941477173e-05
4.4068005746468e-05
4.4067617352065e-05
4.40672289645083e-05
4.40668405837975e-05
4.40664522099326e-05
4.40660638429133e-05
4.40656754827395e-05
4.40652871294109e-05
4.40648987829275e-05
4.4064510443289e-05
4.40641221104952e-05
4.4063733784546e-05
4.40633454654411e-05
4.40629571531805e-05
4.40625688477638e-05
4.4062180549191e-05
4.40617922574619e-05
4.40614039725762e-05
4.40610156945338e-05
4.40606274233345e-05
4.40602391589782e-05
4.40598509014645e-05
4.40594626507935e-05
4.40590744069649e-05
4.40586861699784e-05
4.4058297939834e-05
4.40579097165314e-05
4.40575215000705e-05
4.40571332904511e-05
4.40567450876729e-05
4.40563568917359e-05
4.40559687026398e-05
4.40555805203845e-05
4.40551923449698e-05
4.40548041763954e-05
4.40544160146613e-05
4.40540278597672e-05
4.4053639711713e-05
4.40532515704984e-05
4.40528634361234e-05
4.40524753085876e-05
4.4052087187891e-05
4.40516990740333e-05
4.40513109670144e-05
4.40509228668341e-05
4.40505347734922e-05
4.40501466869885e-05
4.40497586073228e-05
4.40493705344951e-05
4.4048982468505e-05
4.40485944093524e-05
4.40482063570371e-05
4.4047818311559e-05
4.40474302729179e-05
4.40470422411135e-05
4.40466542161457e-05
4.40462661980144e-05
4.40458781867193e-05
4.40454901822602e-05
4.40451021846371e-05
4.40447141938496e-05
4.40443262098976e-05
4.4043938232781e-05
4.40435502624996e-05
4.40431622990531e-05
4.40427743424414e-05
4.40423863926643e-05
4.40419984497217e-05
4.40416105136133e-05
4.40412225843389e-05
4.40408346618985e-05
4.40404467462918e-05
4.40400588375186e-05
4.40396709355788e-05
4.40392830404721e-05
4.40388951521984e-05
4.40385072707576e-05
4.40381193961493e-05
4.40377315283735e-05
4.403734366743e-05
4.40369558133185e-05
4.4036567966039e-05
4.40361801255912e-05
4.40357922919749e-05
4.403540446519e-05
4.40350166452363e-05
4.40346288321136e-05
4.40342410258217e-05
4.40338532263604e-05
4.40334654337296e-05
4.40330776479291e-05
4.40326898689587e-05
4.40323020968182e-05
4.40319143315075e-05
4.40315265730263e-05
4.40311388213745e-05
4.40307510765519e-05
4.40303633385583e-05
4.40299756073935e-05
4.40295878830574e-05
4.40292001655498e-05
4.40288124548705e-05
4.40284247510193e-05
4.4028037053996e-05
4.40276493638005e-05
4.40272616804325e-05
4.4026874003892e-05
4.40264863341786e-05
4.40260986712923e-05
4.40257110152329e-05
4.40253233660001e-05
4.40249357235938e-05
4.40245480880139e-05
4.402416045926e-05
4.40237728373322e-05
4.402338522223e-05
4.40229976139535e-05
4.40226100125024e-05
4.40222224178765e-05
4.40218348300757e-05
4.40214472490998e-05
4.40210596749485e-05
4.40206721076217e-05
4.40202845471193e-05
4.4019896993441e-05
4.40195094465867e-05
4.40191219065562e-05
4.40187343733493e-05
4.40183468469658e-05
4.40179593274056e-05
4.40175718146684e-05
4.40171843087541e-05
4.40167968096626e-05
4.40164093173935e-05
4.40160218319468e-05
4.40156343533223e-05
4.40152468815198e-05
4.4014859416539e-05
4.40144719583799e-05
4.40140845070423e-05
4.40136970625259e-05
4.40133096248305e-05
4.40129221939561e-05
4.40125347699025e-05
4.40121473526693e-05
4.40117599422566e-05
4.4011372538664e-05
4.40109851418914e-05
4.40105977519387e-05
4.40102103688056e-05
4.40098229924919e-05
4.40094356229976e-05
4.40090482603223e-05
4.4008660904466e-05
4.40082735554284e-05
4.40078862132094e-05
4.40074988778088e-05
4.40071115492264e-05
4.4006724227462e-05
4.40063369125154e-05
4.40059496043865e-05
4.40055623030751e-05
4.4005175008581e-05
4.4004787720904e-05
4.4004400440044e-05
4.40040131660007e-05
4.40036258987741e-05
4.40032386383638e-05
4.40028513847697e-05
4.40024641379917e-05
4.40020768980296e-05
4.40016896648831e-05
4.40013024385522e-05
4.40009152190366e-05
4.40005280063361e-05
4.40001408004506e-05
4.39997536013798e-05
4.39993664091237e-05
4.3998979223682e-05
4.39985920450546e-05
4.39982048732412e-05
4.39978177082417e-05
4.39974305500559e-05
4.39970433986836e-05
4.39966562541247e-05
4.39962691163789e-05
4.39958819854462e-05
4.39954948613262e-05
4.39951077440189e-05
4.3994720633524e-05
4.39943335298414e-05
4.39939464329708e-05
4.39935593429122e-05
4.39931722596653e-05
4.399278518323e-05
4.3992398113606e-05
4.39920110507932e-05
4.39916239947914e-05
4.39912369456004e-05
4.39908499032201e-05
4.39904628676503e-05
4.39900758388907e-05
4.39896888169413e-05
4.39893018018018e-05
4.3988914793472e-05
4.39885277919519e-05
4.39881407972411e-05
4.39877538093395e-05
4.39873668282469e-05
4.39869798539632e-05
4.39865928864882e-05
4.39862059258217e-05
4.39858189719634e-05
4.39854320249133e-05
4.39850450846712e-05
4.39846581512368e-05
4.39842712246101e-05
4.39838843047907e-05
4.39834973917786e-05
4.39831104855735e-05
4.39827235861754e-05
4.39823366935839e-05
4.39819498077989e-05
4.39815629288202e-05
4.39811760566478e-05
4.39807891912812e-05
4.39804023327205e-05
4.39800154809654e-05
4.39796286360158e-05
4.39792417978714e-05
4.39788549665321e-05
4.39784681419977e-05
4.3978081324268e-05
4.39776945133428e-05
4.3977307709222e-05
4.39769209119054e-05
4.39765341213928e-05
4.3976147337684e-05
4.39757605607789e-05
4.39753737906772e-05
4.39749870273788e-05
4.39746002708835e-05
4.39742135211912e-05
4.39738267783016e-05
4.39734400422145e-05
4.39730533129298e-05
4.39726665904474e-05
4.39722798747669e-05
4.39718931658884e-05
4.39715064638115e-05
4.3971119768536e-05
4.39707330800619e-05
4.39703463983889e-05
4.39699597235169e-05
4.39695730554456e-05
4.3969186394175e-05
4.39687997397047e-05
4.39684130920347e-05
4.39680264511647e-05
4.39676398170946e-05
4.39672531898242e-05
4.39668665693533e-05
4.39664799556818e-05
4.39660933488094e-05
4.3965706748736e-05
4.39653201554614e-05
4.39649335689854e-05
4.39645469893078e-05
4.39641604164285e-05
4.39637738503473e-05
4.3963387291064e-05
4.39630007385784e-05
4.39626141928904e-05
4.39622276539997e-05
4.39618411219062e-05
4.39614545966097e-05
4.396106807811e-05
4.3960681566407e-05
4.39602950615005e-05
4.39599085633902e-05
4.3959522072076e-05
4.39591355875578e-05
4.39587491098353e-05
4.39583626389084e-05
4.39579761747769e-05
4.39575897174406e-05
4.39572032668993e-05
4.39568168231529e-05
4.39564303862012e-05
4.3956043956044e-05
4.3955657532681e-05
4.39552711161122e-05
4.39548847063374e-05
4.39544983033564e-05
4.39541119071689e-05
4.39537255177749e-05
4.39533391351741e-05
4.39529527593664e-05
4.39525663903515e-05
4.39521800281294e-05
4.39517936726998e-05
4.39514073240625e-05
4.39510209822174e-05
4.39506346471643e-05
4.3950248318903e-05
4.39498619974333e-05
4.39494756827551e-05
4.39490893748682e-05
4.39487030737723e-05
4.39483167794673e-05
4.39479304919531e-05
4.39475442112295e-05
4.39471579372962e-05
4.39467716701531e-05
4.39463854098e-05
4.39459991562368e-05
4.39456129094632e-05
4.39452266694792e-05
4.39448404362844e-05
4.39444542098787e-05
4.3944067990262e-05
4.3943681777434e-05
4.39432955713947e-05
4.39429093721437e-05
4.3942523179681e-05
4.39421369940063e-05
4.39417508151195e-05
4.39413646430204e-05
4.39409784777087e-05
4.39405923191845e-05
4.39402061674473e-05
4.39398200224972e-05
4.39394338843338e-05
4.39390477529571e-05
4.39386616283668e-05
4.39382755105628e-05
4.39378893995448e-05
4.39375032953128e-05
4.39371171978664e-05
4.39367311072056e-05
4.39363450233302e-05
4.393595894624e-05
4.39355728759347e-05
4.39351868124143e-05
4.39348007556786e-05
4.39344147057273e-05
4.39340286625603e-05
4.39336426261774e-05
4.39332565965785e-05
4.39328705737633e-05
4.39324845577317e-05
4.39320985484835e-05
4.39317125460185e-05
4.39313265503365e-05
4.39309405614374e-05
4.3930554579321e-05
4.39301686039871e-05
4.39297826354355e-05
4.39293966736661e-05
4.39290107186786e-05
4.39286247704729e-05
4.39282388290489e-05
4.39278528944062e-05
4.39274669665448e-05
4.39270810454645e-05
4.39266951311651e-05
4.39263092236464e-05
4.39259233229082e-05
4.39255374289504e-05
4.39251515417728e-05
4.39247656613752e-05
4.39243797877574e-05
4.39239939209192e-05
4.39236080608606e-05
4.39232222075812e-05
4.39228363610809e-05
4.39224505213595e-05
4.39220646884169e-05
4.39216788622528e-05
4.39212930428672e-05
4.39209072302597e-05
4.39205214244304e-05
4.39201356253788e-05
4.3919749833105e-05
4.39193640476086e-05
4.39189782688895e-05
4.39185924969477e-05
4.39182067317827e-05
4.39178209733946e-05
4.39174352217831e-05
4.39170494769479e-05
4.39166637388891e-05
4.39162780076063e-05
4.39158922830994e-05
4.39155065653682e-05
4.39151208544126e-05
4.39147351502323e-05
4.39143494528272e-05
4.39139637621971e-05
4.39135780783418e-05
4.39131924012612e-05
4.3912806730955e-05
4.39124210674231e-05
4.39120354106654e-05
4.39116497606815e-05
4.39112641174714e-05
4.39108784810349e-05
4.39104928513718e-05
4.39101072284818e-05
4.3909721612365e-05
4.3909336003021e-05
4.39089504004496e-05
4.39085648046508e-05
4.39081792156243e-05
4.39077936333699e-05
4.39074080578875e-05
4.39070224891769e-05
4.39066369272379e-05
4.39062513720704e-05
4.3905865823674e-05
4.39054802820488e-05
4.39050947471945e-05
4.39047092191108e-05
4.39043236977978e-05
4.3903938183255e-05
4.39035526754825e-05
4.390316717448e-05
4.39027816802473e-05
4.39023961927842e-05
4.39020107120906e-05
4.39016252381663e-05
4.39012397710111e-05
4.39008543106249e-05
4.39004688570074e-05
4.39000834101585e-05
4.3899697970078e-05
4.38993125367657e-05
4.38989271102214e-05
4.3898541690445e-05
4.38981562774364e-05
4.38977708711952e-05
4.38973854717213e-05
4.38970000790146e-05
4.38966146930749e-05
4.38962293139019e-05
4.38958439414956e-05
4.38954585758557e-05
4.38950732169821e-05
4.38946878648746e-05
4.3894302519533e-05
4.38939171809571e-05
4.38935318491467e-05
4.38931465241017e-05
4.38927612058219e-05
4.38923758943072e-05
4.38919905895572e-05
4.38916052915719e-05
4.38912200003511e-05
4.38908347158946e-05
4.38904494382022e-05
4.38900641672738e-05
4.38896789031091e-05
4.38892936457081e-05
4.38889083950704e-05
4.3888523151196e-05
4.38881379140846e-05
4.38877526837361e-05
4.38873674601503e-05
4.3886982243327e-05
4.3886597033266e-05
4.38862118299673e-05
4.38858266334305e-05
4.38854414436555e-05
4.38850562606421e-05
4.38846710843902e-05
4.38842859148996e-05
4.38839007521701e-05
4.38835155962014e-05
4.38831304469936e-05
4.38827453045463e-05
4.38823601688593e-05
4.38819750399326e-05
4.38815899177659e-05
4.38812048023591e-05
4.38808196937119e-05
4.38804345918242e-05
4.38800494966958e-05
4.38796644083266e-05
4.38792793267163e-05
4.38788942518649e-05
4.3878509183772e-05
4.38781241224375e-05
4.38777390678613e-05
4.38773540200432e-05
4.38769689789829e-05
4.38765839446804e-05
4.38761989171354e-05
4.38758138963478e-05
4.38754288823173e-05
4.38750438750439e-05
4.38746588745273e-05
4.38742738807673e-05
4.38738888937638e-05
4.38735039135166e-05
4.38731189400254e-05
4.38727339732903e-05
4.38723490133109e-05
4.3871964060087e-05
4.38715791136186e-05
4.38711941739054e-05
4.38708092409473e-05
4.3870424314744e-05
4.38700393952954e-05
4.38696544826013e-05
4.38692695766615e-05
4.3868884677476e-05
4.38684997850444e-05
4.38681148993665e-05
4.38677300204424e-05
4.38673451482716e-05
4.38669602828542e-05
4.38665754241898e-05
4.38661905722783e-05
4.38658057271196e-05
4.38654208887134e-05
4.38650360570596e-05
4.38646512321581e-05
4.38642664140085e-05
4.38638816026108e-05
4.38634967979647e-05
4.38631120000702e-05
4.38627272089269e-05
4.38623424245348e-05
4.38619576468937e-05
4.38615728760033e-05
4.38611881118636e-05
4.38608033544742e-05
4.38604186038352e-05
4.38600338599461e-05
4.3859649122807e-05
4.38592643924176e-05
4.38588796687777e-05
4.38584949518872e-05
4.38581102417459e-05
4.38577255383536e-05
4.38573408417101e-05
4.38569561518152e-05
4.38565714686689e-05
4.38561867922708e-05
4.38558021226208e-05
4.38554174597188e-05
4.38550328035645e-05
4.38546481541579e-05
4.38542635114986e-05
4.38538788755865e-05
4.38534942464216e-05
4.38531096240034e-05
4.3852725008332e-05
4.38523403994071e-05
4.38519557972286e-05
4.38515712017962e-05
4.38511866131097e-05
4.38508020311691e-05
4.38504174559742e-05
4.38500328875247e-05
4.38496483258204e-05
4.38492637708613e-05
4.38488792226471e-05
4.38484946811776e-05
4.38481101464527e-05
4.38477256184722e-05
4.38473410972359e-05
4.38469565827436e-05
4.38465720749952e-05
4.38461875739904e-05
4.38458030797292e-05
4.38454185922113e-05
4.38450341114365e-05
4.38446496374047e-05
4.38442651701157e-05
4.38438807095694e-05
4.38434962557654e-05
4.38431118087037e-05
4.38427273683841e-05
4.38423429348064e-05
4.38419585079705e-05
4.3841574087876e-05
4.3841189674523e-05
4.38408052679112e-05
4.38404208680403e-05
4.38400364749103e-05
4.3839652088521e-05
4.38392677088722e-05
4.38388833359637e-05
4.38384989697953e-05
4.38381146103668e-05
4.38377302576782e-05
4.38373459117291e-05
4.38369615725195e-05
4.38365772400491e-05
4.38361929143178e-05
4.38358085953254e-05
4.38354242830716e-05
4.38350399775565e-05
4.38346556787796e-05
4.3834271386741e-05
4.38338871014404e-05
4.38335028228776e-05
4.38331185510524e-05
4.38327342859648e-05
4.38323500276144e-05
4.38319657760011e-05
4.38315815311248e-05
4.38311972929853e-05
4.38308130615823e-05
4.38304288369157e-05
4.38300446189854e-05
4.38296604077912e-05
4.38292762033328e-05
4.38288920056101e-05
4.38285078146229e-05
4.38281236303711e-05
4.38277394528545e-05
4.38273552820729e-05
4.3826971118026e-05
4.38265869607138e-05
4.38262028101361e-05
4.38258186662927e-05
4.38254345291834e-05
4.3825050398808e-05
4.38246662751663e-05
4.38242821582583e-05
4.38238980480836e-05
4.38235139446421e-05
4.38231298479337e-05
4.38227457579582e-05
4.38223616747154e-05
4.38219775982051e-05
4.38215935284271e-05
4.38212094653812e-05
4.38208254090674e-05
4.38204413594854e-05
4.3820057316635e-05
4.3819673280516e-05
4.38192892511283e-05
4.38189052284718e-05
4.38185212125461e-05
4.38181372033512e-05
4.38177532008869e-05
4.38173692051529e-05
4.38169852161492e-05
4.38166012338755e-05
4.38162172583317e-05
4.38158332895175e-05
4.38154493274329e-05
4.38150653720775e-05
4.38146814234514e-05
4.38142974815542e-05
4.38139135463858e-05
4.3813529617946e-05
4.38131456962347e-05
4.38127617812516e-05
4.38123778729967e-05
4.38119939714696e-05
4.38116100766703e-05
4.38112261885986e-05
4.38108423072542e-05
4.3810458432637e-05
4.38100745647469e-05
4.38096907035836e-05
4.3809306849147e-05
4.38089230014369e-05
4.38085391604532e-05
4.38081553261955e-05
4.38077714986639e-05
4.3807387677858e-05
4.38070038637777e-05
4.38066200564229e-05
4.38062362557934e-05
4.38058524618889e-05
4.38054686747094e-05
4.38050848942545e-05
4.38047011205243e-05
4.38043173535184e-05
4.38039335932367e-05
4.3803549839679e-05
4.38031660928452e-05
4.3802782352735e-05
4.38023986193484e-05
4.38020148926851e-05
4.38016311727449e-05
4.38012474595276e-05
4.38008637530332e-05
4.38004800532614e-05
4.3800096360212e-05
4.37997126738849e-05
4.37993289942798e-05
4.37989453213967e-05
4.37985616552352e-05
4.37981779957954e-05
4.37977943430769e-05
4.37974106970796e-05
4.37970270578033e-05
4.37966434252479e-05
4.37962597994131e-05
4.37958761802989e-05
4.37954925679049e-05
4.37951089622311e-05
4.37947253632772e-05
4.37943417710432e-05
4.37939581855287e-05
4.37935746067337e-05
4.37931910346579e-05
4.37928074693012e-05
4.37924239106635e-05
4.37920403587444e-05
4.37916568135439e-05
4.37912732750617e-05
4.37908897432978e-05
4.37905062182519e-05
4.37901226999238e-05
4.37897391883134e-05
4.37893556834205e-05
4.37889721852449e-05
4.37885886937864e-05
4.37882052090449e-05
4.37878217310202e-05
4.37874382597121e-05
4.37870547951204e-05
4.37866713372449e-05
4.37862878860856e-05
4.37859044416421e-05
4.37855210039144e-05
4.37851375729023e-05
4.37847541486055e-05
4.37843707310239e-05
4.37839873201573e-05
4.37836039160055e-05
4.37832205185685e-05
4.37828371278459e-05
4.37824537438376e-05
4.37820703665435e-05
4.37816869959633e-05
4.37813036320969e-05
4.37809202749442e-05
4.37805369245048e-05
4.37801535807788e-05
4.37797702437658e-05
4.37793869134657e-05
4.37790035898783e-05
4.37786202730035e-05
4.3778236962841e-05
4.37778536593908e-05
4.37774703626526e-05
4.37770870726262e-05
4.37767037893115e-05
4.37763205127083e-05
4.37759372428164e-05
4.37755539796356e-05
4.37751707231658e-05
4.37747874734068e-05
4.37744042303584e-05
4.37740209940205e-05
4.37736377643928e-05
4.37732545414752e-05
4.37728713252675e-05
4.37724881157695e-05
4.37721049129811e-05
4.3771721716902e-05
4.37713385275322e-05
4.37709553448714e-05
4.37705721689194e-05
4.37701889996761e-05
4.37698058371413e-05
4.37694226813148e-05
4.37690395321965e-05
4.37686563897861e-05
4.37682732540836e-05
4.37678901250886e-05
4.37675070028011e-05
4.37671238872209e-05
4.37667407783477e-05
4.37663576761815e-05
4.3765974580722e-05
4.3765591491969e-05
4.37652084099224e-05
4.37648253345821e-05
4.37644422659478e-05
4.37640592040193e-05
4.37636761487965e-05
4.37632931002792e-05
4.37629100584673e-05
4.37625270233604e-05
4.37621439949586e-05
4.37617609732616e-05
4.37613779582692e-05
4.37609949499812e-05
4.37606119483975e-05
4.37602289535179e-05
4.37598459653422e-05
4.37594629838703e-05
4.37590800091019e-05
4.37586970410369e-05
4.37583140796751e-05
4.37579311250164e-05
4.37575481770605e-05
4.37571652358074e-05
4.37567823012567e-05
4.37563993734084e-05
4.37560164522622e-05
4.3755633537818e-05
4.37552506300756e-05
4.37548677290349e-05
4.37544848346956e-05
4.37541019470575e-05
4.37537190661206e-05
4.37533361918846e-05
4.37529533243494e-05
4.37525704635147e-05
4.37521876093805e-05
4.37518047619464e-05
4.37514219212124e-05
4.37510390871783e-05
4.37506562598439e-05
4.3750273439209e-05
4.37498906252734e-05
4.3749507818037e-05
4.37491250174997e-05
4.37487422236611e-05
4.37483594365211e-05
4.37479766560797e-05
4.37475938823365e-05
4.37472111152914e-05
4.37468283549443e-05
4.37464456012949e-05
4.37460628543431e-05
4.37456801140887e-05
4.37452973805316e-05
4.37449146536715e-05
4.37445319335083e-05
4.37441492200418e-05
4.37437665132719e-05
4.37433838131983e-05
4.37430011198208e-05
4.37426184331394e-05
4.37422357531538e-05
4.37418530798639e-05
4.37414704132694e-05
4.37410877533703e-05
4.37407051001662e-05
4.37403224536571e-05
4.37399398138428e-05
4.37395571807231e-05
4.37391745542978e-05
4.37387919345668e-05
4.37384093215298e-05
4.37380267151867e-05
4.37376441155374e-05
4.37372615225815e-05
4.37368789363191e-05
4.37364963567499e-05
4.37361137838736e-05
4.37357312176902e-05
4.37353486581995e-05
4.37349661054013e-05
4.37345835592953e-05
4.37342010198816e-05
4.37338184871598e-05
4.37334359611297e-05
4.37330534417913e-05
4.37326709291443e-05
4.37322884231886e-05
4.3731905923924e-05
4.37315234313503e-05
4.37311409454673e-05
4.37307584662748e-05
4.37303759937728e-05
4.3729993527961e-05
4.37296110688392e-05
4.37292286164072e-05
4.37288461706649e-05
4.37284637316122e-05
4.37280812992488e-05
4.37276988735745e-05
4.37273164545892e-05
4.37269340422927e-05
4.37265516366848e-05
4.37261692377654e-05
4.37257868455343e-05
4.37254044599913e-05
4.37250220811362e-05
4.37246397089688e-05
4.3724257343489e-05
4.37238749846966e-05
4.37234926325915e-05
4.37231102871734e-05
4.37227279484422e-05
4.37223456163976e-05
4.37219632910396e-05
4.3721580972368e-05
4.37211986603825e-05
4.3720816355083e-05
4.37204340564693e-05
4.37200517645413e-05
4.37196694792987e-05
4.37192872007415e-05
4.37189049288693e-05
4.37185226636821e-05
4.37181404051797e-05
4.37177581533619e-05
4.37173759082285e-05
4.37169936697793e-05
4.37166114380142e-05
4.3716229212933e-05
4.37158469945355e-05
4.37154647828216e-05
4.3715082577791e-05
4.37147003794436e-05
4.37143181877792e-05
4.37139360027977e-05
4.37135538244988e-05
4.37131716528824e-05
4.37127894879484e-05
4.37124073296965e-05
4.37120251781265e-05
4.37116430332383e-05
4.37112608950318e-05
4.37108787635067e-05
4.37104966386628e-05
4.37101145205e-05
4.37097324090182e-05
4.37093503042171e-05
4.37089682060965e-05
4.37085861146564e-05
4.37082040298964e-05
4.37078219518165e-05
4.37074398804164e-05
4.37070578156961e-05
4.37066757576552e-05
4.37062937062937e-05
4.37059116616114e-05
4.3705529623608e-05
4.37051475922834e-05
4.37047655676375e-05
4.370438354967e-05
4.37040015383809e-05
4.37036195337698e-05
4.37032375358367e-05
4.37028555445813e-05
4.37024735600035e-05
4.37020915821031e-05
4.370170961088e-05
4.37013276463339e-05
4.37009456884647e-05
4.37005637372722e-05
4.37001817927563e-05
4.36997998549167e-05
4.36994179237533e-05
4.36990359992659e-05
4.36986540814543e-05
4.36982721703184e-05
4.3697890265858e-05
4.36975083680728e-05
4.36971264769629e-05
4.36967445925279e-05
4.36963627147676e-05
4.3695980843682e-05
4.36955989792708e-05
4.36952171215339e-05
4.3694835270471e-05
4.36944534260821e-05
4.36940715883669e-05
4.36936897573252e-05
4.3693307932957e-05
4.36929261152619e-05
4.36925443042399e-05
4.36921624998908e-05
4.36917807022143e-05
4.36913989112103e-05
4.36910171268787e-05
4.36906353492193e-05
4.36902535782318e-05
4.36898718139161e-05
4.36894900562721e-05
4.36891083052995e-05
4.36887265609982e-05
4.3688344823368e-05
4.36879630924088e-05
4.36875813681203e-05
4.36871996505024e-05
4.36868179395549e-05
4.36864362352777e-05
4.36860545376705e-05
4.36856728467332e-05
4.36852911624656e-05
4.36849094848675e-05
4.36845278139389e-05
4.36841461496794e-05
4.36837644920889e-05
4.36833828411672e-05
4.36830011969142e-05
4.36826195593297e-05
4.36822379284135e-05
4.36818563041655e-05
4.36814746865854e-05
4.36810930756731e-05
4.36807114714284e-05
4.36803298738512e-05
4.36799482829412e-05
4.36795666986984e-05
4.36791851211224e-05
4.36788035502132e-05
4.36784219859705e-05
4.36780404283942e-05
4.36776588774842e-05
4.36772773332402e-05
4.3676895795662e-05
4.36765142647496e-05
4.36761327405026e-05
4.3675751222921e-05
4.36753697120046e-05
4.36749882077532e-05
4.36746067101666e-05
4.36742252192446e-05
4.36738437349871e-05
4.36734622573939e-05
4.36730807864648e-05
4.36726993221997e-05
4.36723178645983e-05
4.36719364136606e-05
4.36715549693862e-05
4.36711735317751e-05
4.36707921008271e-05
4.3670410676542e-05
4.36700292589196e-05
4.36696478479598e-05
4.36692664436623e-05
4.3668885046027e-05
4.36685036550538e-05
4.36681222707424e-05
4.36677408930926e-05
4.36673595221044e-05
4.36669781577775e-05
4.36665968001118e-05
4.3666215449107e-05
4.36658341047631e-05
4.36654527670797e-05
4.36650714360569e-05
4.36646901116943e-05
4.36643087939918e-05
4.36639274829492e-05
4.36635461785664e-05
4.36631648808432e-05
4.36627835897794e-05
4.36624023053748e-05
4.36620210276293e-05
4.36616397565427e-05
4.36612584921148e-05
4.36608772343454e-05
4.36604959832344e-05
4.36601147387815e-05
4.36597335009867e-05
4.36593522698497e-05
4.36589710453704e-05
4.36585898275486e-05
4.3658208616384e-05
4.36578274118767e-05
4.36574462140263e-05
4.36570650228326e-05
4.36566838382956e-05
4.36563026604151e-05
4.36559214891908e-05
4.36555403246226e-05
4.36551591667103e-05
4.36547780154538e-05
4.36543968708528e-05
4.36540157329073e-05
4.36536346016169e-05
4.36532534769816e-05
4.36528723590012e-05
4.36524912476755e-05
4.36521101430043e-05
4.36517290449875e-05
4.36513479536248e-05
4.36509668689161e-05
4.36505857908613e-05
4.36502047194601e-05
4.36498236547124e-05
4.3649442596618e-05
4.36490615451768e-05
4.36486805003885e-05
4.36482994622529e-05
4.364791843077e-05
4.36475374059396e-05
4.36471563877613e-05
4.36467753762352e-05
4.3646394371361e-05
4.36460133731385e-05
4.36456323815676e-05
4.3645251396648e-05
4.36448704183797e-05
4.36444894467625e-05
4.3644108481796e-05
4.36437275234803e-05
4.36433465718151e-05
4.36429656268003e-05
4.36425846884356e-05
4.36422037567209e-05
4.3641822831656e-05
4.36414419132408e-05
4.36410610014751e-05
4.36406800963586e-05
4.36402991978913e-05
4.36399183060729e-05
4.36395374209033e-05
4.36391565423823e-05
4.36387756705098e-05
4.36383948052855e-05
4.36380139467093e-05
4.36376330947809e-05
4.36372522495004e-05
4.36368714108673e-05
4.36364905788817e-05
4.36361097535432e-05
4.36357289348519e-05
4.36353481228073e-05
4.36349673174095e-05
4.36345865186581e-05
4.36342057265532e-05
4.36338249410943e-05
4.36334441622815e-05
4.36330633901145e-05
4.36326826245931e-05
4.36323018657172e-05
4.36319211134866e-05
4.36315403679012e-05
4.36311596289606e-05
4.36307788966649e-05
4.36303981710137e-05
4.3630017452007e-05
4.36296367396445e-05
4.36292560339261e-05
4.36288753348516e-05
4.36284946424209e-05
4.36281139566337e-05
4.36277332774898e-05
4.36273526049892e-05
4.36269719391316e-05
4.36265912799169e-05
4.36262106273449e-05
4.36258299814154e-05
4.36254493421282e-05
4.36250687094832e-05
4.36246880834802e-05
4.3624307464119e-05
4.36239268513995e-05
4.36235462453214e-05
4.36231656458846e-05
4.36227850530889e-05
4.36224044669342e-05
4.36220238874203e-05
4.36216433145469e-05
4.3621262748314e-05
4.36208821887214e-05
4.36205016357688e-05
4.36201210894561e-05
4.36197405497832e-05
4.36193600167498e-05
4.36189794903558e-05
4.36185989706011e-05
4.36182184574853e-05
4.36178379510084e-05
4.36174574511703e-05
4.36170769579706e-05
4.36166964714093e-05
4.36163159914861e-05
4.36159355182009e-05
4.36155550515536e-05
4.36151745915439e-05
4.36147941381717e-05
4.36144136914367e-05
4.3614033251339e-05
4.36136528178781e-05
4.3613272391054e-05
4.36128919708666e-05
4.36125115573156e-05
4.36121311504008e-05
4.36117507501221e-05
4.36113703564793e-05
4.36109899694723e-05
4.36106095891008e-05
4.36102292153648e-05
4.36098488482639e-05
4.36094684877981e-05
4.36090881339671e-05
4.36087077867709e-05
4.36083274462091e-05
4.36079471122817e-05
4.36075667849885e-05
4.36071864643293e-05
4.36068061503039e-05
4.36064258429122e-05
4.3606045542154e-05
4.3605665248029e-05
4.36052849605372e-05
4.36049046796784e-05
4.36045244054523e-05
4.36041441378589e-05
4.36037638768979e-05
4.36033836225691e-05
4.36030033748725e-05
4.36026231338077e-05
4.36022428993747e-05
4.36018626715733e-05
4.36014824504033e-05
4.36011022358645e-05
4.36007220279568e-05
4.36003418266799e-05
4.35999616320338e-05
4.35995814440181e-05
4.35992012626329e-05
4.35988210878778e-05
4.35984409197527e-05
4.35980607582575e-05
4.35976806033919e-05
4.35973004551558e-05
4.3596920313549e-05
4.35965401785714e-05
4.35961600502228e-05
4.35957799285029e-05
4.35953998134117e-05
4.35950197049489e-05
4.35946396031144e-05
4.3594259507908e-05
4.35938794193295e-05
4.35934993373788e-05
4.35931192620557e-05
4.359273919336e-05
4.35923591312915e-05
4.359197907585e-05
4.35915990270355e-05
4.35912189848477e-05
4.35908389492864e-05
4.35904589203515e-05
4.35900788980428e-05
4.35896988823601e-05
4.35893188733033e-05
4.35889388708721e-05
4.35885588750665e-05
4.35881788858861e-05
4.3587798903331e-05
4.35874189274008e-05
4.35870389580954e-05
4.35866589954147e-05
4.35862790393584e-05
4.35858990899264e-05
4.35855191471186e-05
4.35851392109346e-05
4.35847592813745e-05
4.35843793584379e-05
4.35839994421248e-05
4.35836195324349e-05
4.35832396293681e-05
4.35828597329242e-05
4.35824798431031e-05
4.35820999599045e-05
4.35817200833282e-05
4.35813402133742e-05
4.35809603500423e-05
4.35805804933322e-05
4.35802006432438e-05
4.35798207997769e-05
4.35794409629313e-05
4.3579061132707e-05
4.35786813091036e-05
4.3578301492121e-05
4.35779216817592e-05
4.35775418780177e-05
4.35771620808966e-05
4.35767822903957e-05
4.35764025065147e-05
4.35760227292535e-05
4.35756429586119e-05
4.35752631945897e-05
4.35748834371868e-05
4.3574503686403e-05
4.35741239422381e-05
4.3573744204692e-05
4.35733644737645e-05
4.35729847494553e-05
4.35726050317644e-05
4.35722253206916e-05
4.35718456162366e-05
4.35714659183994e-05
4.35710862271796e-05
4.35707065425773e-05
4.35703268645921e-05
4.3569947193224e-05
4.35695675284727e-05
4.35691878703381e-05
4.356880821882e-05
4.35684285739182e-05
4.35680489356326e-05
4.35676693039629e-05
4.35672896789091e-05
4.35669100604709e-05
4.35665304486481e-05
4.35661508434407e-05
4.35657712448483e-05
4.3565391652871e-05
4.35650120675083e-05
4.35646324887603e-05
4.35642529166267e-05
4.35638733511074e-05
4.35634937922021e-05
4.35631142399108e-05
4.35627346942332e-05
4.35623551551691e-05
4.35619756227184e-05
4.3561596096881e-05
4.35612165776566e-05
4.3560837065045e-05
4.35604575590462e-05
4.35600780596599e-05
4.35596985668859e-05
4.35593190807241e-05
4.35589396011744e-05
4.35585601282364e-05
4.35581806619101e-05
4.35578012021953e-05
4.35574217490918e-05
4.35570423025995e-05
4.35566628627181e-05
4.35562834294475e-05
4.35559040027876e-05
4.35555245827381e-05
4.35551451692988e-05
4.35547657624697e-05
4.35543863622505e-05
4.35540069686411e-05
4.35536275816413e-05
4.35532482012508e-05
4.35528688274697e-05
4.35524894602975e-05
4.35521100997343e-05
4.35517307457798e-05
4.35513513984339e-05
4.35509720576963e-05
4.3550592723567e-05
4.35502133960456e-05
4.35498340751322e-05
4.35494547608264e-05
4.35490754531281e-05
4.35486961520372e-05
4.35483168575535e-05
4.35479375696767e-05
4.35475582884068e-05
4.35471790137435e-05
4.35467997456867e-05
4.35464204842362e-05
4.35460412293918e-05
4.35456619811534e-05
4.35452827395208e-05
4.35449035044938e-05
4.35445242760723e-05
4.3544145054256e-05
4.35437658390448e-05
4.35433866304386e-05
4.35430074284371e-05
4.35426282330401e-05
4.35422490442476e-05
4.35418698620594e-05
4.35414906864751e-05
4.35411115174948e-05
4.35407323551182e-05
4.35403531993452e-05
4.35399740501755e-05
4.3539594907609e-05
4.35392157716455e-05
4.35388366422849e-05
4.3538457519527e-05
4.35380784033716e-05
4.35376992938185e-05
4.35373201908676e-05
4.35369410945187e-05
4.35365620047716e-05
4.35361829216262e-05
4.35358038450822e-05
4.35354247751395e-05
4.3535045711798e-05
4.35346666550574e-05
4.35342876049176e-05
4.35339085613785e-05
4.35335295244397e-05
4.35331504941013e-05
4.35327714703629e-05
4.35323924532244e-05
4.35320134426857e-05
4.35316344387466e-05
4.35312554414069e-05
4.35308764506665e-05
4.35304974665251e-05
4.35301184889825e-05
4.35297395180387e-05
4.35293605536935e-05
4.35289815959466e-05
4.35286026447979e-05
4.35282237002472e-05
4.35278447622944e-05
4.35274658309393e-05
4.35270869061817e-05
4.35267079880214e-05
4.35263290764583e-05
4.35259501714922e-05
4.3525571273123e-05
4.35251923813503e-05
4.35248134961742e-05
4.35244346175943e-05
4.35240557456106e-05
4.35236768802228e-05
4.35232980214309e-05
4.35229191692345e-05
4.35225403236336e-05
4.3522161484628e-05
4.35217826522174e-05
4.35214038264018e-05
4.3521025007181e-05
4.35206461945547e-05
4.35202673885228e-05
4.35198885890852e-05
4.35195097962417e-05
4.3519131009992e-05
4.35187522303361e-05
4.35183734572737e-05
4.35179946908046e-05
4.35176159309288e-05
4.35172371776461e-05
4.35168584309562e-05
4.35164796908589e-05
4.35161009573542e-05
4.35157222304419e-05
4.35153435101217e-05
4.35149647963935e-05
4.35145860892571e-05
4.35142073887124e-05
4.35138286947592e-05
4.35134500073973e-05
4.35130713266265e-05
4.35126926524467e-05
4.35123139848577e-05
4.35119353238593e-05
4.35115566694514e-05
4.35111780216338e-05
4.35107993804062e-05
4.35104207457686e-05
4.35100421177208e-05
4.35096634962625e-05
4.35092848813937e-05
4.35089062731141e-05
4.35085276714236e-05
4.3508149076322e-05
4.35077704878091e-05
4.35073919058848e-05
4.35070133305489e-05
4.35066347618012e-05
4.35062561996415e-05
4.35058776440697e-05
4.35054990950856e-05
4.35051205526891e-05
4.35047420168798e-05
4.35043634876578e-05
4.35039849650228e-05
4.35036064489746e-05
4.35032279395131e-05
4.35028494366381e-05
4.35024709403494e-05
4.35020924506469e-05
4.35017139675303e-05
4.35013354909996e-05
4.35009570210545e-05
4.35005785576948e-05
4.35002001009205e-05
4.34998216507312e-05
4.34994432071269e-05
4.34990647701074e-05
4.34986863396725e-05
4.34983079158221e-05
4.34979294985559e-05
4.34975510878738e-05
4.34971726837756e-05
4.34967942862611e-05
4.34964158953302e-05
4.34960375109827e-05
4.34956591332185e-05
4.34952807620373e-05
4.3494902397439e-05
4.34945240394234e-05
4.34941456879904e-05
4.34937673431397e-05
4.34933890048713e-05
4.34930106731848e-05
4.34926323480802e-05
4.34922540295573e-05
4.34918757176159e-05
4.34914974122559e-05
4.3491119113477e-05
4.34907408212792e-05
4.34903625356621e-05
4.34899842566257e-05
4.34896059841698e-05
4.34892277182942e-05
4.34888494589987e-05
4.34884712062832e-05
4.34880929601475e-05
4.34877147205914e-05
4.34873364876148e-05
4.34869582612175e-05
4.34865800413992e-05
4.34862018281599e-05
4.34858236214994e-05
4.34854454214174e-05
4.34850672279139e-05
4.34846890409887e-05
4.34843108606415e-05
4.34839326868722e-05
4.34835545196807e-05
4.34831763590667e-05
4.34827982050301e-05
4.34824200575707e-05
4.34820419166884e-05
4.3481663782383e-05
4.34812856546542e-05
4.3480907533502e-05
4.34805294189262e-05
4.34801513109266e-05
4.34797732095029e-05
4.34793951146552e-05
4.34790170263831e-05
4.34786389446865e-05
4.34782608695652e-05
4.34778828010191e-05
4.3477504739048e-05
4.34771266836517e-05
4.34767486348301e-05
4.34763705925829e-05
4.34759925569101e-05
4.34756145278113e-05
4.34752365052866e-05
4.34748584893356e-05
4.34744804799583e-05
4.34741024771544e-05
4.34737244809237e-05
4.34733464912662e-05
4.34729685081816e-05
4.34725905316698e-05
4.34722125617305e-05
4.34718345983637e-05
4.34714566415691e-05
4.34710786913466e-05
4.34707007476961e-05
4.34703228106172e-05
4.34699448801099e-05
4.3469566956174e-05
4.34691890388093e-05
4.34688111280156e-05
4.34684332237929e-05
4.34680553261408e-05
4.34676774350593e-05
4.34672995505481e-05
4.34669216726071e-05
4.34665438012362e-05
4.34661659364351e-05
4.34657880782036e-05
4.34654102265417e-05
4.34650323814491e-05
4.34646545429257e-05
4.34642767109713e-05
4.34638988855856e-05
4.34635210667687e-05
4.34631432545202e-05
4.346276544884e-05
4.34623876497279e-05
4.34620098571838e-05
4.34616320712075e-05
4.34612542917989e-05
4.34608765189576e-05
4.34604987526837e-05
4.34601209929768e-05
4.34597432398369e-05
4.34593654932638e-05
4.34589877532572e-05
4.34586100198171e-05
4.34582322929433e-05
4.34578545726355e-05
4.34574768588936e-05
4.34570991517174e-05
4.34567214511068e-05
4.34563437570617e-05
4.34559660695817e-05
4.34555883886668e-05
4.34552107143168e-05
4.34548330465314e-05
4.34544553853107e-05
4.34540777306542e-05
4.3453700082562e-05
4.34533224410338e-05
4.34529448060695e-05
4.34525671776689e-05
4.34521895558317e-05
4.34518119405579e-05
4.34514343318473e-05
4.34510567296997e-05
4.34506791341149e-05
4.34503015450927e-05
4.34499239626331e-05
4.34495463867357e-05
4.34491688174005e-05
4.34487912546273e-05
4.34484136984159e-05
4.34480361487661e-05
4.34476586056777e-05
4.34472810691507e-05
4.34469035391848e-05
4.34465260157798e-05
4.34461484989356e-05
4.3445770988652e-05
4.34453934849288e-05
4.34450159877659e-05
4.34446384971631e-05
4.34442610131202e-05
4.3443883535637e-05
4.34435060647134e-05
4.34431286003493e-05
4.34427511425444e-05
4.34423736912985e-05
4.34419962466115e-05
4.34416188084833e-05
4.34412413769136e-05
4.34408639519023e-05
4.34404865334492e-05
4.34401091215541e-05
4.34397317162169e-05
4.34393543174374e-05
4.34389769252155e-05
4.34385995395508e-05
4.34382221604434e-05
4.3437844787893e-05
4.34374674218994e-05
4.34370900624625e-05
4.34367127095821e-05
4.34363353632581e-05
4.34359580234902e-05
4.34355806902783e-05
4.34352033636221e-05
4.34348260435217e-05
4.34344487299767e-05
4.3434071422987e-05
4.34336941225525e-05
4.34333168286729e-05
4.34329395413482e-05
4.3432562260578e-05
4.34321849863623e-05
4.34318077187009e-05
4.34314304575936e-05
4.34310532030402e-05
4.34306759550406e-05
4.34302987135946e-05
4.3429921478702e-05
4.34295442503626e-05
4.34291670285764e-05
4.34287898133431e-05
4.34284126046625e-05
4.34280354025345e-05
4.34276582069588e-05
4.34272810179355e-05
4.34269038354641e-05
4.34265266595447e-05
4.3426149490177e-05
4.34257723273608e-05
4.34253951710961e-05
4.34250180213825e-05
4.34246408782199e-05
4.34242637416083e-05
4.34238866115473e-05
4.34235094880368e-05
4.34231323710767e-05
4.34227552606668e-05
4.34223781568069e-05
4.34220010594968e-05
4.34216239687364e-05
4.34212468845255e-05
4.3420869806864e-05
4.34204927357516e-05
4.34201156711882e-05
4.34197386131736e-05
4.34193615617076e-05
4.34189845167901e-05
4.34186074784209e-05
4.34182304465999e-05
4.34178534213268e-05
4.34174764026016e-05
4.34170993904239e-05
4.34167223847937e-05
4.34163453857108e-05
4.3415968393175e-05
4.34155914071861e-05
4.34152144277441e-05
4.34148374548486e-05
4.34144604884995e-05
4.34140835286967e-05
4.341370657544e-05
4.34133296287292e-05
4.34129526885642e-05
4.34125757549447e-05
4.34121988278706e-05
4.34118219073418e-05
4.3411444993358e-05
4.34110680859192e-05
4.3410691185025e-05
4.34103142906755e-05
4.34099374028703e-05
4.34095605216093e-05
4.34091836468923e-05
4.34088067787193e-05
4.34084299170899e-05
4.34080530620041e-05
4.34076762134616e-05
4.34072993714623e-05
4.3406922536006e-05
4.34065457070926e-05
4.34061688847219e-05
4.34057920688937e-05
4.34054152596078e-05
4.34050384568641e-05
4.34046616606624e-05
4.34042848710025e-05
4.34039080878842e-05
4.34035313113075e-05
4.34031545412721e-05
4.34027777777778e-05
4.34024010208245e-05
4.3402024270412e-05
4.34016475265401e-05
4.34012707892087e-05
4.34008940584176e-05
4.34005173341666e-05
4.34001406164556e-05
4.33997639052844e-05
4.33993872006527e-05
4.33990105025605e-05
4.33986338110076e-05
4.33982571259938e-05
4.33978804475189e-05
4.33975037755828e-05
4.33971271101853e-05
4.33967504513262e-05
4.33963737990054e-05
4.33959971532226e-05
4.33956205139777e-05
4.33952438812706e-05
4.33948672551011e-05
4.33944906354689e-05
4.3394114022374e-05
4.33937374158162e-05
4.33933608157952e-05
4.33929842223109e-05
4.33926076353632e-05
4.33922310549519e-05
4.33918544810768e-05
4.33914779137377e-05
4.33911013529345e-05
4.3390724798667e-05
4.33903482509351e-05
4.33899717097384e-05
4.3389595175077e-05
4.33892186469506e-05
4.3388842125359e-05
4.33884656103022e-05
4.33880891017798e-05
4.33877125997917e-05
4.33873361043379e-05
4.3386959615418e-05
4.33865831330319e-05
4.33862066571795e-05
4.33858301878606e-05
4.33854537250751e-05
4.33850772688226e-05
4.33847008191032e-05
4.33843243759165e-05
4.33839479392625e-05
4.33835715091409e-05
4.33831950855517e-05
4.33828186684945e-05
4.33824422579694e-05
4.3382065853976e-05
4.33816894565142e-05
4.33813130655839e-05
4.33809366811848e-05
4.33805603033169e-05
4.33801839319799e-05
4.33798075671736e-05
4.3379431208898e-05
4.33790548571528e-05
4.33786785119378e-05
4.33783021732529e-05
4.3377925841098e-05
4.33775495154728e-05
4.33771731963771e-05
4.33767968838109e-05
4.33764205777739e-05
4.3376044278266e-05
4.3375667985287e-05
4.33752916988367e-05
4.33749154189149e-05
4.33745391455216e-05
4.33741628786564e-05
4.33737866183194e-05
4.33734103645101e-05
4.33730341172286e-05
4.33726578764747e-05
4.33722816422481e-05
4.33719054145487e-05
4.33715291933763e-05
4.33711529787308e-05
4.3370776770612e-05
4.33704005690197e-05
4.33700243739537e-05
4.33696481854139e-05
4.33692720034001e-05
4.33688958279122e-05
4.336851965895e-05
4.33681434965132e-05
4.33677673406018e-05
4.33673911912155e-05
4.33670150483542e-05
4.33666389120178e-05
4.3366262782206e-05
4.33658866589186e-05
4.33655105421556e-05
4.33651344319167e-05
4.33647583282018e-05
4.33643822310107e-05
4.33640061403433e-05
4.33636300561993e-05
4.33632539785785e-05
4.3362877907481e-05
4.33625018429063e-05
4.33621257848545e-05
4.33617497333252e-05
4.33613736883184e-05
4.33609976498339e-05
4.33606216178715e-05
4.3360245592431e-05
4.33598695735123e-05
4.33594935611152e-05
4.33591175552395e-05
4.33587415558851e-05
4.33583655630517e-05
4.33579895767393e-05
4.33576135969476e-05
4.33572376236765e-05
4.33568616569258e-05
4.33564856966954e-05
4.3356109742985e-05
4.33557337957945e-05
4.33553578551237e-05
4.33549819209725e-05
4.33546059933407e-05
4.33542300722281e-05
4.33538541576346e-05
4.335347824956e-05
4.3353102348004e-05
4.33527264529666e-05
4.33523505644476e-05
4.33519746824468e-05
4.3351598806964e-05
4.33512229379991e-05
4.33508470755519e-05
4.33504712196222e-05
4.33500953702098e-05
4.33497195273147e-05
4.33493436909365e-05
4.33489678610752e-05
4.33485920377306e-05
4.33482162209025e-05
4.33478404105907e-05
4.33474646067952e-05
4.33470888095156e-05
4.33467130187518e-05
4.33463372345037e-05
4.33459614567711e-05
4.33455856855538e-05
4.33452099208516e-05
4.33448341626645e-05
4.33444584109922e-05
4.33440826658345e-05
4.33437069271912e-05
4.33433311950623e-05
4.33429554694476e-05
4.33425797503467e-05
4.33422040377597e-05
4.33418283316863e-05
4.33414526321264e-05
4.33410769390798e-05
4.33407012525463e-05
4.33403255725257e-05
4.33399498990179e-05
4.33395742320227e-05
4.333919857154e-05
4.33388229175696e-05
4.33384472701112e-05
4.33380716291648e-05
4.33376959947301e-05
4.33373203668071e-05
4.33369447453954e-05
4.33365691304951e-05
4.33361935221058e-05
4.33358179202274e-05
4.33354423248598e-05
4.33350667360028e-05
4.33346911536561e-05
4.33343155778198e-05
4.33339400084935e-05
4.3333564445677e-05
4.33331888893704e-05
4.33328133395733e-05
4.33324377962855e-05
4.33320622595071e-05
4.33316867292376e-05
4.33313112054771e-05
4.33309356882253e-05
4.3330560177482e-05
4.33301846732471e-05
4.33298091755204e-05
4.33294336843017e-05
4.3329058199591e-05
4.33286827213879e-05
4.33283072496924e-05
4.33279317845042e-05
4.33275563258232e-05
4.33271808736493e-05
4.33268054279822e-05
4.33264299888218e-05
4.33260545561679e-05
4.33256791300204e-05
4.3325303710379e-05
4.33249282972437e-05
4.33245528906142e-05
4.33241774904903e-05
4.3323802096872e-05
4.3323426709759e-05
4.33230513291512e-05
4.33226759550484e-05
4.33223005874504e-05
4.33219252263571e-05
4.33215498717682e-05
4.33211745236837e-05
4.33207991821033e-05
4.33204238470269e-05
4.33200485184543e-05
4.33196731963854e-05
4.33192978808199e-05
4.33189225717578e-05
4.33185472691988e-05
4.33181719731427e-05
4.33177966835895e-05
4.33174214005389e-05
4.33170461239907e-05
4.33166708539448e-05
4.33162955904011e-05
4.33159203333593e-05
4.33155450828193e-05
4.33151698387809e-05
4.3314794601244e-05
4.33144193702083e-05
4.33140441456738e-05
4.33136689276402e-05
4.33132937161073e-05
4.33129185110751e-05
4.33125433125433e-05
4.33121681205118e-05
4.33117929349803e-05
4.33114177559488e-05
4.33110425834171e-05
4.33106674173849e-05
4.33102922578522e-05
4.33099171048187e-05
4.33095419582842e-05
4.33091668182488e-05
4.3308791684712e-05
4.33084165576738e-05
4.3308041437134e-05
4.33076663230925e-05
4.3307291215549e-05
4.33069161145035e-05
4.33065410199557e-05
4.33061659319054e-05
4.33057908503525e-05
4.33054157752969e-05
4.33050407067383e-05
4.33046656446766e-05
4.33042905891116e-05
4.33039155400431e-05
4.33035404974711e-05
4.33031654613952e-05
4.33027904318154e-05
4.33024154087315e-05
4.33020403921433e-05
4.33016653820506e-05
4.33012903784533e-05
4.33009153813512e-05
4.33005403907441e-05
4.33001654066319e-05
4.32997904290143e-05
4.32994154578913e-05
4.32990404932627e-05
4.32986655351282e-05
4.32982905834878e-05
4.32979156383412e-05
4.32975406996883e-05
4.32971657675289e-05
4.32967908418628e-05
4.32964159226899e-05
4.329604101001e-05
4.3295666103823e-05
4.32952912041286e-05
4.32949163109268e-05
4.32945414242172e-05
4.32941665439999e-05
4.32937916702745e-05
4.32934168030409e-05
4.3293041942299e-05
4.32926670880486e-05
4.32922922402895e-05
4.32919173990216e-05
4.32915425642446e-05
4.32911677359585e-05
4.3290792914163e-05
4.3290418098858e-05
4.32900432900433e-05
4.32896684877187e-05
4.32892936918841e-05
4.32889189025393e-05
4.32885441196842e-05
4.32881693433185e-05
4.32877945734421e-05
4.32874198100548e-05
4.32870450531565e-05
4.3286670302747e-05
4.32862955588261e-05
4.32859208213936e-05
4.32855460904495e-05
4.32851713659934e-05
4.32847966480253e-05
4.3284421936545e-05
4.32840472315523e-05
4.32836725330471e-05
4.32832978410291e-05
4.32829231554982e-05
4.32825484764543e-05
4.32821738038971e-05
4.32817991378266e-05
4.32814244782424e-05
4.32810498251446e-05
4.32806751785328e-05
4.32803005384069e-05
4.32799259047668e-05
4.32795512776124e-05
4.32791766569433e-05
4.32788020427595e-05
4.32784274350607e-05
4.32780528338469e-05
4.32776782391178e-05
4.32773036508733e-05
4.32769290691133e-05
4.32765544938374e-05
4.32761799250457e-05
4.32758053627378e-05
4.32754308069137e-05
4.32750562575731e-05
4.3274681714716e-05
4.32743071783421e-05
4.32739326484512e-05
4.32735581250433e-05
4.3273183608118e-05
4.32728090976754e-05
4.32724345937151e-05
4.32720600962371e-05
4.32716856052411e-05
4.3271311120727e-05
4.32709366426946e-05
4.32705621711437e-05
4.32701877060743e-05
4.3269813247486e-05
4.32694387953788e-05
4.32690643497525e-05
4.32686899106069e-05
4.32683154779418e-05
4.32679410517571e-05
4.32675666320526e-05
4.32671922188282e-05
4.32668178120836e-05
4.32664434118187e-05
4.32660690180333e-05
4.32656946307273e-05
4.32653202499005e-05
4.32649458755527e-05
4.32645715076838e-05
4.32641971462936e-05
4.32638227913818e-05
4.32634484429485e-05
4.32630741009933e-05
4.32626997655162e-05
4.32623254365169e-05
4.32619511139952e-05
4.32615767979511e-05
4.32612024883844e-05
4.32608281852948e-05
4.32604538886822e-05
4.32600795985465e-05
4.32597053148874e-05
4.32593310377048e-05
4.32589567669986e-05
4.32585825027686e-05
4.32582082450145e-05
4.32578339937363e-05
4.32574597489337e-05
4.32570855106066e-05
4.32567112787549e-05
4.32563370533783e-05
4.32559628344767e-05
4.325558862205e-05
4.32552144160979e-05
4.32548402166202e-05
4.32544660236169e-05
4.32540918370878e-05
4.32537176570326e-05
4.32533434834513e-05
4.32529693163436e-05
4.32525951557093e-05
4.32522210015484e-05
4.32518468538607e-05
4.32514727126459e-05
4.32510985779039e-05
4.32507244496345e-05
4.32503503278377e-05
4.32499762125131e-05
4.32496021036606e-05
4.32492280012802e-05
4.32488539053715e-05
4.32484798159345e-05
4.32481057329689e-05
4.32477316564746e-05
4.32473575864515e-05
4.32469835228993e-05
4.32466094658179e-05
4.32462354152071e-05
4.32458613710668e-05
4.32454873333968e-05
4.32451133021969e-05
4.32447392774669e-05
4.32443652592067e-05
4.32439912474162e-05
4.32436172420951e-05
4.32432432432432e-05
4.32428692508605e-05
4.32424952649468e-05
4.32421212855018e-05
4.32417473125254e-05
4.32413733460175e-05
4.32409993859778e-05
4.32406254324063e-05
4.32402514853026e-05
4.32398775446668e-05
4.32395036104985e-05
4.32391296827977e-05
4.32387557615642e-05
4.32383818467978e-05
4.32380079384983e-05
4.32376340366655e-05
4.32372601412994e-05
4.32368862523996e-05
4.32365123699662e-05
4.32361384939988e-05
4.32357646244974e-05
4.32353907614617e-05
4.32350169048916e-05
4.32346430547869e-05
4.32342692111475e-05
4.32338953739732e-05
4.32335215432638e-05
4.32331477190191e-05
4.32327739012391e-05
4.32324000899234e-05
4.3232026285072e-05
4.32316524866847e-05
4.32312786947612e-05
4.32309049093016e-05
4.32305311303055e-05
4.32301573577728e-05
4.32297835917033e-05
4.3229409832097e-05
4.32290360789535e-05
4.32286623322728e-05
4.32282885920546e-05
4.32279148582989e-05
4.32275411310054e-05
4.32271674101739e-05
4.32267936958044e-05
4.32264199878966e-05
4.32260462864504e-05
4.32256725914655e-05
4.32252989029419e-05
4.32249252208794e-05
4.32245515452777e-05
4.32241778761368e-05
4.32238042134564e-05
4.32234305572365e-05
4.32230569074767e-05
4.3222683264177e-05
4.32223096273372e-05
4.32219359969572e-05
4.32215623730367e-05
4.32211887555755e-05
4.32208151445736e-05
4.32204415400308e-05
4.32200679419468e-05
4.32196943503216e-05
4.32193207651549e-05
4.32189471864465e-05
4.32185736141964e-05
4.32182000484044e-05
4.32178264890702e-05
4.32174529361938e-05
4.32170793897748e-05
4.32167058498133e-05
4.3216332316309e-05
4.32159587892617e-05
4.32155852686713e-05
4.32152117545376e-05
4.32148382468604e-05
4.32144647456397e-05
4.32140912508751e-05
4.32137177625665e-05
4.32133442807139e-05
4.32129708053169e-05
4.32125973363755e-05
4.32122238738894e-05
4.32118504178586e-05
4.32114769682828e-05
4.32111035251618e-05
4.32107300884956e-05
4.32103566582839e-05
4.32099832345265e-05
4.32096098172233e-05
4.32092364063742e-05
4.3208863001979e-05
4.32084896040374e-05
4.32081162125494e-05
4.32077428275147e-05
4.32073694489332e-05
4.32069960768048e-05
4.32066227111292e-05
4.32062493519063e-05
4.32058759991359e-05
4.32055026528179e-05
4.3205129312952e-05
4.32047559795382e-05
4.32043826525763e-05
4.3204009332066e-05
4.32036360180073e-05
4.32032627103999e-05
4.32028894092437e-05
4.32025161145385e-05
4.32021428262842e-05
4.32017695444805e-05
4.32013962691274e-05
4.32010230002246e-05
4.32006497377721e-05
4.32002764817695e-05
4.31999032322168e-05
4.31995299891137e-05
4.31991567524602e-05
4.3198783522256e-05
4.3198410298501e-05
4.3198037081195e-05
4.31976638703379e-05
4.31972906659294e-05
4.31969174679695e-05
4.31965442764579e-05
4.31961710913945e-05
4.3195797912779e-05
4.31954247406115e-05
4.31950515748916e-05
4.31946784156192e-05
4.31943052627942e-05
4.31939321164163e-05
4.31935589764854e-05
4.31931858430014e-05
4.31928127159641e-05
4.31924395953732e-05
4.31920664812287e-05
4.31916933735304e-05
4.31913202722781e-05
4.31909471774716e-05
4.31905740891108e-05
4.31902010071955e-05
4.31898279317255e-05
4.31894548627007e-05
4.31890818001209e-05
4.3188708743986e-05
4.31883356942957e-05
4.31879626510499e-05
4.31875896142484e-05
4.31872165838912e-05
4.31868435599779e-05
4.31864705425084e-05
4.31860975314827e-05
4.31857245269004e-05
4.31853515287614e-05
4.31849785370657e-05
4.31846055518129e-05
4.31842325730029e-05
4.31838596006357e-05
4.31834866347109e-05
4.31831136752284e-05
4.31827407221882e-05
4.31823677755899e-05
4.31819948354334e-05
4.31816219017186e-05
4.31812489744453e-05
4.31808760536134e-05
4.31805031392226e-05
4.31801302312728e-05
4.31797573297638e-05
4.31793844346955e-05
4.31790115460677e-05
4.31786386638802e-05
4.31782657881329e-05
4.31778929188256e-05
4.31775200559581e-05
4.31771471995302e-05
4.31767743495419e-05
4.31764015059929e-05
4.3176028668883e-05
4.31756558382122e-05
4.31752830139802e-05
4.31749101961868e-05
4.31745373848319e-05
4.31741645799154e-05
4.3173791781437e-05
4.31734189893966e-05
4.3173046203794e-05
4.31726734246291e-05
4.31723006519017e-05
4.31719278856117e-05
4.31715551257587e-05
4.31711823723428e-05
4.31708096253637e-05
4.31704368848213e-05
4.31700641507153e-05
4.31696914230457e-05
4.31693187018122e-05
4.31689459870148e-05
4.31685732786531e-05
4.31682005767272e-05
4.31678278812367e-05
4.31674551921815e-05
4.31670825095615e-05
4.31667098333765e-05
4.31663371636263e-05
4.31659645003108e-05
4.31655918434298e-05
4.31652191929831e-05
4.31648465489705e-05
4.3164473911392e-05
4.31641012802472e-05
4.31637286555362e-05
4.31633560372586e-05
4.31629834254144e-05
4.31626108200033e-05
4.31622382210252e-05
4.31618656284799e-05
4.31614930423673e-05
4.31611204626872e-05
4.31607478894394e-05
4.31603753226238e-05
4.31600027622402e-05
4.31596302082884e-05
4.31592576607682e-05
4.31588851196796e-05
4.31585125850223e-05
4.31581400567961e-05
4.31577675350009e-05
4.31573950196366e-05
4.31570225107029e-05
4.31566500081998e-05
4.31562775121269e-05
4.31559050224842e-05
4.31555325392715e-05
4.31551600624887e-05
4.31547875921355e-05
4.31544151282118e-05
4.31540426707174e-05
4.31536702196522e-05
4.3153297775016e-05
4.31529253368086e-05
4.31525529050299e-05
4.31521804796796e-05
4.31518080607577e-05
4.3151435648264e-05
4.31510632421983e-05
4.31506908425604e-05
4.31503184493502e-05
4.31499460625674e-05
4.3149573682212e-05
4.31492013082838e-05
4.31488289407825e-05
4.31484565797081e-05
4.31480842250604e-05
4.31477118768392e-05
4.31473395350443e-05
4.31469671996755e-05
4.31465948707328e-05
4.31462225482159e-05
4.31458502321247e-05
4.31454779224589e-05
4.31451056192186e-05
4.31447333224033e-05
4.31443610320131e-05
4.31439887480477e-05
4.3143616470507e-05
4.31432441993908e-05
4.3142871934699e-05
4.31424996764313e-05
4.31421274245876e-05
4.31417551791677e-05
4.31413829401715e-05
4.31410107075989e-05
4.31406384814495e-05
4.31402662617234e-05
4.31398940484202e-05
4.31395218415399e-05
4.31391496410823e-05
4.31387774470471e-05
4.31384052594344e-05
4.31380330782438e-05
4.31376609034752e-05
4.31372887351284e-05
4.31369165732034e-05
4.31365444176998e-05
4.31361722686176e-05
4.31358001259565e-05
4.31354279897165e-05
4.31350558598973e-05
4.31346837364988e-05
4.31343116195209e-05
4.31339395089632e-05
4.31335674048258e-05
4.31331953071084e-05
4.31328232158108e-05
4.31324511309329e-05
4.31320790524745e-05
4.31317069804355e-05
4.31313349148156e-05
4.31309628556148e-05
4.31305908028328e-05
4.31302187564695e-05
4.31298467165248e-05
4.31294746829984e-05
4.31291026558901e-05
4.31287306351999e-05
4.31283586209276e-05
4.3127986613073e-05
4.31276146116358e-05
4.31272426166161e-05
4.31268706280135e-05
4.31264986458279e-05
4.31261266700593e-05
4.31257547007073e-05
4.31253827377718e-05
4.31250107812527e-05
4.31246388311498e-05
4.31242668874629e-05
4.31238949501919e-05
4.31235230193366e-05
4.31231510948968e-05
4.31227791768724e-05
4.31224072652632e-05
4.3122035360069e-05
4.31216634612897e-05
4.31212915689251e-05
4.3120919682975e-05
4.31205478034393e-05
4.31201759303178e-05
4.31198040636103e-05
4.31194322033167e-05
4.31190603494369e-05
4.31186885019705e-05
4.31183166609176e-05
4.31179448262778e-05
4.31175729980511e-05
4.31172011762373e-05
4.31168293608361e-05
4.31164575518475e-05
4.31160857492713e-05
4.31157139531074e-05
4.31153421633554e-05
4.31149703800153e-05
4.3114598603087e-05
4.31142268325702e-05
4.31138550684648e-05
4.31134833107706e-05
4.31131115594875e-05
4.31127398146152e-05
4.31123680761537e-05
4.31119963441027e-05
4.31116246184621e-05
4.31112528992318e-05
4.31108811864114e-05
4.3110509480001e-05
4.31101377800003e-05
4.31097660864092e-05
4.31093943992275e-05
4.3109022718455e-05
4.31086510440915e-05
4.3108279376137e-05
4.31079077145912e-05
4.31075360594539e-05
4.31071644107251e-05
4.31067927684044e-05
4.31064211324919e-05
4.31060495029873e-05
4.31056778798903e-05
4.3105306263201e-05
4.31049346529191e-05
4.31045630490444e-05
4.31041914515768e-05
4.3103819860516e-05
4.31034482758621e-05
4.31030766976147e-05
4.31027051257737e-05
4.3102333560339e-05
4.31019620013103e-05
4.31015904486876e-05
4.31012189024706e-05
4.31008473626591e-05
4.31004758292532e-05
4.31001043022524e-05
4.30997327816568e-05
4.3099361267466e-05
4.309898975968e-05
4.30986182582986e-05
4.30982467633217e-05
4.3097875274749e-05
4.30975037925803e-05
4.30971323168156e-05
4.30967608474547e-05
4.30963893844974e-05
4.30960179279435e-05
4.30956464777928e-05
4.30952750340453e-05
4.30949035967007e-05
4.30945321657588e-05
4.30941607412196e-05
4.30937893230828e-05
4.30934179113482e-05
4.30930465060158e-05
4.30926751070853e-05
4.30923037145566e-05
4.30919323284295e-05
4.30915609487038e-05
4.30911895753794e-05
4.30908182084561e-05
4.30904468479338e-05
4.30900754938123e-05
4.30897041460913e-05
4.30893328047709e-05
4.30889614698507e-05
4.30885901413306e-05
4.30882188192105e-05
4.30878475034901e-05
4.30874761941694e-05
4.30871048912481e-05
4.30867335947262e-05
4.30863623046033e-05
4.30859910208795e-05
4.30856197435544e-05
4.30852484726279e-05
4.30848772081e-05
4.30845059499703e-05
4.30841346982387e-05
4.30837634529051e-05
4.30833922139694e-05
4.30830209814312e-05
4.30826497552906e-05
4.30822785355472e-05
4.3081907322201e-05
4.30815361152517e-05
4.30811649146993e-05
4.30807937205435e-05
4.30804225327842e-05
4.30800513514212e-05
4.30796801764544e-05
4.30793090078835e-05
4.30789378457085e-05
4.30785666899291e-05
4.30781955405452e-05
4.30778243975566e-05
4.30774532609632e-05
4.30770821307648e-05
4.30767110069612e-05
4.30763398895523e-05
4.30759687785378e-05
4.30755976739177e-05
4.30752265756918e-05
4.30748554838599e-05
4.30744843984218e-05
4.30741133193773e-05
4.30737422467264e-05
4.30733711804688e-05
4.30730001206044e-05
4.3072629067133e-05
4.30722580200544e-05
4.30718869793686e-05
4.30715159450752e-05
4.30711449171742e-05
4.30707738956654e-05
4.30704028805485e-05
4.30700318718236e-05
4.30696608694903e-05
4.30692898735486e-05
4.30689188839982e-05
4.3068547900839e-05
4.30681769240708e-05
4.30678059536935e-05
4.30674349897069e-05
4.30670640321108e-05
4.30666930809051e-05
4.30663221360896e-05
4.30659511976641e-05
4.30655802656285e-05
4.30652093399826e-05
4.30648384207262e-05
4.30644675078593e-05
4.30640966013815e-05
4.30637257012928e-05
4.30633548075929e-05
4.30629839202818e-05
4.30626130393592e-05
4.3062242164825e-05
4.30618712966791e-05
4.30615004349212e-05
4.30611295795511e-05
4.30607587305688e-05
4.30603878879741e-05
4.30600170517668e-05
4.30596462219466e-05
4.30592753985136e-05
4.30589045814675e-05
4.3058533770808e-05
4.30581629665352e-05
4.30577921686488e-05
4.30574213771486e-05
4.30570505920344e-05
4.30566798133062e-05
4.30563090409638e-05
4.30559382750069e-05
4.30555675154354e-05
4.30551967622492e-05
4.30548260154481e-05
4.30544552750319e-05
4.30540845410004e-05
4.30537138133535e-05
4.30533430920911e-05
4.30529723772129e-05
4.30526016687188e-05
4.30522309666087e-05
4.30518602708823e-05
4.30514895815395e-05
4.30511188985802e-05
4.30507482220041e-05
4.30503775518111e-05
4.30500068880011e-05
4.30496362305739e-05
4.30492655795292e-05
4.3048894934867e-05
4.30485242965871e-05
4.30481536646893e-05
4.30477830391735e-05
4.30474124200394e-05
4.3047041807287e-05
4.3046671200916e-05
4.30463006009264e-05
4.30459300073178e-05
4.30455594200902e-05
4.30451888392434e-05
4.30448182647773e-05
4.30444476966916e-05
4.30440771349862e-05
4.3043706579661e-05
4.30433360307157e-05
4.30429654881503e-05
4.30425949519645e-05
4.30422244221581e-05
4.30418538987311e-05
4.30414833816833e-05
4.30411128710144e-05
4.30407423667243e-05
4.30403718688129e-05
4.304000137728e-05
4.30396308921255e-05
4.30392604133491e-05
4.30388899409506e-05
4.30385194749301e-05
4.30381490152872e-05
4.30377785620217e-05
4.30374081151337e-05
4.30370376746228e-05
4.30366672404889e-05
4.30362968127319e-05
4.30359263913515e-05
4.30355559763477e-05
4.30351855677202e-05
4.30348151654689e-05
4.30344447695936e-05
4.30340743800942e-05
4.30337039969704e-05
4.30333336202222e-05
4.30329632498494e-05
4.30325928858517e-05
4.30322225282291e-05
4.30318521769814e-05
4.30314818321084e-05
4.30311114936099e-05
4.30307411614858e-05
4.30303708357359e-05
4.303000051636e-05
4.3029630203358e-05
4.30292598967298e-05
4.30288895964751e-05
4.30285193025938e-05
4.30281490150857e-05
4.30277787339506e-05
4.30274084591885e-05
4.30270381907991e-05
4.30266679287823e-05
4.30262976731378e-05
4.30259274238656e-05
4.30255571809655e-05
4.30251869444373e-05
4.30248167142808e-05
4.30244464904959e-05
4.30240762730824e-05
4.30237060620402e-05
4.3023335857369e-05
4.30229656590688e-05
4.30225954671393e-05
4.30222252815805e-05
4.3021855102392e-05
4.30214849295738e-05
4.30211147631257e-05
4.30207446030476e-05
4.30203744493392e-05
4.30200043020004e-05
4.30196341610311e-05
4.3019264026431e-05
4.30188938982001e-05
4.30185237763381e-05
4.30181536608449e-05
4.30177835517203e-05
4.30174134489641e-05
4.30170433525763e-05
4.30166732625566e-05
4.30163031789048e-05
4.30159331016208e-05
4.30155630307045e-05
4.30151929661556e-05
4.30148229079741e-05
4.30144528561597e-05
4.30140828107122e-05
4.30137127716316e-05
4.30133427389176e-05
4.30129727125701e-05
4.30126026925889e-05
4.30122326789739e-05
4.30118626717249e-05
4.30114926708416e-05
4.30111226763241e-05
4.3010752688172e-05
4.30103827063853e-05
4.30100127309638e-05
4.30096427619072e-05
4.30092727992155e-05
4.30089028428885e-05
4.3008532892926e-05
4.30081629493278e-05
4.30077930120938e-05
4.30074230812238e-05
4.30070531567177e-05
4.30066832385753e-05
4.30063133267964e-05
4.30059434213808e-05
4.30055735223285e-05
4.30052036296392e-05
4.30048337433127e-05
4.3004463863349e-05
4.30040939897478e-05
4.3003724122509e-05
4.30033542616324e-05
4.30029844071179e-05
4.30026145589652e-05
4.30022447171742e-05
4.30018748817448e-05
4.30015050526768e-05
4.30011352299701e-05
4.30007654136244e-05
4.30003956036396e-05
4.30000258000155e-05
4.2999656002752e-05
4.29992862118489e-05
4.2998916427306e-05
4.29985466491233e-05
4.29981768773004e-05
4.29978071118373e-05
4.29974373527338e-05
4.29970675999897e-05
4.29966978536048e-05
4.29963281135791e-05
4.29959583799123e-05
4.29955886526042e-05
4.29952189316548e-05
4.29948492170638e-05
4.29944795088311e-05
4.29941098069564e-05
4.29937401114398e-05
4.29933704222809e-05
4.29930007394796e-05
4.29926310630358e-05
4.29922613929493e-05
4.29918917292199e-05
4.29915220718474e-05
4.29911524208318e-05
4.29907827761728e-05
4.29904131378703e-05
4.2990043505924e-05
4.29896738803339e-05
4.29893042610998e-05
4.29889346482215e-05
4.29885650416989e-05
4.29881954415318e-05
4.29878258477199e-05
4.29874562602633e-05
4.29870866791616e-05
4.29867171044147e-05
4.29863475360226e-05
4.29859779739849e-05
4.29856084183016e-05
4.29852388689724e-05
4.29848693259972e-05
4.29844997893759e-05
4.29841302591083e-05
4.29837607351942e-05
4.29833912176335e-05
4.2983021706426e-05
4.29826522015714e-05
4.29822827030698e-05
4.29819132109208e-05
4.29815437251244e-05
4.29811742456804e-05
4.29808047725886e-05
4.29804353058488e-05
4.29800658454609e-05
4.29796963914247e-05
4.29793269437401e-05
4.29789575024068e-05
4.29785880674248e-05
4.29782186387939e-05
4.29778492165138e-05
4.29774798005845e-05
4.29771103910057e-05
4.29767409877774e-05
4.29763715908993e-05
4.29760022003713e-05
4.29756328161932e-05
4.29752634383649e-05
4.29748940668861e-05
4.29745247017568e-05
4.29741553429767e-05
4.29737859905458e-05
4.29734166444637e-05
4.29730473047305e-05
4.29726779713458e-05
4.29723086443096e-05
4.29719393236217e-05
4.29715700092819e-05
4.297120070129e-05
4.29708313996459e-05
4.29704621043495e-05
4.29700928154005e-05
4.29697235327988e-05
4.29693542565442e-05
4.29689849866366e-05
4.29686157230759e-05
4.29682464658617e-05
4.29678772149941e-05
4.29675079704727e-05
4.29671387322975e-05
4.29667695004683e-05
4.2966400274985e-05
4.29660310558472e-05
4.2965661843055e-05
4.29652926366081e-05
4.29649234365064e-05
4.29645542427497e-05
4.29641850553379e-05
4.29638158742707e-05
4.2963446699548e-05
4.29630775311697e-05
4.29627083691356e-05
4.29623392134455e-05
4.29619700640993e-05
4.29616009210967e-05
4.29612317844377e-05
4.29608626541221e-05
4.29604935301497e-05
4.29601244125203e-05
4.29597553012338e-05
4.295938619629e-05
4.29590170976888e-05
4.295864800543e-05
4.29582789195134e-05
4.29579098399388e-05
4.29575407667062e-05
4.29571716998153e-05
4.2956802639266e-05
4.2956433585058e-05
4.29560645371914e-05
4.29556954956658e-05
4.29553264604811e-05
4.29549574316372e-05
4.29545884091339e-05
4.2954219392971e-05
4.29538503831483e-05
4.29534813796658e-05
4.29531123825232e-05
4.29527433917204e-05
4.29523744072572e-05
4.29520054291335e-05
4.2951636457349e-05
4.29512674919037e-05
4.29508985327973e-05
4.29505295800297e-05
4.29501606336008e-05
4.29497916935103e-05
4.29494227597581e-05
4.29490538323441e-05
4.2948684911268e-05
4.29483159965298e-05
4.29479470881292e-05
4.29475781860661e-05
4.29472092903403e-05
4.29468404009517e-05
4.29464715179001e-05
4.29461026411853e-05
4.29457337708072e-05
4.29453649067656e-05
4.29449960490604e-05
4.29446271976913e-05
4.29442583526583e-05
4.29438895139611e-05
4.29435206815996e-05
4.29431518555736e-05
4.2942783035883e-05
4.29424142225276e-05
4.29420454155072e-05
4.29416766148217e-05
4.2941307820471e-05
4.29409390324548e-05
4.29405702507729e-05
4.29402014754253e-05
4.29398327064118e-05
4.29394639437321e-05
4.29390951873862e-05
4.29387264373739e-05
4.29383576936949e-05
4.29379889563492e-05
4.29376202253366e-05
4.29372515006569e-05
4.293688278231e-05
4.29365140702957e-05
4.29361453646137e-05
4.29357766652641e-05
4.29354079722465e-05
4.29350392855609e-05
4.29346706052071e-05
4.29343019311849e-05
4.29339332634941e-05
4.29335646021347e-05
4.29331959471063e-05
4.29328272984089e-05
4.29324586560423e-05
4.29320900200064e-05
4.29317213903009e-05
4.29313527669257e-05
4.29309841498807e-05
4.29306155391656e-05
4.29302469347804e-05
4.29298783367248e-05
4.29295097449987e-05
4.2929141159602e-05
4.29287725805344e-05
4.29284040077958e-05
4.29280354413861e-05
4.2927666881305e-05
4.29272983275525e-05
4.29269297801283e-05
4.29265612390323e-05
4.29261927042643e-05
4.29258241758242e-05
4.29254556537118e-05
4.29250871379269e-05
4.29247186284694e-05
4.29243501253391e-05
4.29239816285359e-05
4.29236131380595e-05
4.29232446539099e-05
4.29228761760868e-05
4.29225077045901e-05
4.29221392394197e-05
4.29217707805753e-05
4.29214023280569e-05
4.29210338818641e-05
4.2920665441997e-05
4.29202970084553e-05
4.29199285812388e-05
4.29195601603475e-05
4.2919191745781e-05
4.29188233375394e-05
4.29184549356223e-05
4.29180865400297e-05
4.29177181507614e-05
4.29173497678171e-05
4.29169813911969e-05
4.29166130209004e-05
4.29162446569275e-05
4.29158762992782e-05
4.29155079479521e-05
4.29151396029491e-05
4.29147712642692e-05
4.2914402931912e-05
4.29140346058775e-05
4.29136662861655e-05
4.29132979727758e-05
4.29129296657083e-05
4.29125613649628e-05
4.29121930705391e-05
4.2911824782437e-05
4.29114565006565e-05
4.29110882251974e-05
4.29107199560594e-05
4.29103516932425e-05
4.29099834367464e-05
4.2909615186571e-05
4.29092469427162e-05
4.29088787051817e-05
4.29085104739674e-05
4.29081422490732e-05
4.29077740304988e-05
4.29074058182442e-05
4.29070376123092e-05
4.29066694126935e-05
4.29063012193971e-05
4.29059330324197e-05
4.29055648517613e-05
4.29051966774216e-05
4.29048285094005e-05
4.29044603476977e-05
4.29040921923133e-05
4.2903724043247e-05
4.29033559004985e-05
4.29029877640679e-05
4.29026196339548e-05
4.29022515101593e-05
4.29018833926809e-05
4.29015152815197e-05
4.29011471766755e-05
4.29007790781481e-05
4.29004109859372e-05
4.29000429000429e-05
4.28996748204649e-05
4.2899306747203e-05
4.28989386802571e-05
4.2898570619627e-05
4.28982025653125e-05
4.28978345173136e-05
4.28974664756299e-05
4.28970984402615e-05
4.28967304112081e-05
4.28963623884695e-05
4.28959943720455e-05
4.28956263619361e-05
4.28952583581411e-05
4.28948903606602e-05
4.28945223694934e-05
4.28941543846405e-05
4.28937864061012e-05
4.28934184338755e-05
4.28930504679632e-05
4.28926825083641e-05
4.2892314555078e-05
4.28919466081049e-05
4.28915786674444e-05
4.28912107330966e-05
4.28908428050611e-05
4.28904748833379e-05
4.28901069679268e-05
4.28897390588276e-05
4.28893711560401e-05
4.28890032595642e-05
4.28886353693998e-05
4.28882674855467e-05
4.28878996080046e-05
4.28875317367735e-05
4.28871638718532e-05
4.28867960132434e-05
4.28864281609442e-05
4.28860603149552e-05
4.28856924752764e-05
4.28853246419075e-05
4.28849568148485e-05
4.28845889940991e-05
4.28842211796592e-05
4.28838533715286e-05
4.28834855697071e-05
4.28831177741947e-05
4.2882749984991e-05
4.28823822020961e-05
4.28820144255097e-05
4.28816466552316e-05
4.28812788912617e-05
4.28809111335998e-05
4.28805433822457e-05
4.28801756371994e-05
4.28798078984606e-05
4.28794401660292e-05
4.2879072439905e-05
4.28787047200878e-05
4.28783370065775e-05
4.2877969299374e-05
4.2877601598477e-05
4.28772339038864e-05
4.2876866215602e-05
4.28764985336238e-05
4.28761308579514e-05
4.28757631885848e-05
4.28753955255237e-05
4.28750278687681e-05
4.28746602183178e-05
4.28742925741725e-05
4.28739249363322e-05
4.28735573047967e-05
4.28731896795658e-05
4.28728220606393e-05
4.28724544480171e-05
4.28720868416991e-05
4.2871719241685e-05
4.28713516479748e-05
4.28709840605681e-05
4.2870616479465e-05
4.28702489046651e-05
4.28698813361685e-05
4.28695137739748e-05
4.28691462180839e-05
4.28687786684957e-05
4.28684111252101e-05
4.28680435882267e-05
4.28676760575456e-05
4.28673085331664e-05
4.28669410150892e-05
4.28665735033136e-05
4.28662059978395e-05
4.28658384986669e-05
4.28654710057954e-05
4.2865103519225e-05
4.28647360389555e-05
4.28643685649867e-05
4.28640010973184e-05
4.28636336359506e-05
4.2863266180883e-05
4.28628987321155e-05
4.28625312896478e-05
4.286216385348e-05
4.28617964236117e-05
4.28614290000429e-05
4.28610615827733e-05
4.28606941718028e-05
4.28603267671313e-05
4.28599593687585e-05
4.28595919766844e-05
4.28592245909087e-05
4.28588572114313e-05
4.28584898382521e-05
4.28581224713708e-05
4.28577551107873e-05
4.28573877565015e-05
4.28570204085131e-05
4.28566530668221e-05
4.28562857314282e-05
4.28559184023314e-05
4.28555510795313e-05
4.2855183763028e-05
4.28548164528211e-05
4.28544491489106e-05
4.28540818512963e-05
4.28537145599781e-05
4.28533472749557e-05
4.28529799962289e-05
4.28526127237978e-05
4.2852245457662e-05
4.28518781978214e-05
4.28515109442759e-05
4.28511436970253e-05
4.28507764560694e-05
4.28504092214081e-05
4.28500419930412e-05
4.28496747709685e-05
4.28493075551899e-05
4.28489403457053e-05
4.28485731425144e-05
4.28482059456171e-05
4.28478387550132e-05
4.28474715707026e-05
4.28471043926851e-05
4.28467372209606e-05
4.28463700555289e-05
4.28460028963898e-05
4.28456357435432e-05
4.28452685969888e-05
4.28449014567266e-05
4.28445343227564e-05
4.28441671950781e-05
4.28438000736913e-05
4.28434329585961e-05
4.28430658497922e-05
4.28426987472795e-05
4.28423316510578e-05
4.28419645611269e-05
4.28415974774867e-05
4.28412304001371e-05
4.28408633290778e-05
4.28404962643087e-05
4.28401292058297e-05
4.28397621536405e-05
4.28393951077411e-05
4.28390280681312e-05
4.28386610348107e-05
4.28382940077794e-05
4.28379269870372e-05
4.2837559972584e-05
4.28371929644194e-05
4.28368259625435e-05
4.2836458966956e-05
4.28360919776567e-05
4.28357249946455e-05
4.28353580179223e-05
4.28349910474869e-05
4.2834624083339e-05
4.28342571254787e-05
4.28338901739056e-05
4.28335232286196e-05
4.28331562896207e-05
4.28327893569085e-05
4.2832422430483e-05
4.28320555103439e-05
4.28316885964912e-05
4.28313216889247e-05
4.28309547876441e-05
4.28305878926494e-05
4.28302210039404e-05
4.28298541215169e-05
4.28294872453787e-05
4.28291203755257e-05
4.28287535119578e-05
4.28283866546747e-05
4.28280198036764e-05
4.28276529589625e-05
4.28272861205331e-05
4.28269192883879e-05
4.28265524625268e-05
4.28261856429495e-05
4.2825818829656e-05
4.28254520226461e-05
4.28250852219196e-05
4.28247184274763e-05
4.28243516393162e-05
4.2823984857439e-05
4.28236180818445e-05
4.28232513125327e-05
4.28228845495033e-05
4.28225177927561e-05
4.28221510422912e-05
4.28217842981081e-05
4.28214175602069e-05
4.28210508285873e-05
4.28206841032492e-05
4.28203173841925e-05
4.28199506714168e-05
4.28195839649222e-05
4.28192172647084e-05
4.28188505707753e-05
4.28184838831227e-05
4.28181172017504e-05
4.28177505266583e-05
4.28173838578463e-05
4.28170171953141e-05
4.28166505390616e-05
4.28162838890887e-05
4.28159172453951e-05
4.28155506079808e-05
4.28151839768455e-05
4.28148173519892e-05
4.28144507334115e-05
4.28140841211125e-05
4.28137175150918e-05
4.28133509153494e-05
4.28129843218851e-05
4.28126177346988e-05
4.28122511537902e-05
4.28118845791592e-05
4.28115180108056e-05
4.28111514487294e-05
4.28107848929302e-05
4.2810418343408e-05
4.28100518001627e-05
4.28096852631939e-05
4.28093187325017e-05
4.28089522080858e-05
4.2808585689946e-05
4.28082191780822e-05
4.28078526724942e-05
4.2807486173182e-05
4.28071196801452e-05
4.28067531933838e-05
4.28063867128976e-05
4.28060202386864e-05
4.280565377075e-05
4.28052873090884e-05
4.28049208537013e-05
4.28045544045886e-05
4.28041879617502e-05
4.28038215251858e-05
4.28034550948953e-05
4.28030886708785e-05
4.28027222531353e-05
4.28023558416655e-05
4.2801989436469e-05
4.28016230375456e-05
4.28012566448951e-05
4.28008902585174e-05
4.28005238784123e-05
4.28001575045796e-05
4.27997911370193e-05
4.2799424775731e-05
4.27990584207147e-05
4.27986920719703e-05
4.27983257294975e-05
4.27979593932961e-05
4.27975930633661e-05
4.27972267397073e-05
4.27968604223194e-05
4.27964941112024e-05
4.27961278063561e-05
4.27957615077803e-05
4.27953952154748e-05
4.27950289294396e-05
4.27946626496743e-05
4.2794296376179e-05
4.27939301089533e-05
4.27935638479973e-05
4.27931975933106e-05
4.27928313448931e-05
4.27924651027447e-05
4.27920988668652e-05
4.27917326372545e-05
4.27913664139123e-05
4.27910001968386e-05
4.27906339860331e-05
4.27902677814958e-05
4.27899015832264e-05
4.27895353912247e-05
4.27891692054907e-05
4.27888030260242e-05
4.27884368528249e-05
4.27880706858928e-05
4.27877045252276e-05
4.27873383708293e-05
4.27869722226976e-05
4.27866060808325e-05
4.27862399452336e-05
4.27858738159009e-05
4.27855076928343e-05
4.27851415760335e-05
4.27847754654984e-05
4.27844093612288e-05
4.27840432632245e-05
4.27836771714855e-05
4.27833110860116e-05
4.27829450068025e-05
4.27825789338581e-05
4.27822128671783e-05
4.2781846806763e-05
4.27814807526118e-05
4.27811147047247e-05
4.27807486631016e-05
4.27803826277422e-05
4.27800165986464e-05
4.27796505758141e-05
4.2779284559245e-05
4.27789185489391e-05
4.27785525448961e-05
4.27781865471159e-05
4.27778205555983e-05
4.27774545703432e-05
4.27770885913505e-05
4.27767226186199e-05
4.27763566521512e-05
4.27759906919444e-05
4.27756247379993e-05
4.27752587903157e-05
4.27748928488934e-05
4.27745269137323e-05
4.27741609848323e-05
4.27737950621931e-05
4.27734291458146e-05
4.27730632356967e-05
4.27726973318391e-05
4.27723314342418e-05
4.27719655429046e-05
4.27715996578272e-05
4.27712337790096e-05
4.27708679064516e-05
4.27705020401529e-05
4.27701361801136e-05
4.27697703263334e-05
4.2769404478812e-05
4.27690386375495e-05
4.27686728025456e-05
4.27683069738001e-05
4.2767941151313e-05
4.2767575335084e-05
4.27672095251129e-05
4.27668437213997e-05
4.27664779239441e-05
4.2766112132746e-05
4.27657463478053e-05
4.27653805691217e-05
4.27650147966951e-05
4.27646490305254e-05
4.27642832706124e-05
4.27639175169559e-05
4.27635517695558e-05
4.27631860284119e-05
4.2762820293524e-05
4.2762454564892e-05
4.27620888425158e-05
4.27617231263951e-05
4.27613574165298e-05
4.27609917129198e-05
4.27606260155649e-05
4.27602603244649e-05
4.27598946396196e-05
4.2759528961029e-05
4.27591632886928e-05
4.27587976226108e-05
4.27584319627831e-05
4.27580663092092e-05
4.27577006618892e-05
4.27573350208228e-05
4.27569693860099e-05
4.27566037574503e-05
4.27562381351439e-05
4.27558725190905e-05
4.27555069092899e-05
4.2755141305742e-05
4.27547757084466e-05
4.27544101174036e-05
4.27540445326128e-05
4.2753678954074e-05
4.27533133817871e-05
4.27529478157519e-05
4.27525822559683e-05
4.2752216702436e-05
4.2751851155155e-05
4.27514856141251e-05
4.27511200793461e-05
4.27507545508178e-05
4.27503890285402e-05
4.27500235125129e-05
4.2749658002736e-05
4.27492924992091e-05
4.27489270019323e-05
4.27485615109052e-05
4.27481960261277e-05
4.27478305475997e-05
4.2747465075321e-05
4.27470996092915e-05
4.2746734149511e-05
4.27463686959793e-05
4.27460032486962e-05
4.27456378076617e-05
4.27452723728756e-05
4.27449069443376e-05
4.27445415220476e-05
4.27441761060056e-05
4.27438106962112e-05
4.27434452926644e-05
4.27430798953649e-05
4.27427145043127e-05
4.27423491195076e-05
4.27419837409494e-05
4.27416183686379e-05
4.2741253002573e-05
4.27408876427546e-05
4.27405222891824e-05
4.27401569418563e-05
4.27397916007762e-05
4.27394262659418e-05
4.27390609373531e-05
4.27386956150098e-05
4.27383302989119e-05
4.27379649890591e-05
4.27375996854513e-05
4.27372343880883e-05
4.273686909697e-05
4.27365038120961e-05
4.27361385334667e-05
4.27357732610814e-05
4.27354079949401e-05
4.27350427350427e-05
4.27346774813891e-05
4.27343122339789e-05
4.27339469928121e-05
4.27335817578886e-05
4.27332165292082e-05
4.27328513067706e-05
4.27324860905758e-05
4.27321208806235e-05
4.27317556769137e-05
4.27313904794462e-05
4.27310252882208e-05
4.27306601032373e-05
4.27302949244956e-05
4.27299297519955e-05
4.27295645857369e-05
4.27291994257196e-05
4.27288342719434e-05
4.27284691244082e-05
4.27281039831139e-05
4.27277388480602e-05
4.2727373719247e-05
4.27270085966741e-05
4.27266434803415e-05
4.27262783702488e-05
4.27259132663961e-05
4.2725548168783e-05
4.27251830774095e-05
4.27248179922754e-05
4.27244529133804e-05
4.27240878407246e-05
4.27237227743077e-05
4.27233577141295e-05
4.27229926601899e-05
4.27226276124887e-05
4.27222625710258e-05
4.2721897535801e-05
4.27215325068141e-05
4.2721167484065e-05
4.27208024675536e-05
4.27204374572796e-05
4.27200724532429e-05
4.27197074554433e-05
4.27193424638808e-05
4.27189774785551e-05
4.2718612499466e-05
4.27182475266135e-05
4.27178825599973e-05
4.27175175996173e-05
4.27171526454733e-05
4.27167876975651e-05
4.27164227558927e-05
4.27160578204559e-05
4.27156928912544e-05
4.27153279682881e-05
4.2714963051557e-05
4.27145981410607e-05
4.27142332367992e-05
4.27138683387722e-05
4.27135034469797e-05
4.27131385614215e-05
4.27127736820974e-05
4.27124088090072e-05
4.27120439421508e-05
4.27116790815281e-05
4.27113142271388e-05
4.27109493789828e-05
4.271058453706e-05
4.27102197013701e-05
4.27098548719131e-05
4.27094900486888e-05
4.2709125231697e-05
4.27087604209375e-05
4.27083956164103e-05
4.2708030818115e-05
4.27076660260517e-05
4.270730124022e-05
4.27069364606199e-05
4.27065716872512e-05
4.27062069201138e-05
4.27058421592074e-05
4.27054774045319e-05
4.27051126560872e-05
4.27047479138731e-05
4.27043831778894e-05
4.2704018448136e-05
4.27036537246127e-05
4.27032890073193e-05
4.27029242962558e-05
4.27025595914219e-05
4.27021948928175e-05
4.27018302004424e-05
4.27014655142965e-05
4.27011008343795e-05
4.27007361606914e-05
4.2700371493232e-05
4.27000068320011e-05
4.26996421769986e-05
4.26992775282242e-05
4.26989128856779e-05
4.26985482493595e-05
4.26981836192688e-05
4.26978189954057e-05
4.269745437777e-05
4.26970897663615e-05
4.26967251611801e-05
4.26963605622257e-05
4.2695995969498e-05
4.26956313829969e-05
4.26952668027223e-05
4.26949022286739e-05
4.26945376608517e-05
4.26941730992554e-05
4.2693808543885e-05
4.26934439947402e-05
4.26930794518209e-05
4.26927149151269e-05
4.26923503846581e-05
4.26919858604143e-05
4.26916213423953e-05
4.26912568306011e-05
4.26908923250314e-05
4.2690527825686e-05
4.26901633325649e-05
4.26897988456678e-05
4.26894343649947e-05
4.26890698905452e-05
4.26887054223194e-05
4.26883409603169e-05
4.26879765045377e-05
4.26876120549816e-05
4.26872476116485e-05
4.26868831745381e-05
4.26865187436504e-05
4.26861543189851e-05
4.26857899005421e-05
4.26854254883213e-05
4.26850610823224e-05
4.26846966825454e-05
4.268433228899e-05
4.26839679016561e-05
4.26836035205436e-05
4.26832391456523e-05
4.2682874776982e-05
4.26825104145325e-05
4.26821460583038e-05
4.26817817082956e-05
4.26814173645078e-05
4.26810530269403e-05
4.26806886955928e-05
4.26803243704652e-05
4.26799600515574e-05
4.26795957388692e-05
4.26792314324004e-05
4.26788671321508e-05
4.26785028381204e-05
4.2678138550309e-05
4.26777742687163e-05
4.26774099933423e-05
4.26770457241868e-05
4.26766814612496e-05
4.26763172045305e-05
4.26759529540295e-05
4.26755887097462e-05
4.26752244716807e-05
4.26748602398327e-05
4.26744960142021e-05
4.26741317947886e-05
4.26737675815922e-05
4.26734033746127e-05
4.267303917385e-05
4.26726749793038e-05
4.2672310790974e-05
4.26719466088604e-05
4.26715824329629e-05
4.26712182632814e-05
4.26708540998157e-05
4.26704899425655e-05
4.26701257915308e-05
4.26697616467114e-05
4.26693975081072e-05
4.26690333757179e-05
4.26686692495434e-05
4.26683051295836e-05
4.26679410158383e-05
4.26675769083074e-05
4.26672128069906e-05
4.26668487118878e-05
4.26664846229989e-05
4.26661205403237e-05
4.26657564638621e-05
4.26653923936138e-05
4.26650283295788e-05
4.26646642717568e-05
4.26643002201478e-05
4.26639361747515e-05
4.26635721355678e-05
4.26632081025965e-05
4.26628440758375e-05
4.26624800552906e-05
4.26621160409556e-05
4.26617520328325e-05
4.2661388030921e-05
4.26610240352209e-05
4.26606600457322e-05
4.26602960624547e-05
4.26599320853881e-05
4.26595681145324e-05
4.26592041498874e-05
4.26588401914529e-05
4.26584762392287e-05
4.26581122932148e-05
4.26577483534109e-05
4.26573844198169e-05
4.26570204924326e-05
4.26566565712579e-05
4.26562926562927e-05
4.26559287475366e-05
4.26555648449897e-05
4.26552009486517e-05
4.26548370585224e-05
4.26544731746018e-05
4.26541092968897e-05
4.26537454253858e-05
4.26533815600901e-05
4.26530177010023e-05
4.26526538481224e-05
4.26522900014502e-05
4.26519261609854e-05
4.2651562326728e-05
4.26511984986778e-05
4.26508346768346e-05
4.26504708611983e-05
4.26501070517687e-05
4.26497432485456e-05
4.2649379451529e-05
4.26490156607185e-05
4.26486518761142e-05
4.26482880977158e-05
4.26479243255231e-05
4.2647560559536e-05
4.26471967997543e-05
4.2646833046178e-05
4.26464692988067e-05
4.26461055576405e-05
4.2645741822679e-05
4.26453780939222e-05
4.26450143713698e-05
4.26446506550218e-05
4.2644286944878e-05
4.26439232409382e-05
4.26435595432022e-05
4.26431958516699e-05
4.26428321663412e-05
4.26424684872158e-05
4.26421048142936e-05
4.26417411475745e-05
4.26413774870583e-05
4.26410138327449e-05
4.2640650184634e-05
4.26402865427256e-05
4.26399229070194e-05
4.26395592775153e-05
4.26391956542132e-05
4.26388320371128e-05
4.26384684262141e-05
4.26381048215169e-05
4.2637741223021e-05
4.26373776307262e-05
4.26370140446324e-05
4.26366504647395e-05
4.26362868910472e-05
4.26359233235555e-05
4.26355597622641e-05
4.26351962071729e-05
4.26348326582818e-05
4.26344691155906e-05
4.26341055790991e-05
4.26337420488071e-05
4.26333785247146e-05
4.26330150068213e-05
4.26326514951271e-05
4.26322879896318e-05
4.26319244903353e-05
4.26315609972375e-05
4.26311975103381e-05
4.2630834029637e-05
4.2630470555134e-05
4.2630107086829e-05
4.26297436247218e-05
4.26293801688123e-05
4.26290167191004e-05
4.26286532755857e-05
4.26282898382683e-05
4.26279264071478e-05
4.26275629822243e-05
4.26271995634975e-05
4.26268361509672e-05
4.26264727446333e-05
4.26261093444957e-05
4.26257459505541e-05
4.26253825628085e-05
4.26250191812586e-05
4.26246558059044e-05
4.26242924367456e-05
4.2623929073782e-05
4.26235657170136e-05
4.26232023664402e-05
4.26228390220616e-05
4.26224756838776e-05
4.26221123518882e-05
4.2621749026093e-05
4.26213857064921e-05
4.26210223930852e-05
4.26206590858721e-05
4.26202957848527e-05
4.26199324900269e-05
4.26195692013945e-05
4.26192059189553e-05
4.26188426427092e-05
4.2618479372656e-05
4.26181161087955e-05
4.26177528511277e-05
4.26173895996522e-05
4.26170263543691e-05
4.26166631152781e-05
4.2616299882379e-05
4.26159366556718e-05
4.26155734351561e-05
4.2615210220832e-05
4.26148470126992e-05
4.26144838107576e-05
4.2614120615007e-05
4.26137574254472e-05
4.26133942420782e-05
4.26130310648996e-05
4.26126678939115e-05
4.26123047291136e-05
4.26119415705057e-05
4.26115784180878e-05
4.26112152718596e-05
4.26108521318209e-05
4.26104889979717e-05
4.26101258703118e-05
4.2609762748841e-05
4.26093996335592e-05
4.26090365244661e-05
4.26086734215617e-05
4.26083103248458e-05
4.26079472343181e-05
4.26075841499787e-05
4.26072210718273e-05
4.26068579998637e-05
4.26064949340878e-05
4.26061318744994e-05
4.26057688210984e-05
4.26054057738846e-05
4.26050427328579e-05
4.2604679698018e-05
4.26043166693649e-05
4.26039536468984e-05
4.26035906306183e-05
4.26032276205245e-05
4.26028646166168e-05
4.26025016188951e-05
4.26021386273591e-05
4.26017756420088e-05
4.26014126628439e-05
4.26010496898644e-05
4.260068672307e-05
4.26003237624606e-05
4.25999608080361e-05
4.25995978597962e-05
4.25992349177409e-05
4.25988719818699e-05
4.25985090521832e-05
4.25981461286805e-05
4.25977832113617e-05
4.25974203002266e-05
4.25970573952751e-05
4.25966944965071e-05
4.25963316039223e-05
4.25959687175206e-05
4.25956058373018e-05
4.25952429632659e-05
4.25948800954125e-05
4.25945172337417e-05
4.25941543782531e-05
4.25937915289467e-05
4.25934286858224e-05
4.25930658488798e-05
4.25927030181189e-05
4.25923401935396e-05
4.25919773751416e-05
4.25916145629248e-05
4.25912517568891e-05
4.25908889570343e-05
4.25905261633602e-05
4.25901633758667e-05
4.25898005945536e-05
4.25894378194208e-05
4.25890750504681e-05
4.25887122876953e-05
4.25883495311023e-05
4.25879867806889e-05
4.2587624036455e-05
4.25872612984004e-05
4.2586898566525e-05
4.25865358408286e-05
4.2586173121311e-05
4.25858104079721e-05
4.25854477008117e-05
4.25850849998297e-05
4.25847223050258e-05
4.25843596164001e-05
4.25839969339522e-05
4.25836342576821e-05
4.25832715875895e-05
4.25829089236744e-05
4.25825462659365e-05
4.25821836143757e-05
4.25818209689919e-05
4.25814583297849e-05
4.25810956967545e-05
4.25807330699005e-05
4.25803704492229e-05
4.25800078347214e-05
4.2579645226396e-05
4.25792826242463e-05
4.25789200282724e-05
4.2578557438474e-05
4.25781948548509e-05
4.25778322774031e-05
4.25774697061303e-05
4.25771071410324e-05
4.25767445821093e-05
4.25763820293607e-05
4.25760194827865e-05
4.25756569423866e-05
4.25752944081608e-05
4.2574931880109e-05
4.25745693582309e-05
4.25742068425265e-05
4.25738443329956e-05
4.2573481829638e-05
4.25731193324535e-05
4.2572756841442e-05
4.25723943566034e-05
4.25720318779375e-05
4.25716694054441e-05
4.2571306939123e-05
4.25709444789742e-05
4.25705820249974e-05
4.25702195771926e-05
4.25698571355595e-05
4.25694947000979e-05
4.25691322708078e-05
4.25687698476889e-05
4.25684074307412e-05
4.25680450199644e-05
4.25676826153584e-05
4.25673202169231e-05
4.25669578246582e-05
4.25665954385636e-05
4.25662330586392e-05
4.25658706848849e-05
4.25655083173003e-05
4.25651459558855e-05
4.25647836006402e-05
4.25644212515642e-05
4.25640589086575e-05
4.25636965719199e-05
4.25633342413511e-05
4.25629719169511e-05
4.25626095987197e-05
4.25622472866567e-05
4.2561884980762e-05
4.25615226810354e-05
4.25611603874768e-05
4.2560798100086e-05
4.25604358188628e-05
4.25600735438071e-05
4.25597112749187e-05
4.25593490121975e-05
4.25589867556433e-05
4.2558624505256e-05
4.25582622610354e-05
4.25579000229813e-05
4.25575377910936e-05
4.25571755653721e-05
4.25568133458167e-05
4.25564511324272e-05
4.25560889252034e-05
4.25557267241453e-05
4.25553645292526e-05
4.25550023405251e-05
4.25546401579628e-05
4.25542779815655e-05
4.2553915811333e-05
4.25535536472651e-05
4.25531914893617e-05
4.25528293376227e-05
4.25524671920478e-05
4.2552105052637e-05
4.255174291939e-05
4.25513807923067e-05
4.2551018671387e-05
4.25506565566307e-05
4.25502944480376e-05
4.25499323456076e-05
4.25495702493405e-05
4.25492081592362e-05
4.25488460752944e-05
4.25484839975152e-05
4.25481219258982e-05
4.25477598604433e-05
4.25473978011505e-05
4.25470357480194e-05
4.25466737010501e-05
4.25463116602422e-05
4.25459496255956e-05
4.25455875971103e-05
4.2545225574786e-05
4.25448635586226e-05
4.25445015486199e-05
4.25441395447777e-05
4.2543777547096e-05
4.25434155555745e-05
4.25430535702131e-05
4.25426915910116e-05
4.25423296179699e-05
4.25419676510878e-05
4.25416056903652e-05
4.25412437358019e-05
4.25408817873977e-05
4.25405198451525e-05
4.25401579090662e-05
4.25397959791385e-05
4.25394340553693e-05
4.25390721377585e-05
4.25387102263059e-05
4.25383483210114e-05
4.25379864218747e-05
4.25376245288958e-05
4.25372626420745e-05
4.25369007614105e-05
4.25365388869039e-05
4.25361770185543e-05
4.25358151563617e-05
4.25354533003258e-05
4.25350914504466e-05
4.25347296067239e-05
4.25343677691575e-05
4.25340059377472e-05
4.2533644112493e-05
4.25332822933946e-05
4.25329204804519e-05
4.25325586736647e-05
4.25321968730329e-05
4.25318350785563e-05
4.25314732902348e-05
4.25311115080681e-05
4.25307497320563e-05
4.2530387962199e-05
4.25300261984961e-05
4.25296644409476e-05
4.25293026895531e-05
4.25289409443126e-05
4.25285792052259e-05
4.25282174722929e-05
4.25278557455133e-05
4.25274940248871e-05
4.2527132310414e-05
4.2526770602094e-05
4.25264088999269e-05
4.25260472039124e-05
4.25256855140505e-05
4.2525323830341e-05
4.25249621527837e-05
4.25246004813785e-05
4.25242388161252e-05
4.25238771570237e-05
4.25235155040738e-05
4.25231538572753e-05
4.25227922166281e-05
4.25224305821321e-05
4.2522068953787e-05
4.25217073315928e-05
4.25213457155492e-05
4.25209841056561e-05
4.25206225019134e-05
4.25202609043209e-05
4.25198993128784e-05
4.25195377275858e-05
4.25191761484429e-05
4.25188145754496e-05
4.25184530086057e-05
4.25180914479111e-05
4.25177298933655e-05
4.25173683449689e-05
4.25170068027211e-05
4.25166452666219e-05
4.25162837366711e-05
4.25159222128687e-05
4.25155606952144e-05
4.25151991837082e-05
4.25148376783497e-05
4.2514476179139e-05
4.25141146860758e-05
4.25137531991599e-05
4.25133917183913e-05
4.25130302437697e-05
4.2512668775295e-05
4.25123073129671e-05
4.25119458567858e-05
4.25115844067508e-05
4.25112229628622e-05
4.25108615251197e-05
4.25105000935231e-05
4.25101386680723e-05
4.25097772487672e-05
4.25094158356076e-05
4.25090544285933e-05
4.25086930277242e-05
4.25083316330001e-05
4.25079702444208e-05
4.25076088619863e-05
4.25072474856963e-05
4.25068861155507e-05
4.25065247515494e-05
4.25061633936921e-05
4.25058020419787e-05
4.25054406964091e-05
4.25050793569832e-05
4.25047180237006e-05
4.25043566965614e-05
4.25039953755653e-05
4.25036340607122e-05
4.25032727520019e-05
4.25029114494343e-05
4.25025501530092e-05
4.25021888627264e-05
4.25018275785859e-05
4.25014663005874e-05
4.25011050287307e-05
4.25007437630159e-05
4.25003825034425e-05
4.25000212500106e-05
4.249966000272e-05
4.24992987615704e-05
4.24989375265618e-05
4.2498576297694e-05
4.24982150749669e-05
4.24978538583801e-05
4.24974926479338e-05
4.24971314436276e-05
4.24967702454613e-05
4.2496409053435e-05
4.24960478675483e-05
4.24956866878012e-05
4.24953255141934e-05
4.24949643467249e-05
4.24946031853955e-05
4.24942420302049e-05
4.24938808811531e-05
4.24935197382399e-05
4.24931586014652e-05
4.24927974708287e-05
4.24924363463304e-05
4.249207522797e-05
4.24917141157474e-05
4.24913530096625e-05
4.24909919097151e-05
4.24906308159051e-05
4.24902697282322e-05
4.24899086466964e-05
4.24895475712975e-05
4.24891865020352e-05
4.24888254389096e-05
4.24884643819203e-05
4.24881033310673e-05
4.24877422863504e-05
4.24873812477694e-05
4.24870202153242e-05
4.24866591890147e-05
4.24862981688405e-05
4.24859371548018e-05
4.24855761468981e-05
4.24852151451295e-05
4.24848541494957e-05
4.24844931599966e-05
4.2484132176632e-05
4.24837711994018e-05
4.24834102283058e-05
4.24830492633439e-05
4.24826883045159e-05
4.24823273518216e-05
4.2481966405261e-05
4.24816054648337e-05
4.24812445305398e-05
4.24808836023789e-05
4.24805226803511e-05
4.2480161764456e-05
4.24798008546936e-05
4.24794399510637e-05
4.24790790535661e-05
4.24787181622007e-05
4.24783572769674e-05
4.24779963978659e-05
4.24776355248961e-05
4.24772746580579e-05
4.24769137973511e-05
4.24765529427756e-05
4.24761920943311e-05
4.24758312520176e-05
4.24754704158349e-05
4.24751095857827e-05
4.24747487618611e-05
4.24743879440697e-05
4.24740271324085e-05
4.24736663268773e-05
4.2473305527476e-05
4.24729447342043e-05
4.24725839470622e-05
4.24722231660494e-05
4.24718623911659e-05
4.24715016224114e-05
4.24711408597858e-05
4.24707801032889e-05
4.24704193529207e-05
4.24700586086809e-05
4.24696978705693e-05
4.24693371385859e-05
4.24689764127305e-05
4.24686156930029e-05
4.24682549794029e-05
4.24678942719304e-05
4.24675335705853e-05
4.24671728753673e-05
4.24668121862764e-05
4.24664515033124e-05
4.24660908264751e-05
4.24657301557643e-05
4.24653694911799e-05
4.24650088327218e-05
4.24646481803898e-05
4.24642875341838e-05
4.24639268941035e-05
4.24635662601488e-05
4.24632056323196e-05
4.24628450106157e-05
4.2462484395037e-05
4.24621237855833e-05
4.24617631822544e-05
4.24614025850502e-05
4.24610419939705e-05
4.24606814090152e-05
4.24603208301842e-05
4.24599602574772e-05
4.24595996908941e-05
4.24592391304348e-05
4.2458878576099e-05
4.24585180278868e-05
4.24581574857977e-05
4.24577969498319e-05
4.2457436419989e-05
4.24570758962689e-05
4.24567153786714e-05
4.24563548671965e-05
4.24559943618439e-05
4.24556338626136e-05
4.24552733695052e-05
4.24549128825188e-05
4.2454552401654e-05
4.24541919269109e-05
4.24538314582891e-05
4.24534709957886e-05
4.24531105394092e-05
4.24527500891508e-05
4.24523896450131e-05
4.24520292069961e-05
4.24516687750995e-05
4.24513083493233e-05
4.24509479296673e-05
4.24505875161312e-05
4.2450227108715e-05
4.24498667074185e-05
4.24495063122416e-05
4.2449145923184e-05
4.24487855402457e-05
4.24484251634264e-05
4.24480647927261e-05
4.24477044281445e-05
4.24473440696816e-05
4.2446983717337e-05
4.24466233711108e-05
4.24462630310028e-05
4.24459026970127e-05
4.24455423691404e-05
4.24451820473858e-05
4.24448217317487e-05
4.2444461422229e-05
4.24441011188265e-05
4.2443740821541e-05
4.24433805303725e-05
4.24430202453207e-05
4.24426599663854e-05
4.24422996935666e-05
4.2441939426864e-05
4.24415791662776e-05
4.24412189118071e-05
4.24408586634525e-05
4.24404984212135e-05
4.24401381850899e-05
4.24397779550817e-05
4.24394177311887e-05
4.24390575134107e-05
4.24386973017476e-05
4.24383370961992e-05
4.24379768967654e-05
4.24376167034459e-05
4.24372565162407e-05
4.24368963351496e-05
4.24365361601725e-05
4.24361759913091e-05
4.24358158285593e-05
4.2435455671923e-05
4.24350955214e-05
4.24347353769902e-05
4.24343752386934e-05
4.24340151065094e-05
4.24336549804381e-05
4.24332948604793e-05
4.24329347466329e-05
4.24325746388988e-05
4.24322145372767e-05
4.24318544417665e-05
4.24314943523681e-05
4.24311342690813e-05
4.24307741919059e-05
4.24304141208418e-05
4.24300540558889e-05
4.24296939970469e-05
4.24293339443157e-05
4.24289738976953e-05
4.24286138571853e-05
4.24282538227857e-05
4.24278937944963e-05
4.24275337723169e-05
4.24271737562474e-05
4.24268137462877e-05
4.24264537424375e-05
4.24260937446967e-05
4.24257337530653e-05
4.24253737675429e-05
4.24250137881295e-05
4.24246538148249e-05
4.24242938476289e-05
4.24239338865414e-05
4.24235739315623e-05
4.24232139826913e-05
4.24228540399284e-05
4.24224941032733e-05
4.2422134172726e-05
4.24217742482862e-05
4.24214143299538e-05
4.24210544177286e-05
4.24206945116105e-05
4.24203346115994e-05
4.24199747176951e-05
4.24196148298973e-05
4.24192549482061e-05
4.24188950726212e-05
4.24185352031424e-05
4.24181753397696e-05
4.24178154825026e-05
4.24174556313414e-05
4.24170957862857e-05
4.24167359473354e-05
4.24163761144903e-05
4.24160162877503e-05
4.24156564671151e-05
4.24152966525848e-05
4.2414936844159e-05
4.24145770418377e-05
4.24142172456207e-05
4.24138574555079e-05
4.2413497671499e-05
4.24131378935939e-05
4.24127781217925e-05
4.24124183560947e-05
4.24120585965002e-05
4.24116988430089e-05
4.24113390956206e-05
4.24109793543352e-05
4.24106196191526e-05
4.24102598900726e-05
4.2409900167095e-05
4.24095404502197e-05
4.24091807394465e-05
4.24088210347752e-05
4.24084613362058e-05
4.2408101643738e-05
4.24077419573717e-05
4.24073822771068e-05
4.2407022602943e-05
4.24066629348803e-05
4.24063032729185e-05
4.24059436170574e-05
4.24055839672968e-05
4.24052243236367e-05
4.24048646860768e-05
4.2404505054617e-05
4.24041454292572e-05
4.24037858099971e-05
4.24034261968367e-05
4.24030665897758e-05
4.24027069888142e-05
4.24023473939517e-05
4.24019878051883e-05
4.24016282225237e-05
4.24012686459579e-05
4.24009090754906e-05
4.24005495111217e-05
4.2400189952851e-05
4.23998304006784e-05
4.23994708546037e-05
4.23991113146268e-05
4.23987517807476e-05
4.23983922529658e-05
4.23980327312813e-05
4.23976732156939e-05
4.23973137062036e-05
4.23969542028101e-05
4.23965947055133e-05
4.2396235214313e-05
4.23958757292091e-05
4.23955162502014e-05
4.23951567772898e-05
4.23947973104741e-05
4.23944378497541e-05
4.23940783951298e-05
4.23937189466009e-05
4.23933595041673e-05
4.23930000678288e-05
4.23926406375853e-05
4.23922812134367e-05
4.23919217953827e-05
4.23915623834232e-05
4.23912029775581e-05
4.23908435777872e-05
4.23904841841104e-05
4.23901247965274e-05
4.23897654150382e-05
4.23894060396426e-05
4.23890466703404e-05
4.23886873071315e-05
4.23883279500157e-05
4.23879685989929e-05
4.23876092540629e-05
4.23872499152255e-05
4.23868905824806e-05
4.23865312558282e-05
4.23861719352678e-05
4.23858126207996e-05
4.23854533124232e-05
4.23850940101385e-05
4.23847347139454e-05
4.23843754238438e-05
4.23840161398333e-05
4.2383656861914e-05
4.23832975900857e-05
4.23829383243481e-05
4.23825790647012e-05
4.23822198111448e-05
4.23818605636787e-05
4.23815013223028e-05
4.2381142087017e-05
4.2380782857821e-05
4.23804236347147e-05
4.23800644176979e-05
4.23797052067706e-05
4.23793460019325e-05
4.23789868031835e-05
4.23786276105235e-05
4.23782684239522e-05
4.23779092434696e-05
4.23775500690754e-05
4.23771909007696e-05
4.23768317385519e-05
4.23764725824222e-05
4.23761134323804e-05
4.23757542884263e-05
4.23753951505598e-05
4.23750360187806e-05
4.23746768930887e-05
4.23743177734838e-05
4.23739586599659e-05
4.23735995525348e-05
4.23732404511903e-05
4.23728813559322e-05
4.23725222667605e-05
4.23721631836749e-05
4.23718041066753e-05
4.23714450357615e-05
4.23710859709334e-05
4.23707269121909e-05
4.23703678595338e-05
4.23700088129618e-05
4.2369649772475e-05
4.2369290738073e-05
4.23689317097559e-05
4.23685726875233e-05
4.23682136713752e-05
4.23678546613114e-05
4.23674956573317e-05
4.2367136659436e-05
4.23667776676242e-05
4.2366418681896e-05
4.23660597022513e-05
4.23657007286901e-05
4.2365341761212e-05
4.2364982799817e-05
4.23646238445049e-05
4.23642648952755e-05
4.23639059521288e-05
4.23635470150645e-05
4.23631880840825e-05
4.23628291591826e-05
4.23624702403647e-05
4.23621113276286e-05
4.23617524209741e-05
4.23613935204012e-05
4.23610346259097e-05
4.23606757374994e-05
4.23603168551701e-05
4.23599579789217e-05
4.2359599108754e-05
4.2359240244667e-05
4.23588813866603e-05
4.2358522534734e-05
4.23581636888878e-05
4.23578048491215e-05
4.23574460154351e-05
4.23570871878283e-05
4.2356728366301e-05
4.23563695508531e-05
4.23560107414843e-05
4.23556519381946e-05
4.23552931409838e-05
4.23549343498518e-05
4.23545755647983e-05
4.23542167858232e-05
4.23538580129264e-05
4.23534992461077e-05
4.2353140485367e-05
4.23527817307041e-05
4.23524229821188e-05
4.2352064239611e-05
4.23517055031806e-05
4.23513467728274e-05
4.23509880485512e-05
4.23506293303518e-05
4.23502706182292e-05
4.23499119121832e-05
4.23495532122136e-05
4.23491945183203e-05
4.2348835830503e-05
4.23484771487617e-05
4.23481184730962e-05
4.23477598035064e-05
4.2347401139992e-05
4.2347042482553e-05
4.23466838311892e-05
4.23463251859004e-05
4.23459665466864e-05
4.23456079135472e-05
4.23452492864826e-05
4.23448906654923e-05
4.23445320505763e-05
4.23441734417344e-05
4.23438148389665e-05
4.23434562422723e-05
4.23430976516518e-05
4.23427390671048e-05
4.23423804886311e-05
4.23420219162305e-05
4.2341663349903e-05
4.23413047896484e-05
4.23409462354665e-05
4.23405876873571e-05
4.23402291453201e-05
4.23398706093554e-05
4.23395120794628e-05
4.23391535556421e-05
4.23387950378932e-05
4.2338436526216e-05
4.23380780206102e-05
4.23377195210757e-05
4.23373610276124e-05
4.23370025402202e-05
4.23366440588987e-05
4.2336285583648e-05
4.23359271144679e-05
4.23355686513581e-05
4.23352101943186e-05
4.23348517433492e-05
4.23344932984497e-05
4.233413485962e-05
4.23337764268599e-05
4.23334180001693e-05
4.23330595795481e-05
4.23327011649959e-05
4.23323427565128e-05
4.23319843540986e-05
4.2331625957753e-05
4.2331267567476e-05
4.23309091832674e-05
4.23305508051271e-05
4.23301924330548e-05
4.23298340670505e-05
4.23294757071139e-05
4.23291173532449e-05
4.23287590054435e-05
4.23284006637093e-05
4.23280423280423e-05
4.23276839984423e-05
4.23273256749092e-05
4.23269673574428e-05
4.23266090460429e-05
4.23262507407094e-05
4.23258924414421e-05
4.2325534148241e-05
4.23251758611057e-05
4.23248175800362e-05
4.23244593050324e-05
4.2324101036094e-05
4.23237427732209e-05
4.2323384516413e-05
4.23230262656701e-05
4.2322668020992e-05
4.23223097823787e-05
4.23219515498299e-05
4.23215933233454e-05
4.23212351029252e-05
4.23208768885691e-05
4.23205186802769e-05
4.23201604780485e-05
4.23198022818837e-05
4.23194440917824e-05
4.23190859077444e-05
4.23187277297695e-05
4.23183695578577e-05
4.23180113920087e-05
4.23176532322224e-05
4.23172950784986e-05
4.23169369308372e-05
4.2316578789238e-05
4.2316220653701e-05
4.23158625242258e-05
4.23155044008125e-05
4.23151462834607e-05
4.23147881721704e-05
4.23144300669414e-05
4.23140719677736e-05
4.23137138746668e-05
4.23133557876208e-05
4.23129977066355e-05
4.23126396317108e-05
4.23122815628464e-05
4.23119235000423e-05
4.23115654432983e-05
4.23112073926142e-05
4.23108493479898e-05
4.23104913094251e-05
4.23101332769198e-05
4.23097752504739e-05
4.23094172300871e-05
4.23090592157593e-05
4.23087012074903e-05
4.23083432052801e-05
4.23079852091284e-05
4.2307627219035e-05
4.2307269235e-05
4.23069112570229e-05
4.23065532851039e-05
4.23061953192425e-05
4.23058373594389e-05
4.23054794056926e-05
4.23051214580037e-05
4.23047635163719e-05
4.23044055807972e-05
4.23040476512793e-05
4.23036897278181e-05
4.23033318104134e-05
4.23029738990651e-05
4.23026159937731e-05
4.23022580945371e-05
4.2301900201357e-05
4.23015423142328e-05
4.23011844331641e-05
4.23008265581509e-05
4.23004686891931e-05
4.23001108262904e-05
4.22997529694427e-05
4.22993951186498e-05
4.22990372739116e-05
4.2298679435228e-05
4.22983216025988e-05
4.22979637760238e-05
4.22976059555029e-05
4.22972481410359e-05
4.22968903326227e-05
4.22965325302632e-05
4.22961747339571e-05
4.22958169437043e-05
4.22954591595046e-05
4.2295101381358e-05
4.22947436092642e-05
4.22943858432232e-05
4.22940280832346e-05
4.22936703292985e-05
4.22933125814146e-05
4.22929548395828e-05
4.2292597103803e-05
4.22922393740749e-05
4.22918816503984e-05
4.22915239327734e-05
4.22911662211997e-05
4.22908085156772e-05
4.22904508162057e-05
4.22900931227851e-05
4.22897354354151e-05
4.22893777540957e-05
4.22890200788267e-05
4.2288662409608e-05
4.22883047464393e-05
4.22879470893206e-05
4.22875894382517e-05
4.22872317932324e-05
4.22868741542625e-05
4.2286516521342e-05
4.22861588944707e-05
4.22858012736483e-05
4.22854436588749e-05
4.22850860501501e-05
4.22847284474739e-05
4.22843708508461e-05
4.22840132602666e-05
4.22836556757351e-05
4.22832980972516e-05
4.22829405248159e-05
4.22825829584278e-05
4.22822253980872e-05
4.22818678437939e-05
4.22815102955478e-05
4.22811527533487e-05
4.22807952171964e-05
4.22804376870909e-05
4.2280080163032e-05
4.22797226450194e-05
4.22793651330532e-05
4.2279007627133e-05
4.22786501272587e-05
4.22782926334303e-05
4.22779351456475e-05
4.22775776639102e-05
4.22772201882182e-05
4.22768627185714e-05
4.22765052549696e-05
4.22761477974127e-05
4.22757903459005e-05
4.22754329004329e-05
4.22750754610097e-05
4.22747180276308e-05
4.22743606002959e-05
4.2274003179005e-05
4.2273645763758e-05
4.22732883545545e-05
4.22729309513946e-05
4.2272573554278e-05
4.22722161632046e-05
4.22718587781742e-05
4.22715013991867e-05
4.22711440262419e-05
4.22707866593397e-05
4.227042929848e-05
4.22700719436624e-05
4.22697145948871e-05
4.22693572521536e-05
4.2268999915462e-05
4.2268642584812e-05
4.22682852602036e-05
4.22679279416364e-05
4.22675706291105e-05
4.22672133226256e-05
4.22668560221816e-05
4.22664987277784e-05
4.22661414394157e-05
4.22657841570935e-05
4.22654268808115e-05
4.22650696105697e-05
4.22647123463678e-05
4.22643550882057e-05
4.22639978360833e-05
4.22636405900004e-05
4.22632833499569e-05
4.22629261159526e-05
4.22625688879873e-05
4.22622116660609e-05
4.22618544501733e-05
4.22614972403242e-05
4.22611400365136e-05
4.22607828387413e-05
4.22604256470071e-05
4.22600684613109e-05
4.22597112816525e-05
4.22593541080318e-05
4.22589969404486e-05
4.22586397789028e-05
4.22582826233942e-05
4.22579254739226e-05
4.2257568330488e-05
4.22572111930901e-05
4.22568540617288e-05
4.2256496936404e-05
4.22561398171154e-05
4.2255782703863e-05
4.22554255966466e-05
4.2255068495466e-05
4.22547114003211e-05
4.22543543112118e-05
4.22539972281378e-05
4.2253640151099e-05
4.22532830800953e-05
4.22529260151265e-05
4.22525689561925e-05
4.22522119032931e-05
4.22518548564282e-05
4.22514978155976e-05
4.22511407808011e-05
4.22507837520386e-05
4.225042672931e-05
4.2250069712615e-05
4.22497127019536e-05
4.22493556973256e-05
4.22489986987308e-05
4.22486417061691e-05
4.22482847196404e-05
4.22479277391444e-05
4.2247570764681e-05
4.22472137962501e-05
4.22468568338516e-05
4.22464998774852e-05
4.22461429271507e-05
4.22457859828482e-05
4.22454290445774e-05
4.22450721123381e-05
4.22447151861302e-05
4.22443582659536e-05
4.2244001351808e-05
4.22436444436934e-05
4.22432875416096e-05
4.22429306455565e-05
4.22425737555338e-05
4.22422168715414e-05
4.22418599935792e-05
4.22415031216471e-05
4.22411462557448e-05
4.22407893958722e-05
4.22404325420292e-05
4.22400756942156e-05
4.22397188524313e-05
4.22393620166761e-05
4.22390051869498e-05
4.22386483632524e-05
4.22382915455836e-05
4.22379347339433e-05
4.22375779283313e-05
4.22372211287475e-05
4.22368643351918e-05
4.22365075476639e-05
4.22361507661638e-05
4.22357939906912e-05
4.22354372212461e-05
4.22350804578283e-05
4.22347237004376e-05
4.22343669490738e-05
4.22340102037369e-05
4.22336534644266e-05
4.22332967311428e-05
4.22329400038854e-05
4.22325832826542e-05
4.22322265674491e-05
4.22318698582698e-05
4.22315131551164e-05
4.22311564579884e-05
4.2230799766886e-05
4.22304430818088e-05
4.22300864027568e-05
4.22297297297297e-05
4.22293730627275e-05
4.222901640175e-05
4.2228659746797e-05
4.22283030978683e-05
4.22279464549639e-05
4.22275898180835e-05
4.22272331872271e-05
4.22268765623944e-05
4.22265199435854e-05
4.22261633307998e-05
4.22258067240375e-05
4.22254501232983e-05
4.22250935285822e-05
4.22247369398889e-05
4.22243803572183e-05
4.22240237805702e-05
4.22236672099445e-05
4.22233106453411e-05
4.22229540867597e-05
4.22225975342003e-05
4.22222409876627e-05
4.22218844471466e-05
4.22215279126521e-05
4.22211713841789e-05
4.22208148617268e-05
4.22204583452958e-05
4.22201018348856e-05
4.22197453304962e-05
4.22193888321273e-05
4.22190323397788e-05
4.22186758534505e-05
4.22183193731424e-05
4.22179628988542e-05
4.22176064305858e-05
4.22172499683371e-05
4.22168935121078e-05
4.22165370618979e-05
4.22161806177072e-05
4.22158241795355e-05
4.22154677473826e-05
4.22151113212486e-05
4.2214754901133e-05
4.2214398487036e-05
4.22140420789571e-05
4.22136856768965e-05
4.22133292808537e-05
4.22129728908288e-05
4.22126165068216e-05
4.22122601288318e-05
4.22119037568594e-05
4.22115473909043e-05
4.22111910309661e-05
4.22108346770449e-05
4.22104783291404e-05
4.22101219872525e-05
4.22097656513811e-05
4.2209409321526e-05
4.22090529976869e-05
4.22086966798639e-05
4.22083403680567e-05
4.22079840622652e-05
4.22076277624892e-05
4.22072714687286e-05
4.22069151809833e-05
4.22065588992529e-05
4.22062026235376e-05
4.22058463538369e-05
4.22054900901509e-05
4.22051338324794e-05
4.22047775808222e-05
4.22044213351791e-05
4.220406509555e-05
4.22037088619348e-05
4.22033526343333e-05
4.22029964127453e-05
4.22026401971707e-05
4.22022839876094e-05
4.22019277840612e-05
4.22015715865259e-05
4.22012153950034e-05
4.22008592094935e-05
4.22005030299961e-05
4.22001468565111e-05
4.21997906890382e-05
4.21994345275773e-05
4.21990783721284e-05
4.21987222226911e-05
4.21983660792654e-05
4.21980099418511e-05
4.21976538104481e-05
4.21972976850562e-05
4.21969415656753e-05
4.21965854523052e-05
4.21962293449457e-05
4.21958732435968e-05
4.21955171482582e-05
4.21951610589298e-05
4.21948049756114e-05
4.21944488983029e-05
4.21940928270042e-05
4.21937367617151e-05
4.21933807024354e-05
4.2193024649165e-05
4.21926686019037e-05
4.21923125606515e-05
4.2191956525408e-05
4.21916004961732e-05
4.2191244472947e-05
4.21908884557291e-05
4.21905324445195e-05
4.21901764393179e-05
4.21898204401242e-05
4.21894644469383e-05
4.218910845976e-05
4.21887524785892e-05
4.21883965034257e-05
4.21880405342693e-05
4.218768457112e-05
4.21873286139775e-05
4.21869726628417e-05
4.21866167177125e-05
4.21862607785896e-05
4.2185904845473e-05
4.21855489183625e-05
4.2185192997258e-05
4.21848370821592e-05
4.21844811730661e-05
4.21841252699784e-05
4.21837693728961e-05
4.21834134818189e-05
4.21830575967468e-05
4.21827017176796e-05
4.21823458446171e-05
4.21819899775592e-05
4.21816341165057e-05
4.21812782614564e-05
4.21809224124113e-05
4.21805665693702e-05
4.21802107323328e-05
4.21798549012991e-05
4.2179499076269e-05
4.21791432572422e-05
4.21787874442186e-05
4.2178431637198e-05
4.21780758361804e-05
4.21777200411655e-05
4.21773642521532e-05
4.21770084691433e-05
4.21766526921357e-05
4.21762969211303e-05
4.21759411561269e-05
4.21755853971253e-05
4.21752296441254e-05
4.2174873897127e-05
4.21745181561301e-05
4.21741624211343e-05
4.21738066921396e-05
4.21734509691459e-05
4.21730952521529e-05
4.21727395411606e-05
4.21723838361687e-05
4.21720281371772e-05
4.21716724441858e-05
4.21713167571944e-05
4.21709610762029e-05
4.21706054012111e-05
4.21702497322189e-05
4.21698940692261e-05
4.21695384122325e-05
4.21691827612381e-05
4.21688271162426e-05
4.21684714772459e-05
4.21681158442479e-05
4.21677602172483e-05
4.21674045962471e-05
4.21670489812441e-05
4.21666933722391e-05
4.21663377692321e-05
4.21659821722227e-05
4.2165626581211e-05
4.21652709961967e-05
4.21649154171797e-05
4.21645598441598e-05
4.21642042771369e-05
4.21638487161108e-05
4.21634931610814e-05
4.21631376120485e-05
4.2162782069012e-05
4.21624265319718e-05
4.21620710009276e-05
4.21617154758793e-05
4.21613599568268e-05
4.21610044437699e-05
4.21606489367084e-05
4.21602934356423e-05
4.21599379405713e-05
4.21595824514954e-05
4.21592269684143e-05
4.21588714913279e-05
4.21585160202361e-05
4.21581605551387e-05
4.21578050960355e-05
4.21574496429264e-05
4.21570941958113e-05
4.21567387546899e-05
4.21563833195622e-05
4.21560278904281e-05
4.21556724672872e-05
4.21553170501395e-05
4.21549616389849e-05
4.21546062338232e-05
4.21542508346542e-05
4.21538954414777e-05
4.21535400542938e-05
4.21531846731021e-05
4.21528292979025e-05
4.21524739286949e-05
4.21521185654791e-05
4.2151763208255e-05
4.21514078570224e-05
4.21510525117812e-05
4.21506971725312e-05
4.21503418392723e-05
4.21499865120043e-05
4.21496311907271e-05
4.21492758754405e-05
4.21489205661443e-05
4.21485652628385e-05
4.21482099655228e-05
4.21478546741971e-05
4.21474993888613e-05
4.21471441095151e-05
4.21467888361586e-05
4.21464335687914e-05
4.21460783074135e-05
4.21457230520247e-05
4.21453678026248e-05
4.21450125592137e-05
4.21446573217913e-05
4.21443020903574e-05
4.21439468649118e-05
4.21435916454544e-05
4.2143236431985e-05
4.21428812245036e-05
4.21425260230098e-05
4.21421708275037e-05
4.21418156379849e-05
4.21414604544535e-05
4.21411052769092e-05
4.21407501053519e-05
4.21403949397814e-05
4.21400397801976e-05
4.21396846266003e-05
4.21393294789893e-05
4.21389743373646e-05
4.2138619201726e-05
4.21382640720733e-05
4.21379089484063e-05
4.2137553830725e-05
4.21371987190292e-05
4.21368436133186e-05
4.21364885135932e-05
4.21361334198529e-05
4.21357783320973e-05
4.21354232503265e-05
4.21350681745403e-05
4.21347131047385e-05
4.21343580409209e-05
4.21340029830874e-05
4.21336479312379e-05
4.21332928853722e-05
4.21329378454901e-05
4.21325828115915e-05
4.21322277836763e-05
4.21318727617443e-05
4.21315177457953e-05
4.21311627358292e-05
4.21308077318458e-05
4.21304527338451e-05
4.21300977418268e-05
4.21297427557907e-05
4.21293877757368e-05
4.21290328016649e-05
4.21286778335749e-05
4.21283228714665e-05
4.21279679153396e-05
4.21276129651942e-05
4.21272580210299e-05
4.21269030828468e-05
4.21265481506445e-05
4.21261932244231e-05
4.21258383041823e-05
4.21254833899219e-05
4.21251284816419e-05
4.2124773579342e-05
4.21244186830222e-05
4.21240637926822e-05
4.2123708908322e-05
4.21233540299413e-05
4.212299915754e-05
4.2122644291118e-05
4.21222894306751e-05
4.21219345762112e-05
4.21215797277261e-05
4.21212248852197e-05
4.21208700486917e-05
4.21205152181421e-05
4.21201603935708e-05
4.21198055749775e-05
4.21194507623621e-05
4.21190959557244e-05
4.21187411550644e-05
4.21183863603818e-05
4.21180315716765e-05
4.21176767889483e-05
4.21173220121972e-05
4.21169672414229e-05
4.21166124766253e-05
4.21162577178042e-05
4.21159029649596e-05
4.21155482180912e-05
4.21151934771988e-05
4.21148387422825e-05
4.21144840133419e-05
4.21141292903769e-05
4.21137745733875e-05
4.21134198623733e-05
4.21130651573344e-05
4.21127104582705e-05
4.21123557651815e-05
4.21120010780672e-05
4.21116463969275e-05
4.21112917217623e-05
4.21109370525713e-05
4.21105823893544e-05
4.21102277321116e-05
4.21098730808425e-05
4.21095184355472e-05
4.21091637962253e-05
4.21088091628769e-05
4.21084545355016e-05
4.21080999140995e-05
4.21077452986702e-05
4.21073906892138e-05
4.21070360857299e-05
4.21066814882186e-05
4.21063268966795e-05
4.21059723111126e-05
4.21056177315177e-05
4.21052631578947e-05
4.21049085902434e-05
4.21045540285637e-05
4.21041994728554e-05
4.21038449231184e-05
4.21034903793524e-05
4.21031358415575e-05
4.21027813097333e-05
4.21024267838798e-05
4.21020722639968e-05
4.21017177500842e-05
4.21013632421418e-05
4.21010087401694e-05
4.2100654244167e-05
4.21002997541342e-05
4.20999452700711e-05
4.20995907919775e-05
4.20992363198532e-05
4.2098881853698e-05
4.20985273935118e-05
4.20981729392944e-05
4.20978184910458e-05
4.20974640487657e-05
4.2097109612454e-05
4.20967551821106e-05
4.20964007577352e-05
4.20960463393278e-05
4.20956919268882e-05
4.20953375204162e-05
4.20949831199118e-05
4.20946287253746e-05
4.20942743368047e-05
4.20939199542018e-05
4.20935655775658e-05
4.20932112068966e-05
4.20928568421939e-05
4.20925024834576e-05
4.20921481306877e-05
4.20917937838839e-05
4.20914394430461e-05
4.20910851081741e-05
4.20907307792678e-05
4.2090376456327e-05
4.20900221393516e-05
4.20896678283415e-05
4.20893135232964e-05
4.20889592242163e-05
4.2088604931101e-05
4.20882506439502e-05
4.2087896362764e-05
4.20875420875421e-05
4.20871878182844e-05
4.20868335549907e-05
4.20864792976608e-05
4.20861250462947e-05
4.20857708008922e-05
4.20854165614531e-05
4.20850623279773e-05
4.20847081004646e-05
4.20843538789149e-05
4.2083999663328e-05
4.20836454537038e-05
4.20832912500421e-05
4.20829370523428e-05
4.20825828606057e-05
4.20822286748306e-05
4.20818744950175e-05
4.20815203211662e-05
4.20811661532764e-05
4.20808119913482e-05
4.20804578353813e-05
4.20801036853755e-05
4.20797495413307e-05
4.20793954032468e-05
4.20790412711237e-05
4.20786871449611e-05
4.20783330247589e-05
4.2077978910517e-05
4.20776248022352e-05
4.20772706999133e-05
4.20769166035513e-05
4.20765625131489e-05
4.20762084287061e-05
4.20758543502226e-05
4.20755002776983e-05
4.20751462111331e-05
4.20747921505268e-05
4.20744380958792e-05
4.20740840471903e-05
4.20737300044598e-05
4.20733759676876e-05
4.20730219368736e-05
4.20726679120176e-05
4.20723138931195e-05
4.20719598801791e-05
4.20716058731962e-05
4.20712518721707e-05
4.20708978771025e-05
4.20705438879914e-05
4.20701899048372e-05
4.20698359276399e-05
4.20694819563992e-05
4.2069127991115e-05
4.20687740317872e-05
4.20684200784155e-05
4.2068066131e-05
4.20677121895403e-05
4.20673582540364e-05
4.2067004324488e-05
4.20666504008952e-05
4.20662964832576e-05
4.20659425715752e-05
4.20655886658478e-05
4.20652347660752e-05
4.20648808722574e-05
4.20645269843941e-05
4.20641731024852e-05
4.20638192265305e-05
4.20634653565299e-05
4.20631114924833e-05
4.20627576343905e-05
4.20624037822513e-05
4.20620499360657e-05
4.20616960958334e-05
4.20613422615543e-05
4.20609884332282e-05
4.2060634610855e-05
4.20602807944346e-05
4.20599269839668e-05
4.20595731794514e-05
4.20592193808883e-05
4.20588655882774e-05
4.20585118016184e-05
4.20581580209113e-05
4.20578042461559e-05
4.20574504773521e-05
4.20570967144996e-05
4.20567429575984e-05
4.20563892066483e-05
4.20560354616491e-05
4.20556817226007e-05
4.2055327989503e-05
4.20549742623557e-05
4.20546205411589e-05
4.20542668259122e-05
4.20539131166155e-05
4.20535594132687e-05
4.20532057158717e-05
4.20528520244243e-05
4.20524983389263e-05
4.20521446593776e-05
4.20517909857781e-05
4.20514373181275e-05
4.20510836564258e-05
4.20507300006728e-05
4.20503763508683e-05
4.20500227070123e-05
4.20496690691044e-05
4.20493154371447e-05
4.20489618111329e-05
4.20486081910689e-05
4.20482545769525e-05
4.20479009687836e-05
4.20475473665621e-05
4.20471937702878e-05
4.20468401799605e-05
4.20464865955801e-05
4.20461330171464e-05
4.20457794446593e-05
4.20454258781187e-05
4.20450723175244e-05
4.20447187628762e-05
4.2044365214174e-05
4.20440116714176e-05
4.2043658134607e-05
4.20433046037419e-05
4.20429510788221e-05
4.20425975598476e-05
4.20422440468182e-05
4.20418905397338e-05
4.20415370385941e-05
4.20411835433991e-05
4.20408300541486e-05
4.20404765708424e-05
4.20401230934804e-05
4.20397696220625e-05
4.20394161565884e-05
4.20390626970581e-05
4.20387092434714e-05
4.20383557958281e-05
4.20380023541281e-05
4.20376489183713e-05
4.20372954885574e-05
4.20369420646864e-05
4.20365886467581e-05
4.20362352347724e-05
4.2035881828729e-05
4.20355284286279e-05
4.20351750344688e-05
4.20348216462518e-05
4.20344682639765e-05
4.20341148876428e-05
4.20337615172507e-05
4.20334081527998e-05
4.20330547942902e-05
4.20327014417217e-05
4.2032348095094e-05
4.20319947544071e-05
4.20316414196607e-05
4.20312880908548e-05
4.20309347679892e-05
4.20305814510638e-05
4.20302281400783e-05
4.20298748350327e-05
4.20295215359268e-05
4.20291682427605e-05
4.20288149555335e-05
4.20284616742458e-05
4.20281083988972e-05
4.20277551294875e-05
4.20274018660166e-05
4.20270486084844e-05
4.20266953568907e-05
4.20263421112353e-05
4.20259888715181e-05
4.2025635637739e-05
4.20252824098978e-05
4.20249291879943e-05
4.20245759720284e-05
4.2024222762e-05
4.20238695579089e-05
4.20235163597549e-05
4.20231631675379e-05
4.20228099812578e-05
4.20224568009144e-05
4.20221036265075e-05
4.20217504580371e-05
4.20213972955029e-05
4.20210441389048e-05
4.20206909882426e-05
4.20203378435163e-05
4.20199847047256e-05
4.20196315718704e-05
4.20192784449505e-05
4.20189253239659e-05
4.20185722089163e-05
4.20182190998017e-05
4.20178659966218e-05
4.20175128993765e-05
4.20171598080656e-05
4.20168067226891e-05
4.20164536432467e-05
4.20161005697383e-05
4.20157475021638e-05
4.2015394440523e-05
4.20150413848158e-05
4.20146883350419e-05
4.20143352912014e-05
4.20139822532939e-05
4.20136292213194e-05
4.20132761952777e-05
4.20129231751687e-05
4.20125701609922e-05
4.2012217152748e-05
4.20118641504361e-05
4.20115111540562e-05
4.20111581636083e-05
4.20108051790921e-05
4.20104522005075e-05
4.20100992278544e-05
4.20097462611326e-05
4.2009393300342e-05
4.20090403454824e-05
4.20086873965536e-05
4.20083344535556e-05
4.20079815164881e-05
4.20076285853511e-05
4.20072756601443e-05
4.20069227408677e-05
4.2006569827521e-05
4.20062169201042e-05
4.2005864018617e-05
4.20055111230593e-05
4.20051582334311e-05
4.2004805349732e-05
4.2004452471962e-05
4.2004099600121e-05
4.20037467342087e-05
4.2003393874225e-05
4.20030410201699e-05
4.2002688172043e-05
4.20023353298443e-05
4.20019824935737e-05
4.20016296632309e-05
4.20012768388159e-05
4.20009240203285e-05
4.20005712077684e-05
4.20002184011357e-05
4.19998656004301e-05
4.19995128056515e-05
4.19991600167997e-05
4.19988072338746e-05
4.1998454456876e-05
4.19981016858038e-05
4.19977489206579e-05
4.1997396161438e-05
4.19970434081441e-05
4.19966906607759e-05
4.19963379193334e-05
4.19959851838164e-05
4.19956324542248e-05
4.19952797305583e-05
4.19949270128168e-05
4.19945743010003e-05
4.19942215951085e-05
4.19938688951413e-05
4.19935162010986e-05
4.19931635129801e-05
4.19928108307858e-05
4.19924581545155e-05
4.1992105484169e-05
4.19917528197462e-05
4.1991400161247e-05
4.19910475086711e-05
4.19906948620186e-05
4.19903422212891e-05
4.19899895864826e-05
4.19896369575989e-05
4.19892843346378e-05
4.19889317175992e-05
4.1988579106483e-05
4.1988226501289e-05
4.19878739020171e-05
4.19875213086671e-05
4.19871687212388e-05
4.19868161397321e-05
4.19864635641469e-05
4.1986110994483e-05
4.19857584307403e-05
4.19854058729186e-05
4.19850533210177e-05
4.19847007750376e-05
4.1984348234978e-05
4.19839957008388e-05
4.19836431726199e-05
4.19832906503212e-05
4.19829381339424e-05
4.19825856234834e-05
4.19822331189441e-05
4.19818806203243e-05
4.19815281276238e-05
4.19811756408426e-05
4.19808231599805e-05
4.19804706850373e-05
4.19801182160129e-05
4.19797657529071e-05
4.19794132957198e-05
4.19790608444508e-05
4.19787083991e-05
4.19783559596672e-05
4.19780035261523e-05
4.19776510985551e-05
4.19772986768755e-05
4.19769462611134e-05
4.19765938512685e-05
4.19762414473408e-05
4.19758890493301e-05
4.19755366572362e-05
4.1975184271059e-05
4.19748318907983e-05
4.1974479516454e-05
4.1974127148026e-05
4.1973774785514e-05
4.1973422428918e-05
4.19730700782378e-05
4.19727177334732e-05
4.19723653946242e-05
4.19720130616905e-05
4.19716607346719e-05
4.19713084135685e-05
4.19709560983799e-05
4.19706037891061e-05
4.19702514857469e-05
4.19698991883021e-05
4.19695468967717e-05
4.19691946111554e-05
4.19688423314531e-05
4.19684900576647e-05
4.196813778979e-05
4.19677855278288e-05
4.19674332717811e-05
4.19670810216466e-05
4.19667287774253e-05
4.19663765391169e-05
4.19660243067213e-05
4.19656720802384e-05
4.1965319859668e-05
4.19649676450099e-05
4.19646154362641e-05
4.19642632334304e-05
4.19639110365086e-05
4.19635588454986e-05
4.19632066604002e-05
4.19628544812132e-05
4.19625023079376e-05
4.19621501405732e-05
4.19617979791198e-05
4.19614458235773e-05
4.19610936739455e-05
4.19607415302243e-05
4.19603893924136e-05
4.19600372605131e-05
4.19596851345228e-05
4.19593330144424e-05
4.19589809002719e-05
4.19586287920111e-05
4.19582766896598e-05
4.19579245932179e-05
4.19575725026853e-05
4.19572204180617e-05
4.19568683393472e-05
4.19565162665414e-05
4.19561641996442e-05
4.19558121386556e-05
4.19554600835753e-05
4.19551080344032e-05
4.19547559911392e-05
4.1954403953783e-05
4.19540519223347e-05
4.19536998967939e-05
4.19533478771606e-05
4.19529958634346e-05
4.19526438556158e-05
4.1952291853704e-05
4.1951939857699e-05
4.19515878676008e-05
4.19512358834091e-05
4.19508839051239e-05
4.19505319327449e-05
4.19501799662721e-05
4.19498280057052e-05
4.19494760510441e-05
4.19491241022887e-05
4.19487721594389e-05
4.19484202224944e-05
4.19480682914552e-05
4.1947716366321e-05
4.19473644470918e-05
4.19470125337673e-05
4.19466606263475e-05
4.19463087248322e-05
4.19459568292212e-05
4.19456049395144e-05
4.19452530557117e-05
4.19449011778128e-05
4.19445493058177e-05
4.19441974397262e-05
4.19438455795381e-05
4.19434937252533e-05
4.19431418768717e-05
4.19427900343931e-05
4.19424381978173e-05
4.19420863671443e-05
4.19417345423737e-05
4.19413827235056e-05
4.19410309105398e-05
4.1940679103476e-05
4.19403273023143e-05
4.19399755070543e-05
4.1939623717696e-05
4.19392719342392e-05
4.19389201566838e-05
4.19385683850296e-05
4.19382166192765e-05
4.19378648594243e-05
4.19375131054728e-05
4.1937161357422e-05
4.19368096152717e-05
4.19364578790217e-05
4.19361061486719e-05
4.19357544242221e-05
4.19354027056722e-05
4.1935050993022e-05
4.19346992862714e-05
4.19343475854203e-05
4.19339958904684e-05
4.19336442014157e-05
4.19332925182619e-05
4.19329408410071e-05
4.19325891696509e-05
4.19322375041932e-05
4.1931885844634e-05
4.1931534190973e-05
4.19311825432101e-05
4.19308309013451e-05
4.1930479265378e-05
4.19301276353085e-05
4.19297760111365e-05
4.19294243928619e-05
4.19290727804845e-05
4.19287211740042e-05
4.19283695734208e-05
4.19280179787341e-05
4.19276663899441e-05
4.19273148070505e-05
4.19269632300532e-05
4.19266116589522e-05
4.19262600937471e-05
4.19259085344379e-05
4.19255569810245e-05
4.19252054335066e-05
4.19248538918842e-05
4.1924502356157e-05
4.1924150826325e-05
4.1923799302388e-05
4.19234477843458e-05
4.19230962721983e-05
4.19227447659453e-05
4.19223932655867e-05
4.19220417711224e-05
4.19216902825522e-05
4.19213387998759e-05
4.19209873230934e-05
4.19206358522046e-05
4.19202843872093e-05
4.19199329281073e-05
4.19195814748986e-05
4.19192300275829e-05
4.19188785861601e-05
4.191852715063e-05
4.19181757209926e-05
4.19178242972477e-05
4.19174728793951e-05
4.19171214674346e-05
4.19167700613662e-05
4.19164186611896e-05
4.19160672669048e-05
4.19157158785115e-05
4.19153644960097e-05
4.19150131193991e-05
4.19146617486797e-05
4.19143103838513e-05
4.19139590249137e-05
4.19136076718667e-05
4.19132563247104e-05
4.19129049834444e-05
4.19125536480687e-05
4.1912202318583e-05
4.19118509949873e-05
4.19114996772815e-05
4.19111483654652e-05
4.19107970595385e-05
4.19104457595011e-05
4.19100944653529e-05
4.19097431770938e-05
4.19093918947236e-05
4.19090406182422e-05
4.19086893476493e-05
4.1908338082945e-05
4.19079868241289e-05
4.19076355712011e-05
4.19072843241612e-05
4.19069330830093e-05
4.1906581847745e-05
4.19062306183683e-05
4.19058793948791e-05
4.19055281772771e-05
4.19051769655623e-05
4.19048257597345e-05
4.19044745597935e-05
4.19041233657392e-05
4.19037721775714e-05
4.19034209952901e-05
4.19030698188949e-05
4.19027186483859e-05
4.19023674837628e-05
4.19020163250256e-05
4.19016651721739e-05
4.19013140252078e-05
4.19009628841271e-05
4.19006117489315e-05
4.19002606196211e-05
4.18999094961955e-05
4.18995583786547e-05
4.18992072669985e-05
4.18988561612268e-05
4.18985050613394e-05
4.18981539673362e-05
4.1897802879217e-05
4.18974517969817e-05
4.18971007206301e-05
4.18967496501621e-05
4.18963985855776e-05
4.18960475268763e-05
4.18956964740582e-05
4.1895345427123e-05
4.18949943860708e-05
4.18946433509012e-05
4.18942923216141e-05
4.18939412982095e-05
4.18935902806871e-05
4.18932392690468e-05
4.18928882632884e-05
4.18925372634119e-05
4.1892186269417e-05
4.18918352813037e-05
4.18914842990717e-05
4.18911333227209e-05
4.18907823522512e-05
4.18904313876624e-05
4.18900804289544e-05
4.1889729476127e-05
4.18893785291801e-05
4.18890275881136e-05
4.18886766529272e-05
4.18883257236208e-05
4.18879748001944e-05
4.18876238826476e-05
4.18872729709805e-05
4.18869220651928e-05
4.18865711652844e-05
4.18862202712552e-05
4.18858693831049e-05
4.18855185008335e-05
4.18851676244408e-05
4.18848167539267e-05
4.1884465889291e-05
4.18841150305335e-05
4.18837641776542e-05
4.18834133306528e-05
4.18830624895292e-05
4.18827116542833e-05
4.1882360824915e-05
4.1882010001424e-05
4.18816591838102e-05
4.18813083720735e-05
4.18809575662138e-05
4.18806067662308e-05
4.18802559721245e-05
4.18799051838947e-05
4.18795544015412e-05
4.18792036250639e-05
4.18788528544626e-05
4.18785020897373e-05
4.18781513308876e-05
4.18778005779136e-05
4.18774498308151e-05
4.18770990895919e-05
4.18767483542438e-05
4.18763976247707e-05
4.18760469011725e-05
4.18756961834491e-05
4.18753454716001e-05
4.18749947656257e-05
4.18746440655254e-05
4.18742933712994e-05
4.18739426829473e-05
4.1873592000469e-05
4.18732413238644e-05
4.18728906531333e-05
4.18725399882757e-05
4.18721893292913e-05
4.18718386761799e-05
4.18714880289416e-05
4.1871137387576e-05
4.18707867520831e-05
4.18704361224627e-05
4.18700854987146e-05
4.18697348808387e-05
4.18693842688349e-05
4.18690336627031e-05
4.1868683062443e-05
4.18683324680545e-05
4.18679818795374e-05
4.18676312968917e-05
4.18672807201172e-05
4.18669301492137e-05
4.18665795841811e-05
4.18662290250193e-05
4.1865878471728e-05
4.18655279243071e-05
4.18651773827566e-05
4.18648268470762e-05
4.18644763172657e-05
4.18641257933252e-05
4.18637752752543e-05
4.1863424763053e-05
4.18630742567211e-05
4.18627237562585e-05
4.1862373261665e-05
4.18620227729404e-05
4.18616722900846e-05
4.18613218130976e-05
4.1860971341979e-05
4.18606208767288e-05
4.18602704173469e-05
4.1859919963833e-05
4.18595695161871e-05
4.1859219074409e-05
4.18588686384984e-05
4.18585182084554e-05
4.18581677842797e-05
4.18578173659713e-05
4.18574669535298e-05
4.18571165469553e-05
4.18567661462475e-05
4.18564157514064e-05
4.18560653624317e-05
4.18557149793233e-05
4.1855364602081e-05
4.18550142307048e-05
4.18546638651945e-05
4.18543135055499e-05
4.18539631517708e-05
4.18536128038572e-05
4.18532624618089e-05
4.18529121256257e-05
4.18525617953075e-05
4.18522114708541e-05
4.18518611522654e-05
4.18515108395413e-05
4.18511605326816e-05
4.18508102316861e-05
4.18504599365547e-05
4.18501096472873e-05
4.18497593638837e-05
4.18494090863437e-05
4.18490588146673e-05
4.18487085488542e-05
4.18483582889043e-05
4.18480080348175e-05
4.18476577865937e-05
4.18473075442326e-05
4.18469573077342e-05
4.18466070770982e-05
4.18462568523246e-05
4.18459066334131e-05
4.18455564203637e-05
4.18452062131762e-05
4.18448560118505e-05
4.18445058163863e-05
4.18441556267836e-05
4.18438054430422e-05
4.1843455265162e-05
4.18431050931428e-05
4.18427549269844e-05
4.18424047666868e-05
4.18420546122497e-05
4.1841704463673e-05
4.18413543209567e-05
4.18410041841004e-05
4.18406540531042e-05
4.18403039279677e-05
4.1839953808691e-05
4.18396036952738e-05
4.1839253587716e-05
4.18389034860174e-05
4.1838553390178e-05
4.18382033001975e-05
4.18378532160758e-05
4.18375031378127e-05
4.18371530654082e-05
4.1836802998862e-05
4.18364529381741e-05
4.18361028833442e-05
4.18357528343723e-05
4.18354027912581e-05
4.18350527540015e-05
4.18347027226025e-05
4.18343526970607e-05
4.18340026773762e-05
4.18336526635487e-05
4.18333026555781e-05
4.18329526534642e-05
4.18326026572069e-05
4.18322526668061e-05
4.18319026822616e-05
4.18315527035733e-05
4.18312027307409e-05
4.18308527637644e-05
4.18305028026437e-05
4.18301528473785e-05
4.18298028979687e-05
4.18294529544143e-05
4.18291030167149e-05
4.18287530848705e-05
4.1828403158881e-05
4.18280532387462e-05
4.18277033244659e-05
4.182735341604e-05
4.18270035134683e-05
4.18266536167507e-05
4.18263037258871e-05
4.18259538408773e-05
4.18256039617212e-05
4.18252540884186e-05
4.18249042209693e-05
4.18245543593733e-05
4.18242045036303e-05
4.18238546537403e-05
4.18235048097031e-05
4.18231549715184e-05
4.18228051391863e-05
4.18224553127065e-05
4.18221054920789e-05
4.18217556773033e-05
4.18214058683797e-05
4.18210560653078e-05
4.18207062680875e-05
4.18203564767186e-05
4.18200066912011e-05
4.18196569115347e-05
4.18193071377193e-05
4.18189573697549e-05
4.18186076076411e-05
4.18182578513779e-05
4.18179081009652e-05
4.18175583564027e-05
4.18172086176904e-05
4.1816858884828e-05
4.18165091578155e-05
4.18161594366527e-05
4.18158097213394e-05
4.18154600118756e-05
4.1815110308261e-05
4.18147606104955e-05
4.1814410918579e-05
4.18140612325113e-05
4.18137115522922e-05
4.18133618779217e-05
4.18130122093996e-05
4.18126625467257e-05
4.18123128898998e-05
4.18119632389219e-05
4.18116135937918e-05
4.18112639545093e-05
4.18109143210744e-05
4.18105646934867e-05
4.18102150717463e-05
4.1809865455853e-05
4.18095158458065e-05
4.18091662416068e-05
4.18088166432537e-05
4.18084670507471e-05
4.18081174640868e-05
4.18077678832727e-05
4.18074183083046e-05
4.18070687391824e-05
4.1806719175906e-05
4.18063696184751e-05
4.18060200668896e-05
4.18056705211495e-05
4.18053209812545e-05
4.18049714472045e-05
4.18046219189994e-05
4.18042723966389e-05
4.18039228801231e-05
4.18035733694516e-05
4.18032238646244e-05
4.18028743656414e-05
4.18025248725023e-05
4.1802175385207e-05
4.18018259037555e-05
4.18014764281474e-05
4.18011269583828e-05
4.18007774944614e-05
4.18004280363831e-05
4.18000785841477e-05
4.17997291377552e-05
4.17993796972053e-05
4.17990302624979e-05
4.17986808336329e-05
4.17983314106101e-05
4.17979819934294e-05
4.17976325820906e-05
4.17972831765935e-05
4.17969337769381e-05
4.17965843831242e-05
4.17962349951516e-05
4.17958856130203e-05
4.17955362367299e-05
4.17951868662805e-05
4.17948375016718e-05
4.17944881429037e-05
4.17941387899761e-05
4.17937894428888e-05
4.17934401016416e-05
4.17930907662345e-05
4.17927414366673e-05
4.17923921129398e-05
4.17920427950518e-05
4.17916934830033e-05
4.17913441767941e-05
4.1790994876424e-05
4.17906455818929e-05
4.17902962932007e-05
4.17899470103472e-05
4.17895977333322e-05
4.17892484621557e-05
4.17888991968174e-05
4.17885499373172e-05
4.1788200683655e-05
4.17878514358306e-05
4.17875021938439e-05
4.17871529576947e-05
4.17868037273829e-05
4.17864545029083e-05
4.17861052842709e-05
4.17857560714704e-05
4.17854068645066e-05
4.17850576633796e-05
4.1784708468089e-05
4.17843592786348e-05
4.17840100950168e-05
4.17836609172349e-05
4.17833117452889e-05
4.17829625791787e-05
4.17826134189041e-05
4.1782264264465e-05
4.17819151158612e-05
4.17815659730927e-05
4.17812168361591e-05
4.17808677050605e-05
4.17805185797966e-05
4.17801694603673e-05
4.17798203467725e-05
4.1779471239012e-05
4.17791221370857e-05
4.17787730409933e-05
4.17784239507349e-05
4.17780748663102e-05
4.1777725787719e-05
4.17773767149613e-05
4.17770276480369e-05
4.17766785869456e-05
4.17763295316873e-05
4.17759804822619e-05
4.17756314386692e-05
4.1775282400909e-05
4.17749333689813e-05
4.17745843428858e-05
4.17742353226224e-05
4.1773886308191e-05
4.17735372995915e-05
4.17731882968236e-05
4.17728392998872e-05
4.17724903087822e-05
4.17721413235085e-05
4.17717923440659e-05
4.17714433704542e-05
4.17710944026734e-05
4.17707454407231e-05
4.17703964846034e-05
4.17700475343141e-05
4.1769698589855e-05
4.17693496512259e-05
4.17690007184268e-05
4.17686517914575e-05
4.17683028703178e-05
4.17679539550076e-05
4.17676050455267e-05
4.1767256141875e-05
4.17669072440524e-05
4.17665583520587e-05
4.17662094658937e-05
4.17658605855574e-05
4.17655117110495e-05
4.17651628423699e-05
4.17648139795185e-05
4.17644651224952e-05
4.17641162712997e-05
4.1763767425932e-05
4.17634185863918e-05
4.17630697526791e-05
4.17627209247937e-05
4.17623721027354e-05
4.17620232865042e-05
4.17616744760998e-05
4.17613256715221e-05
4.1760976872771e-05
4.17606280798463e-05
4.17602792927479e-05
4.17599305114756e-05
4.17595817360293e-05
4.17592329664089e-05
4.17588842026141e-05
4.17585354446449e-05
4.17581866925011e-05
4.17578379461825e-05
4.1757489205689e-05
4.17571404710205e-05
4.17567917421769e-05
4.17564430191579e-05
4.17560943019634e-05
4.17557455905933e-05
4.17553968850474e-05
4.17550481853256e-05
4.17546994914278e-05
4.17543508033537e-05
4.17540021211033e-05
4.17536534446764e-05
4.17533047740729e-05
4.17529561092925e-05
4.17526074503353e-05
4.17522587972009e-05
4.17519101498894e-05
4.17515615084004e-05
4.1751212872734e-05
4.17508642428898e-05
4.17505156188679e-05
4.1750167000668e-05
4.174981838829e-05
4.17494697817338e-05
4.17491211809991e-05
4.1748772586086e-05
4.17484239969941e-05
4.17480754137234e-05
4.17477268362738e-05
4.1747378264645e-05
4.17470296988369e-05
4.17466811388495e-05
4.17463325846824e-05
4.17459840363357e-05
4.17456354938091e-05
4.17452869571025e-05
4.17449384262158e-05
4.17445899011488e-05
4.17442413819014e-05
4.17438928684733e-05
4.17435443608646e-05
4.1743195859075e-05
4.17428473631043e-05
4.17424988729525e-05
4.17421503886194e-05
4.17418019101049e-05
4.17414534374087e-05
4.17411049705308e-05
4.1740756509471e-05
4.17404080542291e-05
4.17400596048051e-05
4.17397111611988e-05
4.17393627234099e-05
4.17390142914385e-05
4.17386658652843e-05
4.17383174449472e-05
4.1737969030427e-05
4.17376206217236e-05
4.17372722188369e-05
4.17369238217666e-05
4.17365754305128e-05
4.17362270450751e-05
4.17358786654535e-05
4.17355302916479e-05
4.1735181923658e-05
4.17348335614838e-05
4.1734485205125e-05
4.17341368545816e-05
4.17337885098533e-05
4.17334401709402e-05
4.17330918378419e-05
4.17327435105584e-05
4.17323951890895e-05
4.17320468734351e-05
4.17316985635949e-05
4.1731350259569e-05
4.17310019613571e-05
4.17306536689591e-05
4.17303053823748e-05
4.17299571016041e-05
4.17296088266469e-05
4.17292605575029e-05
4.17289122941721e-05
4.17285640366544e-05
4.17282157849495e-05
4.17278675390573e-05
4.17275192989777e-05
4.17271710647105e-05
4.17268228362556e-05
4.17264746136128e-05
4.17261263967821e-05
4.17257781857632e-05
4.1725429980556e-05
4.17250817811603e-05
4.1724733587576e-05
4.17243853998031e-05
4.17240372178412e-05
4.17236890416903e-05
4.17233408713503e-05
4.17229927068209e-05
4.1722644548102e-05
4.17222963951936e-05
4.17219482480954e-05
4.17216001068073e-05
4.17212519713292e-05
4.17209038416608e-05
4.17205557178022e-05
4.1720207599753e-05
4.17198594875132e-05
4.17195113810827e-05
4.17191632804612e-05
4.17188151856487e-05
4.1718467096645e-05
4.17181190134499e-05
4.17177709360633e-05
4.17174228644851e-05
4.17170747987151e-05
4.17167267387532e-05
4.17163786845991e-05
4.17160306362529e-05
4.17156825937143e-05
4.17153345569831e-05
4.17149865260594e-05
4.17146385009428e-05
4.17142904816332e-05
4.17139424681305e-05
4.17135944604347e-05
4.17132464585454e-05
4.17128984624626e-05
4.17125504721861e-05
4.17122024877158e-05
4.17118545090515e-05
4.17115065361931e-05
4.17111585691404e-05
4.17108106078934e-05
4.17104626524517e-05
4.17101147028154e-05
4.17097667589843e-05
4.17094188209581e-05
4.17090708887369e-05
4.17087229623203e-05
4.17083750417084e-05
4.17080271269008e-05
4.17076792178976e-05
4.17073313146985e-05
4.17069834173034e-05
4.17066355257121e-05
4.17062876399246e-05
4.17059397599406e-05
4.170559188576e-05
4.17052440173827e-05
4.17048961548086e-05
4.17045482980374e-05
4.1704200447069e-05
4.17038526019034e-05
4.17035047625402e-05
4.17031569289795e-05
4.17028091012211e-05
4.17024612792647e-05
4.17021134631103e-05
4.17017656527577e-05
4.17014178482068e-05
4.17010700494575e-05
4.17007222565095e-05
4.17003744693627e-05
4.17000266880171e-05
4.16996789124724e-05
4.16993311427285e-05
4.16989833787852e-05
4.16986356206425e-05
4.16982878683001e-05
4.1697940121758e-05
4.16975923810159e-05
4.16972446460738e-05
4.16968969169314e-05
4.16965491935887e-05
4.16962014760455e-05
4.16958537643017e-05
4.1695506058357e-05
4.16951583582114e-05
4.16948106638648e-05
4.16944629753169e-05
4.16941152925676e-05
4.16937676156168e-05
4.16934199444644e-05
4.16930722791101e-05
4.16927246195539e-05
4.16923769657956e-05
4.1692029317835e-05
4.16916816756721e-05
4.16913340393066e-05
4.16909864087384e-05
4.16906387839674e-05
4.16902911649935e-05
4.16899435518164e-05
4.16895959444361e-05
4.16892483428524e-05
4.16889007470651e-05
4.16885531570741e-05
4.16882055728793e-05
4.16878579944805e-05
4.16875104218776e-05
4.16871628550704e-05
4.16868152940588e-05
4.16864677388426e-05
4.16861201894217e-05
4.1685772645796e-05
4.16854251079653e-05
4.16850775759294e-05
4.16847300496882e-05
4.16843825292416e-05
4.16840350145894e-05
4.16836875057315e-05
4.16833400026677e-05
4.16829925053979e-05
4.1682645013922e-05
4.16822975282398e-05
4.16819500483511e-05
4.16816025742558e-05
4.16812551059538e-05
4.16809076434448e-05
4.16805601867289e-05
4.16802127358058e-05
4.16798652906754e-05
4.16795178513375e-05
4.1679170417792e-05
4.16788229900388e-05
4.16784755680776e-05
4.16781281519084e-05
4.16777807415311e-05
4.16774333369454e-05
4.16770859381512e-05
4.16767385451484e-05
4.16763911579369e-05
4.16760437765164e-05
4.16756964008869e-05
4.16753490310481e-05
4.16750016670001e-05
4.16746543087425e-05
4.16743069562753e-05
4.16739596095983e-05
4.16736122687115e-05
4.16732649336145e-05
4.16729176043073e-05
4.16725702807898e-05
4.16722229630617e-05
4.16718756511231e-05
4.16715283449736e-05
4.16711810446132e-05
4.16708337500417e-05
4.16704864612589e-05
4.16701391782649e-05
4.16697919010592e-05
4.1669444629642e-05
4.16690973640129e-05
4.16687501041719e-05
4.16684028501188e-05
4.16680556018534e-05
4.16677083593757e-05
4.16673611226854e-05
4.16670138917824e-05
4.16666666666667e-05
4.16663194473379e-05
4.16659722337961e-05
4.1665625026041e-05
4.16652778240725e-05
4.16649306278905e-05
4.16645834374948e-05
4.16642362528852e-05
4.16638890740617e-05
4.16635419010241e-05
4.16631947337722e-05
4.16628475723059e-05
4.1662500416625e-05
4.16621532667294e-05
4.1661806122619e-05
4.16614589842936e-05
4.16611118517531e-05
4.16607647249973e-05
4.16604176040261e-05
4.16600704888393e-05
4.16597233794368e-05
4.16593762758184e-05
4.1659029177984e-05
4.16586820859335e-05
4.16583349996667e-05
4.16579879191835e-05
4.16576408444837e-05
4.16572937755672e-05
4.16569467124338e-05
4.16565996550834e-05
4.16562526035158e-05
4.16559055577309e-05
4.16555585177286e-05
4.16552114835087e-05
4.16548644550711e-05
4.16545174324155e-05
4.1654170415542e-05
4.16538234044503e-05
4.16534763991403e-05
4.16531293996118e-05
4.16527824058647e-05
4.16524354178989e-05
4.16520884357142e-05
4.16517414593104e-05
4.16513944886875e-05
4.16510475238452e-05
4.16507005647835e-05
4.16503536115022e-05
4.16500066640011e-05
4.16496597222801e-05
4.1649312786339e-05
4.16489658561778e-05
4.16486189317962e-05
4.16482720131942e-05
4.16479251003715e-05
4.16475781933281e-05
4.16472312920637e-05
4.16468843965783e-05
4.16465375068717e-05
4.16461906229437e-05
4.16458437447943e-05
4.16454968724232e-05
4.16451500058303e-05
4.16448031450155e-05
4.16444562899787e-05
4.16441094407196e-05
4.16437625972382e-05
4.16434157595343e-05
4.16430689276077e-05
4.16427221014583e-05
4.1642375281086e-05
4.16420284664907e-05
4.16416816576721e-05
4.16413348546301e-05
4.16409880573646e-05
4.16406412658755e-05
4.16402944801626e-05
4.16399477002257e-05
4.16396009260647e-05
4.16392541576795e-05
4.163890739507e-05
4.16385606382359e-05
4.16382138871771e-05
4.16378671418935e-05
4.1637520402385e-05
4.16371736686514e-05
4.16368269406925e-05
4.16364802185082e-05
4.16361335020985e-05
4.1635786791463e-05
4.16354400866017e-05
4.16350933875145e-05
4.16347466942011e-05
4.16344000066615e-05
4.16340533248955e-05
4.1633706648903e-05
4.16333599786837e-05
4.16330133142377e-05
4.16326666555646e-05
4.16323200026645e-05
4.16319733555371e-05
4.16316267141822e-05
4.16312800785999e-05
4.16309334487898e-05
4.16305868247519e-05
4.1630240206486e-05
4.1629893593992e-05
4.16295469872697e-05
4.1629200386319e-05
4.16288537911397e-05
4.16285072017317e-05
4.16281606180949e-05
4.16278140402291e-05
4.16274674681342e-05
4.16271209018099e-05
4.16267743412563e-05
4.16264277864731e-05
4.16260812374601e-05
4.16257346942174e-05
4.16253881567446e-05
4.16250416250416e-05
4.16246950991084e-05
4.16243485789447e-05
4.16240020645505e-05
4.16236555559255e-05
4.16233090530697e-05
4.16229625559829e-05
4.16226160646649e-05
4.16222695791156e-05
4.16219230993349e-05
4.16215766253226e-05
4.16212301570785e-05
4.16208836946026e-05
4.16205372378947e-05
4.16201907869546e-05
4.16198443417822e-05
4.16194979023773e-05
4.16191514687399e-05
4.16188050408697e-05
4.16184586187666e-05
4.16181122024305e-05
4.16177657918612e-05
4.16174193870586e-05
4.16170729880226e-05
4.1616726594753e-05
4.16163802072496e-05
4.16160338255123e-05
4.1615687449541e-05
4.16153410793355e-05
4.16149947148957e-05
4.16146483562214e-05
4.16143020033125e-05
4.16139556561689e-05
4.16136093147903e-05
4.16132629791767e-05
4.16129166493279e-05
4.16125703252438e-05
4.16122240069243e-05
4.16118776943691e-05
4.16115313875781e-05
4.16111850865513e-05
4.16108387912884e-05
4.16104925017893e-05
4.16101462180538e-05
4.16097999400819e-05
4.16094536678733e-05
4.1609107401428e-05
4.16087611407458e-05
4.16084148858265e-05
4.160806863667e-05
4.16077223932762e-05
4.16073761556449e-05
4.16070299237759e-05
4.16066836976692e-05
4.16063374773245e-05
4.16059912627418e-05
4.16056450539209e-05
4.16052988508616e-05
4.16049526535639e-05
4.16046064620275e-05
4.16042602762523e-05
4.16039140962382e-05
4.1603567921985e-05
4.16032217534926e-05
4.16028755907608e-05
4.16025294337896e-05
4.16021832825787e-05
4.1601837137128e-05
4.16014909974373e-05
4.16011448635066e-05
4.16007987353357e-05
4.16004526129244e-05
4.16001064962726e-05
4.15997603853802e-05
4.15994142802469e-05
4.15990681808728e-05
4.15987220872575e-05
4.1598375999401e-05
4.15980299173031e-05
4.15976838409637e-05
4.15973377703827e-05
4.15969917055599e-05
4.15966456464951e-05
4.15962995931882e-05
4.15959535456391e-05
4.15956075038476e-05
4.15952614678136e-05
4.15949154375369e-05
4.15945694130174e-05
4.1594223394255e-05
4.15938773812495e-05
4.15935313740007e-05
4.15931853725086e-05
4.15928393767729e-05
4.15924933867935e-05
4.15921474025704e-05
4.15918014241033e-05
4.15914554513921e-05
4.15911094844366e-05
4.15907635232368e-05
4.15904175677924e-05
4.15900716181033e-05
4.15897256741695e-05
4.15893797359906e-05
4.15890338035667e-05
4.15886878768975e-05
4.15883419559829e-05
4.15879960408228e-05
4.1587650131417e-05
4.15873042277653e-05
4.15869583298678e-05
4.1586612437724e-05
4.15862665513341e-05
4.15859206706977e-05
4.15855747958148e-05
4.15852289266852e-05
4.15848830633088e-05
4.15845372056854e-05
4.15841913538149e-05
4.15838455076972e-05
4.1583499667332e-05
4.15831538327193e-05
4.15828080038589e-05
4.15824621807506e-05
4.15821163633944e-05
4.15817705517901e-05
4.15814247459375e-05
4.15810789458365e-05
4.15807331514869e-05
4.15803873628887e-05
4.15800415800416e-05
4.15796958029455e-05
4.15793500316003e-05
4.15790042660058e-05
4.1578658506162e-05
4.15783127520685e-05
4.15779670037254e-05
4.15776212611324e-05
4.15772755242894e-05
4.15769297931964e-05
4.1576584067853e-05
4.15762383482592e-05
4.15758926344149e-05
4.15755469263198e-05
4.15752012239739e-05
4.1574855527377e-05
4.1574509836529e-05
4.15741641514297e-05
4.1573818472079e-05
4.15734727984768e-05
4.15731271306228e-05
4.15727814685169e-05
4.15724358121591e-05
4.15720901615491e-05
4.15717445166869e-05
4.15713988775722e-05
4.1571053244205e-05
4.1570707616585e-05
4.15703619947123e-05
4.15700163785865e-05
4.15696707682075e-05
4.15693251635753e-05
4.15689795646896e-05
4.15686339715504e-05
4.15682883841575e-05
4.15679428025107e-05
4.15675972266099e-05
4.1567251656455e-05
4.15669060920458e-05
4.15665605333821e-05
4.15662149804639e-05
4.15658694332909e-05
4.15655238918631e-05
4.15651783561803e-05
4.15648328262424e-05
4.15644873020491e-05
4.15641417836005e-05
4.15637962708962e-05
4.15634507639362e-05
4.15631052627204e-05
4.15627597672485e-05
4.15624142775206e-05
4.15620687935363e-05
4.15617233152955e-05
4.15613778427982e-05
4.15610323760442e-05
4.15606869150333e-05
4.15603414597654e-05
4.15599960102404e-05
4.1559650566458e-05
4.15593051284183e-05
4.15589596961209e-05
4.15586142695658e-05
4.15582688487528e-05
4.15579234336819e-05
4.15575780243527e-05
4.15572326207653e-05
4.15568872229195e-05
4.1556541830815e-05
4.15561964444518e-05
4.15558510638298e-05
4.15555056889487e-05
4.15551603198085e-05
4.1554814956409e-05
4.155446959875e-05
4.15541242468315e-05
4.15537789006532e-05
4.15534335602151e-05
4.15530882255169e-05
4.15527428965586e-05
4.155239757334e-05
4.15520522558609e-05
4.15517069441213e-05
4.15513616381209e-05
4.15510163378596e-05
4.15506710433374e-05
4.15503257545539e-05
4.15499804715092e-05
4.1549635194203e-05
4.15492899226352e-05
4.15489446568057e-05
4.15485993967143e-05
4.15482541423609e-05
4.15479088937454e-05
4.15475636508675e-05
4.15472184137272e-05
4.15468731823243e-05
4.15465279566587e-05
4.15461827367302e-05
4.15458375225386e-05
4.15454923140839e-05
4.15451471113659e-05
4.15448019143845e-05
4.15444567231394e-05
4.15441115376307e-05
4.1543766357858e-05
4.15434211838213e-05
4.15430760155205e-05
4.15427308529553e-05
4.15423856961258e-05
4.15420405450316e-05
4.15416953996727e-05
4.15413502600489e-05
4.154100512616e-05
4.1540659998006e-05
4.15403148755868e-05
4.1539969758902e-05
4.15396246479517e-05
4.15392795427356e-05
4.15389344432537e-05
4.15385893495057e-05
4.15382442614916e-05
4.15378991792111e-05
4.15375541026642e-05
4.15372090318507e-05
4.15368639667705e-05
4.15365189074234e-05
4.15361738538093e-05
4.1535828805928e-05
4.15354837637794e-05
4.15351387273634e-05
4.15347936966797e-05
4.15344486717283e-05
4.15341036525091e-05
4.15337586390218e-05
4.15334136312664e-05
4.15330686292426e-05
4.15327236329504e-05
4.15323786423896e-05
4.15320336575601e-05
4.15316886784617e-05
4.15313437050942e-05
4.15309987374576e-05
4.15306537755517e-05
4.15303088193764e-05
4.15299638689314e-05
4.15296189242167e-05
4.15292739852322e-05
4.15289290519776e-05
4.15285841244529e-05
4.15282392026578e-05
4.15278942865923e-05
4.15275493762562e-05
4.15272044716494e-05
4.15268595727717e-05
4.15265146796229e-05
4.1526169792203e-05
4.15258249105118e-05
4.15254800345492e-05
4.1525135164315e-05
4.1524790299809e-05
4.15244454410311e-05
4.15241005879813e-05
4.15237557406592e-05
4.15234108990649e-05
4.15230660631981e-05
4.15227212330587e-05
4.15223764086466e-05
4.15220315899616e-05
4.15216867770036e-05
4.15213419697725e-05
4.1520997168268e-05
4.15206523724901e-05
4.15203075824386e-05
4.15199627981133e-05
4.15196180195142e-05
4.15192732466411e-05
4.15189284794938e-05
4.15185837180722e-05
4.15182389623762e-05
4.15178942124055e-05
4.15175494681602e-05
4.151720472964e-05
4.15168599968447e-05
4.15165152697743e-05
4.15161705484286e-05
4.15158258328075e-05
4.15154811229107e-05
4.15151364187383e-05
4.15147917202899e-05
4.15144470275656e-05
4.15141023405651e-05
4.15137576592883e-05
4.1513412983735e-05
4.15130683139052e-05
4.15127236497987e-05
4.15123789914152e-05
4.15120343387548e-05
4.15116896918172e-05
4.15113450506023e-05
4.151100041511e-05
4.15106557853401e-05
4.15103111612925e-05
4.1509966542967e-05
4.15096219303635e-05
4.15092773234818e-05
4.15089327223218e-05
4.15085881268835e-05
4.15082435371665e-05
4.15078989531708e-05
4.15075543748962e-05
4.15072098023427e-05
4.150686523551e-05
4.1506520674398e-05
4.15061761190065e-05
4.15058315693355e-05
4.15054870253848e-05
4.15051424871542e-05
4.15047979546436e-05
4.15044534278528e-05
4.15041089067818e-05
4.15037643914303e-05
4.15034198817983e-05
4.15030753778855e-05
4.15027308796919e-05
4.15023863872173e-05
4.15020419004615e-05
4.15016974194245e-05
4.1501352944106e-05
4.15010084745059e-05
4.15006640106242e-05
4.15003195524606e-05
4.14999751000149e-05
4.14996306532872e-05
4.14992862122771e-05
4.14989417769847e-05
4.14985973474097e-05
4.14982529235519e-05
4.14979085054113e-05
4.14975640929877e-05
4.1497219686281e-05
4.1496875285291e-05
4.14965308900176e-05
4.14961865004606e-05
4.14958421166199e-05
4.14954977384954e-05
4.14951533660868e-05
4.14948089993942e-05
4.14944646384172e-05
4.14941202831559e-05
4.149377593361e-05
4.14934315897793e-05
4.14930872516639e-05
4.14927429192634e-05
4.14923985925778e-05
4.1492054271607e-05
4.14917099563507e-05
4.14913656468089e-05
4.14910213429814e-05
4.1490677044868e-05
4.14903327524687e-05
4.14899884657832e-05
4.14896441848115e-05
4.14892999095533e-05
4.14889556400086e-05
4.14886113761772e-05
4.1488267118059e-05
4.14879228656538e-05
4.14875786189615e-05
4.14872343779819e-05
4.14868901427149e-05
4.14865459131604e-05
4.14862016893181e-05
4.14858574711881e-05
4.148551325877e-05
4.14851690520639e-05
4.14848248510695e-05
4.14844806557867e-05
4.14841364662153e-05
4.14837922823553e-05
4.14834481042064e-05
4.14831039317686e-05
4.14827597650417e-05
4.14824156040255e-05
4.14820714487199e-05
4.14817272991247e-05
4.14813831552399e-05
4.14810390170653e-05
4.14806948846007e-05
4.1480350757846e-05
4.14800066368011e-05
4.14796625214657e-05
4.14793184118399e-05
4.14789743079233e-05
4.1478630209716e-05
4.14782861172176e-05
4.14779420304282e-05
4.14775979493476e-05
4.14772538739755e-05
4.14769098043119e-05
4.14765657403567e-05
4.14762216821096e-05
4.14758776295706e-05
4.14755335827395e-05
4.14751895416162e-05
4.14748455062005e-05
4.14745014764923e-05
4.14741574524914e-05
4.14738134341976e-05
4.1473469421611e-05
4.14731254147313e-05
4.14727814135583e-05
4.14724374180919e-05
4.14720934283321e-05
4.14717494442786e-05
4.14714054659312e-05
4.147106149329e-05
4.14707175263546e-05
4.14703735651251e-05
4.14700296096011e-05
4.14696856597827e-05
4.14693417156696e-05
4.14689977772617e-05
4.14686538445589e-05
4.1468309917561e-05
4.14679659962679e-05
4.14676220806794e-05
4.14672781707954e-05
4.14669342666158e-05
4.14665903681404e-05
4.14662464753691e-05
4.14659025883016e-05
4.1465558706938e-05
4.1465214831278e-05
4.14648709613216e-05
4.14645270970685e-05
4.14641832385186e-05
4.14638393856718e-05
4.14634955385279e-05
4.14631516970868e-05
4.14628078613484e-05
4.14624640313124e-05
4.14621202069789e-05
4.14617763883476e-05
4.14614325754183e-05
4.14610887681911e-05
4.14607449666656e-05
4.14604011708417e-05
4.14600573807194e-05
4.14597135962985e-05
4.14593698175788e-05
4.14590260445602e-05
4.14586822772425e-05
4.14583385156256e-05
4.14579947597095e-05
4.14576510094938e-05
4.14573072649785e-05
4.14569635261635e-05
4.14566197930486e-05
4.14562760656336e-05
4.14559323439184e-05
4.14555886279029e-05
4.1455244917587e-05
4.14549012129704e-05
4.14545575140531e-05
4.14542138208349e-05
4.14538701333156e-05
4.14535264514952e-05
4.14531827753735e-05
4.14528391049503e-05
4.14524954402255e-05
4.1452151781199e-05
4.14518081278705e-05
4.14514644802401e-05
4.14511208383075e-05
4.14507772020725e-05
4.14504335715352e-05
4.14500899466952e-05
4.14497463275525e-05
4.14494027141069e-05
4.14490591063583e-05
4.14487155043065e-05
4.14483719079515e-05
4.14480283172929e-05
4.14476847323309e-05
4.1447341153065e-05
4.14469975794953e-05
4.14466540116216e-05
4.14463104494438e-05
4.14459668929616e-05
4.14456233421751e-05
4.14452797970839e-05
4.1444936257688e-05
4.14445927239873e-05
4.14442491959816e-05
4.14439056736707e-05
4.14435621570545e-05
4.14432186461329e-05
4.14428751409058e-05
4.14425316413729e-05
4.14421881475342e-05
4.14418446593895e-05
4.14415011769386e-05
4.14411577001815e-05
4.1440814229118e-05
4.14404707637479e-05
4.14401273040711e-05
4.14397838500874e-05
4.14394404017968e-05
4.14390969591991e-05
4.14387535222941e-05
4.14384100910816e-05
4.14380666655617e-05
4.1437723245734e-05
4.14373798315985e-05
4.1437036423155e-05
4.14366930204034e-05
4.14363496233436e-05
4.14360062319753e-05
4.14356628462986e-05
4.14353194663131e-05
4.14349760920188e-05
4.14346327234155e-05
4.14342893605032e-05
4.14339460032816e-05
4.14336026517506e-05
4.143325930591e-05
4.14329159657598e-05
4.14325726312998e-05
4.14322293025299e-05
4.14318859794498e-05
4.14315426620595e-05
4.14311993503588e-05
4.14308560443476e-05
4.14305127440257e-05
4.1430169449393e-05
4.14298261604494e-05
4.14294828771947e-05
4.14291395996288e-05
4.14287963277515e-05
4.14284530615627e-05
4.14281098010622e-05
4.142776654625e-05
4.14274232971258e-05
4.14270800536895e-05
4.1426736815941e-05
4.14263935838802e-05
4.14260503575068e-05
4.14257071368208e-05
4.14253639218221e-05
4.14250207125104e-05
4.14246775088856e-05
4.14243343109476e-05
4.14239911186963e-05
4.14236479321315e-05
4.14233047512531e-05
4.14229615760608e-05
4.14226184065547e-05
4.14222752427345e-05
4.14219320846002e-05
4.14215889321514e-05
4.14212457853882e-05
4.14209026443104e-05
4.14205595089178e-05
4.14202163792104e-05
4.14198732551878e-05
4.14195301368501e-05
4.14191870241971e-05
4.14188439172286e-05
4.14185008159445e-05
4.14181577203446e-05
4.14178146304288e-05
4.1417471546197e-05
4.14171284676491e-05
4.14167853947848e-05
4.14164423276041e-05
4.14160992661067e-05
4.14157562102926e-05
4.14154131601617e-05
4.14150701157137e-05
4.14147270769486e-05
4.14143840438661e-05
4.14140410164662e-05
4.14136979947487e-05
4.14133549787135e-05
4.14130119683605e-05
4.14126689636894e-05
4.14123259647001e-05
4.14119829713926e-05
4.14116399837666e-05
4.14112970018221e-05
4.14109540255588e-05
4.14106110549767e-05
4.14102680900756e-05
4.14099251308554e-05
4.14095821773158e-05
4.14092392294569e-05
4.14088962872784e-05
4.14085533507801e-05
4.14082104199621e-05
4.1407867494824e-05
4.14075245753658e-05
4.14071816615874e-05
4.14068387534885e-05
4.14064958510691e-05
4.1406152954329e-05
4.14058100632681e-05
4.14054671778862e-05
4.14051242981831e-05
4.14047814241589e-05
4.14044385558132e-05
4.1404095693146e-05
4.14037528361571e-05
4.14034099848464e-05
4.14030671392137e-05
4.14027242992589e-05
4.14023814649819e-05
4.14020386363825e-05
4.14016958134605e-05
4.14013529962159e-05
4.14010101846485e-05
4.14006673787581e-05
4.14003245785447e-05
4.1399981784008e-05
4.1399638995148e-05
4.13992962119644e-05
4.13989534344572e-05
4.13986106626262e-05
4.13982678964712e-05
4.13979251359922e-05
4.13975823811889e-05
4.13972396320613e-05
4.13968968886092e-05
4.13965541508325e-05
4.1396211418731e-05
4.13958686923045e-05
4.1395525971553e-05
4.13951832564763e-05
4.13948405470742e-05
4.13944978433467e-05
4.13941551452935e-05
4.13938124529145e-05
4.13934697662097e-05
4.13931270851788e-05
4.13927844098217e-05
4.13924417401382e-05
4.13920990761284e-05
4.13917564177918e-05
4.13914137651286e-05
4.13910711181384e-05
4.13907284768212e-05
4.13903858411768e-05
4.13900432112051e-05
4.1389700586906e-05
4.13893579682792e-05
4.13890153553247e-05
4.13886727480423e-05
4.13883301464319e-05
4.13879875504933e-05
4.13876449602265e-05
4.13873023756312e-05
4.13869597967073e-05
4.13866172234546e-05
4.13862746558731e-05
4.13859320939626e-05
4.1385589537723e-05
4.1385246987154e-05
4.13849044422556e-05
4.13845619030277e-05
4.138421936947e-05
4.13838768415825e-05
4.1383534319365e-05
4.13831918028174e-05
4.13828492919394e-05
4.13825067867311e-05
4.13821642871922e-05
4.13818217933226e-05
4.13814793051222e-05
4.13811368225908e-05
4.13807943457283e-05
4.13804518745345e-05
4.13801094090093e-05
4.13797669491525e-05
4.13794244949641e-05
4.13790820464439e-05
4.13787396035917e-05
4.13783971664074e-05
4.13780547348908e-05
4.13777123090419e-05
4.13773698888604e-05
4.13770274743462e-05
4.13766850654993e-05
4.13763426623194e-05
4.13760002648064e-05
4.13756578729602e-05
4.13753154867806e-05
4.13749731062675e-05
4.13746307314207e-05
4.13742883622402e-05
4.13739459987257e-05
4.13736036408771e-05
4.13732612886943e-05
4.13729189421772e-05
4.13725766013256e-05
4.13722342661393e-05
4.13718919366183e-05
4.13715496127623e-05
4.13712072945713e-05
4.1370864982045e-05
4.13705226751835e-05
4.13701803739864e-05
4.13698380784538e-05
4.13694957885853e-05
4.1369153504381e-05
4.13688112258406e-05
4.1368468952964e-05
4.13681266857512e-05
4.13677844242018e-05
4.13674421683158e-05
4.13670999180931e-05
4.13667576735335e-05
4.13664154346369e-05
4.13660732014031e-05
4.1365730973832e-05
4.13653887519235e-05
4.13650465356774e-05
4.13647043250935e-05
4.13643621201717e-05
4.1364019920912e-05
4.13636777273141e-05
4.13633355393779e-05
4.13629933571033e-05
4.13626511804901e-05
4.13623090095381e-05
4.13619668442474e-05
4.13616246846176e-05
4.13612825306487e-05
4.13609403823405e-05
4.13605982396929e-05
4.13602561027058e-05
4.13599139713789e-05
4.13595718457123e-05
4.13592297257056e-05
4.13588876113588e-05
4.13585455026718e-05
4.13582033996443e-05
4.13578613022763e-05
4.13575192105677e-05
4.13571771245182e-05
4.13568350441277e-05
4.13564929693962e-05
4.13561509003234e-05
4.13558088369092e-05
4.13554667791535e-05
4.13551247270562e-05
4.1354782680617e-05
4.13544406398359e-05
4.13540986047127e-05
4.13537565752473e-05
4.13534145514395e-05
4.13530725332892e-05
4.13527305207963e-05
4.13523885139606e-05
4.13520465127819e-05
4.13517045172602e-05
4.13513625273953e-05
4.1351020543187e-05
4.13506785646352e-05
4.13503365917399e-05
4.13499946245007e-05
4.13496526629176e-05
4.13493107069905e-05
4.13489687567192e-05
4.13486268121036e-05
4.13482848731435e-05
4.13479429398387e-05
4.13476010121893e-05
4.13472590901949e-05
4.13469171738555e-05
4.1346575263171e-05
4.13462333581411e-05
4.13458914587657e-05
4.13455495650448e-05
4.13452076769782e-05
4.13448657945656e-05
4.13445239178071e-05
4.13441820467024e-05
4.13438401812514e-05
4.1343498321454e-05
4.134315646731e-05
4.13428146188193e-05
4.13424727759817e-05
4.13421309387971e-05
4.13417891072654e-05
4.13414472813864e-05
4.134110546116e-05
4.13407636465861e-05
4.13404218376644e-05
4.13400800343949e-05
4.13397382367775e-05
4.13393964448119e-05
4.13390546584981e-05
4.13387128778358e-05
4.13383711028251e-05
4.13380293334656e-05
4.13376875697573e-05
4.13373458117001e-05
4.13370040592938e-05
4.13366623125382e-05
4.13363205714333e-05
4.13359788359788e-05
4.13356371061747e-05
4.13352953820208e-05
4.13349536635169e-05
4.1334611950663e-05
4.13342702434589e-05
4.13339285419043e-05
4.13335868459993e-05
4.13332451557437e-05
4.13329034711372e-05
4.13325617921799e-05
4.13322201188715e-05
4.13318784512119e-05
4.13315367892009e-05
4.13311951328385e-05
4.13308534821244e-05
4.13305118370586e-05
4.13301701976409e-05
4.13298285638711e-05
4.13294869357492e-05
4.13291453132749e-05
4.13288036964482e-05
4.13284620852689e-05
4.13281204797368e-05
4.13277788798519e-05
4.13274372856139e-05
4.13270956970228e-05
4.13267541140784e-05
4.13264125367805e-05
4.13260709651291e-05
4.13257293991239e-05
4.13253878387649e-05
4.13250462840518e-05
4.13247047349847e-05
4.13243631915632e-05
4.13240216537873e-05
4.13236801216569e-05
4.13233385951718e-05
4.13229970743318e-05
4.13226555591369e-05
4.13223140495868e-05
4.13219725456814e-05
4.13216310474207e-05
4.13212895548044e-05
4.13209480678325e-05
4.13206065865047e-05
4.13202651108209e-05
4.13199236407811e-05
4.1319582176385e-05
4.13192407176326e-05
4.13188992645236e-05
4.1318557817058e-05
4.13182163752355e-05
4.13178749390561e-05
4.13175335085197e-05
4.1317192083626e-05
4.1316850664375e-05
4.13165092507664e-05
4.13161678428002e-05
4.13158264404763e-05
4.13154850437944e-05
4.13151436527545e-05
4.13148022673563e-05
4.13144608875999e-05
4.13141195134849e-05
4.13137781450114e-05
4.1313436782179e-05
4.13130954249878e-05
4.13127540734375e-05
4.13124127275281e-05
4.13120713872594e-05
4.13117300526311e-05
4.13113887236433e-05
4.13110474002958e-05
4.13107060825884e-05
4.13103647705209e-05
4.13100234640933e-05
4.13096821633054e-05
4.13093408681571e-05
4.13089995786482e-05
4.13086582947786e-05
4.13083170165481e-05
4.13079757439566e-05
4.1307634477004e-05
4.13072932156902e-05
4.13069519600149e-05
4.1306610709978e-05
4.13062694655795e-05
4.13059282268191e-05
4.13055869936968e-05
4.13052457662123e-05
4.13049045443656e-05
4.13045633281565e-05
4.13042221175849e-05
4.13038809126506e-05
4.13035397133534e-05
4.13031985196934e-05
4.13028573316702e-05
4.13025161492838e-05
4.13021749725341e-05
4.13018338014208e-05
4.13014926359439e-05
4.13011514761032e-05
4.13008103218985e-05
4.13004691733298e-05
4.13001280303969e-05
4.12997868930996e-05
4.12994457614379e-05
4.12991046354115e-05
4.12987635150204e-05
4.12984224002643e-05
4.12980812911432e-05
4.12977401876569e-05
4.12973990898053e-05
4.12970579975883e-05
4.12967169110056e-05
4.12963758300572e-05
4.12960347547429e-05
4.12956936850625e-05
4.1295352621016e-05
4.12950115626032e-05
4.1294670509824e-05
4.12943294626782e-05
4.12939884211656e-05
4.12936473852862e-05
4.12933063550398e-05
4.12929653304263e-05
4.12926243114455e-05
4.12922832980973e-05
4.12919422903815e-05
4.1291601288298e-05
4.12912602918466e-05
4.12909193010273e-05
4.12905783158399e-05
4.12902373362842e-05
4.12898963623601e-05
4.12895553940675e-05
4.12892144314062e-05
4.12888734743761e-05
4.12885325229771e-05
4.12881915772089e-05
4.12878506370715e-05
4.12875097025648e-05
4.12871687736885e-05
4.12868278504426e-05
4.12864869328269e-05
4.12861460208412e-05
4.12858051144855e-05
4.12854642137596e-05
4.12851233186634e-05
4.12847824291966e-05
4.12844415453592e-05
4.12841006671511e-05
4.1283759794572e-05
4.12834189276219e-05
4.12830780663006e-05
4.1282737210608e-05
4.12823963605439e-05
4.12820555161083e-05
4.12817146773008e-05
4.12813738441215e-05
4.12810330165702e-05
4.12806921946467e-05
4.12803513783509e-05
4.12800105676827e-05
4.12796697626419e-05
4.12793289632284e-05
4.1278988169442e-05
4.12786473812826e-05
4.12783065987501e-05
4.12779658218443e-05
4.12776250505651e-05
4.12772842849123e-05
4.12769435248859e-05
4.12766027704856e-05
4.12762620217113e-05
4.12759212785629e-05
4.12755805410403e-05
4.12752398091433e-05
4.12748990828717e-05
4.12745583622255e-05
4.12742176472045e-05
4.12738769378085e-05
4.12735362340375e-05
4.12731955358912e-05
4.12728548433695e-05
4.12725141564724e-05
4.12721734751996e-05
4.1271832799551e-05
4.12714921295265e-05
4.12711514651259e-05
4.12708108063491e-05
4.1270470153196e-05
4.12701295056664e-05
4.12697888637602e-05
4.12694482274772e-05
4.12691075968173e-05
4.12687669717804e-05
4.12684263523663e-05
4.12680857385749e-05
4.12677451304061e-05
4.12674045278596e-05
4.12670639309354e-05
4.12667233396334e-05
4.12663827539533e-05
4.12660421738951e-05
4.12657015994586e-05
4.12653610306437e-05
4.12650204674502e-05
4.12646799098779e-05
4.12643393579269e-05
4.12639988115968e-05
4.12636582708877e-05
4.12633177357992e-05
4.12629772063314e-05
4.1262636682484e-05
4.12622961642569e-05
4.12619556516501e-05
4.12616151446632e-05
4.12612746432963e-05
4.12609341475491e-05
4.12605936574215e-05
4.12602531729135e-05
4.12599126940247e-05
4.12595722207552e-05
4.12592317531048e-05
4.12588912910732e-05
4.12585508346605e-05
4.12582103838664e-05
4.12578699386908e-05
4.12575294991336e-05
4.12571890651946e-05
4.12568486368737e-05
4.12565082141708e-05
4.12561677970857e-05
4.12558273856182e-05
4.12554869797683e-05
4.12551465795358e-05
4.12548061849205e-05
4.12544657959224e-05
4.12541254125413e-05
4.12537850347769e-05
4.12534446626293e-05
4.12531042960983e-05
4.12527639351837e-05
4.12524235798853e-05
4.12520832302031e-05
4.12517428861369e-05
4.12514025476866e-05
4.1251062214852e-05
4.1250721887633e-05
4.12503815660295e-05
4.12500412500413e-05
4.12497009396682e-05
4.12493606349102e-05
4.1249020335767e-05
4.12486800422386e-05
4.12483397543249e-05
4.12479994720256e-05
4.12476591953407e-05
4.12473189242699e-05
4.12469786588132e-05
4.12466383989705e-05
4.12462981447415e-05
4.12459578961262e-05
4.12456176531244e-05
4.12452774157359e-05
4.12449371839607e-05
4.12445969577985e-05
4.12442567372493e-05
4.1243916522313e-05
4.12435763129893e-05
4.12432361092781e-05
4.12428959111793e-05
4.12425557186928e-05
4.12422155318184e-05
4.12418753505559e-05
4.12415351749053e-05
4.12411950048665e-05
4.12408548404391e-05
4.12405146816232e-05
4.12401745284186e-05
4.12398343808251e-05
4.12394942388427e-05
4.1239154102471e-05
4.12388139717102e-05
4.12384738465599e-05
4.12381337270201e-05
4.12377936130905e-05
4.12374535047712e-05
4.12371134020619e-05
4.12367733049624e-05
4.12364332134728e-05
4.12360931275927e-05
4.12357530473222e-05
4.12354129726609e-05
4.12350729036089e-05
4.12347328401659e-05
4.12343927823319e-05
4.12340527301066e-05
4.123371268349e-05
4.12333726424819e-05
4.12330326070822e-05
4.12326925772907e-05
4.12323525531073e-05
4.12320125345318e-05
4.12316725215642e-05
4.12313325142042e-05
4.12309925124518e-05
4.12306525163067e-05
4.12303125257689e-05
4.12299725408383e-05
4.12296325615146e-05
4.12292925877978e-05
4.12289526196876e-05
4.12286126571841e-05
4.1228272700287e-05
4.12279327489961e-05
4.12275928033114e-05
4.12272528632327e-05
4.12269129287599e-05
4.12265729998928e-05
4.12262330766313e-05
4.12258931589753e-05
4.12255532469246e-05
4.1225213340479e-05
4.12248734396385e-05
4.12245335444029e-05
4.12241936547721e-05
4.12238537707459e-05
4.12235138923242e-05
4.12231740195068e-05
4.12228341522936e-05
4.12224942906845e-05
4.12221544346794e-05
4.1221814584278e-05
4.12214747394803e-05
4.12211349002861e-05
4.12207950666952e-05
4.12204552387077e-05
4.12201154163232e-05
4.12197755995416e-05
4.12194357883629e-05
4.12190959827869e-05
4.12187561828134e-05
4.12184163884424e-05
4.12180765996736e-05
4.12177368165069e-05
4.12173970389422e-05
4.12170572669794e-05
4.12167175006183e-05
4.12163777398587e-05
4.12160379847006e-05
4.12156982351438e-05
4.12153584911882e-05
4.12150187528335e-05
4.12146790200798e-05
4.12143392929268e-05
4.12139995713744e-05
4.12136598554225e-05
4.12133201450709e-05
4.12129804403195e-05
4.12126407411681e-05
4.12123010476167e-05
4.1211961359665e-05
4.1211621677313e-05
4.12112820005605e-05
4.12109423294073e-05
4.12106026638534e-05
4.12102630038985e-05
4.12099233495426e-05
4.12095837007855e-05
4.1209244057627e-05
4.12089044200671e-05
4.12085647881056e-05
4.12082251617423e-05
4.12078855409771e-05
4.12075459258099e-05
4.12072063162406e-05
4.12068667122689e-05
4.12065271138948e-05
4.12061875211182e-05
4.12058479339388e-05
4.12055083523565e-05
4.12051687763713e-05
4.12048292059829e-05
4.12044896411913e-05
4.12041500819963e-05
4.12038105283977e-05
4.12034709803954e-05
4.12031314379893e-05
4.12027919011792e-05
4.12024523699651e-05
4.12021128443467e-05
4.12017733243239e-05
4.12014338098966e-05
4.12010943010646e-05
4.12007547978279e-05
4.12004153001862e-05
4.12000758081395e-05
4.11997363216875e-05
4.11993968408303e-05
4.11990573655675e-05
4.11987178958991e-05
4.11983784318249e-05
4.11980389733449e-05
4.11976995204588e-05
4.11973600731665e-05
4.11970206314679e-05
4.11966811953629e-05
4.11963417648513e-05
4.11960023399329e-05
4.11956629206077e-05
4.11953235068755e-05
4.11949840987361e-05
4.11946446961895e-05
4.11943052992354e-05
4.11939659078738e-05
4.11936265221045e-05
4.11932871419274e-05
4.11929477673422e-05
4.1192608398349e-05
4.11922690349475e-05
4.11919296771377e-05
4.11915903249193e-05
4.11912509782922e-05
4.11909116372564e-05
4.11905723018116e-05
4.11902329719577e-05
4.11898936476946e-05
4.11895543290222e-05
4.11892150159402e-05
4.11888757084487e-05
4.11885364065473e-05
4.11881971102361e-05
4.11878578195148e-05
4.11875185343833e-05
4.11871792548416e-05
4.11868399808893e-05
4.11865007125265e-05
4.11861614497529e-05
4.11858221925684e-05
4.1185482940973e-05
4.11851436949664e-05
4.11848044545485e-05
4.11844652197191e-05
4.11841259904782e-05
4.11837867668256e-05
4.11834475487612e-05
4.11831083362848e-05
4.11827691293963e-05
4.11824299280955e-05
4.11820907323823e-05
4.11817515422566e-05
4.11814123577182e-05
4.1181073178767e-05
4.11807340054029e-05
4.11803948376257e-05
4.11800556754353e-05
4.11797165188315e-05
4.11793773678142e-05
4.11790382223833e-05
4.11786990825386e-05
4.117835994828e-05
4.11780208196073e-05
4.11776816965205e-05
4.11773425790193e-05
4.11770034671037e-05
4.11766643607735e-05
4.11763252600285e-05
4.11759861648686e-05
4.11756470752938e-05
4.11753079913038e-05
4.11749689128985e-05
4.11746298400777e-05
4.11742907728414e-05
4.11739517111894e-05
4.11736126551216e-05
4.11732736046378e-05
4.11729345597378e-05
4.11725955204216e-05
4.1172256486689e-05
4.11719174585399e-05
4.11715784359741e-05
4.11712394189915e-05
4.11709004075919e-05
4.11705614017753e-05
4.11702224015414e-05
4.11698834068902e-05
4.11695444178215e-05
4.11692054343351e-05
4.1168866456431e-05
4.11685274841089e-05
4.11681885173689e-05
4.11678495562106e-05
4.1167510600634e-05
4.11671716506389e-05
4.11668327062252e-05
4.11664937673928e-05
4.11661548341416e-05
4.11658159064713e-05
4.11654769843818e-05
4.11651380678731e-05
4.11647991569449e-05
4.11644602515972e-05
4.11641213518297e-05
4.11637824576425e-05
4.11634435690352e-05
4.11631046860078e-05
4.11627658085602e-05
4.11624269366922e-05
4.11620880704036e-05
4.11617492096944e-05
4.11614103545644e-05
4.11610715050134e-05
4.11607326610414e-05
4.11603938226481e-05
4.11600549898335e-05
4.11597161625973e-05
4.11593773409396e-05
4.11590385248601e-05
4.11586997143586e-05
4.11583609094351e-05
4.11580221100895e-05
4.11576833163215e-05
4.1157344528131e-05
4.1157005745518e-05
4.11566669684822e-05
4.11563281970236e-05
4.11559894311419e-05
4.11556506708371e-05
4.1155311916109e-05
4.11549731669575e-05
4.11546344233824e-05
4.11542956853836e-05
4.1153956952961e-05
4.11536182261144e-05
4.11532795048437e-05
4.11529407891488e-05
4.11526020790295e-05
4.11522633744856e-05
4.11519246755171e-05
4.11515859821238e-05
4.11512472943055e-05
4.11509086120622e-05
4.11505699353936e-05
4.11502312642997e-05
4.11498925987803e-05
4.11495539388353e-05
4.11492152844645e-05
4.11488766356678e-05
4.11485379924451e-05
4.11481993547962e-05
4.1147860722721e-05
4.11475220962194e-05
4.11471834752911e-05
4.11468448599361e-05
4.11465062501543e-05
4.11461676459455e-05
4.11458290473095e-05
4.11454904542462e-05
4.11451518667555e-05
4.11448132848373e-05
4.11444747084914e-05
4.11441361377177e-05
4.11437975725159e-05
4.11434590128861e-05
4.11431204588281e-05
4.11427819103416e-05
4.11424433674267e-05
4.11421048300831e-05
4.11417662983107e-05
4.11414277721094e-05
4.1141089251479e-05
4.11407507364194e-05
4.11404122269305e-05
4.11400737230121e-05
4.11397352246641e-05
4.11393967318863e-05
4.11390582446787e-05
4.1138719763041e-05
4.11383812869731e-05
4.1138042816475e-05
4.11377043515464e-05
4.11373658921872e-05
4.11370274383973e-05
4.11366889901766e-05
4.11363505475248e-05
4.1136012110442e-05
4.11356736789278e-05
4.11353352529823e-05
4.11349968326052e-05
4.11346584177965e-05
4.11343200085559e-05
4.11339816048834e-05
4.11336432067788e-05
4.1133304814242e-05
4.11329664272728e-05
4.11326280458711e-05
4.11322896700368e-05
4.11319512997697e-05
4.11316129350696e-05
4.11312745759366e-05
4.11309362223703e-05
4.11305978743707e-05
4.11302595319376e-05
4.1129921195071e-05
4.11295828637706e-05
4.11292445380363e-05
4.1128906217868e-05
4.11285679032656e-05
4.11282295942289e-05
4.11278912907577e-05
4.1127552992852e-05
4.11272147005116e-05
4.11268764137364e-05
4.11265381325262e-05
4.11261998568808e-05
4.11258615868002e-05
4.11255233222843e-05
4.11251850633328e-05
4.11248468099456e-05
4.11245085621227e-05
4.11241703198638e-05
4.11238320831688e-05
4.11234938520377e-05
4.11231556264702e-05
4.11228174064662e-05
4.11224791920255e-05
4.11221409831481e-05
4.11218027798339e-05
4.11214645820826e-05
4.11211263898941e-05
4.11207882032683e-05
4.1120450022205e-05
4.11201118467042e-05
4.11197736767657e-05
4.11194355123893e-05
4.11190973535749e-05
4.11187592003224e-05
4.11184210526316e-05
4.11180829105024e-05
4.11177447739346e-05
4.11174066429282e-05
4.1117068517483e-05
4.11167303975988e-05
4.11163922832755e-05
4.1116054174513e-05
4.11157160713111e-05
4.11153779736697e-05
4.11150398815887e-05
4.11147017950679e-05
4.11143637141072e-05
4.11140256387064e-05
4.11136875688654e-05
4.11133495045841e-05
4.11130114458624e-05
4.11126733927e-05
4.11123353450969e-05
4.1111997303053e-05
4.1111659266568e-05
4.11113212356419e-05
4.11109832102745e-05
4.11106451904656e-05
4.11103071762152e-05
4.11099691675231e-05
4.11096311643892e-05
4.11092931668133e-05
4.11089551747953e-05
4.1108617188335e-05
4.11082792074324e-05
4.11079412320872e-05
4.11076032622994e-05
4.11072652980688e-05
4.11069273393952e-05
4.11065893862786e-05
4.11062514387188e-05
4.11059134967156e-05
4.1105575560269e-05
4.11052376293787e-05
4.11048997040447e-05
4.11045617842668e-05
4.11042238700449e-05
4.11038859613788e-05
4.11035480582684e-05
4.11032101607135e-05
4.11028722687141e-05
4.110253438227e-05
4.1102196501381e-05
4.11018586260471e-05
4.1101520756268e-05
4.11011828920436e-05
4.11008450333739e-05
4.11005071802586e-05
4.11001693326977e-05
4.10998314906909e-05
4.10994936542382e-05
4.10991558233394e-05
4.10988179979944e-05
4.1098480178203e-05
4.10981423639652e-05
4.10978045552807e-05
4.10974667521494e-05
4.10971289545712e-05
4.1096791162546e-05
4.10964533760736e-05
4.10961155951539e-05
4.10957778197868e-05
4.10954400499721e-05
4.10951022857096e-05
4.10947645269993e-05
4.10944267738409e-05
4.10940890262345e-05
4.10937512841797e-05
4.10934135476766e-05
4.10930758167249e-05
4.10927380913245e-05
4.10924003714753e-05
4.10920626571771e-05
4.10917249484299e-05
4.10913872452334e-05
4.10910495475875e-05
4.10907118554922e-05
4.10903741689472e-05
4.10900364879524e-05
4.10896988125077e-05
4.1089361142613e-05
4.1089023478268e-05
4.10886858194727e-05
4.1088348166227e-05
4.10880105185307e-05
4.10876728763836e-05
4.10873352397857e-05
4.10869976087367e-05
4.10866599832366e-05
4.10863223632853e-05
4.10859847488825e-05
4.10856471400281e-05
4.10853095367221e-05
4.10849719389642e-05
4.10846343467543e-05
4.10842967600924e-05
4.10839591789782e-05
4.10836216034116e-05
4.10832840333925e-05
4.10829464689208e-05
4.10826089099962e-05
4.10822713566188e-05
4.10819338087882e-05
4.10815962665045e-05
4.10812587297675e-05
4.1080921198577e-05
4.10805836729328e-05
4.10802461528349e-05
4.10799086382832e-05
4.10795711292774e-05
4.10792336258175e-05
4.10788961279032e-05
4.10785586355346e-05
4.10782211487114e-05
4.10778836674335e-05
4.10775461917007e-05
4.1077208721513e-05
4.10768712568701e-05
4.1076533797772e-05
4.10761963442185e-05
4.10758588962095e-05
4.10755214537449e-05
4.10751840168244e-05
4.1074846585448e-05
4.10745091596155e-05
4.10741717393269e-05
4.10738343245819e-05
4.10734969153804e-05
4.10731595117223e-05
4.10728221136074e-05
4.10724847210357e-05
4.10721473340069e-05
4.1071809952521e-05
4.10714725765778e-05
4.10711352061771e-05
4.10707978413189e-05
4.10704604820029e-05
4.10701231282291e-05
4.10697857799974e-05
4.10694484373075e-05
4.10691111001593e-05
4.10687737685528e-05
4.10684364424878e-05
4.1068099121964e-05
4.10677618069815e-05
4.10674244975401e-05
4.10670871936395e-05
4.10667498952798e-05
4.10664126024607e-05
4.10660753151821e-05
4.10657380334439e-05
4.1065400757246e-05
4.10650634865882e-05
4.10647262214703e-05
4.10643889618922e-05
4.10640517078539e-05
4.10637144593551e-05
4.10633772163958e-05
4.10630399789757e-05
4.10627027470948e-05
4.10623655207529e-05
4.10620282999499e-05
4.10616910846856e-05
4.106135387496e-05
4.10610166707728e-05
4.10606794721239e-05
4.10603422790132e-05
4.10600050914406e-05
4.1059667909406e-05
4.10593307329091e-05
4.10589935619498e-05
4.10586563965281e-05
4.10583192366437e-05
4.10579820822966e-05
4.10576449334866e-05
4.10573077902136e-05
4.10569706524774e-05
4.10566335202779e-05
4.10562963936149e-05
4.10559592724884e-05
4.10556221568982e-05
4.10552850468441e-05
4.1054947942326e-05
4.10546108433438e-05
4.10542737498974e-05
4.10539366619865e-05
4.10535995796111e-05
4.10532625027711e-05
4.10529254314662e-05
4.10525883656965e-05
4.10522513054616e-05
4.10519142507615e-05
4.10515772015961e-05
4.10512401579652e-05
4.10509031198686e-05
4.10505660873063e-05
4.10502290602782e-05
4.10498920387839e-05
4.10495550228236e-05
4.10492180123969e-05
4.10488810075037e-05
4.1048544008144e-05
4.10482070143176e-05
4.10478700260244e-05
4.10475330432641e-05
4.10471960660367e-05
4.10468590943421e-05
4.10465221281801e-05
4.10461851675505e-05
4.10458482124533e-05
4.10455112628883e-05
4.10451743188553e-05
4.10448373803543e-05
4.10445004473851e-05
4.10441635199475e-05
4.10438265980414e-05
4.10434896816667e-05
4.10431527708232e-05
4.10428158655109e-05
4.10424789657295e-05
4.1042142071479e-05
4.10418051827592e-05
4.10414682995699e-05
4.1041131421911e-05
4.10407945497825e-05
4.10404576831841e-05
4.10401208221157e-05
4.10397839665772e-05
4.10394471165684e-05
4.10391102720893e-05
4.10387734331396e-05
4.10384365997193e-05
4.10380997718282e-05
4.10377629494661e-05
4.1037426132633e-05
4.10370893213286e-05
4.10367525155529e-05
4.10364157153058e-05
4.1036078920587e-05
4.10357421313964e-05
4.1035405347734e-05
4.10350685695996e-05
4.1034731796993e-05
4.10343950299141e-05
4.10340582683627e-05
4.10337215123388e-05
4.10333847618422e-05
4.10330480168728e-05
4.10327112774304e-05
4.10323745435148e-05
4.10320378151261e-05
4.10317010922639e-05
4.10313643749282e-05
4.10310276631189e-05
4.10306909568357e-05
4.10303542560786e-05
4.10300175608475e-05
4.10296808711422e-05
4.10293441869625e-05
4.10290075083084e-05
4.10286708351796e-05
4.10283341675761e-05
4.10279975054977e-05
4.10276608489444e-05
4.10273241979158e-05
4.1026987552412e-05
4.10266509124327e-05
4.10263142779779e-05
4.10259776490474e-05
4.1025641025641e-05
4.10253044077587e-05
4.10249677954003e-05
4.10246311885656e-05
4.10242945872546e-05
4.1023957991467e-05
4.10236214012028e-05
4.10232848164618e-05
4.10229482372439e-05
4.10226116635489e-05
4.10222750953768e-05
4.10219385327273e-05
4.10216019756003e-05
4.10212654239958e-05
4.10209288779135e-05
4.10205923373534e-05
4.10202558023152e-05
4.10199192727989e-05
4.10195827488043e-05
4.10192462303313e-05
4.10189097173797e-05
4.10185732099495e-05
4.10182367080404e-05
4.10179002116524e-05
4.10175637207852e-05
4.10172272354389e-05
4.10168907556132e-05
4.10165542813079e-05
4.10162178125231e-05
4.10158813492584e-05
4.10155448915139e-05
4.10152084392893e-05
4.10148719925845e-05
4.10145355513994e-05
4.10141991157339e-05
4.10138626855877e-05
4.10135262609609e-05
4.10131898418531e-05
4.10128534282644e-05
4.10125170201946e-05
4.10121806176434e-05
4.10118442206109e-05
4.10115078290968e-05
4.10111714431011e-05
4.10108350626235e-05
4.1010498687664e-05
4.10101623182225e-05
4.10098259542986e-05
4.10094895958925e-05
4.10091532430038e-05
4.10088168956326e-05
4.10084805537785e-05
4.10081442174416e-05
4.10078078866216e-05
4.10074715613185e-05
4.1007135241532e-05
4.10067989272621e-05
4.10064626185087e-05
4.10061263152715e-05
4.10057900175505e-05
4.10054537253455e-05
4.10051174386563e-05
4.1004781157483e-05
4.10044448818252e-05
4.10041086116829e-05
4.10037723470559e-05
4.10034360879442e-05
4.10030998343475e-05
4.10027635862657e-05
4.10024273436987e-05
4.10020911066464e-05
4.10017548751087e-05
4.10014186490853e-05
4.10010824285761e-05
4.10007462135811e-05
4.10004100041e-05
4.10000738001328e-05
4.09997376016794e-05
4.09994014087394e-05
4.0999065221313e-05
4.09987290393998e-05
4.09983928629998e-05
4.09980566921128e-05
4.09977205267387e-05
4.09973843668774e-05
4.09970482125287e-05
4.09967120636925e-05
4.09963759203686e-05
4.0996039782557e-05
4.09957036502575e-05
4.09953675234698e-05
4.09950314021941e-05
4.09946952864299e-05
4.09943591761774e-05
4.09940230714362e-05
4.09936869722063e-05
4.09933508784875e-05
4.09930147902797e-05
4.09926787075828e-05
4.09923426303966e-05
4.09920065587211e-05
4.09916704925559e-05
4.09913344319011e-05
4.09909983767565e-05
4.09906623271219e-05
4.09903262829972e-05
4.09899902443823e-05
4.09896542112771e-05
4.09893181836813e-05
4.0988982161595e-05
4.09886461450178e-05
4.09883101339498e-05
4.09879741283907e-05
4.09876381283405e-05
4.09873021337989e-05
4.0986966144766e-05
4.09866301612414e-05
4.09862941832251e-05
4.0985958210717e-05
4.09856222437169e-05
4.09852862822247e-05
4.09849503262402e-05
4.09846143757633e-05
4.0984278430794e-05
4.09839424913319e-05
4.0983606557377e-05
4.09832706289293e-05
4.09829347059884e-05
4.09825987885544e-05
4.0982262876627e-05
4.09819269702061e-05
4.09815910692917e-05
4.09812551738835e-05
4.09809192839814e-05
4.09805833995853e-05
4.0980247520695e-05
4.09799116473105e-05
4.09795757794315e-05
4.0979239917058e-05
4.09789040601898e-05
4.09785682088268e-05
4.09782323629688e-05
4.09778965226157e-05
4.09775606877674e-05
4.09772248584237e-05
4.09768890345845e-05
4.09765532162497e-05
4.09762174034191e-05
4.09758815960925e-05
4.097554579427e-05
4.09752099979512e-05
4.09748742071362e-05
4.09745384218247e-05
4.09742026420166e-05
4.09738668677118e-05
4.09735310989101e-05
4.09731953356114e-05
4.09728595778157e-05
4.09725238255226e-05
4.09721880787322e-05
4.09718523374442e-05
4.09715166016585e-05
4.09711808713751e-05
4.09708451465937e-05
4.09705094273142e-05
4.09701737135365e-05
4.09698380052605e-05
4.0969502302486e-05
4.09691666052129e-05
4.09688309134411e-05
4.09684952271703e-05
4.09681595464005e-05
4.09678238711316e-05
4.09674882013634e-05
4.09671525370958e-05
4.09668168783286e-05
4.09664812250617e-05
4.09661455772949e-05
4.09658099350282e-05
4.09654742982614e-05
4.09651386669944e-05
4.0964803041227e-05
4.09644674209591e-05
4.09641318061905e-05
4.09637961969212e-05
4.09634605931509e-05
4.09631249948796e-05
4.09627894021071e-05
4.09624538148333e-05
4.09621182330581e-05
4.09617826567812e-05
4.09614470860027e-05
4.09611115207222e-05
4.09607759609398e-05
4.09604404066553e-05
4.09601048578684e-05
4.09597693145792e-05
4.09594337767875e-05
4.09590982444931e-05
4.09587627176958e-05
4.09584271963957e-05
4.09580916805924e-05
4.0957756170286e-05
4.09574206654762e-05
4.09570851661629e-05
4.0956749672346e-05
4.09564141840254e-05
4.09560787012008e-05
4.09557432238723e-05
4.09554077520396e-05
4.09550722857026e-05
4.09547368248612e-05
4.09544013695152e-05
4.09540659196645e-05
4.0953730475309e-05
4.09533950364485e-05
4.09530596030829e-05
4.09527241752121e-05
4.09523887528359e-05
4.09520533359543e-05
4.09517179245669e-05
4.09513825186738e-05
4.09510471182748e-05
4.09507117233698e-05
4.09503763339585e-05
4.0950040950041e-05
4.09497055716169e-05
4.09493701986863e-05
4.0949034831249e-05
4.09486994693049e-05
4.09483641128537e-05
4.09480287618954e-05
4.09476934164299e-05
4.09473580764569e-05
4.09470227419764e-05
4.09466874129883e-05
4.09463520894923e-05
4.09460167714885e-05
4.09456814589765e-05
4.09453461519564e-05
4.09450108504279e-05
4.09446755543909e-05
4.09443402638453e-05
4.0944004978791e-05
4.09436696992278e-05
4.09433344251556e-05
4.09429991565742e-05
4.09426638934836e-05
4.09423286358835e-05
4.09419933837739e-05
4.09416581371546e-05
4.09413228960254e-05
4.09409876603863e-05
4.09406524302371e-05
4.09403172055777e-05
4.09399819864079e-05
4.09396467727276e-05
4.09393115645367e-05
4.0938976361835e-05
4.09386411646225e-05
4.09383059728988e-05
4.0937970786664e-05
4.09376356059179e-05
4.09373004306604e-05
4.09369652608913e-05
4.09366300966104e-05
4.09362949378178e-05
4.09359597845131e-05
4.09356246366963e-05
4.09352894943673e-05
4.09349543575259e-05
4.0934619226172e-05
4.09342841003054e-05
4.0933948979926e-05
4.09336138650337e-05
4.09332787556283e-05
4.09329436517098e-05
4.09326085532779e-05
4.09322734603325e-05
4.09319383728736e-05
4.09316032909009e-05
4.09312682144144e-05
4.09309331434138e-05
4.09305980778991e-05
4.09302630178702e-05
4.09299279633268e-05
4.09295929142689e-05
4.09292578706963e-05
4.09289228326089e-05
4.09285878000065e-05
4.09282527728891e-05
4.09279177512565e-05
4.09275827351085e-05
4.0927247724445e-05
4.09269127192659e-05
4.09265777195711e-05
4.09262427253604e-05
4.09259077366336e-05
4.09255727533907e-05
4.09252377756315e-05
4.09249028033558e-05
4.09245678365636e-05
4.09242328752548e-05
4.0923897919429e-05
4.09235629690863e-05
4.09232280242265e-05
4.09228930848495e-05
4.09225581509551e-05
4.09222232225432e-05
4.09218882996137e-05
4.09215533821664e-05
4.09212184702012e-05
4.09208835637179e-05
4.09205486627165e-05
4.09202137671967e-05
4.09198788771585e-05
4.09195439926017e-05
4.09192091135263e-05
4.09188742399319e-05
4.09185393718186e-05
4.09182045091861e-05
4.09178696520344e-05
4.09175348003633e-05
4.09171999541727e-05
4.09168651134625e-05
4.09165302782324e-05
4.09161954484824e-05
4.09158606242124e-05
4.09155258054221e-05
4.09151909921115e-05
4.09148561842805e-05
4.09145213819289e-05
4.09141865850565e-05
4.09138517936633e-05
4.0913517007749e-05
4.09131822273136e-05
4.0912847452357e-05
4.09125126828789e-05
4.09121779188793e-05
4.09118431603581e-05
4.0911508407315e-05
4.091117365975e-05
4.09108389176628e-05
4.09105041810535e-05
4.09101694499219e-05
4.09098347242677e-05
4.0909500004091e-05
4.09091652893914e-05
4.0908830580169e-05
4.09084958764236e-05
4.0908161178155e-05
4.09078264853632e-05
4.09074917980479e-05
4.09071571162091e-05
4.09068224398465e-05
4.09064877689602e-05
4.09061531035498e-05
4.09058184436154e-05
4.09054837891568e-05
4.09051491401738e-05
4.09048144966663e-05
4.09044798586341e-05
4.09041452260772e-05
4.09038105989954e-05
4.09034759773886e-05
4.09031413612565e-05
4.09028067505992e-05
4.09024721454165e-05
4.09021375457081e-05
4.09018029514741e-05
4.09014683627142e-05
4.09011337794284e-05
4.09007992016164e-05
4.09004646292782e-05
4.09001300624136e-05
4.08997955010225e-05
4.08994609451047e-05
4.08991263946602e-05
4.08987918496888e-05
4.08984573101903e-05
4.08981227761646e-05
4.08977882476116e-05
4.08974537245311e-05
4.08971192069231e-05
4.08967846947873e-05
4.08964501881237e-05
4.08961156869321e-05
4.08957811912123e-05
4.08954467009643e-05
4.08951122161879e-05
4.0894777736883e-05
4.08944432630494e-05
4.0894108794687e-05
4.08937743317957e-05
4.08934398743754e-05
4.08931054224258e-05
4.08927709759469e-05
4.08924365349385e-05
4.08921020994005e-05
4.08917676693328e-05
4.08914332447352e-05
4.08910988256076e-05
4.08907644119499e-05
4.08904300037619e-05
4.08900956010435e-05
4.08897612037946e-05
4.0889426812015e-05
4.08890924257045e-05
4.08887580448631e-05
4.08884236694907e-05
4.0888089299587e-05
4.0887754935152e-05
4.08874205761855e-05
4.08870862226874e-05
4.08867518746576e-05
4.08864175320958e-05
4.08860831950021e-05
4.08857488633762e-05
4.0885414537218e-05
4.08850802165274e-05
4.08847459013042e-05
4.08844115915484e-05
4.08840772872597e-05
4.08837429884381e-05
4.08834086950834e-05
4.08830744071954e-05
4.08827401247741e-05
4.08824058478193e-05
4.08820715763309e-05
4.08817373103087e-05
4.08814030497527e-05
4.08810687946626e-05
4.08807345450383e-05
4.08804003008797e-05
4.08800660621868e-05
4.08797318289592e-05
4.08793976011969e-05
4.08790633788999e-05
4.08787291620678e-05
4.08783949507007e-05
4.08780607447983e-05
4.08777265443605e-05
4.08773923493872e-05
4.08770581598784e-05
4.08767239758337e-05
4.08763897972531e-05
4.08760556241365e-05
4.08757214564837e-05
4.08753872942946e-05
4.08750531375691e-05
4.0874718986307e-05
4.08743848405081e-05
4.08740507001725e-05
4.08737165652998e-05
4.08733824358901e-05
4.08730483119431e-05
4.08727141934587e-05
4.08723800804368e-05
4.08720459728773e-05
4.087171187078e-05
4.08713777741448e-05
4.08710436829715e-05
4.087070959726e-05
4.08703755170102e-05
4.0870041442222e-05
4.08697073728952e-05
4.08693733090297e-05
4.08690392506253e-05
4.08687051976819e-05
4.08683711501994e-05
4.08680371081777e-05
4.08677030716166e-05
4.08673690405159e-05
4.08670350148756e-05
4.08667009946955e-05
4.08663669799755e-05
4.08660329707154e-05
4.08656989669151e-05
4.08653649685745e-05
4.08650309756935e-05
4.08646969882718e-05
4.08643630063095e-05
4.08640290298062e-05
4.0863695058762e-05
4.08633610931766e-05
4.086302713305e-05
4.0862693178382e-05
4.08623592291725e-05
4.08620252854212e-05
4.08616913471282e-05
4.08613574142933e-05
4.08610234869163e-05
4.08606895649971e-05
4.08603556485356e-05
4.08600217375316e-05
4.0859687831985e-05
4.08593539318956e-05
4.08590200372634e-05
4.08586861480882e-05
4.08583522643699e-05
4.08580183861083e-05
4.08576845133033e-05
4.08573506459547e-05
4.08570167840625e-05
4.08566829276265e-05
4.08563490766465e-05
4.08560152311225e-05
4.08556813910542e-05
4.08553475564417e-05
4.08550137272846e-05
4.0854679903583e-05
4.08543460853366e-05
4.08540122725453e-05
4.0853678465209e-05
4.08533446633276e-05
4.08530108669009e-05
4.08526770759288e-05
4.08523432904111e-05
4.08520095103478e-05
4.08516757357387e-05
4.08513419665836e-05
4.08510082028824e-05
4.08506744446351e-05
4.08503406918414e-05
4.08500069445012e-05
4.08496732026144e-05
4.08493394661808e-05
4.08490057352004e-05
4.0848672009673e-05
4.08483382895984e-05
4.08480045749765e-05
4.08476708658072e-05
4.08473371620904e-05
4.08470034638259e-05
4.08466697710136e-05
4.08463360836533e-05
4.08460024017449e-05
4.08456687252884e-05
4.08453350542835e-05
4.084500138873e-05
4.0844667728628e-05
4.08443340739773e-05
4.08440004247776e-05
4.08436667810289e-05
4.08433331427311e-05
4.0842999509884e-05
4.08426658824875e-05
4.08423322605414e-05
4.08419986440456e-05
4.08416650330001e-05
4.08413314274045e-05
4.08409978272589e-05
4.08406642325631e-05
4.08403306433169e-05
4.08399970595202e-05
4.08396634811729e-05
4.08393299082749e-05
4.08389963408259e-05
4.0838662778826e-05
4.08383292222749e-05
4.08379956711725e-05
4.08376621255186e-05
4.08373285853133e-05
4.08369950505562e-05
4.08366615212473e-05
4.08363279973865e-05
4.08359944789735e-05
4.08356609660084e-05
4.08353274584909e-05
4.08349939564209e-05
4.08346604597983e-05
4.08343269686229e-05
4.08339934828946e-05
4.08336600026134e-05
4.08333265277789e-05
4.08329930583912e-05
4.083265959445e-05
4.08323261359553e-05
4.08319926829069e-05
4.08316592353047e-05
4.08313257931485e-05
4.08309923564382e-05
4.08306589251737e-05
4.08303254993549e-05
4.08299920789815e-05
4.08296586640536e-05
4.08293252545708e-05
4.08289918505332e-05
4.08286584519406e-05
4.08283250587928e-05
4.08279916710897e-05
4.08276582888312e-05
4.08273249120171e-05
4.08269915406473e-05
4.08266581747218e-05
4.08263248142402e-05
4.08259914592026e-05
4.08256581096087e-05
4.08253247654585e-05
4.08249914267518e-05
4.08246580934885e-05
4.08243247656684e-05
4.08239914432914e-05
4.08236581263574e-05
4.08233248148662e-05
4.08229915088178e-05
4.08226582082119e-05
4.08223249130484e-05
4.08219916233273e-05
4.08216583390484e-05
4.08213250602115e-05
4.08209917868164e-05
4.08206585188632e-05
4.08203252563516e-05
4.08199919992816e-05
4.08196587476529e-05
4.08193255014654e-05
4.08189922607191e-05
4.08186590254137e-05
4.08183257955492e-05
4.08179925711254e-05
4.08176593521421e-05
4.08173261385993e-05
4.08169929304968e-05
4.08166597278345e-05
4.08163265306122e-05
4.08159933388299e-05
4.08156601524873e-05
4.08153269715844e-05
4.08149937961209e-05
4.08146606260969e-05
4.08143274615121e-05
4.08139943023664e-05
4.08136611486597e-05
4.08133280003918e-05
4.08129948575626e-05
4.08126617201721e-05
4.08123285882199e-05
4.08119954617061e-05
4.08116623406305e-05
4.08113292249929e-05
4.08109961147932e-05
4.08106630100313e-05
4.0810329910707e-05
4.08099968168203e-05
4.08096637283709e-05
4.08093306453588e-05
4.08089975677837e-05
4.08086644956457e-05
4.08083314289445e-05
4.08079983676801e-05
4.08076653118522e-05
4.08073322614607e-05
4.08069992165056e-05
4.08066661769867e-05
4.08063331429038e-05
4.08060001142568e-05
4.08056670910456e-05
4.08053340732701e-05
4.080500106093e-05
4.08046680540254e-05
4.0804335052556e-05
4.08040020565217e-05
4.08036690659224e-05
4.0803336080758e-05
4.08030031010282e-05
4.08026701267331e-05
4.08023371578724e-05
4.0802004194446e-05
4.08016712364538e-05
4.08013382838957e-05
4.08010053367715e-05
4.08006723950811e-05
4.08003394588243e-05
4.0800006528001e-05
4.07996736026112e-05
4.07993406826546e-05
4.07990077681311e-05
4.07986748590406e-05
4.07983419553829e-05
4.0798009057158e-05
4.07976761643657e-05
4.07973432770058e-05
4.07970103950782e-05
4.07966775185829e-05
4.07963446475196e-05
4.07960117818882e-05
4.07956789216886e-05
4.07953460669207e-05
4.07950132175843e-05
4.07946803736793e-05
4.07943475352055e-05
4.07940147021629e-05
4.07936818745513e-05
4.07933490523705e-05
4.07930162356205e-05
4.0792683424301e-05
4.0792350618412e-05
4.07920178179534e-05
4.07916850229249e-05
4.07913522333265e-05
4.07910194491581e-05
4.07906866704194e-05
4.07903538971104e-05
4.07900211292309e-05
4.07896883667809e-05
4.07893556097601e-05
4.07890228581684e-05
4.07886901120057e-05
4.07883573712719e-05
4.07880246359669e-05
4.07876919060904e-05
4.07873591816424e-05
4.07870264626228e-05
4.07866937490313e-05
4.07863610408679e-05
4.07860283381325e-05
4.07856956408248e-05
4.07853629489449e-05
4.07850302624925e-05
4.07846975814674e-05
4.07843649058697e-05
4.07840322356991e-05
4.07836995709555e-05
4.07833669116388e-05
4.07830342577488e-05
4.07827016092854e-05
4.07823689662485e-05
4.0782036328638e-05
4.07817036964536e-05
4.07813710696954e-05
4.07810384483631e-05
4.07807058324565e-05
4.07803732219757e-05
4.07800406169205e-05
4.07797080172906e-05
4.0779375423086e-05
4.07790428343066e-05
4.07787102509522e-05
4.07783776730227e-05
4.07780451005179e-05
4.07777125334377e-05
4.07773799717821e-05
4.07770474155507e-05
4.07767148647436e-05
4.07763823193606e-05
4.07760497794016e-05
4.07757172448663e-05
4.07753847157548e-05
4.07750521920668e-05
4.07747196738022e-05
4.0774387160961e-05
4.07740546535429e-05
4.07737221515478e-05
4.07733896549756e-05
4.07730571638261e-05
4.07727246780993e-05
4.0772392197795e-05
4.07720597229131e-05
4.07717272534534e-05
4.07713947894157e-05
4.07710623308001e-05
4.07707298776063e-05
4.07703974298341e-05
4.07700649874836e-05
4.07697325505545e-05
4.07694001190466e-05
4.076906769296e-05
4.07687352722944e-05
4.07684028570497e-05
4.07680704472257e-05
4.07677380428224e-05
4.07674056438396e-05
4.07670732502772e-05
4.0766740862135e-05
4.0766408479413e-05
4.07660761021109e-05
4.07657437302286e-05
4.07654113637661e-05
4.07650790027231e-05
4.07647466470996e-05
4.07644142968954e-05
4.07640819521104e-05
4.07637496127444e-05
4.07634172787973e-05
4.0763084950269e-05
4.07627526271594e-05
4.07624203094683e-05
4.07620879971956e-05
4.07617556903411e-05
4.07614233889047e-05
4.07610910928864e-05
4.07607588022859e-05
4.07604265171031e-05
4.07600942373379e-05
4.07597619629901e-05
4.07594296940597e-05
4.07590974305465e-05
4.07587651724503e-05
4.07584329197711e-05
4.07581006725087e-05
4.07577684306629e-05
4.07574361942336e-05
4.07571039632208e-05
4.07567717376242e-05
4.07564395174438e-05
4.07561073026793e-05
4.07557750933307e-05
4.07554428893979e-05
4.07551106908806e-05
4.07547784977789e-05
4.07544463100924e-05
4.07541141278212e-05
4.07537819509651e-05
4.07534497795238e-05
4.07531176134974e-05
4.07527854528857e-05
4.07524532976885e-05
4.07521211479057e-05
4.07517890035373e-05
4.07514568645829e-05
4.07511247310426e-05
4.07507926029161e-05
4.07504604802034e-05
4.07501283629043e-05
4.07497962510187e-05
4.07494641445465e-05
4.07491320434875e-05
4.07487999478415e-05
4.07484678576086e-05
4.07481357727884e-05
4.07478036933809e-05
4.0747471619386e-05
4.07471395508035e-05
4.07468074876333e-05
4.07464754298753e-05
4.07461433775293e-05
4.07458113305952e-05
4.07454792890729e-05
4.07451472529622e-05
4.0744815222263e-05
4.07444831969751e-05
4.07441511770985e-05
4.0743819162633e-05
4.07434871535785e-05
4.07431551499348e-05
4.07428231517018e-05
4.07424911588794e-05
4.07421591714675e-05
4.07418271894658e-05
4.07414952128743e-05
4.07411632416929e-05
4.07408312759214e-05
4.07404993155596e-05
4.07401673606075e-05
4.07398354110649e-05
4.07395034669317e-05
4.07391715282078e-05
4.0738839594893e-05
4.07385076669871e-05
4.07381757444902e-05
4.07378438274019e-05
4.07375119157222e-05
4.0737180009451e-05
4.07368481085881e-05
4.07365162131335e-05
4.07361843230868e-05
4.07358524384481e-05
4.07355205592172e-05
4.0735188685394e-05
4.07348568169783e-05
4.073452495397e-05
4.0734193096369e-05
4.07338612441751e-05
4.07335293973882e-05
4.07331975560081e-05
4.07328657200349e-05
4.07325338894682e-05
4.0732202064308e-05
4.07318702445541e-05
4.07315384302065e-05
4.07312066212649e-05
4.07308748177293e-05
4.07305430195995e-05
4.07302112268754e-05
4.07298794395569e-05
4.07295476576437e-05
4.07292158811359e-05
4.07288841100332e-05
4.07285523443355e-05
4.07282205840427e-05
4.07278888291547e-05
4.07275570796713e-05
4.07272253355923e-05
4.07268935969178e-05
4.07265618636475e-05
4.07262301357813e-05
4.0725898413319e-05
4.07255666962606e-05
4.07252349846059e-05
4.07249032783547e-05
4.0724571577507e-05
4.07242398820626e-05
4.07239081920214e-05
4.07235765073832e-05
4.07232448281479e-05
4.07229131543154e-05
4.07225814858856e-05
4.07222498228582e-05
4.07219181652333e-05
4.07215865130105e-05
4.072125486619e-05
4.07209232247714e-05
4.07205915887546e-05
4.07202599581396e-05
4.07199283329261e-05
4.07195967131142e-05
4.07192650987035e-05
4.0718933489694e-05
4.07186018860856e-05
4.07182702878782e-05
4.07179386950715e-05
4.07176071076655e-05
4.071727552566e-05
4.0716943949055e-05
4.07166123778502e-05
4.07162808120455e-05
4.07159492516409e-05
4.07156176966361e-05
4.0715286147031e-05
4.07149546028256e-05
4.07146230640197e-05
4.07142915306131e-05
4.07139600026057e-05
4.07136284799974e-05
4.0713296962788e-05
4.07129654509775e-05
4.07126339445657e-05
4.07123024435524e-05
4.07119709479375e-05
4.0711639457721e-05
4.07113079729026e-05
4.07109764934822e-05
4.07106450194597e-05
4.0710313550835e-05
4.07099820876079e-05
4.07096506297783e-05
4.07093191773461e-05
4.07089877303111e-05
4.07086562886732e-05
4.07083248524323e-05
4.07079934215883e-05
4.07076619961409e-05
4.07073305760901e-05
4.07069991614358e-05
4.07066677521778e-05
4.0706336348316e-05
4.07060049498502e-05
4.07056735567803e-05
4.07053421691063e-05
4.07050107868279e-05
4.0704679409945e-05
4.07043480384575e-05
4.07040166723652e-05
4.07036853116681e-05
4.0703353956366e-05
4.07030226064588e-05
4.07026912619462e-05
4.07023599228283e-05
4.07020285891049e-05
4.07016972607758e-05
4.07013659378409e-05
4.07010346203001e-05
4.07007033081532e-05
4.07003720014001e-05
4.07000407000407e-05
4.06997094040749e-05
4.06993781135024e-05
4.06990468283233e-05
4.06987155485373e-05
4.06983842741443e-05
4.06980530051442e-05
4.06977217415369e-05
4.06973904833222e-05
4.06970592305e-05
4.06967279830702e-05
4.06963967410325e-05
4.0696065504387e-05
4.06957342731335e-05
4.06954030472718e-05
4.06950718268018e-05
4.06947406117233e-05
4.06944094020363e-05
4.06940781977407e-05
4.06937469988362e-05
4.06934158053227e-05
4.06930846172002e-05
4.06927534344684e-05
4.06924222571273e-05
4.06920910851767e-05
4.06917599186165e-05
4.06914287574465e-05
4.06910976016667e-05
4.06907664512769e-05
4.06904353062769e-05
4.06901041666667e-05
4.0689773032446e-05
4.06894419036149e-05
4.0689110780173e-05
4.06887796621204e-05
4.06884485494568e-05
4.06881174421822e-05
4.06877863402964e-05
4.06874552437992e-05
4.06871241526906e-05
4.06867930669705e-05
4.06864619866386e-05
4.06861309116948e-05
4.06857998421391e-05
4.06854687779713e-05
4.06851377191912e-05
4.06848066657987e-05
4.06844756177938e-05
4.06841445751762e-05
4.06838135379458e-05
4.06834825061025e-05
4.06831514796462e-05
4.06828204585768e-05
4.0682489442894e-05
4.06821584325978e-05
4.06818274276881e-05
4.06814964281646e-05
4.06811654340274e-05
4.06808344452761e-05
4.06805034619108e-05
4.06801724839313e-05
4.06798415113375e-05
4.06795105441291e-05
4.06791795823062e-05
4.06788486258685e-05
4.06785176748159e-05
4.06781867291484e-05
4.06778557888657e-05
4.06775248539677e-05
4.06771939244543e-05
4.06768630003254e-05
4.06765320815809e-05
4.06762011682205e-05
4.06758702602442e-05
4.06755393576519e-05
4.06752084604434e-05
4.06748775686185e-05
4.06745466821772e-05
4.06742158011194e-05
4.06738849254448e-05
4.06735540551533e-05
4.06732231902449e-05
4.06728923307194e-05
4.06725614765767e-05
4.06722306278166e-05
4.06718997844389e-05
4.06715689464437e-05
4.06712381138307e-05
4.06709072865997e-05
4.06705764647508e-05
4.06702456482837e-05
4.06699148371983e-05
4.06695840314945e-05
4.06692532311722e-05
4.06689224362311e-05
4.06685916466713e-05
4.06682608624925e-05
4.06679300836946e-05
4.06675993102775e-05
4.06672685422411e-05
4.06669377795852e-05
4.06666070223097e-05
4.06662762704145e-05
4.06659455238994e-05
4.06656147827643e-05
4.06652840470091e-05
4.06649533166336e-05
4.06646225916377e-05
4.06642918720213e-05
4.06639611577843e-05
4.06636304489265e-05
4.06632997454477e-05
4.0662969047348e-05
4.0662638354627e-05
4.06623076672847e-05
4.0661976985321e-05
4.06616463087357e-05
4.06613156375288e-05
4.06609849717e-05
4.06606543112492e-05
4.06603236561763e-05
4.06599930064812e-05
4.06596623621637e-05
4.06593317232238e-05
4.06590010896612e-05
4.06586704614759e-05
4.06583398386677e-05
4.06580092212365e-05
4.06576786091821e-05
4.06573480025045e-05
4.06570174012035e-05
4.06566868052789e-05
4.06563562147306e-05
4.06560256295586e-05
4.06556950497626e-05
4.06553644753425e-05
4.06550339062983e-05
4.06547033426297e-05
4.06543727843367e-05
4.06540422314191e-05
4.06537116838767e-05
4.06533811417096e-05
4.06530506049174e-05
4.06527200735001e-05
4.06523895474576e-05
4.06520590267897e-05
4.06517285114963e-05
4.06513980015773e-05
4.06510674970325e-05
4.06507369978618e-05
4.0650406504065e-05
4.06500760156422e-05
4.0649745532593e-05
4.06494150549174e-05
4.06490845826152e-05
4.06487541156864e-05
4.06484236541307e-05
4.06480931979481e-05
4.06477627471384e-05
4.06474323017015e-05
4.06471018616373e-05
4.06467714269456e-05
4.06464409976263e-05
4.06461105736792e-05
4.06457801551043e-05
4.06454497419014e-05
4.06451193340704e-05
4.06447889316111e-05
4.06444585345234e-05
4.06441281428072e-05
4.06437977564624e-05
4.06434673754887e-05
4.06431369998862e-05
4.06428066296546e-05
4.06424762647939e-05
4.06421459053038e-05
4.06418155511843e-05
4.06414852024352e-05
4.06411548590565e-05
4.06408245210479e-05
4.06404941884093e-05
4.06401638611407e-05
4.06398335392418e-05
4.06395032227126e-05
4.06391729115529e-05
4.06388426057626e-05
4.06385123053415e-05
4.06381820102896e-05
4.06378517206066e-05
4.06375214362926e-05
4.06371911573472e-05
4.06368608837704e-05
4.06365306155622e-05
4.06362003527222e-05
4.06358700952505e-05
4.06355398431468e-05
4.06352095964111e-05
4.06348793550432e-05
4.0634549119043e-05
4.06342188884103e-05
4.06338886631451e-05
4.06335584432471e-05
4.06332282287163e-05
4.06328980195526e-05
4.06325678157557e-05
4.06322376173256e-05
4.06319074242621e-05
4.06315772365652e-05
4.06312470542346e-05
4.06309168772702e-05
4.0630586705672e-05
4.06302565394398e-05
4.06299263785734e-05
4.06295962230727e-05
4.06292660729377e-05
4.0628935928168e-05
4.06286057887638e-05
4.06282756547247e-05
4.06279455260506e-05
4.06276154027416e-05
4.06272852847973e-05
4.06269551722177e-05
4.06266250650026e-05
4.0626294963152e-05
4.06259648666656e-05
4.06256347755434e-05
4.06253046897852e-05
4.06249746093909e-05
4.06246445343603e-05
4.06243144646934e-05
4.062398440039e-05
4.06236543414499e-05
4.06233242878731e-05
4.06229942396594e-05
4.06226641968087e-05
4.06223341593208e-05
4.06220041271956e-05
4.0621674100433e-05
4.06213440790329e-05
4.06210140629951e-05
4.06206840523194e-05
4.06203540470059e-05
4.06200240470542e-05
4.06196940524644e-05
4.06193640632362e-05
4.06190340793696e-05
4.06187041008644e-05
4.06183741277204e-05
4.06180441599376e-05
4.06177141975158e-05
4.06173842404549e-05
4.06170542887548e-05
4.06167243424152e-05
4.06163944014362e-05
4.06160644658175e-05
4.06157345355591e-05
4.06154046106607e-05
4.06150746911224e-05
4.06147447769438e-05
4.0614414868125e-05
4.06140849646657e-05
4.06137550665659e-05
4.06134251738255e-05
4.06130952864442e-05
4.06127654044219e-05
4.06124355277586e-05
4.06121056564541e-05
4.06117757905082e-05
4.06114459299209e-05
4.0611116074692e-05
4.06107862248213e-05
4.06104563803088e-05
4.06101265411543e-05
4.06097967073577e-05
4.06094668789188e-05
4.06091370558376e-05
4.06088072381138e-05
4.06084774257474e-05
4.06081476187382e-05
4.06078178170861e-05
4.0607488020791e-05
4.06071582298528e-05
4.06068284442712e-05
4.06064986640462e-05
4.06061688891776e-05
4.06058391196654e-05
4.06055093555094e-05
4.06051795967094e-05
4.06048498432653e-05
4.0604520095177e-05
4.06041903524444e-05
4.06038606150673e-05
4.06035308830456e-05
4.06032011563792e-05
4.06028714350679e-05
4.06025417191116e-05
4.06022120085102e-05
4.06018823032636e-05
4.06015526033715e-05
4.0601222908834e-05
4.06008932196508e-05
4.06005635358219e-05
4.0600233857347e-05
4.05999041842261e-05
4.05995745164591e-05
4.05992448540457e-05
4.05989151969859e-05
4.05985855452796e-05
4.05982558989266e-05
4.05979262579267e-05
4.059759662228e-05
4.05972669919861e-05
4.0596937367045e-05
4.05966077474566e-05
4.05962781332207e-05
4.05959485243373e-05
4.05956189208061e-05
4.0595289322627e-05
4.05949597297999e-05
4.05946301423248e-05
4.05943005602013e-05
4.05939709834295e-05
4.05936414120092e-05
4.05933118459403e-05
4.05929822852225e-05
4.05926527298559e-05
4.05923231798402e-05
4.05919936351754e-05
4.05916640958613e-05
4.05913345618977e-05
4.05910050332846e-05
4.05906755100218e-05
4.05903459921092e-05
4.05900164795467e-05
4.05896869723341e-05
4.05893574704712e-05
4.05890279739581e-05
4.05886984827944e-05
4.05883689969802e-05
4.05880395165153e-05
4.05877100413995e-05
4.05873805716327e-05
4.05870511072148e-05
4.05867216481456e-05
4.05863921944251e-05
4.0586062746053e-05
4.05857333030293e-05
4.05854038653539e-05
4.05850744330265e-05
4.05847450060471e-05
4.05844155844156e-05
4.05840861681317e-05
4.05837567571955e-05
4.05834273516067e-05
4.05830979513652e-05
4.05827685564709e-05
4.05824391669237e-05
4.05821097827234e-05
4.05817804038699e-05
4.0581451030363e-05
4.05811216622027e-05
4.05807922993889e-05
4.05804629419212e-05
4.05801335897998e-05
4.05798042430243e-05
4.05794749015948e-05
4.0579145565511e-05
4.05788162347728e-05
4.05784869093801e-05
4.05781575893328e-05
4.05778282746307e-05
4.05774989652738e-05
4.05771696612618e-05
4.05768403625946e-05
4.05765110692722e-05
4.05761817812944e-05
4.0575852498661e-05
4.05755232213719e-05
4.05751939494271e-05
4.05748646828263e-05
4.05745354215694e-05
4.05742061656564e-05
4.0573876915087e-05
4.05735476698612e-05
4.05732184299787e-05
4.05728891954396e-05
4.05725599662436e-05
4.05722307423907e-05
4.05719015238806e-05
4.05715723107133e-05
4.05712431028887e-05
4.05709139004065e-05
4.05705847032667e-05
4.05702555114692e-05
4.05699263250138e-05
4.05695971439004e-05
4.05692679681288e-05
4.05689387976989e-05
4.05686096326107e-05
4.05682804728639e-05
4.05679513184584e-05
4.05676221693942e-05
4.0567293025671e-05
4.05669638872887e-05
4.05666347542473e-05
4.05663056265466e-05
4.05659765041864e-05
4.05656473871666e-05
4.05653182754872e-05
4.05649891691479e-05
4.05646600681486e-05
4.05643309724893e-05
4.05640018821697e-05
4.05636727971898e-05
4.05633437175493e-05
4.05630146432483e-05
4.05626855742865e-05
4.05623565106638e-05
4.05620274523802e-05
4.05616983994354e-05
4.05613693518293e-05
4.05610403095619e-05
4.05607112726329e-05
4.05603822410422e-05
4.05600532147898e-05
4.05597241938755e-05
4.05593951782991e-05
4.05590661680605e-05
4.05587371631597e-05
4.05584081635964e-05
4.05580791693705e-05
4.0557750180482e-05
4.05574211969306e-05
4.05570922187163e-05
4.05567632458389e-05
4.05564342782983e-05
4.05561053160943e-05
4.05557763592268e-05
4.05554474076958e-05
4.0555118461501e-05
4.05547895206424e-05
4.05544605851198e-05
4.0554131654933e-05
4.0553802730082e-05
4.05534738105666e-05
4.05531448963867e-05
4.05528159875422e-05
4.05524870840329e-05
4.05521581858587e-05
4.05518292930194e-05
4.0551500405515e-05
4.05511715233453e-05
4.05508426465102e-05
4.05505137750095e-05
4.05501849088432e-05
4.0549856048011e-05
4.05495271925129e-05
4.05491983423488e-05
4.05488694975184e-05
4.05485406580217e-05
4.05482118238586e-05
4.05478829950288e-05
4.05475541715324e-05
4.05472253533691e-05
4.05468965405388e-05
4.05465677330414e-05
4.05462389308768e-05
4.05459101340448e-05
4.05455813425453e-05
4.05452525563782e-05
4.05449237755433e-05
4.05445950000405e-05
4.05442662298698e-05
4.05439374650309e-05
4.05436087055237e-05
4.05432799513481e-05
4.05429512025039e-05
4.05426224589911e-05
4.05422937208095e-05
4.0541964987959e-05
4.05416362604395e-05
4.05413075382507e-05
4.05409788213927e-05
4.05406501098652e-05
4.05403214036681e-05
4.05399927028013e-05
4.05396640072647e-05
4.05393353170581e-05
4.05390066321815e-05
4.05386779526346e-05
4.05383492784174e-05
4.05380206095297e-05
4.05376919459714e-05
4.05373632877423e-05
4.05370346348424e-05
4.05367059872715e-05
4.05363773450294e-05
4.05360487081161e-05
4.05357200765314e-05
4.05353914502752e-05
4.05350628293474e-05
4.05347342137478e-05
4.05344056034762e-05
4.05340769985327e-05
4.05337483989169e-05
4.05334198046289e-05
4.05330912156685e-05
4.05327626320355e-05
4.05324340537298e-05
4.05321054807513e-05
4.05317769130999e-05
4.05314483507754e-05
4.05311197937777e-05
4.05307912421066e-05
4.05304626957621e-05
4.0530134154744e-05
4.05298056190523e-05
4.05294770886866e-05
4.0529148563647e-05
4.05288200439332e-05
4.05284915295453e-05
4.05281630204829e-05
4.05278345167461e-05
4.05275060183346e-05
4.05271775252484e-05
4.05268490374873e-05
4.05265205550512e-05
4.052619207794e-05
4.05258636061534e-05
4.05255351396915e-05
4.05252066785541e-05
4.05248782227409e-05
4.0524549772252e-05
4.05242213270872e-05
4.05238928872463e-05
4.05235644527293e-05
4.05232360235359e-05
4.05229075996661e-05
4.05225791811197e-05
4.05222507678967e-05
4.05219223599968e-05
4.05215939574199e-05
4.0521265560166e-05
4.05209371682348e-05
4.05206087816263e-05
4.05202804003404e-05
4.05199520243768e-05
4.05196236537355e-05
4.05192952884163e-05
4.05189669284192e-05
4.05186385737439e-05
4.05183102243904e-05
4.05179818803585e-05
4.05176535416481e-05
4.0517325208259e-05
4.05169968801912e-05
4.05166685574445e-05
4.05163402400188e-05
4.05160119279139e-05
4.05156836211297e-05
4.05153553196662e-05
4.0515027023523e-05
4.05146987327002e-05
4.05143704471976e-05
4.05140421670151e-05
4.05137138921525e-05
4.05133856226097e-05
4.05130573583866e-05
4.05127290994831e-05
4.05124008458989e-05
4.05120725976341e-05
4.05117443546884e-05
4.05114161170618e-05
4.05110878847541e-05
4.05107596577651e-05
4.05104314360948e-05
4.0510103219743e-05
4.05097750087096e-05
4.05094468029945e-05
4.05091186025974e-05
4.05087904075184e-05
4.05084622177573e-05
4.05081340333139e-05
4.05078058541881e-05
4.05074776803798e-05
4.05071495118888e-05
4.05068213487151e-05
4.05064931908585e-05
4.05061650383188e-05
4.0505836891096e-05
4.05055087491899e-05
4.05051806126003e-05
4.05048524813273e-05
4.05045243553705e-05
4.05041962347299e-05
4.05038681194054e-05
4.05035400093968e-05
4.0503211904704e-05
4.05028838053269e-05
4.05025557112654e-05
4.05022276225192e-05
4.05018995390884e-05
4.05015714609727e-05
4.0501243388172e-05
4.05009153206862e-05
4.05005872585152e-05
4.05002592016589e-05
4.0499931150117e-05
4.04996031038896e-05
4.04992750629764e-05
4.04989470273773e-05
4.04986189970922e-05
4.0498290972121e-05
4.04979629524635e-05
4.04976349381196e-05
4.04973069290892e-05
4.04969789253722e-05
4.04966509269683e-05
4.04963229338776e-05
4.04959949460998e-05
4.04956669636349e-05
4.04953389864827e-05
4.0495011014643e-05
4.04946830481158e-05
4.04943550869009e-05
4.04940271309982e-05
4.04936991804075e-05
4.04933712351288e-05
4.04930432951619e-05
4.04927153605066e-05
4.04923874311629e-05
4.04920595071307e-05
4.04917315884096e-05
4.04914036749998e-05
4.0491075766901e-05
4.04907478641131e-05
4.04904199666359e-05
4.04900920744694e-05
4.04897641876134e-05
4.04894363060677e-05
4.04891084298324e-05
4.04887805589071e-05
4.04884526932919e-05
4.04881248329865e-05
4.04877969779908e-05
4.04874691283048e-05
4.04871412839282e-05
4.0486813444861e-05
4.0486485611103e-05
4.04861577826541e-05
4.04858299595142e-05
4.04855021416831e-05
4.04851743291607e-05
4.04848465219468e-05
4.04845187200415e-05
4.04841909234444e-05
4.04838631321555e-05
4.04835353461747e-05
4.04832075655018e-05
4.04828797901367e-05
4.04825520200793e-05
4.04822242553295e-05
4.0481896495887e-05
4.04815687417519e-05
4.04812409929239e-05
4.04809132494029e-05
4.04805855111888e-05
4.04802577782815e-05
4.04799300506809e-05
4.04796023283867e-05
4.0479274611399e-05
4.04789468997175e-05
4.04786191933421e-05
4.04782914922727e-05
4.04779637965092e-05
4.04776361060514e-05
4.04773084208992e-05
4.04769807410526e-05
4.04766530665112e-05
4.04763253972751e-05
4.04759977333441e-05
4.04756700747181e-05
4.04753424213969e-05
4.04750147733804e-05
4.04746871306685e-05
4.0474359493261e-05
4.04740318611579e-05
4.04737042343589e-05
4.04733766128641e-05
4.04730489966731e-05
4.0472721385786e-05
4.04723937802025e-05
4.04720661799226e-05
4.04717385849461e-05
4.04714109952729e-05
4.04710834109029e-05
4.04707558318359e-05
4.04704282580718e-05
4.04701006896105e-05
4.04697731264519e-05
4.04694455685957e-05
4.0469118016042e-05
4.04687904687905e-05
4.04684629268411e-05
4.04681353901938e-05
4.04678078588483e-05
4.04674803328046e-05
4.04671528120624e-05
4.04668252966218e-05
4.04664977864826e-05
4.04661702816445e-05
4.04658427821076e-05
4.04655152878717e-05
4.04651877989366e-05
4.04648603153022e-05
4.04645328369684e-05
4.04642053639351e-05
4.04638778962021e-05
4.04635504337693e-05
4.04632229766365e-05
4.04628955248038e-05
4.04625680782708e-05
4.04622406370375e-05
4.04619132011038e-05
4.04615857704695e-05
4.04612583451345e-05
4.04609309250987e-05
4.0460603510362e-05
4.04602761009241e-05
4.04599486967851e-05
4.04596212979447e-05
4.04592939044028e-05
4.04589665161593e-05
4.04586391332141e-05
4.04583117555671e-05
4.0457984383218e-05
4.04576570161669e-05
4.04573296544135e-05
4.04570022979577e-05
4.04566749467995e-05
4.04563476009386e-05
4.04560202603749e-05
4.04556929251084e-05
4.04553655951389e-05
4.04550382704662e-05
4.04547109510903e-05
4.04543836370109e-05
4.0454056328228e-05
4.04537290247415e-05
4.04534017265512e-05
4.0453074433657e-05
4.04527471460587e-05
4.04524198637562e-05
4.04520925867495e-05
4.04517653150383e-05
4.04514380486226e-05
4.04511107875022e-05
4.0450783531677e-05
4.04504562811469e-05
4.04501290359116e-05
4.04498017959712e-05
4.04494745613254e-05
4.04491473319742e-05
4.04488201079175e-05
4.04484928891549e-05
4.04481656756866e-05
4.04478384675123e-05
4.04475112646319e-05
4.04471840670453e-05
4.04468568747523e-05
4.04465296877528e-05
4.04462025060467e-05
4.04458753296339e-05
4.04455481585142e-05
4.04452209926875e-05
4.04448938321537e-05
4.04445666769126e-05
4.04442395269642e-05
4.04439123823082e-05
4.04435852429446e-05
4.04432581088732e-05
4.0442930980094e-05
4.04426038566067e-05
4.04422767384113e-05
4.04419496255075e-05
4.04416225178954e-05
4.04412954155747e-05
4.04409683185454e-05
4.04406412268073e-05
4.04403141403602e-05
4.04399870592041e-05
4.04396599833389e-05
4.04393329127643e-05
4.04390058474802e-05
4.04386787874867e-05
4.04383517327834e-05
4.04380246833703e-05
4.04376976392472e-05
4.04373706004141e-05
4.04370435668707e-05
4.04367165386171e-05
4.04363895156529e-05
4.04360624979782e-05
4.04357354855927e-05
4.04354084784965e-05
4.04350814766892e-05
4.04347544801708e-05
4.04344274889412e-05
4.04341005030002e-05
4.04337735223477e-05
4.04334465469837e-05
4.04331195769078e-05
4.04327926121201e-05
4.04324656526204e-05
4.04321386984086e-05
4.04318117494845e-05
4.0431484805848e-05
4.0431157867499e-05
4.04308309344374e-05
4.04305040066629e-05
4.04301770841756e-05
4.04298501669753e-05
4.04295232550618e-05
4.0429196348435e-05
4.04288694470948e-05
4.0428542551041e-05
4.04282156602736e-05
4.04278887747924e-05
4.04275618945973e-05
4.04272350196881e-05
4.04269081500647e-05
4.0426581285727e-05
4.04262544266749e-05
4.04259275729082e-05
4.04256007244268e-05
4.04252738812305e-05
4.04249470433194e-05
4.04246202106931e-05
4.04242933833517e-05
4.04239665612949e-05
4.04236397445226e-05
4.04233129330347e-05
4.04229861268312e-05
4.04226593259117e-05
4.04223325302763e-05
4.04220057399248e-05
4.04216789548571e-05
4.0421352175073e-05
4.04210254005724e-05
4.04206986313551e-05
4.04203718674212e-05
4.04200451087703e-05
4.04197183554025e-05
4.04193916073175e-05
4.04190648645153e-05
4.04187381269957e-05
4.04184113947585e-05
4.04180846678038e-05
4.04177579461312e-05
4.04174312297408e-05
4.04171045186323e-05
4.04167778128057e-05
4.04164511122607e-05
4.04161244169974e-05
4.04157977270155e-05
4.0415471042315e-05
4.04151443628957e-05
4.04148176887574e-05
4.04144910199001e-05
4.04141643563236e-05
4.04138376980278e-05
4.04135110450126e-05
4.04131843972778e-05
4.04128577548233e-05
4.0412531117649e-05
4.04122044857547e-05
4.04118778591404e-05
4.04115512378058e-05
4.04112246217509e-05
4.04108980109756e-05
4.04105714054797e-05
4.0410244805263e-05
4.04099182103255e-05
4.04095916206671e-05
4.04092650362875e-05
4.04089384571867e-05
4.04086118833646e-05
4.0408285314821e-05
4.04079587515557e-05
4.04076321935687e-05
4.04073056408599e-05
4.0406979093429e-05
4.0406652551276e-05
4.04063260144008e-05
4.04059994828032e-05
4.04056729564831e-05
4.04053464354403e-05
4.04050199196748e-05
4.04046934091864e-05
4.0404366903975e-05
4.04040404040404e-05
4.04037139093826e-05
4.04033874200013e-05
4.04030609358965e-05
4.04027344570681e-05
4.04024079835158e-05
4.04020815152397e-05
4.04017550522395e-05
4.04014285945151e-05
4.04011021420664e-05
4.04007756948933e-05
4.04004492529957e-05
4.04001228163734e-05
4.03997963850262e-05
4.03994699589541e-05
4.0399143538157e-05
4.03988171226346e-05
4.0398490712387e-05
4.03981643074139e-05
4.03978379077152e-05
4.03975115132908e-05
4.03971851241406e-05
4.03968587402644e-05
4.03965323616621e-05
4.03962059883336e-05
4.03958796202787e-05
4.03955532574974e-05
4.03952268999895e-05
4.03949005477549e-05
4.03945742007934e-05
4.03942478591049e-05
4.03939215226893e-05
4.03935951915464e-05
4.03932688656762e-05
4.03929425450785e-05
4.03926162297532e-05
4.03922899197001e-05
4.03919636149192e-05
4.03916373154102e-05
4.03913110211731e-05
4.03909847322078e-05
4.0390658448514e-05
4.03903321700918e-05
4.03900058969409e-05
4.03896796290612e-05
4.03893533664526e-05
4.0389027109115e-05
4.03887008570482e-05
4.03883746102522e-05
4.03880483687267e-05
4.03877221324717e-05
4.03873959014871e-05
4.03870696757726e-05
4.03867434553282e-05
4.03864172401538e-05
4.03860910302492e-05
4.03857648256143e-05
4.03854386262489e-05
4.0385112432153e-05
4.03847862433264e-05
4.0384460059769e-05
4.03841338814806e-05
4.03838077084612e-05
4.03834815407106e-05
4.03831553782286e-05
4.03828292210152e-05
4.03825030690702e-05
4.03821769223935e-05
4.0381850780985e-05
4.03815246448445e-05
4.03811985139719e-05
4.03808723883671e-05
4.03805462680299e-05
4.03802201529603e-05
4.0379894043158e-05
4.03795679386231e-05
4.03792418393552e-05
4.03789157453544e-05
4.03785896566205e-05
4.03782635731533e-05
4.03779374949528e-05
4.03776114220187e-05
4.03772853543511e-05
4.03769592919496e-05
4.03766332348144e-05
4.0376307182945e-05
4.03759811363416e-05
4.03756550950039e-05
4.03753290589318e-05
4.03750030281252e-05
4.0374677002584e-05
4.0374350982308e-05
4.0374024967297e-05
4.03736989575511e-05
4.037337295307e-05
4.03730469538536e-05
4.03727209599018e-05
4.03723949712145e-05
4.03720689877915e-05
4.03717430096327e-05
4.0371417036738e-05
4.03710910691072e-05
4.03707651067403e-05
4.03704391496371e-05
4.03701131977974e-05
4.03697872512212e-05
4.03694613099083e-05
4.03691353738586e-05
4.03688094430719e-05
4.03684835175482e-05
4.03681575972873e-05
4.0367831682289e-05
4.03675057725533e-05
4.03671798680801e-05
4.03668539688691e-05
4.03665280749203e-05
4.03662021862335e-05
4.03658763028087e-05
4.03655504246456e-05
4.03652245517442e-05
4.03648986841043e-05
4.03645728217258e-05
4.03642469646086e-05
4.03639211127526e-05
4.03635952661575e-05
4.03632694248234e-05
4.036294358875e-05
4.03626177579373e-05
4.03622919323851e-05
4.03619661120933e-05
4.03616402970617e-05
4.03613144872902e-05
4.03609886827788e-05
4.03606628835272e-05
4.03603370895354e-05
4.03600113008032e-05
4.03596855173304e-05
4.03593597391171e-05
4.0359033966163e-05
4.0358708198468e-05
4.0358382436032e-05
4.03580566788548e-05
4.03577309269364e-05
4.03574051802765e-05
4.03570794388752e-05
4.03567537027322e-05
4.03564279718474e-05
4.03561022462207e-05
4.03557765258519e-05
4.0355450810741e-05
4.03551251008878e-05
4.03547993962922e-05
4.0354473696954e-05
4.03541480028732e-05
4.03538223140496e-05
4.0353496630483e-05
4.03531709521734e-05
4.03528452791206e-05
4.03525196113245e-05
4.0352193948785e-05
4.03518682915019e-05
4.03515426394751e-05
4.03512169927045e-05
4.03508913511899e-05
4.03505657149313e-05
4.03502400839285e-05
4.03499144581813e-05
4.03495888376897e-05
4.03492632224536e-05
4.03489376124727e-05
4.03486120077469e-05
4.03482864082762e-05
4.03479608140605e-05
4.03476352250995e-05
4.03473096413931e-05
4.03469840629413e-05
4.03466584897439e-05
4.03463329218007e-05
4.03460073591117e-05
4.03456818016768e-05
4.03453562494957e-05
4.03450307025684e-05
4.03447051608947e-05
4.03443796244745e-05
4.03440540933077e-05
4.03437285673942e-05
4.03434030467338e-05
4.03430775313264e-05
4.03427520211719e-05
4.03424265162701e-05
4.03421010166209e-05
4.03417755222243e-05
4.034145003308e-05
4.03411245491879e-05
4.0340799070548e-05
4.034047359716e-05
4.03401481290239e-05
4.03398226661396e-05
4.03394972085068e-05
4.03391717561255e-05
4.03388463089956e-05
4.03385208671168e-05
4.03381954304892e-05
4.03378699991126e-05
4.03375445729868e-05
4.03372191521117e-05
4.03368937364871e-05
4.03365683261131e-05
4.03362429209894e-05
4.03359175211159e-05
4.03355921264924e-05
4.03352667371189e-05
4.03349413529953e-05
4.03346159741213e-05
4.03342906004969e-05
4.0333965232122e-05
4.03336398689963e-05
4.03333145111199e-05
4.03329891584925e-05
4.03326638111141e-05
4.03323384689844e-05
4.03320131321035e-05
4.03316878004711e-05
4.03313624740871e-05
4.03310371529514e-05
4.03307118370639e-05
4.03303865264245e-05
4.03300612210329e-05
4.03297359208892e-05
4.03294106259931e-05
4.03290853363446e-05
4.03287600519434e-05
4.03284347727896e-05
4.03281094988829e-05
4.03277842302233e-05
4.03274589668105e-05
4.03271337086445e-05
4.03268084557252e-05
4.03264832080524e-05
4.0326157965626e-05
4.03258327284458e-05
4.03255074965118e-05
4.03251822698239e-05
4.03248570483818e-05
4.03245318321854e-05
4.03242066212347e-05
4.03238814155295e-05
4.03235562150697e-05
4.03232310198552e-05
4.03229058298857e-05
4.03225806451613e-05
4.03222554656817e-05
4.03219302914469e-05
4.03216051224567e-05
4.0321279958711e-05
4.03209548002097e-05
4.03206296469526e-05
4.03203044989396e-05
4.03199793561706e-05
4.03196542186454e-05
4.0319329086364e-05
4.03190039593262e-05
4.03186788375319e-05
4.03183537209809e-05
4.03180286096731e-05
4.03177035036084e-05
4.03173784027867e-05
4.03170533072079e-05
4.03167282168717e-05
4.03164031317782e-05
4.03160780519271e-05
4.03157529773184e-05
4.03154279079518e-05
4.03151028438274e-05
4.03147777849448e-05
4.03144527313042e-05
4.03141276829052e-05
4.03138026397478e-05
4.03134776018318e-05
4.03131525691572e-05
4.03128275417238e-05
4.03125025195314e-05
4.031217750258e-05
4.03118524908694e-05
4.03115274843994e-05
4.03112024831701e-05
4.03108774871811e-05
4.03105524964325e-05
4.03102275109241e-05
4.03099025306557e-05
4.03095775556272e-05
4.03092525858386e-05
4.03089276212896e-05
4.03086026619801e-05
4.03082777079101e-05
4.03079527590794e-05
4.03076278154878e-05
4.03073028771353e-05
4.03069779440217e-05
4.03066530161468e-05
4.03063280935107e-05
4.0306003176113e-05
4.03056782639538e-05
4.03053533570329e-05
4.03050284553501e-05
4.03047035589053e-05
4.03043786676985e-05
4.03040537817294e-05
4.03037289009979e-05
4.0303404025504e-05
4.03030791552475e-05
4.03027542902282e-05
4.03024294304461e-05
4.0302104575901e-05
4.03017797265927e-05
4.03014548825213e-05
4.03011300436864e-05
4.03008052100881e-05
4.03004803817261e-05
4.03001555586005e-05
4.02998307407109e-05
4.02995059280573e-05
4.02991811206396e-05
4.02988563184577e-05
4.02985315215114e-05
4.02982067298005e-05
4.02978819433251e-05
4.02975571620848e-05
4.02972323860797e-05
4.02969076153096e-05
4.02965828497743e-05
4.02962580894738e-05
4.02959333344079e-05
4.02956085845765e-05
4.02952838399794e-05
4.02949591006165e-05
4.02946343664878e-05
4.0294309637593e-05
4.02939849139321e-05
4.02936601955048e-05
4.02933354823112e-05
4.02930107743511e-05
4.02926860716243e-05
4.02923613741307e-05
4.02920366818702e-05
4.02917119948427e-05
4.0291387313048e-05
4.0291062636486e-05
4.02907379651566e-05
4.02904132990596e-05
4.0290088638195e-05
4.02897639825626e-05
4.02894393321623e-05
4.02891146869939e-05
4.02887900470573e-05
4.02884654123524e-05
4.02881407828792e-05
4.02878161586373e-05
4.02874915396268e-05
4.02871669258474e-05
4.02868423172992e-05
4.02865177139818e-05
4.02861931158953e-05
4.02858685230395e-05
4.02855439354142e-05
4.02852193530194e-05
4.02848947758548e-05
4.02845702039205e-05
4.02842456372162e-05
4.02839210757418e-05
4.02835965194973e-05
4.02832719684824e-05
4.0282947422697e-05
4.02826228821411e-05
4.02822983468145e-05
4.0281973816717e-05
4.02816492918486e-05
4.02813247722091e-05
4.02810002577984e-05
4.02806757486164e-05
4.02803512446629e-05
4.02800267459378e-05
4.0279702252441e-05
4.02793777641723e-05
4.02790532811317e-05
4.0278728803319e-05
4.0278404330734e-05
4.02780798633768e-05
4.0277755401247e-05
4.02774309443446e-05
4.02771064926696e-05
4.02767820462216e-05
4.02764576050007e-05
4.02761331690067e-05
4.02758087382395e-05
4.02754843126989e-05
4.02751598923848e-05
4.02748354772971e-05
4.02745110674356e-05
4.02741866628003e-05
4.02738622633911e-05
4.02735378692077e-05
4.027321348025e-05
4.0272889096518e-05
4.02725647180115e-05
4.02722403447304e-05
4.02719159766745e-05
4.02715916138438e-05
4.0271267256238e-05
4.02709429038572e-05
4.0270618556701e-05
4.02702942147695e-05
4.02699698780625e-05
4.02696455465799e-05
4.02693212203215e-05
4.02689968992872e-05
4.0268672583477e-05
4.02683482728905e-05
4.02680239675279e-05
4.02676996673888e-05
4.02673753724732e-05
4.0267051082781e-05
4.0266726798312e-05
4.02664025190661e-05
4.02660782450432e-05
4.02657539762432e-05
4.02654297126659e-05
4.02651054543112e-05
4.0264781201179e-05
4.02644569532691e-05
4.02641327105814e-05
4.02638084731159e-05
4.02634842408723e-05
4.02631600138505e-05
4.02628357920505e-05
4.02625115754721e-05
4.02621873641151e-05
4.02618631579795e-05
4.02615389570651e-05
4.02612147613718e-05
4.02608905708994e-05
4.02605663856479e-05
4.02602422056171e-05
4.02599180308069e-05
4.02595938612171e-05
4.02592696968477e-05
4.02589455376985e-05
4.02586213837693e-05
4.02582972350601e-05
4.02579730915708e-05
4.02576489533011e-05
4.0257324820251e-05
4.02570006924204e-05
4.02566765698091e-05
4.0256352452417e-05
4.0256028340244e-05
4.02557042332899e-05
4.02553801315546e-05
4.0255056035038e-05
4.025473194374e-05
4.02544078576604e-05
4.02540837767992e-05
4.02537597011561e-05
4.02534356307311e-05
4.0253111565524e-05
4.02527875055348e-05
4.02524634507632e-05
4.02521394012092e-05
4.02518153568726e-05
4.02514913177533e-05
4.02511672838512e-05
4.02508432551662e-05
4.02505192316981e-05
4.02501952134468e-05
4.02498712004122e-05
4.02495471925941e-05
4.02492231899924e-05
4.02488991926071e-05
4.02485752004379e-05
4.02482512134848e-05
4.02479272317476e-05
4.02476032552262e-05
4.02472792839204e-05
4.02469553178302e-05
4.02466313569554e-05
4.02463074012959e-05
4.02459834508516e-05
4.02456595056223e-05
4.02453355656079e-05
4.02450116308084e-05
4.02446877012234e-05
4.02443637768531e-05
4.02440398576971e-05
4.02437159437554e-05
4.02433920350278e-05
4.02430681315143e-05
4.02427442332148e-05
4.02424203401289e-05
4.02420964522568e-05
4.02417725695981e-05
4.02414486921529e-05
4.0241124819921e-05
4.02408009529022e-05
4.02404770910964e-05
4.02401532345035e-05
4.02398293831234e-05
4.0239505536956e-05
4.0239181696001e-05
4.02388578602585e-05
4.02385340297282e-05
4.02382102044101e-05
4.0237886384304e-05
4.02375625694098e-05
4.02372387597273e-05
4.02369149552566e-05
4.02365911559973e-05
4.02362673619494e-05
4.02359435731127e-05
4.02356197894872e-05
4.02352960110728e-05
4.02349722378692e-05
4.02346484698763e-05
4.02343247070941e-05
4.02340009495224e-05
4.02336771971611e-05
4.02333534500101e-05
4.02330297080691e-05
4.02327059713382e-05
4.02323822398172e-05
4.02320585135059e-05
4.02317347924043e-05
4.02314110765121e-05
4.02310873658293e-05
4.02307636603558e-05
4.02304399600914e-05
4.0230116265036e-05
4.02297925751895e-05
4.02294688905517e-05
4.02291452111226e-05
4.02288215369019e-05
4.02284978678896e-05
4.02281742040856e-05
4.02278505454897e-05
4.02275268921017e-05
4.02272032439217e-05
4.02268796009494e-05
4.02265559631847e-05
4.02262323306275e-05
4.02259087032776e-05
4.0225585081135e-05
4.02252614641995e-05
4.0224937852471e-05
4.02246142459494e-05
4.02242906446345e-05
4.02239670485262e-05
4.02236434576244e-05
4.0223319871929e-05
4.02229962914397e-05
4.02226727161566e-05
4.02223491460795e-05
4.02220255812083e-05
4.02217020215427e-05
4.02213784670828e-05
4.02210549178284e-05
4.02207313737793e-05
4.02204078349354e-05
4.02200843012967e-05
4.02197607728629e-05
4.0219437249634e-05
4.02191137316098e-05
4.02187902187902e-05
4.02184667111751e-05
4.02181432087643e-05
4.02178197115578e-05
4.02174962195554e-05
4.02171727327569e-05
4.02168492511623e-05
4.02165257747714e-05
4.02162023035841e-05
4.02158788376002e-05
4.02155553768198e-05
4.02152319212425e-05
4.02149084708683e-05
4.02145850256971e-05
4.02142615857288e-05
4.02139381509631e-05
4.02136147214001e-05
4.02132912970395e-05
4.02129678778813e-05
4.02126444639252e-05
4.02123210551713e-05
4.02119976516193e-05
4.02116742532692e-05
4.02113508601208e-05
4.0211027472174e-05
4.02107040894286e-05
4.02103807118846e-05
4.02100573395418e-05
4.02097339724e-05
4.02094106104593e-05
4.02090872537193e-05
4.02087639021801e-05
4.02084405558415e-05
4.02081172147033e-05
4.02077938787655e-05
4.02074705480278e-05
4.02071472224903e-05
4.02068239021527e-05
4.02065005870149e-05
4.02061772770768e-05
4.02058539723384e-05
4.02055306727993e-05
4.02052073784597e-05
4.02048840893192e-05
4.02045608053778e-05
4.02042375266353e-05
4.02039142530917e-05
4.02035909847468e-05
4.02032677216004e-05
4.02029444636525e-05
4.02026212109029e-05
4.02022979633516e-05
4.02019747209983e-05
4.0201651483843e-05
4.02013282518854e-05
4.02010050251256e-05
4.02006818035634e-05
4.02003585871986e-05
4.02000353760311e-05
4.01997121700609e-05
4.01993889692877e-05
4.01990657737114e-05
4.0198742583332e-05
4.01984193981493e-05
4.01980962181631e-05
4.01977730433734e-05
4.019744987378e-05
4.01971267093828e-05
4.01968035501817e-05
4.01964803961765e-05
4.01961572473672e-05
4.01958341037535e-05
4.01955109653354e-05
4.01951878321127e-05
4.01948647040854e-05
4.01945415812533e-05
4.01942184636162e-05
4.01938953511741e-05
4.01935722439268e-05
4.01932491418741e-05
4.01929260450161e-05
4.01926029533525e-05
4.01922798668832e-05
4.01919567856081e-05
4.0191633709527e-05
4.01913106386399e-05
4.01909875729466e-05
4.0190664512447e-05
4.0190341457141e-05
4.01900184070284e-05
4.01896953621092e-05
4.01893723223831e-05
4.018904928785e-05
4.018872625851e-05
4.01884032343627e-05
4.01880802154081e-05
4.01877572016461e-05
4.01874341930765e-05
4.01871111896992e-05
4.01867881915142e-05
4.01864651985211e-05
4.01861422107201e-05
4.01858192281108e-05
4.01854962506932e-05
4.01851732784672e-05
4.01848503114326e-05
4.01845273495893e-05
4.01842043929372e-05
4.01838814414762e-05
4.01835584952061e-05
4.01832355541268e-05
4.01829126182382e-05
4.01825896875402e-05
4.01822667620326e-05
4.01819438417153e-05
4.01816209265882e-05
4.01812980166511e-05
4.0180975111904e-05
4.01806522123467e-05
4.01803293179791e-05
4.0180006428801e-05
4.01796835448124e-05
4.01793606660131e-05
4.01790377924029e-05
4.01787149239819e-05
4.01783920607497e-05
4.01780692027064e-05
4.01777463498517e-05
4.01774235021857e-05
4.0177100659708e-05
4.01767778224186e-05
4.01764549903175e-05
4.01761321634044e-05
4.01758093416792e-05
4.01754865251418e-05
4.01751637137921e-05
4.017484090763e-05
4.01745181066553e-05
4.01741953108679e-05
4.01738725202677e-05
4.01735497348546e-05
4.01732269546284e-05
4.01729041795889e-05
4.01725814097362e-05
4.01722586450701e-05
4.01719358855903e-05
4.01716131312969e-05
4.01712903821897e-05
4.01709676382685e-05
4.01706448995332e-05
4.01703221659838e-05
4.016999943762e-05
4.01696767144418e-05
4.0169353996449e-05
4.01690312836416e-05
4.01687085760193e-05
4.01683858735821e-05
4.01680631763298e-05
4.01677404842623e-05
4.01674177973795e-05
4.01670951156812e-05
4.01667724391674e-05
4.01664497678379e-05
4.01661271016926e-05
4.01658044407313e-05
4.0165481784954e-05
4.01651591343605e-05
4.01648364889507e-05
4.01645138487244e-05
4.01641912136815e-05
4.0163868583822e-05
4.01635459591456e-05
4.01632233396523e-05
4.0162900725342e-05
4.01625781162144e-05
4.01622555122696e-05
4.01619329135073e-05
4.01616103199274e-05
4.01612877315298e-05
4.01609651483144e-05
4.01606425702811e-05
4.01603199974297e-05
4.01599974297602e-05
4.01596748672723e-05
4.01593523099659e-05
4.0159029757841e-05
4.01587072108975e-05
4.01583846691351e-05
4.01580621325537e-05
4.01577396011533e-05
4.01574170749337e-05
4.01570945538948e-05
4.01567720380365e-05
4.01564495273586e-05
4.0156127021861e-05
4.01558045215436e-05
4.01554820264062e-05
4.01551595364488e-05
4.01548370516712e-05
4.01545145720733e-05
4.0154192097655e-05
4.01538696284161e-05
4.01535471643565e-05
4.01532247054761e-05
4.01529022517748e-05
4.01525798032524e-05
4.01522573599088e-05
4.01519349217439e-05
4.01516124887575e-05
4.01512900609497e-05
4.01509676383201e-05
4.01506452208687e-05
4.01503228085954e-05
4.01500004015e-05
4.01496779995824e-05
4.01493556028426e-05
4.01490332112803e-05
4.01487108248954e-05
4.01483884436879e-05
4.01480660676575e-05
4.01477436968042e-05
4.01474213311279e-05
4.01470989706284e-05
4.01467766153056e-05
4.01464542651593e-05
4.01461319201895e-05
4.0145809580396e-05
4.01454872457787e-05
4.01451649163375e-05
4.01448425920722e-05
4.01445202729827e-05
4.0144197959069e-05
4.01438756503308e-05
4.0143553346768e-05
4.01432310483806e-05
4.01429087551684e-05
4.01425864671312e-05
4.0142264184269e-05
4.01419419065817e-05
4.0141619634069e-05
4.01412973667309e-05
4.01409751045672e-05
4.01406528475779e-05
4.01403305957628e-05
4.01400083491217e-05
4.01396861076546e-05
4.01393638713614e-05
4.01390416402418e-05
4.01387194142958e-05
4.01383971935233e-05
4.01380749779241e-05
4.01377527674981e-05
4.01374305622451e-05
4.01371083621652e-05
4.0136786167258e-05
4.01364639775236e-05
4.01361417929617e-05
4.01358196135723e-05
4.01354974393553e-05
4.01351752703104e-05
4.01348531064376e-05
4.01345309477368e-05
4.01342087942078e-05
4.01338866458506e-05
4.01335645026649e-05
4.01332423646506e-05
4.01329202318077e-05
4.01325981041361e-05
4.01322759816355e-05
4.01319538643058e-05
4.0131631752147e-05
4.0131309645159e-05
4.01309875433415e-05
4.01306654466944e-05
4.01303433552177e-05
4.01300212689113e-05
4.01296991877749e-05
4.01293771118085e-05
4.01290550410119e-05
4.0128732975385e-05
4.01284109149278e-05
4.012808885964e-05
4.01277668095215e-05
4.01274447645723e-05
4.01271227247921e-05
4.0126800690181e-05
4.01264786607387e-05
4.0126156636465e-05
4.012583461736e-05
4.01255126034235e-05
4.01251905946553e-05
4.01248685910554e-05
4.01245465926235e-05
4.01242245993596e-05
4.01239026112636e-05
4.01235806283353e-05
4.01232586505746e-05
4.01229366779813e-05
4.01226147105555e-05
4.01222927482968e-05
4.01219707912053e-05
4.01216488392807e-05
4.0121326892523e-05
4.0121004950932e-05
4.01206830145076e-05
4.01203610832497e-05
4.01200391571582e-05
4.01197172362329e-05
4.01193953204737e-05
4.01190734098805e-05
4.01187515044532e-05
4.01184296041916e-05
4.01181077090956e-05
4.01177858191651e-05
4.01174639343999e-05
4.01171420548e-05
4.01168201803652e-05
4.01164983110954e-05
4.01161764469905e-05
4.01158545880503e-05
4.01155327342747e-05
4.01152108856636e-05
4.01148890422169e-05
4.01145672039344e-05
4.01142453708161e-05
4.01139235428617e-05
4.01136017200712e-05
4.01132799024445e-05
4.01129580899814e-05
4.01126362826818e-05
4.01123144805455e-05
4.01119926835725e-05
4.01116708917627e-05
4.01113491051158e-05
4.01110273236318e-05
4.01107055473106e-05
4.0110383776152e-05
4.01100620101559e-05
4.01097402493221e-05
4.01094184936507e-05
4.01090967431413e-05
4.0108774997794e-05
4.01084532576086e-05
4.01081315225849e-05
4.01078097927228e-05
4.01074880680223e-05
4.01071663484831e-05
4.01068446341053e-05
4.01065229248885e-05
4.01062012208328e-05
4.01058795219379e-05
4.01055578282038e-05
4.01052361396304e-05
4.01049144562175e-05
4.01045927779649e-05
4.01042711048727e-05
4.01039494369406e-05
4.01036277741684e-05
4.01033061165562e-05
4.01029844641038e-05
4.0102662816811e-05
4.01023411746778e-05
4.01020195377039e-05
4.01016979058893e-05
4.01013762792339e-05
4.01010546577375e-05
4.01007330414e-05
4.01004114302213e-05
4.01000898242012e-05
4.00997682233397e-05
4.00994466276365e-05
4.00991250370917e-05
4.0098803451705e-05
4.00984818714763e-05
4.00981602964056e-05
4.00978387264926e-05
4.00975171617373e-05
4.00971956021396e-05
4.00968740476992e-05
4.00965524984162e-05
4.00962309542903e-05
4.00959094153215e-05
4.00955878815095e-05
4.00952663528544e-05
4.00949448293559e-05
4.0094623311014e-05
4.00943017978285e-05
4.00939802897993e-05
4.00936587869263e-05
4.00933372892093e-05
4.00930157966482e-05
4.0092694309243e-05
4.00923728269934e-05
4.00920513498994e-05
4.00917298779608e-05
4.00914084111775e-05
4.00910869495494e-05
4.00907654930763e-05
4.00904440417582e-05
4.00901225955949e-05
4.00898011545863e-05
4.00894797187322e-05
4.00891582880326e-05
4.00888368624873e-05
4.00885154420961e-05
4.00881940268591e-05
4.0087872616776e-05
4.00875512118467e-05
4.00872298120711e-05
4.0086908417449e-05
4.00865870279804e-05
4.00862656436652e-05
4.00859442645031e-05
4.00856228904941e-05
4.0085301521638e-05
4.00849801579348e-05
4.00846587993843e-05
4.00843374459864e-05
4.00840160977409e-05
4.00836947546477e-05
4.00833734167068e-05
4.00830520839179e-05
4.0082730756281e-05
4.00824094337959e-05
4.00820881164625e-05
4.00817668042807e-05
4.00814454972504e-05
4.00811241953714e-05
4.00808028986437e-05
4.0080481607067e-05
4.00801603206413e-05
4.00798390393664e-05
4.00795177632423e-05
4.00791964922687e-05
4.00788752264456e-05
4.00785539657729e-05
4.00782327102504e-05
4.0077911459878e-05
4.00775902146556e-05
4.0077268974583e-05
4.00769477396601e-05
4.00766265098869e-05
4.00763052852631e-05
4.00759840657887e-05
4.00756628514636e-05
4.00753416422875e-05
4.00750204382604e-05
4.00746992393822e-05
4.00743780456527e-05
4.00740568570719e-05
4.00737356736395e-05
4.00734144953555e-05
4.00730933222197e-05
4.00727721542321e-05
4.00724509913924e-05
4.00721298337007e-05
4.00718086811566e-05
4.00714875337602e-05
4.00711663915113e-05
4.00708452544098e-05
4.00705241224555e-05
4.00702029956484e-05
4.00698818739882e-05
4.0069560757475e-05
4.00692396461085e-05
4.00689185398886e-05
4.00685974388153e-05
4.00682763428883e-05
4.00679552521076e-05
4.0067634166473e-05
4.00673130859845e-05
4.00669920106418e-05
4.00666709404449e-05
4.00663498753937e-05
4.00660288154879e-05
4.00657077607276e-05
4.00653867111125e-05
4.00650656666426e-05
4.00647446273177e-05
4.00644235931378e-05
4.00641025641026e-05
4.0063781540212e-05
4.0063460521466e-05
4.00631395078644e-05
4.00628184994071e-05
4.00624974960939e-05
4.00621764979248e-05
4.00618555048996e-05
4.00615345170181e-05
4.00612135342804e-05
4.00608925566862e-05
4.00605715842354e-05
4.00602506169279e-05
4.00599296547635e-05
4.00596086977422e-05
4.00592877458639e-05
4.00589667991283e-05
4.00586458575354e-05
4.00583249210851e-05
4.00580039897772e-05
4.00576830636116e-05
4.00573621425882e-05
4.00570412267068e-05
4.00567203159674e-05
4.00563994103698e-05
4.00560785099139e-05
4.00557576145995e-05
4.00554367244266e-05
4.0055115839395e-05
4.00547949595046e-05
4.00544740847553e-05
4.00541532151469e-05
4.00538323506793e-05
4.00535114913524e-05
4.00531906371662e-05
4.00528697881203e-05
4.00525489442148e-05
4.00522281054495e-05
4.00519072718243e-05
4.0051586443339e-05
4.00512656199936e-05
4.00509448017879e-05
4.00506239887217e-05
4.00503031807951e-05
4.00499823780078e-05
4.00496615803596e-05
4.00493407878506e-05
4.00490200004806e-05
4.00486992182494e-05
4.00483784411569e-05
4.0048057669203e-05
4.00477369023876e-05
4.00474161407106e-05
4.00470953841718e-05
4.00467746327711e-05
4.00464538865084e-05
4.00461331453835e-05
4.00458124093963e-05
4.00454916785468e-05
4.00451709528348e-05
4.00448502322601e-05
4.00445295168227e-05
4.00442088065224e-05
4.00438881013591e-05
4.00435674013326e-05
4.0043246706443e-05
4.00429260166899e-05
4.00426053320733e-05
4.00422846525931e-05
4.00419639782492e-05
4.00416433090414e-05
4.00413226449696e-05
4.00410019860337e-05
4.00406813322335e-05
4.0040360683569e-05
4.004004004004e-05
4.00397194016464e-05
4.00393987683881e-05
4.00390781402649e-05
4.00387575172767e-05
4.00384368994234e-05
4.00381162867049e-05
4.00377956791211e-05
4.00374750766718e-05
4.00371544793568e-05
4.00368338871762e-05
4.00365133001297e-05
4.00361927182173e-05
4.00358721414387e-05
4.0035551569794e-05
4.00352310032829e-05
4.00349104419053e-05
4.00345898856612e-05
4.00342693345504e-05
4.00339487885727e-05
4.00336282477281e-05
4.00333077120164e-05
4.00329871814375e-05
4.00326666559913e-05
4.00323461356776e-05
4.00320256204964e-05
4.00317051104475e-05
4.00313846055307e-05
4.00310641057461e-05
4.00307436110933e-05
4.00304231215724e-05
4.00301026371832e-05
4.00297821579255e-05
4.00294616837993e-05
4.00291412148044e-05
4.00288207509407e-05
4.00285002922081e-05
4.00281798386064e-05
4.00278593901355e-05
4.00275389467954e-05
4.00272185085858e-05
4.00268980755067e-05
4.0026577647558e-05
4.00262572247394e-05
4.0025936807051e-05
4.00256163944925e-05
4.00252959870638e-05
4.00249755847649e-05
4.00246551875956e-05
4.00243347955557e-05
4.00240144086452e-05
4.00236940268639e-05
4.00233736502117e-05
4.00230532786885e-05
4.00227329122942e-05
4.00224125510286e-05
4.00220921948916e-05
4.00217718438831e-05
4.00214514980029e-05
4.0021131157251e-05
4.00208108216272e-05
4.00204904911315e-05
4.00201701657635e-05
4.00198498455234e-05
4.00195295304108e-05
4.00192092204258e-05
4.00188889155681e-05
4.00185686158377e-05
4.00182483212345e-05
4.00179280317582e-05
4.00176077474089e-05
4.00172874681863e-05
4.00169671940903e-05
4.00166469251209e-05
4.00163266612778e-05
4.0016006402561e-05
4.00156861489704e-05
4.00153659005058e-05
4.00150456571671e-05
4.00147254189542e-05
4.00144051858669e-05
4.00140849579052e-05
4.00137647350689e-05
4.00134445173578e-05
4.0013124304772e-05
4.00128040973111e-05
4.00124838949752e-05
4.00121636977641e-05
4.00118435056777e-05
4.00115233187158e-05
4.00112031368783e-05
4.00108829601652e-05
4.00105627885762e-05
4.00102426221113e-05
4.00099224607703e-05
4.00096023045531e-05
4.00092821534596e-05
4.00089620074897e-05
4.00086418666432e-05
4.000832173092e-05
4.00080016003201e-05
4.00076814748432e-05
4.00073613544892e-05
4.00070412392581e-05
4.00067211291497e-05
4.00064010241639e-05
4.00060809243005e-05
4.00057608295595e-05
4.00054407399406e-05
4.00051206554439e-05
4.00048005760691e-05
4.00044805018162e-05
4.0004160432685e-05
4.00038403686754e-05
4.00035203097873e-05
4.00032002560205e-05
4.00028802073749e-05
4.00025601638505e-05
4.0002240125447e-05
4.00019200921644e-05
4.00016000640026e-05
4.00012800409613e-05
4.00009600230406e-05
4.00006400102402e-05
4.000032000256e-05
4e-05
3.999968000256e-05
3.99993600102398e-05
3.99990400230394e-05
3.99987200409587e-05
3.99984000639974e-05
3.99980800921556e-05
3.9997760125433e-05
3.99974401638295e-05
3.99971202073451e-05
3.99968002559795e-05
3.99964803097327e-05
3.99961603686046e-05
3.9995840432595e-05
3.99955205017038e-05
3.99952005759309e-05
3.99948806552761e-05
3.99945607397394e-05
3.99942408293206e-05
3.99939209240195e-05
3.99936010238362e-05
3.99932811287704e-05
3.9992961238822e-05
3.99926413539909e-05
3.99923214742769e-05
3.99920015996801e-05
3.99916817302001e-05
3.9991361865837e-05
3.99910420065905e-05
3.99907221524606e-05
3.99904023034472e-05
3.999008245955e-05
3.99897626207691e-05
3.99894427871042e-05
3.99891229585553e-05
3.99888031351222e-05
3.99884833168048e-05
3.99881635036029e-05
3.99878436955166e-05
3.99875238925455e-05
3.99872040946897e-05
3.9986884301949e-05
3.99865645143232e-05
3.99862447318123e-05
3.9985924954416e-05
3.99856051821344e-05
3.99852854149673e-05
3.99849656529145e-05
3.99846458959759e-05
3.99843261441515e-05
3.9984006397441e-05
3.99836866558444e-05
3.99833669193615e-05
3.99830471879923e-05
3.99827274617365e-05
3.99824077405941e-05
3.9982088024565e-05
3.9981768313649e-05
3.9981448607846e-05
3.99811289071558e-05
3.99808092115784e-05
3.99804895211137e-05
3.99801698357615e-05
3.99798501555216e-05
3.9979530480394e-05
3.99792108103786e-05
3.99788911454752e-05
3.99785714856837e-05
3.99782518310039e-05
3.99779321814358e-05
3.99776125369793e-05
3.99772928976341e-05
3.99769732634003e-05
3.99766536342776e-05
3.99763340102659e-05
3.99760143913652e-05
3.99756947775752e-05
3.9975375168896e-05
3.99750555653272e-05
3.99747359668689e-05
3.99744163735209e-05
3.99740967852831e-05
3.99737772021554e-05
3.99734576241376e-05
3.99731380512296e-05
3.99728184834313e-05
3.99724989207425e-05
3.99721793631632e-05
3.99718598106933e-05
3.99715402633325e-05
3.99712207210808e-05
3.99709011839381e-05
3.99705816519042e-05
3.9970262124979e-05
3.99699426031624e-05
3.99696230864543e-05
3.99693035748545e-05
3.9968984068363e-05
3.99686645669795e-05
3.9968345070704e-05
3.99680255795364e-05
3.99677060934765e-05
3.99673866125242e-05
3.99670671366794e-05
3.99667476659419e-05
3.99664282003117e-05
3.99661087397887e-05
3.99657892843726e-05
3.99654698340634e-05
3.99651503888609e-05
3.99648309487651e-05
3.99645115137758e-05
3.99641920838928e-05
3.99638726591162e-05
3.99635532394456e-05
3.99632338248811e-05
3.99629144154225e-05
3.99625950110696e-05
3.99622756118224e-05
3.99619562176808e-05
3.99616368286445e-05
3.99613174447135e-05
3.99609980658877e-05
3.99606786921669e-05
3.9960359323551e-05
3.996003996004e-05
3.99597206016336e-05
3.99594012483317e-05
3.99590819001343e-05
3.99587625570411e-05
3.99584432190522e-05
3.99581238861673e-05
3.99578045583863e-05
3.99574852357092e-05
3.99571659181358e-05
3.99568466056659e-05
3.99565272982994e-05
3.99562079960363e-05
3.99558886988764e-05
3.99555694068196e-05
3.99552501198657e-05
3.99549308380147e-05
3.99546115612664e-05
3.99542922896207e-05
3.99539730230774e-05
3.99536537616365e-05
3.99533345052978e-05
3.99530152540612e-05
3.99526960079266e-05
3.99523767668939e-05
3.99520575309628e-05
3.99517383001334e-05
3.99514190744055e-05
3.9951099853779e-05
3.99507806382537e-05
3.99504614278295e-05
3.99501422225063e-05
3.9949823022284e-05
3.99495038271625e-05
3.99491846371416e-05
3.99488654522212e-05
3.99485462724011e-05
3.99482270976814e-05
3.99479079280618e-05
3.99475887635422e-05
3.99472696041226e-05
3.99469504498027e-05
3.99466313005824e-05
3.99463121564617e-05
3.99459930174404e-05
3.99456738835184e-05
3.99453547546956e-05
3.99450356309718e-05
3.99447165123469e-05
3.99443973988208e-05
3.99440782903935e-05
3.99437591870646e-05
3.99434400888342e-05
3.99431209957021e-05
3.99428019076682e-05
3.99424828247324e-05
3.99421637468945e-05
3.99418446741544e-05
3.99415256065121e-05
3.99412065439673e-05
3.99408874865199e-05
3.994056843417e-05
3.99402493869172e-05
3.99399303447615e-05
3.99396113077028e-05
3.99392922757409e-05
3.99389732488757e-05
3.99386542271072e-05
3.99383352104351e-05
3.99380161988594e-05
3.99376971923799e-05
3.99373781909965e-05
3.99370591947091e-05
3.99367402035176e-05
3.99364212174219e-05
3.99361022364217e-05
3.99357832605171e-05
3.99354642897078e-05
3.99351453239938e-05
3.9934826363375e-05
3.99345074078511e-05
3.99341884574222e-05
3.9933869512088e-05
3.99335505718484e-05
3.99332316367034e-05
3.99329127066528e-05
3.99325937816965e-05
3.99322748618343e-05
3.99319559470662e-05
3.9931637037392e-05
3.99313181328116e-05
3.99309992333248e-05
3.99306803389316e-05
3.99303614496318e-05
3.99300425654254e-05
3.99297236863121e-05
3.99294048122919e-05
3.99290859433646e-05
3.99287670795301e-05
3.99284482207883e-05
3.99281293671391e-05
3.99278105185824e-05
3.9927491675118e-05
3.99271728367458e-05
3.99268540034657e-05
3.99265351752775e-05
3.99262163521812e-05
3.99258975341766e-05
3.99255787212636e-05
3.9925259913442e-05
3.99249411107119e-05
3.99246223130729e-05
3.99243035205251e-05
3.99239847330682e-05
3.99236659507023e-05
3.9923347173427e-05
3.99230284012424e-05
3.99227096341483e-05
3.99223908721445e-05
3.99220721152311e-05
3.99217533634077e-05
3.99214346166744e-05
3.99211158750309e-05
3.99207971384773e-05
3.99204784070132e-05
3.99201596806387e-05
3.99198409593536e-05
3.99195222431578e-05
3.99192035320511e-05
3.99188848260335e-05
3.99185661251048e-05
3.99182474292649e-05
3.99179287385136e-05
3.99176100528509e-05
3.99172913722766e-05
3.99169726967907e-05
3.99166540263929e-05
3.99163353610832e-05
3.99160167008614e-05
3.99156980457274e-05
3.99153793956812e-05
3.99150607507225e-05
3.99147421108512e-05
3.99144234760673e-05
3.99141048463706e-05
3.9913786221761e-05
3.99134676022383e-05
3.99131489878025e-05
3.99128303784535e-05
3.9912511774191e-05
3.9912193175015e-05
3.99118745809253e-05
3.99115559919219e-05
3.99112374080046e-05
3.99109188291733e-05
3.99106002554278e-05
3.99102816867681e-05
3.99099631231941e-05
3.99096445647055e-05
3.99093260113023e-05
3.99090074629844e-05
3.99086889197516e-05
3.99083703816038e-05
3.9908051848541e-05
3.99077333205629e-05
3.99074147976694e-05
3.99070962798605e-05
3.9906777767136e-05
3.99064592594957e-05
3.99061407569397e-05
3.99058222594677e-05
3.99055037670796e-05
3.99051852797753e-05
3.99048667975546e-05
3.99045483204176e-05
3.99042298483639e-05
3.99039113813936e-05
3.99035929195065e-05
3.99032744627024e-05
3.99029560109813e-05
3.9902637564343e-05
3.99023191227874e-05
3.99020006863144e-05
3.99016822549239e-05
3.99013638286157e-05
3.99010454073897e-05
3.99007269912458e-05
3.99004085801839e-05
3.99000901742038e-05
3.98997717733055e-05
3.98994533774887e-05
3.98991349867535e-05
3.98988166010996e-05
3.9898498220527e-05
3.98981798450355e-05
3.9897861474625e-05
3.98975431092953e-05
3.98972247490465e-05
3.98969063938782e-05
3.98965880437905e-05
3.98962696987832e-05
3.98959513588561e-05
3.98956330240092e-05
3.98953146942423e-05
3.98949963695553e-05
3.98946780499481e-05
3.98943597354206e-05
3.98940414259726e-05
3.9893723121604e-05
3.98934048223148e-05
3.98930865281047e-05
3.98927682389736e-05
3.98924499549215e-05
3.98921316759482e-05
3.98918134020536e-05
3.98914951332376e-05
3.98911768695e-05
3.98908586108407e-05
3.98905403572597e-05
3.98902221087567e-05
3.98899038653317e-05
3.98895856269845e-05
3.9889267393715e-05
3.98889491655232e-05
3.98886309424088e-05
3.98883127243718e-05
3.9887994511412e-05
3.98876763035293e-05
3.98873581007236e-05
3.98870399029947e-05
3.98867217103426e-05
3.98864035227672e-05
3.98860853402682e-05
3.98857671628456e-05
3.98854489904993e-05
3.98851308232291e-05
3.98848126610349e-05
3.98844945039167e-05
3.98841763518742e-05
3.98838582049073e-05
3.9883540063016e-05
3.98832219262001e-05
3.98829037944595e-05
3.9882585667794e-05
3.98822675462036e-05
3.98819494296881e-05
3.98816313182474e-05
3.98813132118814e-05
3.988099511059e-05
3.9880677014373e-05
3.98803589232303e-05
3.98800408371618e-05
3.98797227561674e-05
3.98794046802469e-05
3.98790866094003e-05
3.98787685436274e-05
3.9878450482928e-05
3.98781324273022e-05
3.98778143767496e-05
3.98774963312703e-05
3.98771782908641e-05
3.98768602555309e-05
3.98765422252706e-05
3.98762242000829e-05
3.98759061799679e-05
3.98755881649254e-05
3.98752701549553e-05
3.98749521500574e-05
3.98746341502317e-05
3.98743161554779e-05
3.98739981657961e-05
3.9873680181186e-05
3.98733622016476e-05
3.98730442271807e-05
3.98727262577852e-05
3.98724082934609e-05
3.98720903342079e-05
3.98717723800258e-05
3.98714544309147e-05
3.98711364868744e-05
3.98708185479048e-05
3.98705006140057e-05
3.98701826851771e-05
3.98698647614187e-05
3.98695468427306e-05
3.98692289291125e-05
3.98689110205644e-05
3.98685931170861e-05
3.98682752186775e-05
3.98679573253385e-05
3.98676394370689e-05
3.98673215538687e-05
3.98670036757377e-05
3.98666858026759e-05
3.98663679346829e-05
3.98660500717589e-05
3.98657322139036e-05
3.98654143611169e-05
3.98650965133987e-05
3.98647786707488e-05
3.98644608331672e-05
3.98641430006538e-05
3.98638251732083e-05
3.98635073508308e-05
3.9863189533521e-05
3.98628717212788e-05
3.98625539141042e-05
3.98622361119969e-05
3.9861918314957e-05
3.98616005229842e-05
3.98612827360784e-05
3.98609649542396e-05
3.98606471774676e-05
3.98603294057622e-05
3.98600116391234e-05
3.9859693877551e-05
3.9859376121045e-05
3.98590583696051e-05
3.98587406232313e-05
3.98584228819234e-05
3.98581051456814e-05
3.9857787414505e-05
3.98574696883943e-05
3.9857151967349e-05
3.98568342513691e-05
3.98565165404544e-05
3.98561988346047e-05
3.98558811338201e-05
3.98555634381003e-05
3.98552457474453e-05
3.98549280618548e-05
3.98546103813289e-05
3.98542927058674e-05
3.985397503547e-05
3.98536573701369e-05
3.98533397098677e-05
3.98530220546624e-05
3.98527044045209e-05
3.9852386759443e-05
3.98520691194287e-05
3.98517514844777e-05
3.98514338545901e-05
3.98511162297656e-05
3.98507986100041e-05
3.98504809953056e-05
3.98501633856699e-05
3.98498457810968e-05
3.98495281815863e-05
3.98492105871383e-05
3.98488929977525e-05
3.9848575413429e-05
3.98482578341675e-05
3.9847940259968e-05
3.98476226908303e-05
3.98473051267543e-05
3.98469875677399e-05
3.98466700137869e-05
3.98463524648954e-05
3.9846034921065e-05
3.98457173822957e-05
3.98453998485875e-05
3.98450823199401e-05
3.98447647963534e-05
3.98444472778274e-05
3.98441297643618e-05
3.98438122559567e-05
3.98434947526117e-05
3.9843177254327e-05
3.98428597611022e-05
3.98425422729374e-05
3.98422247898323e-05
3.98419073117868e-05
3.98415898388009e-05
3.98412723708744e-05
3.98409549080072e-05
3.98406374501992e-05
3.98403199974502e-05
3.98400025497602e-05
3.98396851071289e-05
3.98393676695563e-05
3.98390502370423e-05
3.98387328095868e-05
3.98384153871896e-05
3.98380979698505e-05
3.98377805575696e-05
3.98374631503466e-05
3.98371457481814e-05
3.9836828351074e-05
3.98365109590242e-05
3.98361935720318e-05
3.98358761900968e-05
3.9835558813219e-05
3.98352414413984e-05
3.98349240746347e-05
3.98346067129279e-05
3.98342893562779e-05
3.98339720046845e-05
3.98336546581476e-05
3.98333373166671e-05
3.98330199802428e-05
3.98327026488747e-05
3.98323853225627e-05
3.98320680013065e-05
3.98317506851061e-05
3.98314333739614e-05
3.98311160678722e-05
3.98307987668385e-05
3.983048147086e-05
3.98301641799368e-05
3.98298468940685e-05
3.98295296132553e-05
3.98292123374968e-05
3.98288950667931e-05
3.98285778011439e-05
3.98282605405491e-05
3.98279432850088e-05
3.98276260345226e-05
3.98273087890905e-05
3.98269915487124e-05
3.98266743133881e-05
3.98263570831176e-05
3.98260398579007e-05
3.98257226377373e-05
3.98254054226272e-05
3.98250882125704e-05
3.98247710075667e-05
3.9824453807616e-05
3.98241366127182e-05
3.98238194228732e-05
3.98235022380808e-05
3.9823185058341e-05
3.98228678836535e-05
3.98225507140183e-05
3.98222335494353e-05
3.98219163899043e-05
3.98215992354253e-05
3.9821282085998e-05
3.98209649416225e-05
3.98206478022984e-05
3.98203306680259e-05
3.98200135388046e-05
3.98196964146345e-05
3.98193792955155e-05
3.98190621814475e-05
3.98187450724303e-05
3.98184279684638e-05
3.98181108695479e-05
3.98177937756825e-05
3.98174766868674e-05
3.98171596031026e-05
3.98168425243878e-05
3.98165254507231e-05
3.98162083821082e-05
3.98158913185431e-05
3.98155742600276e-05
3.98152572065616e-05
3.98149401581449e-05
3.98146231147776e-05
3.98143060764594e-05
3.98139890431902e-05
3.98136720149699e-05
3.98133549917984e-05
3.98130379736756e-05
3.98127209606013e-05
3.98124039525755e-05
3.98120869495979e-05
3.98117699516685e-05
3.98114529587872e-05
3.98111359709538e-05
3.98108189881682e-05
3.98105020104304e-05
3.98101850377401e-05
3.98098680700972e-05
3.98095511075017e-05
3.98092341499534e-05
3.98089171974522e-05
3.9808600249998e-05
3.98082833075906e-05
3.980796637023e-05
3.9807649437916e-05
3.98073325106485e-05
3.98070155884273e-05
3.98066986712524e-05
3.98063817591236e-05
3.98060648520409e-05
3.9805747950004e-05
3.98054310530129e-05
3.98051141610674e-05
3.98047972741675e-05
3.9804480392313e-05
3.98041635155037e-05
3.98038466437397e-05
3.98035297770206e-05
3.98032129153465e-05
3.98028960587172e-05
3.98025792071326e-05
3.98022623605926e-05
3.9801945519097e-05
3.98016286826457e-05
3.98013118512386e-05
3.98009950248756e-05
3.98006782035566e-05
3.98003613872814e-05
3.98000445760499e-05
3.97997277698621e-05
3.97994109687177e-05
3.97990941726166e-05
3.97987773815588e-05
3.97984605955442e-05
3.97981438145725e-05
3.97978270386437e-05
3.97975102677577e-05
3.97971935019142e-05
3.97968767411134e-05
3.97965599853549e-05
3.97962432346387e-05
3.97959264889646e-05
3.97956097483326e-05
3.97952930127425e-05
3.97949762821941e-05
3.97946595566875e-05
3.97943428362224e-05
3.97940261207987e-05
3.97937094104164e-05
3.97933927050752e-05
3.97930760047752e-05
3.9792759309516e-05
3.97924426192977e-05
3.97921259341202e-05
3.97918092539832e-05
3.97914925788866e-05
3.97911759088305e-05
3.97908592438145e-05
3.97905425838387e-05
3.97902259289028e-05
3.97899092790068e-05
3.97895926341506e-05
3.9789275994334e-05
3.97889593595569e-05
3.97886427298192e-05
3.97883261051208e-05
3.97880094854615e-05
3.97876928708412e-05
3.97873762612598e-05
3.97870596567172e-05
3.97867430572133e-05
3.9786426462748e-05
3.9786109873321e-05
3.97857932889324e-05
3.97854767095819e-05
3.97851601352695e-05
3.97848435659951e-05
3.97845270017585e-05
3.97842104425596e-05
3.97838938883982e-05
3.97835773392743e-05
3.97832607951878e-05
3.97829442561385e-05
3.97826277221263e-05
3.97823111931511e-05
3.97819946692127e-05
3.97816781503111e-05
3.97813616364461e-05
3.97810451276176e-05
3.97807286238255e-05
3.97804121250696e-05
3.97800956313499e-05
3.97797791426662e-05
3.97794626590184e-05
3.97791461804064e-05
3.977882970683e-05
3.97785132382892e-05
3.97781967747838e-05
3.97778803163137e-05
3.97775638628788e-05
3.97772474144789e-05
3.9776930971114e-05
3.97766145327839e-05
3.97762980994885e-05
3.97759816712276e-05
3.97756652480013e-05
3.97753488298092e-05
3.97750324166514e-05
3.97747160085277e-05
3.9774399605438e-05
3.97740832073821e-05
3.97737668143599e-05
3.97734504263714e-05
3.97731340434164e-05
3.97728176654947e-05
3.97725012926063e-05
3.9772184924751e-05
3.97718685619288e-05
3.97715522041394e-05
3.97712358513828e-05
3.97709195036589e-05
3.97706031609675e-05
3.97702868233086e-05
3.97699704906819e-05
3.97696541630874e-05
3.9769337840525e-05
3.97690215229945e-05
3.97687052104958e-05
3.97683889030288e-05
3.97680726005933e-05
3.97677563031894e-05
3.97674400108167e-05
3.97671237234753e-05
3.9766807441165e-05
3.97664911638857e-05
3.97661748916372e-05
3.97658586244194e-05
3.97655423622323e-05
3.97652261050756e-05
3.97649098529494e-05
3.97645936058533e-05
3.97642773637875e-05
3.97639611267516e-05
3.97636448947456e-05
3.97633286677694e-05
3.97630124458229e-05
3.97626962289059e-05
3.97623800170183e-05
3.976206381016e-05
3.97617476083309e-05
3.97614314115308e-05
3.97611152197597e-05
3.97607990330174e-05
3.97604828513037e-05
3.97601666746187e-05
3.97598505029621e-05
3.97595343363338e-05
3.97592181747338e-05
3.97589020181619e-05
3.97585858666179e-05
3.97582697201018e-05
3.97579535786134e-05
3.97576374421526e-05
3.97573213107194e-05
3.97570051843135e-05
3.97566890629348e-05
3.97563729465833e-05
3.97560568352589e-05
3.97557407289613e-05
3.97554246276904e-05
3.97551085314463e-05
3.97547924402287e-05
3.97544763540375e-05
3.97541602728726e-05
3.97538441967338e-05
3.97535281256211e-05
3.97532120595344e-05
3.97528959984735e-05
3.97525799424383e-05
3.97522638914286e-05
3.97519478454444e-05
3.97516318044856e-05
3.97513157685519e-05
3.97509997376434e-05
3.97506837117598e-05
3.97503676909011e-05
3.97500516750672e-05
3.97497356642578e-05
3.9749419658473e-05
3.97491036577125e-05
3.97487876619763e-05
3.97484716712642e-05
3.97481556855762e-05
3.9747839704912e-05
3.97475237292717e-05
3.9747207758655e-05
3.97468917930618e-05
3.9746575832492e-05
3.97462598769456e-05
3.97459439264223e-05
3.97456279809221e-05
3.97453120404448e-05
3.97449961049904e-05
3.97446801745586e-05
3.97443642491495e-05
3.97440483287628e-05
3.97437324133984e-05
3.97434165030563e-05
3.97431005977362e-05
3.97427846974382e-05
3.9742468802162e-05
3.97421529119075e-05
3.97418370266747e-05
3.97415211464634e-05
3.97412052712735e-05
3.97408894011048e-05
3.97405735359573e-05
3.97402576758308e-05
3.97399418207252e-05
3.97396259706404e-05
3.97393101255762e-05
3.97389942855326e-05
3.97386784505094e-05
3.97383626205066e-05
3.97380467955239e-05
3.97377309755613e-05
3.97374151606186e-05
3.97370993506958e-05
3.97367835457927e-05
3.97364677459091e-05
3.97361519510451e-05
3.97358361612003e-05
3.97355203763748e-05
3.97352045965685e-05
3.97348888217811e-05
3.97345730520126e-05
3.97342572872628e-05
3.97339415275316e-05
3.9733625772819e-05
3.97333100231248e-05
3.97329942784488e-05
3.9732678538791e-05
3.97323628041512e-05
3.97320470745294e-05
3.97317313499253e-05
3.97314156303389e-05
3.97310999157701e-05
3.97307842062187e-05
3.97304685016846e-05
3.97301528021677e-05
3.97298371076679e-05
3.9729521418185e-05
3.9729205733719e-05
3.97288900542697e-05
3.9728574379837e-05
3.97282587104207e-05
3.97279430460209e-05
3.97276273866372e-05
3.97273117322697e-05
3.97269960829182e-05
3.97266804385826e-05
3.97263647992627e-05
3.97260491649584e-05
3.97257335356697e-05
3.97254179113964e-05
3.97251022921384e-05
3.97247866778955e-05
3.97244710686677e-05
3.97241554644548e-05
3.97238398652567e-05
3.97235242710733e-05
3.97232086819045e-05
3.97228930977501e-05
3.972257751861e-05
3.97222619444842e-05
3.97219463753724e-05
3.97216308112746e-05
3.97213152521906e-05
3.97209996981204e-05
3.97206841490638e-05
3.97203686050207e-05
3.97200530659909e-05
3.97197375319744e-05
3.9719422002971e-05
3.97191064789807e-05
3.97187909600032e-05
3.97184754460385e-05
3.97181599370864e-05
3.97178444331469e-05
3.97175289342198e-05
3.9717213440305e-05
3.97168979514024e-05
3.97165824675118e-05
3.97162669886332e-05
3.97159515147664e-05
3.97156360459113e-05
3.97153205820677e-05
3.97150051232357e-05
3.97146896694149e-05
3.97143742206054e-05
3.9714058776807e-05
3.97137433380196e-05
3.9713427904243e-05
3.97131124754772e-05
3.97127970517219e-05
3.97124816329772e-05
3.97121662192429e-05
3.97118508105189e-05
3.9711535406805e-05
3.97112200081011e-05
3.97109046144071e-05
3.97105892257229e-05
3.97102738420484e-05
3.97099584633834e-05
3.97096430897279e-05
3.97093277210817e-05
3.97090123574446e-05
3.97086969988167e-05
3.97083816451977e-05
3.97080662965875e-05
3.9707750952986e-05
3.97074356143932e-05
3.97071202808088e-05
3.97068049522327e-05
3.97064896286649e-05
3.97061743101052e-05
3.97058589965535e-05
3.97055436880097e-05
3.97052283844737e-05
3.97049130859453e-05
3.97045977924244e-05
3.97042825039109e-05
3.97039672204047e-05
3.97036519419056e-05
3.97033366684136e-05
3.97030213999285e-05
3.97027061364503e-05
3.97023908779787e-05
3.97020756245137e-05
3.97017603760551e-05
3.97014451326028e-05
3.97011298941568e-05
3.97008146607168e-05
3.97004994322829e-05
3.97001842088547e-05
3.96998689904323e-05
3.96995537770155e-05
3.96992385686043e-05
3.96989233651983e-05
3.96986081667977e-05
3.96982929734021e-05
3.96979777850116e-05
3.9697662601626e-05
3.96973474232452e-05
3.9697032249869e-05
3.96967170814974e-05
3.96964019181301e-05
3.96960867597672e-05
3.96957716064085e-05
3.96954564580538e-05
3.96951413147031e-05
3.96948261763562e-05
3.9694511043013e-05
3.96941959146734e-05
3.96938807913372e-05
3.96935656730044e-05
3.96932505596748e-05
3.96929354513484e-05
3.96926203480249e-05
3.96923052497043e-05
3.96919901563864e-05
3.96916750680712e-05
3.96913599847585e-05
3.96910449064482e-05
3.96907298331402e-05
3.96904147648343e-05
3.96900997015305e-05
3.96897846432285e-05
3.96894695899284e-05
3.968915454163e-05
3.96888394983331e-05
3.96885244600376e-05
3.96882094267435e-05
3.96878943984506e-05
3.96875793751588e-05
3.96872643568679e-05
3.96869493435779e-05
3.96866343352886e-05
3.96863193319999e-05
3.96860043337117e-05
3.96856893404238e-05
3.96853743521363e-05
3.96850593688488e-05
3.96847443905614e-05
3.96844294172738e-05
3.96841144489861e-05
3.9683799485698e-05
3.96834845274094e-05
3.96831695741202e-05
3.96828546258304e-05
3.96825396825397e-05
3.96822247442481e-05
3.96819098109554e-05
3.96815948826615e-05
3.96812799593664e-05
3.96809650410698e-05
3.96806501277717e-05
3.96803352194719e-05
3.96800203161704e-05
3.9679705417867e-05
3.96793905245615e-05
3.9679075636254e-05
3.96787607529442e-05
3.9678445874632e-05
3.96781310013173e-05
3.9677816133e-05
3.967750126968e-05
3.96771864113572e-05
3.96768715580314e-05
3.96765567097025e-05
3.96762418663704e-05
3.9675927028035e-05
3.96756121946962e-05
3.96752973663538e-05
3.96749825430077e-05
3.96746677246578e-05
3.9674352911304e-05
3.96740381029462e-05
3.96737232995842e-05
3.9673408501218e-05
3.96730937078473e-05
3.96727789194722e-05
3.96724641360924e-05
3.96721493577079e-05
3.96718345843185e-05
3.96715198159242e-05
3.96712050525247e-05
3.967089029412e-05
3.96705755407099e-05
3.96702607922944e-05
3.96699460488734e-05
3.96696313104466e-05
3.9669316577014e-05
3.96690018485755e-05
3.96686871251309e-05
3.96683724066802e-05
3.96680576932231e-05
3.96677429847597e-05
3.96674282812897e-05
3.9667113582813e-05
3.96667988893296e-05
3.96664842008393e-05
3.9666169517342e-05
3.96658548388376e-05
3.9665540165326e-05
3.9665225496807e-05
3.96649108332804e-05
3.96645961747463e-05
3.96642815212045e-05
3.96639668726549e-05
3.96636522290973e-05
3.96633375905316e-05
3.96630229569577e-05
3.96627083283755e-05
3.96623937047849e-05
3.96620790861857e-05
3.96617644725779e-05
3.96614498639612e-05
3.96611352603357e-05
3.96608206617011e-05
3.96605060680574e-05
3.96601914794045e-05
3.96598768957421e-05
3.96595623170703e-05
3.96592477433888e-05
3.96589331746976e-05
3.96586186109965e-05
3.96583040522855e-05
3.96579894985644e-05
3.9657674949833e-05
3.96573604060914e-05
3.96570458673392e-05
3.96567313335766e-05
3.96564168048032e-05
3.9656102281019e-05
3.96557877622239e-05
3.96554732484177e-05
3.96551587396004e-05
3.96548442357718e-05
3.96545297369318e-05
3.96542152430803e-05
3.96539007542172e-05
3.96535862703423e-05
3.96532717914555e-05
3.96529573175567e-05
3.96526428486459e-05
3.96523283847228e-05
3.96520139257873e-05
3.96516994718394e-05
3.96513850228789e-05
3.96510705789056e-05
3.96507561399196e-05
3.96504417059206e-05
3.96501272769086e-05
3.96498128528833e-05
3.96494984338448e-05
3.96491840197929e-05
3.96488696107274e-05
3.96485552066483e-05
3.96482408075554e-05
3.96479264134486e-05
3.96476120243278e-05
3.96472976401928e-05
3.96469832610437e-05
3.96466688868801e-05
3.96463545177021e-05
3.96460401535095e-05
3.96457257943021e-05
3.96454114400799e-05
3.96450970908428e-05
3.96447827465905e-05
3.96444684073231e-05
3.96441540730404e-05
3.96438397437422e-05
3.96435254194285e-05
3.96432111000991e-05
3.96428967857539e-05
3.96425824763928e-05
3.96422681720157e-05
3.96419538726225e-05
3.9641639578213e-05
3.96413252887871e-05
3.96410110043447e-05
3.96406967248856e-05
3.96403824504099e-05
3.96400681809173e-05
3.96397539164077e-05
3.9639439656881e-05
3.96391254023371e-05
3.96388111527759e-05
3.96384969081972e-05
3.9638182668601e-05
3.96378684339871e-05
3.96375542043554e-05
3.96372399797057e-05
3.96369257600381e-05
3.96366115453522e-05
3.96362973356481e-05
3.96359831309256e-05
3.96356689311845e-05
3.96353547364249e-05
3.96350405466465e-05
3.96347263618492e-05
3.96344121820329e-05
3.96340980071976e-05
3.9633783837343e-05
3.9633469672469e-05
3.96331555125756e-05
3.96328413576626e-05
3.96325272077299e-05
3.96322130627774e-05
3.9631898922805e-05
3.96315847878125e-05
3.96312706577998e-05
3.96309565327669e-05
3.96306424127135e-05
3.96303282976396e-05
3.96300141875451e-05
3.96297000824298e-05
3.96293859822936e-05
3.96290718871364e-05
3.96287577969581e-05
3.96284437117586e-05
3.96281296315376e-05
3.96278155562953e-05
3.96275014860313e-05
3.96271874207456e-05
3.96268733604381e-05
3.96265593051087e-05
3.96262452547571e-05
3.96259312093834e-05
3.96256171689874e-05
3.9625303133569e-05
3.9624989103128e-05
3.96246750776644e-05
3.9624361057178e-05
3.96240470416686e-05
3.96237330311363e-05
3.96234190255809e-05
3.96231050250022e-05
3.96227910294001e-05
3.96224770387746e-05
3.96221630531254e-05
3.96218490724525e-05
3.96215350967558e-05
3.96212211260351e-05
3.96209071602903e-05
3.96205931995214e-05
3.96202792437281e-05
3.96199652929104e-05
3.96196513470681e-05
3.96193374062012e-05
3.96190234703095e-05
3.96187095393929e-05
3.96183956134512e-05
3.96180816924844e-05
3.96177677764924e-05
3.9617453865475e-05
3.9617139959432e-05
3.96168260583635e-05
3.96165121622692e-05
3.96161982711491e-05
3.9615884385003e-05
3.96155705038308e-05
3.96152566276324e-05
3.96149427564077e-05
3.96146288901566e-05
3.96143150288788e-05
3.96140011725744e-05
3.96136873212432e-05
3.96133734748851e-05
3.96130596335e-05
3.96127457970877e-05
3.96124319656481e-05
3.96121181391811e-05
3.96118043176867e-05
3.96114905011646e-05
3.96111766896147e-05
3.9610862883037e-05
3.96105490814314e-05
3.96102352847976e-05
3.96099214931356e-05
3.96096077064453e-05
3.96092939247265e-05
3.96089801479791e-05
3.96086663762031e-05
3.96083526093983e-05
3.96080388475645e-05
3.96077250907017e-05
3.96074113388097e-05
3.96070975918885e-05
3.96067838499378e-05
3.96064701129576e-05
3.96061563809479e-05
3.96058426539083e-05
3.96055289318389e-05
3.96052152147395e-05
3.960490150261e-05
3.96045877954502e-05
3.96042740932601e-05
3.96039603960396e-05
3.96036467037885e-05
3.96033330165067e-05
3.9603019334194e-05
3.96027056568505e-05
3.96023919844759e-05
3.96020783170701e-05
3.9601764654633e-05
3.96014509971645e-05
3.96011373446645e-05
3.96008236971329e-05
3.96005100545695e-05
3.96001964169742e-05
3.9599882784347e-05
3.95995691566876e-05
3.9599255533996e-05
3.9598941916272e-05
3.95986283035156e-05
3.95983146957266e-05
3.95980010929048e-05
3.95976874950503e-05
3.95973739021628e-05
3.95970603142423e-05
3.95967467312886e-05
3.95964331533015e-05
3.95961195802811e-05
3.95958060122272e-05
3.95954924491396e-05
3.95951788910182e-05
3.9594865337863e-05
3.95945517896737e-05
3.95942382464504e-05
3.95939247081928e-05
3.95936111749008e-05
3.95932976465744e-05
3.95929841232134e-05
3.95926706048176e-05
3.95923570913871e-05
3.95920435829216e-05
3.9591730079421e-05
3.95914165808853e-05
3.95911030873142e-05
3.95907895987078e-05
3.95904761150658e-05
3.95901626363881e-05
3.95898491626747e-05
3.95895356939254e-05
3.95892222301401e-05
3.95889087713186e-05
3.95885953174609e-05
3.95882818685669e-05
3.95879684246364e-05
3.95876549856693e-05
3.95873415516654e-05
3.95870281226248e-05
3.95867146985472e-05
3.95864012794325e-05
3.95860878652806e-05
3.95857744560915e-05
3.95854610518649e-05
3.95851476526007e-05
3.9584834258299e-05
3.95845208689594e-05
3.9584207484582e-05
3.95838941051665e-05
3.95835807307129e-05
3.95832673612211e-05
3.95829539966909e-05
3.95826406371222e-05
3.95823272825149e-05
3.95820139328689e-05
3.95817005881841e-05
3.95813872484603e-05
3.95810739136974e-05
3.95807605838954e-05
3.9580447259054e-05
3.95801339391733e-05
3.95798206242529e-05
3.9579507314293e-05
3.95791940092932e-05
3.95788807092535e-05
3.95785674141739e-05
3.95782541240541e-05
3.9577940838894e-05
3.95776275586936e-05
3.95773142834527e-05
3.95770010131712e-05
3.9576687747849e-05
3.9576374487486e-05
3.95760612320819e-05
3.95757479816369e-05
3.95754347361506e-05
3.9575121495623e-05
3.9574808260054e-05
3.95744950294434e-05
3.95741818037912e-05
3.95738685830972e-05
3.95735553673613e-05
3.95732421565834e-05
3.95729289507634e-05
3.95726157499011e-05
3.95723025539964e-05
3.95719893630493e-05
3.95716761770595e-05
3.9571362996027e-05
3.95710498199517e-05
3.95707366488335e-05
3.95704234826721e-05
3.95701103214676e-05
3.95697971652197e-05
3.95694840139285e-05
3.95691708675936e-05
3.95688577262152e-05
3.95685445897929e-05
3.95682314583267e-05
3.95679183318166e-05
3.95676052102623e-05
3.95672920936637e-05
3.95669789820208e-05
3.95666658753333e-05
3.95663527736013e-05
3.95660396768246e-05
3.9565726585003e-05
3.95654134981365e-05
3.95651004162249e-05
3.95647873392681e-05
3.95644742672659e-05
3.95641612002184e-05
3.95638481381253e-05
3.95635350809866e-05
3.9563222028802e-05
3.95629089815716e-05
3.95625959392951e-05
3.95622829019726e-05
3.95619698696037e-05
3.95616568421886e-05
3.95613438197269e-05
3.95610308022186e-05
3.95607177896636e-05
3.95604047820617e-05
3.95600917794129e-05
3.95597787817171e-05
3.9559465788974e-05
3.95591528011836e-05
3.95588398183458e-05
3.95585268404605e-05
3.95582138675275e-05
3.95579008995467e-05
3.9557587936518e-05
3.95572749784413e-05
3.95569620253165e-05
3.95566490771434e-05
3.95563361339219e-05
3.9556023195652e-05
3.95557102623335e-05
3.95553973339662e-05
3.95550844105501e-05
3.95547714920851e-05
3.9554458578571e-05
3.95541456700077e-05
3.95538327663951e-05
3.9553519867733e-05
3.95532069740215e-05
3.95528940852602e-05
3.95525812014492e-05
3.95522683225883e-05
3.95519554486774e-05
3.95516425797163e-05
3.9551329715705e-05
3.95510168566434e-05
3.95507040025312e-05
3.95503911533685e-05
3.95500783091551e-05
3.95497654698908e-05
3.95494526355755e-05
3.95491398062092e-05
3.95488269817917e-05
3.95485141623229e-05
3.95482013478027e-05
3.95478885382309e-05
3.95475757336075e-05
3.95472629339323e-05
3.95469501392053e-05
3.95466373494262e-05
3.9546324564595e-05
3.95460117847115e-05
3.95456990097757e-05
3.95453862397874e-05
3.95450734747465e-05
3.95447607146529e-05
3.95444479595065e-05
3.95441352093071e-05
3.95438224640547e-05
3.9543509723749e-05
3.95431969883901e-05
3.95428842579778e-05
3.95425715325119e-05
3.95422588119924e-05
3.95419460964191e-05
3.95416333857919e-05
3.95413206801107e-05
3.95410079793754e-05
3.95406952835859e-05
3.9540382592742e-05
3.95400699068436e-05
3.95397572258906e-05
3.9539444549883e-05
3.95391318788205e-05
3.9538819212703e-05
3.95385065515305e-05
3.95381938953029e-05
3.95378812440199e-05
3.95375685976815e-05
3.95372559562876e-05
3.95369433198381e-05
3.95366306883327e-05
3.95363180617715e-05
3.95360054401544e-05
3.9535692823481e-05
3.95353802117515e-05
3.95350676049656e-05
3.95347550031232e-05
3.95344424062243e-05
3.95341298142687e-05
3.95338172272562e-05
3.95335046451868e-05
3.95331920680603e-05
3.95328794958767e-05
3.95325669286358e-05
3.95322543663375e-05
3.95319418089817e-05
3.95316292565682e-05
3.95313167090969e-05
3.95310041665678e-05
3.95306916289807e-05
3.95303790963355e-05
3.95300665686321e-05
3.95297540458703e-05
3.95294415280501e-05
3.95291290151713e-05
3.95288165072338e-05
3.95285040042375e-05
3.95281915061822e-05
3.95278790130679e-05
3.95275665248945e-05
3.95272540416617e-05
3.95269415633696e-05
3.95266290900179e-05
3.95263166216067e-05
3.95260041581356e-05
3.95256916996047e-05
3.95253792460139e-05
3.95250667973629e-05
3.95247543536517e-05
3.95244419148802e-05
3.95241294810482e-05
3.95238170521556e-05
3.95235046282024e-05
3.95231922091884e-05
3.95228797951134e-05
3.95225673859774e-05
3.95222549817802e-05
3.95219425825218e-05
3.9521630188202e-05
3.95213177988207e-05
3.95210054143777e-05
3.95206930348731e-05
3.95203806603065e-05
3.9520068290678e-05
3.95197559259874e-05
3.95194435662346e-05
3.95191312114194e-05
3.95188188615419e-05
3.95185065166017e-05
3.95181941765989e-05
3.95178818415333e-05
3.95175695114048e-05
3.95172571862132e-05
3.95169448659585e-05
3.95166325506406e-05
3.95163202402592e-05
3.95160079348144e-05
3.95156956343059e-05
3.95153833387338e-05
3.95150710480977e-05
3.95147587623978e-05
3.95144464816337e-05
3.95141342058054e-05
3.95138219349128e-05
3.95135096689558e-05
3.95131974079343e-05
3.9512885151848e-05
3.9512572900697e-05
3.95122606544811e-05
3.95119484132001e-05
3.95116361768541e-05
3.95113239454428e-05
3.95110117189661e-05
3.95106994974239e-05
3.95103872808161e-05
3.95100750691426e-05
3.95097628624033e-05
3.9509450660598e-05
3.95091384637267e-05
3.95088262717891e-05
3.95085140847853e-05
3.9508201902715e-05
3.95078897255782e-05
3.95075775533747e-05
3.95072653861045e-05
3.95069532237674e-05
3.95066410663633e-05
3.9506328913892e-05
3.95060167663535e-05
3.95057046237477e-05
3.95053924860744e-05
3.95050803533334e-05
3.95047682255248e-05
3.95044561026484e-05
3.9504143984704e-05
3.95038318716916e-05
3.95035197636109e-05
3.9503207660462e-05
3.95028955622447e-05
3.95025834689589e-05
3.95022713806044e-05
3.95019592971811e-05
3.9501647218689e-05
3.95013351451279e-05
3.95010230764977e-05
3.95007110127982e-05
3.95003989540294e-05
3.95000869001912e-05
3.94997748512833e-05
3.94994628073058e-05
3.94991507682585e-05
3.94988387341412e-05
3.94985267049539e-05
3.94982146806964e-05
3.94979026613687e-05
3.94975906469705e-05
3.94972786375019e-05
3.94969666329626e-05
3.94966546333526e-05
3.94963426386717e-05
3.94960306489198e-05
3.94957186640968e-05
3.94954066842026e-05
3.94950947092371e-05
3.94947827392002e-05
3.94944707740916e-05
3.94941588139114e-05
3.94938468586594e-05
3.94935349083355e-05
3.94932229629396e-05
3.94929110224715e-05
3.94925990869311e-05
3.94922871563184e-05
3.94919752306331e-05
3.94916633098753e-05
3.94913513940447e-05
3.94910394831413e-05
3.94907275771649e-05
3.94904156761154e-05
3.94901037799927e-05
3.94897918887967e-05
3.94894800025273e-05
3.94891681211844e-05
3.94888562447677e-05
3.94885443732773e-05
3.9488232506713e-05
3.94879206450747e-05
3.94876087883622e-05
3.94872969365755e-05
3.94869850897144e-05
3.94866732477789e-05
3.94863614107687e-05
3.94860495786839e-05
3.94857377515241e-05
3.94854259292895e-05
3.94851141119798e-05
3.94848022995949e-05
3.94844904921347e-05
3.94841786895991e-05
3.94838668919879e-05
3.94835550993011e-05
3.94832433115386e-05
3.94829315287001e-05
3.94826197507857e-05
3.94823079777951e-05
3.94819962097284e-05
3.94816844465852e-05
3.94813726883656e-05
3.94810609350694e-05
3.94807491866966e-05
3.94804374432469e-05
3.94801257047202e-05
3.94798139711166e-05
3.94795022424357e-05
3.94791905186776e-05
3.94788787998421e-05
3.9478567085929e-05
3.94782553769384e-05
3.947794367287e-05
3.94776319737237e-05
3.94773202794994e-05
3.94770085901971e-05
3.94766969058165e-05
3.94763852263576e-05
3.94760735518202e-05
3.94757618822043e-05
3.94754502175097e-05
3.94751385577363e-05
3.9474826902884e-05
3.94745152529527e-05
3.94742036079422e-05
3.94738919678525e-05
3.94735803326833e-05
3.94732687024347e-05
3.94729570771065e-05
3.94726454566985e-05
3.94723338412107e-05
3.94720222306429e-05
3.94717106249951e-05
3.9471399024267e-05
3.94710874284587e-05
3.94707758375699e-05
3.94704642516005e-05
3.94701526705505e-05
3.94698410944198e-05
3.94695295232081e-05
3.94692179569154e-05
3.94689063955416e-05
3.94685948390865e-05
3.94682832875501e-05
3.94679717409322e-05
3.94676601992327e-05
3.94673486624516e-05
3.94670371305885e-05
3.94667256036436e-05
3.94664140816165e-05
3.94661025645073e-05
3.94657910523159e-05
3.9465479545042e-05
3.94651680426855e-05
3.94648565452465e-05
3.94645450527246e-05
3.94642335651199e-05
3.94639220824322e-05
3.94636106046614e-05
3.94632991318074e-05
3.94629876638701e-05
3.94626762008492e-05
3.94623647427448e-05
3.94620532895568e-05
3.94617418412849e-05
3.94614303979291e-05
3.94611189594892e-05
3.94608075259652e-05
3.94604960973569e-05
3.94601846736643e-05
3.94598732548871e-05
3.94595618410253e-05
3.94592504320788e-05
3.94589390280474e-05
3.94586276289311e-05
3.94583162347296e-05
3.9458004845443e-05
3.9457693461071e-05
3.94573820816136e-05
3.94570707070707e-05
3.94567593374421e-05
3.94564479727277e-05
3.94561366129274e-05
3.94558252580411e-05
3.94555139080687e-05
3.945520256301e-05
3.94548912228649e-05
3.94545798876334e-05
3.94542685573152e-05
3.94539572319104e-05
3.94536459114187e-05
3.945333459584e-05
3.94530232851743e-05
3.94527119794215e-05
3.94524006785813e-05
3.94520893826537e-05
3.94517780916386e-05
3.94514668055358e-05
3.94511555243453e-05
3.94508442480669e-05
3.94505329767005e-05
3.9450221710246e-05
3.94499104487033e-05
3.94495991920722e-05
3.94492879403527e-05
3.94489766935446e-05
3.94486654516478e-05
3.94483542146622e-05
3.94480429825876e-05
3.94477317554241e-05
3.94474205331713e-05
3.94471093158293e-05
3.94467981033979e-05
3.94464868958771e-05
3.94461756932665e-05
3.94458644955663e-05
3.94455533027762e-05
3.94452421148961e-05
3.94449309319259e-05
3.94446197538656e-05
3.94443085807149e-05
3.94439974124738e-05
3.94436862491421e-05
3.94433750907198e-05
3.94430639372066e-05
3.94427527886026e-05
3.94424416449076e-05
3.94421305061214e-05
3.9441819372244e-05
3.94415082432752e-05
3.9441197119215e-05
3.94408860000631e-05
3.94405748858195e-05
3.94402637764841e-05
3.94399526720568e-05
3.94396415725374e-05
3.94393304779258e-05
3.94390193882219e-05
3.94387083034256e-05
3.94383972235368e-05
3.94380861485554e-05
3.94377750784812e-05
3.94374640133141e-05
3.9437152953054e-05
3.94368418977008e-05
3.94365308472544e-05
3.94362198017147e-05
3.94359087610815e-05
3.94355977253547e-05
3.94352866945343e-05
3.943497566862e-05
3.94346646476118e-05
3.94343536315096e-05
3.94340426203133e-05
3.94337316140226e-05
3.94334206126376e-05
3.94331096161581e-05
3.9432798624584e-05
3.94324876379151e-05
3.94321766561514e-05
3.94318656792928e-05
3.9431554707339e-05
3.94312437402901e-05
3.94309327781458e-05
3.94306218209061e-05
3.94303108685709e-05
3.942999992114e-05
3.94296889786133e-05
3.94293780409908e-05
3.94290671082722e-05
3.94287561804575e-05
3.94284452575466e-05
3.94281343395393e-05
3.94278234264356e-05
3.94275125182352e-05
3.94272016149382e-05
3.94268907165443e-05
3.94265798230535e-05
3.94262689344657e-05
3.94259580507806e-05
3.94256471719983e-05
3.94253362981186e-05
3.94250254291414e-05
3.94247145650665e-05
3.9424403705894e-05
3.94240928516235e-05
3.9423782002255e-05
3.94234711577885e-05
3.94231603182237e-05
3.94228494835607e-05
3.94225386537992e-05
3.94222278289391e-05
3.94219170089803e-05
3.94216061939228e-05
3.94212953837663e-05
3.94209845785108e-05
3.94206737781562e-05
3.94203629827023e-05
3.94200521921491e-05
3.94197414064964e-05
3.9419430625744e-05
3.9419119849892e-05
3.94188090789401e-05
3.94184983128883e-05
3.94181875517364e-05
3.94178767954843e-05
3.94175660441319e-05
3.94172552976791e-05
3.94169445561258e-05
3.94166338194718e-05
3.94163230877171e-05
3.94160123608615e-05
3.94157016389049e-05
3.94153909218472e-05
3.94150802096882e-05
3.94147695024279e-05
3.94144588000662e-05
3.94141481026029e-05
3.94138374100379e-05
3.94135267223711e-05
3.94132160396024e-05
3.94129053617316e-05
3.94125946887587e-05
3.94122840206836e-05
3.9411973357506e-05
3.9411662699226e-05
3.94113520458433e-05
3.94110413973579e-05
3.94107307537696e-05
3.94104201150784e-05
3.94101094812841e-05
3.94097988523867e-05
3.94094882283859e-05
3.94091776092816e-05
3.94088669950739e-05
3.94085563857625e-05
3.94082457813473e-05
3.94079351818282e-05
3.94076245872051e-05
3.94073139974779e-05
3.94070034126465e-05
3.94066928327107e-05
3.94063822576705e-05
3.94060716875256e-05
3.94057611222761e-05
3.94054505619217e-05
3.94051400064624e-05
3.94048294558981e-05
3.94045189102286e-05
3.94042083694539e-05
3.94038978335737e-05
3.9403587302588e-05
3.94032767764967e-05
3.94029662552997e-05
3.94026557389968e-05
3.94023452275879e-05
3.9402034721073e-05
3.94017242194518e-05
3.94014137227244e-05
3.94011032308905e-05
3.940079274395e-05
3.94004822619029e-05
3.9400171784749e-05
3.93998613124882e-05
3.93995508451204e-05
3.93992403826454e-05
3.93989299250632e-05
3.93986194723737e-05
3.93983090245767e-05
3.93979985816721e-05
3.93976881436597e-05
3.93973777105396e-05
3.93970672823115e-05
3.93967568589754e-05
3.93964464405311e-05
3.93961360269785e-05
3.93958256183175e-05
3.9395515214548e-05
3.93952048156698e-05
3.93948944216829e-05
3.93945840325872e-05
3.93942736483825e-05
3.93939632690687e-05
3.93936528946456e-05
3.93933425251133e-05
3.93930321604715e-05
3.93927218007201e-05
3.93924114458591e-05
3.93921010958883e-05
3.93917907508075e-05
3.93914804106168e-05
3.93911700753159e-05
3.93908597449048e-05
3.93905494193833e-05
3.93902390987513e-05
3.93899287830088e-05
3.93896184721555e-05
3.93893081661914e-05
3.93889978651163e-05
3.93886875689302e-05
3.93883772776329e-05
3.93880669912243e-05
3.93877567097044e-05
3.93874464330728e-05
3.93871361613297e-05
3.93868258944748e-05
3.93865156325081e-05
3.93862053754293e-05
3.93858951232385e-05
3.93855848759354e-05
3.938527463352e-05
3.93849643959922e-05
3.93846541633518e-05
3.93843439355987e-05
3.93840337127329e-05
3.93837234947541e-05
3.93834132816623e-05
3.93831030734574e-05
3.93827928701392e-05
3.93824826717076e-05
3.93821724781626e-05
3.93818622895039e-05
3.93815521057316e-05
3.93812419268454e-05
3.93809317528453e-05
3.93806215837311e-05
3.93803114195027e-05
3.938000126016e-05
3.9379691105703e-05
3.93793809561314e-05
3.93790708114451e-05
3.93787606716441e-05
3.93784505367283e-05
3.93781404066974e-05
3.93778302815515e-05
3.93775201612903e-05
3.93772100459138e-05
3.93768999354219e-05
3.93765898298144e-05
3.93762797290912e-05
3.93759696332522e-05
3.93756595422973e-05
3.93753494562264e-05
3.93750393750394e-05
3.93747292987361e-05
3.93744192273164e-05
3.93741091607802e-05
3.93737990991275e-05
3.9373489042358e-05
3.93731789904717e-05
3.93728689434684e-05
3.93725589013481e-05
3.93722488641106e-05
3.93719388317558e-05
3.93716288042836e-05
3.93713187816939e-05
3.93710087639866e-05
3.93706987511614e-05
3.93703887432185e-05
3.93700787401575e-05
3.93697687419784e-05
3.93694587486811e-05
3.93691487602655e-05
3.93688387767314e-05
3.93685287980788e-05
3.93682188243075e-05
3.93679088554174e-05
3.93675988914084e-05
3.93672889322804e-05
3.93669789780332e-05
3.93666690286668e-05
3.9366359084181e-05
3.93660491445758e-05
3.93657392098509e-05
3.93654292800063e-05
3.93651193550419e-05
3.93648094349575e-05
3.93644995197531e-05
3.93641896094285e-05
3.93638797039836e-05
3.93635698034183e-05
3.93632599077325e-05
3.93629500169261e-05
3.93626401309989e-05
3.93623302499508e-05
3.93620203737817e-05
3.93617105024916e-05
3.93614006360802e-05
3.93610907745475e-05
3.93607809178934e-05
3.93604710661177e-05
3.93601612192204e-05
3.93598513772012e-05
3.93595415400601e-05
3.93592317077971e-05
3.93589218804119e-05
3.93586120579044e-05
3.93583022402746e-05
3.93579924275223e-05
3.93576826196474e-05
3.93573728166497e-05
3.93570630185293e-05
3.93567532252859e-05
3.93564434369195e-05
3.93561336534299e-05
3.9355823874817e-05
3.93555141010807e-05
3.93552043322209e-05
3.93548945682374e-05
3.93545848091303e-05
3.93542750548992e-05
3.93539653055442e-05
3.93536555610651e-05
3.93533458214617e-05
3.93530360867341e-05
3.9352726356882e-05
3.93524166319054e-05
3.93521069118041e-05
3.9351797196578e-05
3.9351487486227e-05
3.9351177780751e-05
3.93508680801499e-05
3.93505583844235e-05
3.93502486935717e-05
3.93499390075945e-05
3.93496293264917e-05
3.93493196502632e-05
3.93490099789089e-05
3.93487003124287e-05
3.93483906508224e-05
3.93480809940899e-05
3.93477713422312e-05
3.9347461695246e-05
3.93471520531344e-05
3.93468424158961e-05
3.93465327835311e-05
3.93462231560393e-05
3.93459135334204e-05
3.93456039156745e-05
3.93452943028014e-05
3.9344984694801e-05
3.93446750916731e-05
3.93443654934177e-05
3.93440559000346e-05
3.93437463115238e-05
3.93434367278851e-05
3.93431271491183e-05
3.93428175752235e-05
3.93425080062004e-05
3.93421984420489e-05
3.9341888882769e-05
3.93415793283606e-05
3.93412697788234e-05
3.93409602341574e-05
3.93406506943625e-05
3.93403411594385e-05
3.93400316293854e-05
3.93397221042031e-05
3.93394125838913e-05
3.933910306845e-05
3.93387935578792e-05
3.93384840521786e-05
3.93381745513481e-05
3.93378650553877e-05
3.93375555642972e-05
3.93372460780766e-05
3.93369365967256e-05
3.93366271202442e-05
3.93363176486323e-05
3.93360081818897e-05
3.93356987200164e-05
3.93353892630121e-05
3.93350798108769e-05
3.93347703636106e-05
3.93344609212131e-05
3.93341514836842e-05
3.93338420510239e-05
3.9333532623232e-05
3.93332232003084e-05
3.9332913782253e-05
3.93326043690657e-05
3.93322949607464e-05
3.93319855572949e-05
3.93316761587112e-05
3.93313667649951e-05
3.93310573761465e-05
3.93307479921653e-05
3.93304386130514e-05
3.93301292388047e-05
3.9329819869425e-05
3.93295105049123e-05
3.93292011452663e-05
3.93288917904871e-05
3.93285824405745e-05
3.93282730955284e-05
3.93279637553486e-05
3.93276544200351e-05
3.93273450895877e-05
3.93270357640063e-05
3.93267264432909e-05
3.93264171274412e-05
3.93261078164572e-05
3.93257985103388e-05
3.93254892090858e-05
3.93251799126981e-05
3.93248706211757e-05
3.93245613345183e-05
3.9324252052726e-05
3.93239427757985e-05
3.93236335037357e-05
3.93233242365377e-05
3.93230149742041e-05
3.9322705716735e-05
3.93223964641301e-05
3.93220872163894e-05
3.93217779735129e-05
3.93214687355002e-05
3.93211595023514e-05
3.93208502740663e-05
3.93205410506449e-05
3.93202318320869e-05
3.93199226183923e-05
3.9319613409561e-05
3.93193042055928e-05
3.93189950064876e-05
3.93186858122454e-05
3.9318376622866e-05
3.93180674383493e-05
3.93177582586951e-05
3.93174490839034e-05
3.93171399139741e-05
3.9316830748907e-05
3.9316521588702e-05
3.9316212433359e-05
3.93159032828779e-05
3.93155941372586e-05
3.93152849965009e-05
3.93149758606048e-05
3.93146667295701e-05
3.93143576033968e-05
3.93140484820846e-05
3.93137393656335e-05
3.93134302540434e-05
3.93131211473141e-05
3.93128120454456e-05
3.93125029484377e-05
3.93121938562903e-05
3.93118847690034e-05
3.93115756865767e-05
3.93112666090101e-05
3.93109575363037e-05
3.93106484684571e-05
3.93103394054704e-05
3.93100303473434e-05
3.9309721294076e-05
3.93094122456681e-05
3.93091032021195e-05
3.93087941634302e-05
3.93084851296001e-05
3.93081761006289e-05
3.93078670765167e-05
3.93075580572633e-05
3.93072490428685e-05
3.93069400333323e-05
3.93066310286545e-05
3.93063220288351e-05
3.93060130338739e-05
3.93057040437708e-05
3.93053950585257e-05
3.93050860781385e-05
3.93047771026091e-05
3.93044681319372e-05
3.9304159166123e-05
3.93038502051661e-05
3.93035412490665e-05
3.93032322978242e-05
3.93029233514389e-05
3.93026144099105e-05
3.93023054732391e-05
3.93019965414243e-05
3.93016876144662e-05
3.93013786923645e-05
3.93010697751193e-05
3.93007608627303e-05
3.93004519551975e-05
3.93001430525207e-05
3.92998341546999e-05
3.92995252617348e-05
3.92992163736255e-05
3.92989074903718e-05
3.92985986119735e-05
3.92982897384306e-05
3.92979808697429e-05
3.92976720059104e-05
3.92973631469328e-05
3.92970542928102e-05
3.92967454435424e-05
3.92964365991292e-05
3.92961277595706e-05
3.92958189248664e-05
3.92955100950165e-05
3.92952012700209e-05
3.92948924498794e-05
3.92945836345918e-05
3.92942748241581e-05
3.92939660185782e-05
3.92936572178519e-05
3.92933484219791e-05
3.92930396309598e-05
3.92927308447937e-05
3.92924220634808e-05
3.9292113287021e-05
3.92918045154142e-05
3.92914957486602e-05
3.92911869867589e-05
3.92908782297102e-05
3.9290569477514e-05
3.92902607301702e-05
3.92899519876787e-05
3.92896432500393e-05
3.92893345172519e-05
3.92890257893165e-05
3.92887170662329e-05
3.9288408348001e-05
3.92880996346207e-05
3.92877909260918e-05
3.92874822224143e-05
3.9287173523588e-05
3.92868648296129e-05
3.92865561404887e-05
3.92862474562155e-05
3.9285938776793e-05
3.92856301022212e-05
3.92853214325e-05
3.92850127676292e-05
3.92847041076087e-05
3.92843954524384e-05
3.92840868021182e-05
3.9283778156648e-05
3.92834695160277e-05
3.92831608802571e-05
3.92828522493361e-05
3.92825436232647e-05
3.92822350020427e-05
3.928192638567e-05
3.92816177741464e-05
3.92813091674719e-05
3.92810005656464e-05
3.92806919686697e-05
3.92803833765418e-05
3.92800747892624e-05
3.92797662068315e-05
3.92794576292491e-05
3.92791490565148e-05
3.92788404886288e-05
3.92785319255908e-05
3.92782233674006e-05
3.92779148140584e-05
3.92776062655637e-05
3.92772977219167e-05
3.92769891831172e-05
3.9276680649165e-05
3.927637212006e-05
3.92760635958022e-05
3.92757550763913e-05
3.92754465618274e-05
3.92751380521103e-05
3.92748295472398e-05
3.92745210472158e-05
3.92742125520383e-05
3.92739040617072e-05
3.92735955762222e-05
3.92732870955833e-05
3.92729786197904e-05
3.92726701488434e-05
3.92723616827422e-05
3.92720532214865e-05
3.92717447650764e-05
3.92714363135117e-05
3.92711278667923e-05
3.92708194249181e-05
3.9270510987889e-05
3.92702025557048e-05
3.92698941283654e-05
3.92695857058708e-05
3.92692772882208e-05
3.92689688754153e-05
3.92686604674541e-05
3.92683520643373e-05
3.92680436660646e-05
3.92677352726359e-05
3.92674268840511e-05
3.92671185003102e-05
3.9266810121413e-05
3.92665017473593e-05
3.92661933781491e-05
3.92658850137823e-05
3.92655766542587e-05
3.92652682995783e-05
3.92649599497409e-05
3.92646516047463e-05
3.92643432645946e-05
3.92640349292855e-05
3.92637265988189e-05
3.92634182731949e-05
3.92631099524131e-05
3.92628016364736e-05
3.92624933253761e-05
3.92621850191207e-05
3.92618767177071e-05
3.92615684211353e-05
3.92612601294051e-05
3.92609518425165e-05
3.92606435604692e-05
3.92603352832633e-05
3.92600270108986e-05
3.92597187433749e-05
3.92594104806922e-05
3.92591022228504e-05
3.92587939698492e-05
3.92584857216887e-05
3.92581774783687e-05
3.92578692398891e-05
3.92575610062498e-05
3.92572527774506e-05
3.92569445534915e-05
3.92566363343723e-05
3.9256328120093e-05
3.92560199106533e-05
3.92557117060532e-05
3.92554035062926e-05
3.92550953113714e-05
3.92547871212894e-05
3.92544789360466e-05
3.92541707556428e-05
3.92538625800779e-05
3.92535544093518e-05
3.92532462434643e-05
3.92529380824155e-05
3.92526299262051e-05
3.9252321774833e-05
3.92520136282991e-05
3.92517054866034e-05
3.92513973497457e-05
3.92510892177258e-05
3.92507810905437e-05
3.92504729681993e-05
3.92501648506924e-05
3.92498567380229e-05
3.92495486301908e-05
3.92492405271958e-05
3.92489324290379e-05
3.9248624335717e-05
3.9248316247233e-05
3.92480081635857e-05
3.9247700084775e-05
3.92473920108009e-05
3.92470839416631e-05
3.92467758773617e-05
3.92464678178964e-05
3.92461597632672e-05
3.92458517134739e-05
3.92455436685164e-05
3.92452356283947e-05
3.92449275931086e-05
3.9244619562658e-05
3.92443115370427e-05
3.92440035162627e-05
3.92436955003179e-05
3.92433874892081e-05
3.92430794829332e-05
3.92427714814931e-05
3.92424634848877e-05
3.92421554931169e-05
3.92418475061806e-05
3.92415395240786e-05
3.92412315468109e-05
3.92409235743772e-05
3.92406156067776e-05
3.92403076440119e-05
3.923999968608e-05
3.92396917329817e-05
3.9239383784717e-05
3.92390758412858e-05
3.92387679026879e-05
3.92384599689231e-05
3.92381520399915e-05
3.92378441158929e-05
3.92375361966271e-05
3.92372282821941e-05
3.92369203725938e-05
3.9236612467826e-05
3.92363045678906e-05
3.92359966727875e-05
3.92356887825166e-05
3.92353808970777e-05
3.92350730164709e-05
3.92347651406959e-05
3.92344572697526e-05
3.92341494036409e-05
3.92338415423608e-05
3.9233533685912e-05
3.92332258342945e-05
3.92329179875082e-05
3.9232610145553e-05
3.92323023084287e-05
3.92319944761352e-05
3.92316866486724e-05
3.92313788260402e-05
3.92310710082385e-05
3.92307631952672e-05
3.92304553871261e-05
3.92301475838152e-05
3.92298397853343e-05
3.92295319916833e-05
3.92292242028622e-05
3.92289164188707e-05
3.92286086397088e-05
3.92283008653763e-05
3.92279930958732e-05
3.92276853311993e-05
3.92273775713546e-05
3.92270698163389e-05
3.9226762066152e-05
3.92264543207939e-05
3.92261465802645e-05
3.92258388445637e-05
3.92255311136913e-05
3.92252233876472e-05
3.92249156664313e-05
3.92246079500435e-05
3.92243002384837e-05
3.92239925317518e-05
3.92236848298477e-05
3.92233771327711e-05
3.92230694405221e-05
3.92227617531006e-05
3.92224540705063e-05
3.92221463927392e-05
3.92218387197992e-05
3.92215310516861e-05
3.92212233883999e-05
3.92209157299405e-05
3.92206080763076e-05
3.92203004275013e-05
3.92199927835213e-05
3.92196851443677e-05
3.92193775100402e-05
3.92190698805387e-05
3.92187622558632e-05
3.92184546360135e-05
3.92181470209895e-05
3.92178394107912e-05
3.92175318054183e-05
3.92172242048708e-05
3.92169166091485e-05
3.92166090182514e-05
3.92163014321793e-05
3.92159938509322e-05
3.92156862745098e-05
3.92153787029121e-05
3.9215071136139e-05
3.92147635741904e-05
3.92144560170661e-05
3.92141484647661e-05
3.92138409172902e-05
3.92135333746383e-05
3.92132258368102e-05
3.9212918303806e-05
3.92126107756254e-05
3.92123032522684e-05
3.92119957337349e-05
3.92116882200246e-05
3.92113807111376e-05
3.92110732070737e-05
3.92107657078327e-05
3.92104582134147e-05
3.92101507238194e-05
3.92098432390467e-05
3.92095357590966e-05
3.92092282839689e-05
3.92089208136635e-05
3.92086133481803e-05
3.92083058875192e-05
3.92079984316801e-05
3.92076909806628e-05
3.92073835344672e-05
3.92070760930933e-05
3.92067686565409e-05
3.92064612248098e-05
3.92061537979001e-05
3.92058463758116e-05
3.92055389585441e-05
3.92052315460975e-05
3.92049241384718e-05
3.92046167356668e-05
3.92043093376824e-05
3.92040019445185e-05
3.9203694556175e-05
3.92033871726517e-05
3.92030797939486e-05
3.92027724200655e-05
3.92024650510024e-05
3.92021576867591e-05
3.92018503273355e-05
3.92015429727314e-05
3.92012356229468e-05
3.92009282779816e-05
3.92006209378357e-05
3.92003136025088e-05
3.9200006272001e-05
3.91996989463121e-05
3.9199391625442e-05
3.91990843093905e-05
3.91987769981577e-05
3.91984696917432e-05
3.91981623901472e-05
3.91978550933693e-05
3.91975478014095e-05
3.91972405142678e-05
3.91969332319439e-05
3.91966259544378e-05
3.91963186817494e-05
3.91960114138785e-05
3.91957041508251e-05
3.91953968925889e-05
3.919508963917e-05
3.91947823905682e-05
3.91944751467833e-05
3.91941679078153e-05
3.91938606736641e-05
3.91935534443295e-05
3.91932462198114e-05
3.91929390001097e-05
3.91926317852244e-05
3.91923245751552e-05
3.91920173699021e-05
3.9191710169465e-05
3.91914029738437e-05
3.91910957830381e-05
3.91907885970482e-05
3.91904814158737e-05
3.91901742395147e-05
3.91898670679709e-05
3.91895599012423e-05
3.91892527393288e-05
3.91889455822302e-05
3.91886384299464e-05
3.91883312824773e-05
3.91880241398229e-05
3.91877170019829e-05
3.91874098689573e-05
3.9187102740746e-05
3.91867956173488e-05
3.91864884987656e-05
3.91861813849964e-05
3.9185874276041e-05
3.91855671718992e-05
3.91852600725711e-05
3.91849529780564e-05
3.91846458883551e-05
3.9184338803467e-05
3.91840317233921e-05
3.91837246481302e-05
3.91834175776811e-05
3.91831105120449e-05
3.91828034512213e-05
3.91824963952103e-05
3.91821893440118e-05
3.91818822976256e-05
3.91815752560516e-05
3.91812682192897e-05
3.91809611873398e-05
3.91806541602019e-05
3.91803471378756e-05
3.91800401203611e-05
3.91797331076581e-05
3.91794260997665e-05
3.91791190966862e-05
3.91788120984172e-05
3.91785051049592e-05
3.91781981163122e-05
3.91778911324761e-05
3.91775841534508e-05
3.9177277179236e-05
3.91769702098319e-05
3.91766632452381e-05
3.91763562854546e-05
3.91760493304813e-05
3.91757423803181e-05
3.91754354349649e-05
3.91751284944215e-05
3.91748215586878e-05
3.91745146277638e-05
3.91742077016492e-05
3.91739007803441e-05
3.91735938638483e-05
3.91732869521616e-05
3.9172980045284e-05
3.91726731432153e-05
3.91723662459555e-05
3.91720593535043e-05
3.91717524658618e-05
3.91714455830278e-05
3.91711387050022e-05
3.91708318317848e-05
3.91705249633756e-05
3.91702180997744e-05
3.91699112409811e-05
3.91696043869957e-05
3.9169297537818e-05
3.91689906934478e-05
3.91686838538851e-05
3.91683770191298e-05
3.91680701891818e-05
3.91677633640409e-05
3.9167456543707e-05
3.916714972818e-05
3.91668429174598e-05
3.91665361115463e-05
3.91662293104394e-05
3.91659225141389e-05
3.91656157226448e-05
3.91653089359569e-05
3.91650021540751e-05
3.91646953769994e-05
3.91643886047295e-05
3.91640818372654e-05
3.9163775074607e-05
3.91634683167541e-05
3.91631615637067e-05
3.91628548154646e-05
3.91625480720278e-05
3.9162241333396e-05
3.91619345995692e-05
3.91616278705473e-05
3.91613211463302e-05
3.91610144269177e-05
3.91607077123098e-05
3.91604010025063e-05
3.91600942975071e-05
3.91597875973121e-05
3.91594809019212e-05
3.91591742113342e-05
3.91588675255512e-05
3.91585608445718e-05
3.91582541683962e-05
3.9157947497024e-05
3.91576408304552e-05
3.91573341686898e-05
3.91570275117275e-05
3.91567208595683e-05
3.91564142122121e-05
3.91561075696587e-05
3.91558009319081e-05
3.915549429896e-05
3.91551876708145e-05
3.91548810474714e-05
3.91545744289305e-05
3.91542678151919e-05
3.91539612062552e-05
3.91536546021206e-05
3.91533480027877e-05
3.91530414082566e-05
3.91527348185271e-05
3.9152428233599e-05
3.91521216534724e-05
3.9151815078147e-05
3.91515085076228e-05
3.91512019418996e-05
3.91508953809774e-05
3.91505888248559e-05
3.91502822735352e-05
3.9149975727015e-05
3.91496691852954e-05
3.91493626483761e-05
3.9149056116257e-05
3.91487495889381e-05
3.91484430664192e-05
3.91481365487003e-05
3.91478300357811e-05
3.91475235276616e-05
3.91472170243417e-05
3.91469105258213e-05
3.91466040321002e-05
3.91462975431784e-05
3.91459910590556e-05
3.91456845797319e-05
3.91453781052071e-05
3.91450716354811e-05
3.91447651705537e-05
3.9144458710425e-05
3.91441522550946e-05
3.91438458045626e-05
3.91435393588288e-05
3.91432329178932e-05
3.91429264817555e-05
3.91426200504157e-05
3.91423136238737e-05
3.91420072021293e-05
3.91417007851825e-05
3.91413943730331e-05
3.91410879656811e-05
3.91407815631263e-05
3.91404751653685e-05
3.91401687724077e-05
3.91398623842439e-05
3.91395560008767e-05
3.91392496223062e-05
3.91389432485323e-05
3.91386368795548e-05
3.91383305153735e-05
3.91380241559885e-05
3.91377178013996e-05
3.91374114516066e-05
3.91371051066095e-05
3.91367987664081e-05
3.91364924310024e-05
3.91361861003921e-05
3.91358797745773e-05
3.91355734535578e-05
3.91352671373335e-05
3.91349608259042e-05
3.91346545192699e-05
3.91343482174304e-05
3.91340419203857e-05
3.91337356281356e-05
3.913342934068e-05
3.91331230580188e-05
3.91328167801518e-05
3.91325105070791e-05
3.91322042388004e-05
3.91318979753156e-05
3.91315917166247e-05
3.91312854627275e-05
3.91309792136238e-05
3.91306729693137e-05
3.9130366729797e-05
3.91300604950735e-05
3.91297542651432e-05
3.91294480400059e-05
3.91291418196616e-05
3.91288356041101e-05
3.91285293933513e-05
3.91282231873851e-05
3.91279169862113e-05
3.912761078983e-05
3.91273045982408e-05
3.91269984114439e-05
3.91266922294389e-05
3.91263860522259e-05
3.91260798798047e-05
3.91257737121752e-05
3.91254675493372e-05
3.91251613912907e-05
3.91248552380356e-05
3.91245490895717e-05
3.9124242945899e-05
3.91239368070173e-05
3.91236306729264e-05
3.91233245436264e-05
3.91230184191171e-05
3.91227122993983e-05
3.912240618447e-05
3.9122100074332e-05
3.91217939689842e-05
3.91214878684266e-05
3.9121181772659e-05
3.91208756816813e-05
3.91205695954933e-05
3.9120263514095e-05
3.91199574374863e-05
3.9119651365667e-05
3.91193452986371e-05
3.91190392363964e-05
3.91187331789447e-05
3.91184271262821e-05
3.91181210784084e-05
3.91178150353234e-05
3.91175089970271e-05
3.91172029635193e-05
3.91168969348e-05
3.91165909108689e-05
3.91162848917261e-05
3.91159788773714e-05
3.91156728678047e-05
3.91153668630258e-05
3.91150608630347e-05
3.91147548678312e-05
3.91144488774153e-05
3.91141428917868e-05
3.91138369109456e-05
3.91135309348916e-05
3.91132249636247e-05
3.91129189971448e-05
3.91126130354517e-05
3.91123070785453e-05
3.91120011264256e-05
3.91116951790925e-05
3.91113892365457e-05
3.91110832987852e-05
3.91107773658109e-05
3.91104714376227e-05
3.91101655142205e-05
3.9109859595604e-05
3.91095536817734e-05
3.91092477727283e-05
3.91089418684688e-05
3.91086359689947e-05
3.91083300743058e-05
3.91080241844022e-05
3.91077182992835e-05
3.91074124189499e-05
3.91071065434011e-05
3.9106800672637e-05
3.91064948066575e-05
3.91061889454625e-05
3.91058830890519e-05
3.91055772374256e-05
3.91052713905835e-05
3.91049655485254e-05
3.91046597112512e-05
3.91043538787609e-05
3.91040480510542e-05
3.91037422281312e-05
3.91034364099917e-05
3.91031305966356e-05
3.91028247880627e-05
3.9102518984273e-05
3.91022131852663e-05
3.91019073910425e-05
3.91016016016016e-05
3.91012958169434e-05
3.91009900370677e-05
3.91006842619746e-05
3.91003784916638e-05
3.91000727261353e-05
3.90997669653889e-05
3.90994612094245e-05
3.90991554582421e-05
3.90988497118415e-05
3.90985439702225e-05
3.90982382333852e-05
3.90979325013293e-05
3.90976267740548e-05
3.90973210515615e-05
3.90970153338494e-05
3.90967096209183e-05
3.90964039127681e-05
3.90960982093987e-05
3.909579251081e-05
3.90954868170018e-05
3.90951811279742e-05
3.90948754437268e-05
3.90945697642597e-05
3.90942640895728e-05
3.90939584196658e-05
3.90936527545388e-05
3.90933470941915e-05
3.90930414386239e-05
3.90927357878359e-05
3.90924301418273e-05
3.90921245005981e-05
3.90918188641481e-05
3.90915132324772e-05
3.90912076055854e-05
3.90909019834724e-05
3.90905963661382e-05
3.90902907535826e-05
3.90899851458056e-05
3.90896795428071e-05
3.90893739445869e-05
3.90890683511449e-05
3.9088762762481e-05
3.90884571785952e-05
3.90881515994872e-05
3.90878460251569e-05
3.90875404556044e-05
3.90872348908294e-05
3.90869293308318e-05
3.90866237756115e-05
3.90863182251685e-05
3.90860126795025e-05
3.90857071386136e-05
3.90854016025015e-05
3.90850960711661e-05
3.90847905446075e-05
3.90844850228253e-05
3.90841795058196e-05
3.90838739935902e-05
3.90835684861371e-05
3.908326298346e-05
3.90829574855588e-05
3.90826519924336e-05
3.90823465040841e-05
3.90820410205103e-05
3.90817355417119e-05
3.9081430067689e-05
3.90811245984414e-05
3.9080819133969e-05
3.90805136742717e-05
3.90802082193494e-05
3.90799027692019e-05
3.90795973238292e-05
3.90792918832311e-05
3.90789864474075e-05
3.90786810163583e-05
3.90783755900835e-05
3.90780701685828e-05
3.90777647518562e-05
3.90774593399036e-05
3.90771539327248e-05
3.90768485303197e-05
3.90765431326883e-05
3.90762377398304e-05
3.90759323517459e-05
3.90756269684347e-05
3.90753215898967e-05
3.90750162161317e-05
3.90747108471397e-05
3.90744054829206e-05
3.90741001234742e-05
3.90737947688004e-05
3.90734894188991e-05
3.90731840737702e-05
3.90728787334136e-05
3.90725733978291e-05
3.90722680670168e-05
3.90719627409763e-05
3.90716574197077e-05
3.90713521032109e-05
3.90710467914856e-05
3.90707414845319e-05
3.90704361823495e-05
3.90701308849385e-05
3.90698255922986e-05
3.90695203044297e-05
3.90692150213318e-05
3.90689097430047e-05
3.90686044694484e-05
3.90682992006626e-05
3.90679939366473e-05
3.90676886774025e-05
3.90673834229279e-05
3.90670781732234e-05
3.9066772928289e-05
3.90664676881246e-05
3.90661624527299e-05
3.9065857222105e-05
3.90655519962497e-05
3.90652467751639e-05
3.90649415588474e-05
3.90646363473002e-05
3.90643311405222e-05
3.90640259385132e-05
3.90637207412732e-05
3.90634155488019e-05
3.90631103610994e-05
3.90628051781655e-05
3.90625e-05
3.90621948266029e-05
3.90618896579741e-05
3.90615844941134e-05
3.90612793350208e-05
3.90609741806961e-05
3.90606690311392e-05
3.906036388635e-05
3.90600587463284e-05
3.90597536110742e-05
3.90594484805875e-05
3.90591433548679e-05
3.90588382339156e-05
3.90585331177302e-05
3.90582280063118e-05
3.90579228996602e-05
3.90576177977753e-05
3.90573127006569e-05
3.90570076083051e-05
3.90567025207196e-05
3.90563974379003e-05
3.90560923598472e-05
3.90557872865601e-05
3.90554822180389e-05
3.90551771542836e-05
3.90548720952939e-05
3.90545670410698e-05
3.90542619916111e-05
3.90539569469179e-05
3.90536519069898e-05
3.90533468718269e-05
3.9053041841429e-05
3.90527368157961e-05
3.90524317949279e-05
3.90521267788244e-05
3.90518217674855e-05
3.9051516760911e-05
3.90512117591009e-05
3.9050906762055e-05
3.90506017697733e-05
3.90502967822555e-05
3.90499917995017e-05
3.90496868215117e-05
3.90493818482853e-05
3.90490768798226e-05
3.90487719161232e-05
3.90484669571873e-05
3.90481620030145e-05
3.90478570536049e-05
3.90475521089583e-05
3.90472471690746e-05
3.90469422339537e-05
3.90466373035954e-05
3.90463323779997e-05
3.90460274571665e-05
3.90457225410956e-05
3.9045417629787e-05
3.90451127232404e-05
3.90448078214559e-05
3.90445029244333e-05
3.90441980321724e-05
3.90438931446732e-05
3.90435882619356e-05
3.90432833839595e-05
3.90429785107446e-05
3.9042673642291e-05
3.90423687785985e-05
3.9042063919667e-05
3.90417590654965e-05
3.90414542160866e-05
3.90411493714375e-05
3.90408445315489e-05
3.90405396964208e-05
3.9040234866053e-05
3.90399300404454e-05
3.90396252195979e-05
3.90393204035104e-05
3.90390155921828e-05
3.9038710785615e-05
3.90384059838069e-05
3.90381011867583e-05
3.90377963944691e-05
3.90374916069393e-05
3.90371868241687e-05
3.90368820461572e-05
3.90365772729047e-05
3.90362725044111e-05
3.90359677406763e-05
3.90356629817001e-05
3.90353582274825e-05
3.90350534780233e-05
3.90347487333224e-05
3.90344439933798e-05
3.90341392581952e-05
3.90338345277687e-05
3.90335298021e-05
3.90332250811891e-05
3.90329203650359e-05
3.90326156536402e-05
3.90323109470019e-05
3.9032006245121e-05
3.90317015479973e-05
3.90313968556307e-05
3.9031092168021e-05
3.90307874851683e-05
3.90304828070723e-05
3.9030178133733e-05
3.90298734651502e-05
3.90295688013239e-05
3.90292641422539e-05
3.90289594879401e-05
3.90286548383823e-05
3.90283501935806e-05
3.90280455535348e-05
3.90277409182447e-05
3.90274362877103e-05
3.90271316619314e-05
3.90268270409079e-05
3.90265224246398e-05
3.90262178131269e-05
3.9025913206369e-05
3.90256086043662e-05
3.90253040071182e-05
3.9024999414625e-05
3.90246948268865e-05
3.90243902439024e-05
3.90240856656729e-05
3.90237810921976e-05
3.90234765234765e-05
3.90231719595096e-05
3.90228674002966e-05
3.90225628458375e-05
3.90222582961321e-05
3.90219537511804e-05
3.90216492109823e-05
3.90213446755375e-05
3.90210401448461e-05
3.90207356189079e-05
3.90204310977228e-05
3.90201265812906e-05
3.90198220696114e-05
3.90195175626849e-05
3.9019213060511e-05
3.90189085630897e-05
3.90186040704208e-05
3.90182995825042e-05
3.90179950993398e-05
3.90176906209275e-05
3.90173861472672e-05
3.90170816783588e-05
3.90167772142021e-05
3.90164727547971e-05
3.90161683001436e-05
3.90158638502415e-05
3.90155594050907e-05
3.90152549646912e-05
3.90149505290427e-05
3.90146460981452e-05
3.90143416719986e-05
3.90140372506028e-05
3.90137328339576e-05
3.90134284220629e-05
3.90131240149186e-05
3.90128196125247e-05
3.90125152148809e-05
3.90122108219873e-05
3.90119064338436e-05
3.90116020504498e-05
3.90112976718058e-05
3.90109932979114e-05
3.90106889287665e-05
3.9010384564371e-05
3.90100802047249e-05
3.9009775849828e-05
3.90094714996801e-05
3.90091671542813e-05
3.90088628136313e-05
3.900855847773e-05
3.90082541465774e-05
3.90079498201734e-05
3.90076454985177e-05
3.90073411816104e-05
3.90070368694512e-05
3.90067325620402e-05
3.90064282593771e-05
3.9006123961462e-05
3.90058196682945e-05
3.90055153798747e-05
3.90052110962025e-05
3.90049068172776e-05
3.90046025431001e-05
3.90042982736698e-05
3.90039940089865e-05
3.90036897490503e-05
3.90033854938609e-05
3.90030812434182e-05
3.90027769977222e-05
3.90024727567728e-05
3.90021685205697e-05
3.9001864289113e-05
3.90015600624025e-05
3.90012558404381e-05
3.90009516232196e-05
3.9000647410747e-05
3.90003432030202e-05
3.9000039000039e-05
3.89997348018033e-05
3.89994306083131e-05
3.89991264195682e-05
3.89988222355685e-05
3.89985180563139e-05
3.89982138818042e-05
3.89979097120394e-05
3.89976055470194e-05
3.8997301386744e-05
3.89969972312132e-05
3.89966930804268e-05
3.89963889343847e-05
3.89960847930868e-05
3.8995780656533e-05
3.89954765247231e-05
3.89951723976572e-05
3.8994868275335e-05
3.89945641577564e-05
3.89942600449214e-05
3.89939559368298e-05
3.89936518334815e-05
3.89933477348764e-05
3.89930436410144e-05
3.89927395518954e-05
3.89924354675193e-05
3.89921313878859e-05
3.89918273129952e-05
3.8991523242847e-05
3.89912191774412e-05
3.89909151167778e-05
3.89906110608565e-05
3.89903070096774e-05
3.89900029632402e-05
3.89896989215449e-05
3.89893948845914e-05
3.89890908523795e-05
3.89887868249092e-05
3.89884828021802e-05
3.89881787841926e-05
3.89878747709462e-05
3.89875707624409e-05
3.89872667586766e-05
3.89869627596532e-05
3.89866587653705e-05
3.89863547758285e-05
3.8986050791027e-05
3.89857468109659e-05
3.89854428356452e-05
3.89851388650646e-05
3.89848348992242e-05
3.89845309381238e-05
3.89842269817632e-05
3.89839230301424e-05
3.89836190832612e-05
3.89833151411196e-05
3.89830112037174e-05
3.89827072710546e-05
3.89824033431309e-05
3.89820994199464e-05
3.89817955015008e-05
3.89814915877941e-05
3.89811876788262e-05
3.89808837745969e-05
3.89805798751062e-05
3.89802759803539e-05
3.897997209034e-05
3.89796682050642e-05
3.89793643245266e-05
3.89790604487269e-05
3.89787565776652e-05
3.89784527113412e-05
3.89781488497548e-05
3.8977844992906e-05
3.89775411407947e-05
3.89772372934206e-05
3.89769334507838e-05
3.89766296128841e-05
3.89763257797214e-05
3.89760219512956e-05
3.89757181276065e-05
3.89754143086541e-05
3.89751104944383e-05
3.89748066849588e-05
3.89745028802158e-05
3.89741990802089e-05
3.89738952849381e-05
3.89735914944034e-05
3.89732877086045e-05
3.89729839275414e-05
3.8972680151214e-05
3.89723763796221e-05
3.89720726127657e-05
3.89717688506446e-05
3.89714650932587e-05
3.8971161340608e-05
3.89708575926922e-05
3.89705538495113e-05
3.89702501110652e-05
3.89699463773538e-05
3.89696426483769e-05
3.89693389241345e-05
3.89690352046264e-05
3.89687314898525e-05
3.89684277798128e-05
3.89681240745071e-05
3.89678203739352e-05
3.89675166780971e-05
3.89672129869927e-05
3.89669093006219e-05
3.89666056189845e-05
3.89663019420805e-05
3.89659982699097e-05
3.8965694602472e-05
3.89653909397673e-05
3.89650872817955e-05
3.89647836285565e-05
3.89644799800502e-05
3.89641763362764e-05
3.89638726972351e-05
3.89635690629262e-05
3.89632654333494e-05
3.89629618085048e-05
3.89626581883922e-05
3.89623545730116e-05
3.89620509623627e-05
3.89617473564454e-05
3.89614437552598e-05
3.89611401588056e-05
3.89608365670828e-05
3.89605329800912e-05
3.89602293978307e-05
3.89599258203012e-05
3.89596222475027e-05
3.89593186794349e-05
3.89590151160979e-05
3.89587115574914e-05
3.89584080036153e-05
3.89581044544697e-05
3.89578009100542e-05
3.89574973703689e-05
3.89571938354136e-05
3.89568903051883e-05
3.89565867796927e-05
3.89562832589268e-05
3.89559797428905e-05
3.89556762315837e-05
3.89553727250062e-05
3.8955069223158e-05
3.89547657260389e-05
3.89544622336489e-05
3.89541587459877e-05
3.89538552630554e-05
3.89535517848517e-05
3.89532483113767e-05
3.89529448426301e-05
3.89526413786119e-05
3.89523379193219e-05
3.89520344647601e-05
3.89517310149263e-05
3.89514275698204e-05
3.89511241294424e-05
3.8950820693792e-05
3.89505172628693e-05
3.8950213836674e-05
3.8949910415206e-05
3.89496069984654e-05
3.89493035864519e-05
3.89490001791654e-05
3.89486967766059e-05
3.89483933787731e-05
3.89480899856671e-05
3.89477865972877e-05
3.89474832136347e-05
3.89471798347082e-05
3.89468764605079e-05
3.89465730910337e-05
3.89462697262856e-05
3.89459663662634e-05
3.89456630109671e-05
3.89453596603965e-05
3.89450563145514e-05
3.89447529734319e-05
3.89444496370377e-05
3.89441463053688e-05
3.89438429784251e-05
3.89435396562064e-05
3.89432363387127e-05
3.89429330259438e-05
3.89426297178996e-05
3.894232641458e-05
3.89420231159849e-05
3.89417198221142e-05
3.89414165329678e-05
3.89411132485455e-05
3.89408099688474e-05
3.89405066938731e-05
3.89402034236227e-05
3.8939900158096e-05
3.89395968972929e-05
3.89392936412133e-05
3.89389903898572e-05
3.89386871432243e-05
3.89383839013146e-05
3.89380806641279e-05
3.89377774316642e-05
3.89374742039233e-05
3.89371709809052e-05
3.89368677626097e-05
3.89365645490367e-05
3.89362613401861e-05
3.89359581360578e-05
3.89356549366517e-05
3.89353517419676e-05
3.89350485520055e-05
3.89347453667653e-05
3.89344421862468e-05
3.89341390104499e-05
3.89338358393746e-05
3.89335326730206e-05
3.8933229511388e-05
3.89329263544765e-05
3.89326232022861e-05
3.89323200548167e-05
3.89320169120681e-05
3.89317137740403e-05
3.89314106407332e-05
3.89311075121465e-05
3.89308043882803e-05
3.89305012691343e-05
3.89301981547086e-05
3.8929895045003e-05
3.89295919400173e-05
3.89292888397515e-05
3.89289857442054e-05
3.8928682653379e-05
3.89283795672721e-05
3.89280764858847e-05
3.89277734092165e-05
3.89274703372676e-05
3.89271672700378e-05
3.89268642075269e-05
3.89265611497349e-05
3.89262580966617e-05
3.89259550483071e-05
3.89256520046711e-05
3.89253489657535e-05
3.89250459315542e-05
3.89247429020731e-05
3.89244398773102e-05
3.89241368572652e-05
3.89238338419381e-05
3.89235308313288e-05
3.89232278254371e-05
3.8922924824263e-05
3.89226218278063e-05
3.8922318836067e-05
3.89220158490449e-05
3.89217128667398e-05
3.89214098891518e-05
3.89211069162807e-05
3.89208039481264e-05
3.89205009846887e-05
3.89201980259676e-05
3.89198950719629e-05
3.89195921226746e-05
3.89192891781024e-05
3.89189862382465e-05
3.89186833031065e-05
3.89183803726824e-05
3.89180774469741e-05
3.89177745259815e-05
3.89174716097045e-05
3.89171686981429e-05
3.89168657912966e-05
3.89165628891656e-05
3.89162599917498e-05
3.89159570990489e-05
3.89156542110629e-05
3.89153513277918e-05
3.89150484492353e-05
3.89147455753934e-05
3.8914442706266e-05
3.89141398418529e-05
3.89138369821541e-05
3.89135341271694e-05
3.89132312768988e-05
3.8912928431342e-05
3.89126255904991e-05
3.89123227543699e-05
3.89120199229542e-05
3.8911717096252e-05
3.89114142742632e-05
3.89111114569877e-05
3.89108086444253e-05
3.89105058365759e-05
3.89102030334394e-05
3.89099002350158e-05
3.89095974413049e-05
3.89092946523065e-05
3.89089918680207e-05
3.89086890884472e-05
3.8908386313586e-05
3.8908083543437e-05
3.8907780778e-05
3.89074780172749e-05
3.89071752612617e-05
3.89068725099602e-05
3.89065697633702e-05
3.89062670214918e-05
3.89059642843248e-05
3.8905661551869e-05
3.89053588241244e-05
3.89050561010909e-05
3.89047533827683e-05
3.89044506691566e-05
3.89041479602555e-05
3.89038452560651e-05
3.89035425565852e-05
3.89032398618157e-05
3.89029371717565e-05
3.89026344864074e-05
3.89023318057684e-05
3.89020291298394e-05
3.89017264586202e-05
3.89014237921108e-05
3.8901121130311e-05
3.89008184732207e-05
3.89005158208398e-05
3.89002131731682e-05
3.88999105302058e-05
3.88996078919524e-05
3.88993052584081e-05
3.88990026295726e-05
3.88987000054458e-05
3.88983973860277e-05
3.88980947713181e-05
3.88977921613169e-05
3.88974895560241e-05
3.88971869554394e-05
3.88968843595628e-05
3.88965817683942e-05
3.88962791819335e-05
3.88959766001805e-05
3.88956740231351e-05
3.88953714507974e-05
3.8895068883167e-05
3.88947663202439e-05
3.88944637620281e-05
3.88941612085194e-05
3.88938586597176e-05
3.88935561156228e-05
3.88932535762347e-05
3.88929510415532e-05
3.88926485115783e-05
3.88923459863099e-05
3.88920434657478e-05
3.88917409498919e-05
3.88914384387421e-05
3.88911359322983e-05
3.88908334305604e-05
3.88905309335283e-05
3.88902284412019e-05
3.8889925953581e-05
3.88896234706656e-05
3.88893209924555e-05
3.88890185189506e-05
3.88887160501509e-05
3.88884135860562e-05
3.88881111266664e-05
3.88878086719813e-05
3.8887506222001e-05
3.88872037767252e-05
3.88869013361539e-05
3.8886598900287e-05
3.88862964691243e-05
3.88859940426657e-05
3.88856916209112e-05
3.88853892038605e-05
3.88850867915137e-05
3.88847843838706e-05
3.88844819809311e-05
3.8884179582695e-05
3.88838771891623e-05
3.88835748003328e-05
3.88832724162065e-05
3.88829700367833e-05
3.8882667662063e-05
3.88823652920454e-05
3.88820629267306e-05
3.88817605661184e-05
3.88814582102087e-05
3.88811558590014e-05
3.88808535124963e-05
3.88805511706934e-05
3.88802488335925e-05
3.88799465011936e-05
3.88796441734965e-05
3.88793418505012e-05
3.88790395322074e-05
3.88787372186151e-05
3.88784349097243e-05
3.88781326055347e-05
3.88778303060463e-05
3.88775280112589e-05
3.88772257211725e-05
3.8876923435787e-05
3.88766211551022e-05
3.8876318879118e-05
3.88760166078343e-05
3.8875714341251e-05
3.8875412079368e-05
3.88751098221853e-05
3.88748075697025e-05
3.88745053219198e-05
3.88742030788369e-05
3.88739008404537e-05
3.88735986067702e-05
3.88732963777862e-05
3.88729941535017e-05
3.88726919339164e-05
3.88723897190304e-05
3.88720875088434e-05
3.88717853033554e-05
3.88714831025663e-05
3.88711809064759e-05
3.88708787150842e-05
3.88705765283911e-05
3.88702743463963e-05
3.88699721690999e-05
3.88696699965017e-05
3.88693678286016e-05
3.88690656653995e-05
3.88687635068953e-05
3.88684613530889e-05
3.88681592039801e-05
3.88678570595689e-05
3.88675549198551e-05
3.88672527848387e-05
3.88669506545195e-05
3.88666485288973e-05
3.88663464079723e-05
3.88660442917441e-05
3.88657421802127e-05
3.88654400733779e-05
3.88651379712398e-05
3.88648358737981e-05
3.88645337810528e-05
3.88642316930037e-05
3.88639296096507e-05
3.88636275309937e-05
3.88633254570327e-05
3.88630233877675e-05
3.88627213231979e-05
3.8862419263324e-05
3.88621172081455e-05
3.88618151576624e-05
3.88615131118745e-05
3.88612110707818e-05
3.88609090343841e-05
3.88606070026814e-05
3.88603049756734e-05
3.88600029533602e-05
3.88597009357416e-05
3.88593989228175e-05
3.88590969145877e-05
3.88587949110522e-05
3.88584929122109e-05
3.88581909180636e-05
3.88578889286103e-05
3.88575869438508e-05
3.8857284963785e-05
3.88569829884128e-05
3.88566810177342e-05
3.88563790517489e-05
3.88560770904569e-05
3.88557751338581e-05
3.88554731819524e-05
3.88551712347396e-05
3.88548692922197e-05
3.88545673543925e-05
3.88542654212579e-05
3.88539634928159e-05
3.88536615690663e-05
3.88533596500089e-05
3.88530577356438e-05
3.88527558259707e-05
3.88524539209896e-05
3.88521520207004e-05
3.8851850125103e-05
3.88515482341971e-05
3.88512463479828e-05
3.885094446646e-05
3.88506425896284e-05
3.88503407174881e-05
3.88500388500389e-05
3.88497369872806e-05
3.88494351292132e-05
3.88491332758366e-05
3.88488314271507e-05
3.88485295831553e-05
3.88482277438503e-05
3.88479259092357e-05
3.88476240793113e-05
3.8847322254077e-05
3.88470204335328e-05
3.88467186176784e-05
3.88464168065138e-05
3.88461150000388e-05
3.88458131982535e-05
3.88455114011576e-05
3.8845209608751e-05
3.88449078210337e-05
3.88446060380056e-05
3.88443042596664e-05
3.88440024860162e-05
3.88437007170547e-05
3.8843398952782e-05
3.88430971931978e-05
3.88427954383021e-05
3.88424936880948e-05
3.88421919425757e-05
3.88418902017448e-05
3.88415884656019e-05
3.88412867341469e-05
3.88409850073798e-05
3.88406832853004e-05
3.88403815679085e-05
3.88400798552042e-05
3.88397781471872e-05
3.88394764438575e-05
3.8839174745215e-05
3.88388730512595e-05
3.8838571361991e-05
3.88382696774093e-05
3.88379679975144e-05
3.8837666322306e-05
3.88373646517842e-05
3.88370629859488e-05
3.88367613247996e-05
3.88364596683366e-05
3.88361580165597e-05
3.88358563694688e-05
3.88355547270637e-05
3.88352530893444e-05
3.88349514563107e-05
3.88346498279625e-05
3.88343482042997e-05
3.88340465853223e-05
3.883374497103e-05
3.88334433614229e-05
3.88331417565007e-05
3.88328401562634e-05
3.88325385607108e-05
3.88322369698429e-05
3.88319353836595e-05
3.88316338021606e-05
3.8831332225346e-05
3.88310306532156e-05
3.88307290857693e-05
3.8830427523007e-05
3.88301259649286e-05
3.8829824411534e-05
3.88295228628231e-05
3.88292213187957e-05
3.88289197794517e-05
3.88286182447911e-05
3.88283167148138e-05
3.88280151895195e-05
3.88277136689083e-05
3.882741215298e-05
3.88271106417345e-05
3.88268091351717e-05
3.88265076332914e-05
3.88262061360936e-05
3.88259046435782e-05
3.8825603155745e-05
3.8825301672594e-05
3.8825000194125e-05
3.88246987203379e-05
3.88243972512327e-05
3.88240957868091e-05
3.88237943270672e-05
3.88234928720067e-05
3.88231914216276e-05
3.88228899759298e-05
3.88225885349132e-05
3.88222870985776e-05
3.88219856669229e-05
3.88216842399491e-05
3.8821382817656e-05
3.88210814000435e-05
3.88207799871115e-05
3.88204785788599e-05
3.88201771752886e-05
3.88198757763975e-05
3.88195743821865e-05
3.88192729926554e-05
3.88189716078042e-05
3.88186702276327e-05
3.88183688521408e-05
3.88180674813285e-05
3.88177661151956e-05
3.8817464753742e-05
3.88171633969676e-05
3.88168620448723e-05
3.8816560697456e-05
3.88162593547185e-05
3.88159580166598e-05
3.88156566832798e-05
3.88153553545783e-05
3.88150540305552e-05
3.88147527112105e-05
3.8814451396544e-05
3.88141500865556e-05
3.88138487812451e-05
3.88135474806126e-05
3.88132461846579e-05
3.88129448933808e-05
3.88126436067813e-05
3.88123423248593e-05
3.88120410476146e-05
3.88117397750472e-05
3.88114385071568e-05
3.88111372439435e-05
3.88108359854071e-05
3.88105347315475e-05
3.88102334823646e-05
3.88099322378583e-05
3.88096309980285e-05
3.8809329762875e-05
3.88090285323978e-05
3.88087273065967e-05
3.88084260854717e-05
3.88081248690226e-05
3.88078236572493e-05
3.88075224501517e-05
3.88072212477298e-05
3.88069200499833e-05
3.88066188569122e-05
3.88063176685164e-05
3.88060164847958e-05
3.88057153057502e-05
3.88054141313796e-05
3.88051129616838e-05
3.88048117966628e-05
3.88045106363164e-05
3.88042094806445e-05
3.8803908329647e-05
3.88036071833238e-05
3.88033060416748e-05
3.88030049046998e-05
3.88027037723989e-05
3.88024026447718e-05
3.88021015218184e-05
3.88018004035387e-05
3.88014992899326e-05
3.88011981809998e-05
3.88008970767404e-05
3.88005959771542e-05
3.88002948822411e-05
3.8799993792001e-05
3.87996927064338e-05
3.87993916255393e-05
3.87990905493175e-05
3.87987894777683e-05
3.87984884108915e-05
3.87981873486871e-05
3.87978862911549e-05
3.87975852382948e-05
3.87972841901067e-05
3.87969831465905e-05
3.87966821077461e-05
3.87963810735735e-05
3.87960800440723e-05
3.87957790192427e-05
3.87954779990844e-05
3.87951769835974e-05
3.87948759727815e-05
3.87945749666367e-05
3.87942739651627e-05
3.87939729683596e-05
3.87936719762272e-05
3.87933709887654e-05
3.87930700059741e-05
3.87927690278532e-05
3.87924680544026e-05
3.87921670856221e-05
3.87918661215116e-05
3.87915651620712e-05
3.87912642073005e-05
3.87909632571996e-05
3.87906623117683e-05
3.87903613710065e-05
3.87900604349142e-05
3.87897595034911e-05
3.87894585767372e-05
3.87891576546524e-05
3.87888567372365e-05
3.87885558244895e-05
3.87882549164113e-05
3.87879540130017e-05
3.87876531142607e-05
3.8787352220188e-05
3.87870513307837e-05
3.87867504460476e-05
3.87864495659796e-05
3.87861486905796e-05
3.87858478198475e-05
3.87855469537831e-05
3.87852460923865e-05
3.87849452356573e-05
3.87846443835956e-05
3.87843435362013e-05
3.87840426934742e-05
3.87837418554142e-05
3.87834410220212e-05
3.87831401932952e-05
3.87828393692359e-05
3.87825385498433e-05
3.87822377351173e-05
3.87819369250578e-05
3.87816361196646e-05
3.87813353189377e-05
3.87810345228769e-05
3.87807337314822e-05
3.87804329447534e-05
3.87801321626904e-05
3.87798313852931e-05
3.87795306125615e-05
3.87792298444953e-05
3.87789290810945e-05
3.8778628322359e-05
3.87783275682886e-05
3.87780268188834e-05
3.8777726074143e-05
3.87774253340675e-05
3.87771245986568e-05
3.87768238679106e-05
3.8776523141829e-05
3.87762224204118e-05
3.87759217036589e-05
3.87756209915702e-05
3.87753202841455e-05
3.87750195813849e-05
3.87747188832881e-05
3.87744181898551e-05
3.87741175010857e-05
3.87738168169798e-05
3.87735161375374e-05
3.87732154627583e-05
3.87729147926424e-05
3.87726141271897e-05
3.87723134663999e-05
3.8772012810273e-05
3.87717121588089e-05
3.87714115120075e-05
3.87711108698686e-05
3.87708102323922e-05
3.87705095995782e-05
3.87702089714264e-05
3.87699083479367e-05
3.8769607729109e-05
3.87693071149432e-05
3.87690065054393e-05
3.8768705900597e-05
3.87684053004164e-05
3.87681047048972e-05
3.87678041140394e-05
3.87675035278428e-05
3.87672029463074e-05
3.87669023694331e-05
3.87666017972197e-05
3.87663012296671e-05
3.87660006667752e-05
3.8765700108544e-05
3.87653995549732e-05
3.87650990060629e-05
3.87647984618128e-05
3.87644979222229e-05
3.87641973872931e-05
3.87638968570232e-05
3.87635963314132e-05
3.8763295810463e-05
3.87629952941724e-05
3.87626947825413e-05
3.87623942755696e-05
3.87620937732573e-05
3.87617932756041e-05
3.876149278261e-05
3.8761192294275e-05
3.87608918105988e-05
3.87605913315814e-05
3.87602908572226e-05
3.87599903875224e-05
3.87596899224806e-05
3.87593894620972e-05
3.8759089006372e-05
3.87587885553049e-05
3.87584881088958e-05
3.87581876671447e-05
3.87578872300513e-05
3.87575867976156e-05
3.87572863698375e-05
3.87569859467169e-05
3.87566855282536e-05
3.87563851144476e-05
3.87560847052987e-05
3.87557843008069e-05
3.8755483900972e-05
3.87551835057939e-05
3.87548831152725e-05
3.87545827294078e-05
3.87542823481995e-05
3.87539819716476e-05
3.8753681599752e-05
3.87533812325125e-05
3.87530808699292e-05
3.87527805120017e-05
3.87524801587302e-05
3.87521798101143e-05
3.87518794661541e-05
3.87515791268494e-05
3.87512787922001e-05
3.87509784622062e-05
3.87506781368674e-05
3.87503778161837e-05
3.8750077500155e-05
3.87497771887812e-05
3.87494768820621e-05
3.87491765799977e-05
3.87488762825878e-05
3.87485759898324e-05
3.87482757017313e-05
3.87479754182844e-05
3.87476751394916e-05
3.87473748653529e-05
3.8747074595868e-05
3.87467743310369e-05
3.87464740708596e-05
3.87461738153357e-05
3.87458735644654e-05
3.87455733182484e-05
3.87452730766846e-05
3.8744972839774e-05
3.87446726075165e-05
3.87443723799118e-05
3.874407215696e-05
3.87437719386609e-05
3.87434717250143e-05
3.87431715160203e-05
3.87428713116787e-05
3.87425711119893e-05
3.87422709169521e-05
3.87419707265669e-05
3.87416705408337e-05
3.87413703597524e-05
3.87410701833227e-05
3.87407700115448e-05
3.87404698444183e-05
3.87401696819432e-05
3.87398695241194e-05
3.87395693709469e-05
3.87392692224254e-05
3.87389690785549e-05
3.87386689393352e-05
3.87383688047664e-05
3.87380686748481e-05
3.87377685495805e-05
3.87374684289632e-05
3.87371683129963e-05
3.87368682016796e-05
3.87365680950131e-05
3.87362679929965e-05
3.87359678956298e-05
3.87356678029129e-05
3.87353677148457e-05
3.87350676314281e-05
3.87347675526599e-05
3.87344674785411e-05
3.87341674090715e-05
3.87338673442511e-05
3.87335672840797e-05
3.87332672285573e-05
3.87329671776836e-05
3.87326671314587e-05
3.87323670898823e-05
3.87320670529545e-05
3.8731767020675e-05
3.87314669930438e-05
3.87311669700608e-05
3.87308669517258e-05
3.87305669380388e-05
3.87302669289997e-05
3.87299669246082e-05
3.87296669248644e-05
3.87293669297682e-05
3.87290669393193e-05
3.87287669535177e-05
3.87284669723634e-05
3.87281669958561e-05
3.87278670239958e-05
3.87275670567824e-05
3.87272670942157e-05
3.87269671362957e-05
3.87266671830222e-05
3.87263672343952e-05
3.87260672904145e-05
3.87257673510801e-05
3.87254674163917e-05
3.87251674863494e-05
3.87248675609529e-05
3.87245676402023e-05
3.87242677240973e-05
3.8723967812638e-05
3.8723667905824e-05
3.87233680036555e-05
3.87230681061322e-05
3.8722768213254e-05
3.87224683250209e-05
3.87221684414327e-05
3.87218685624894e-05
3.87215686881907e-05
3.87212688185366e-05
3.87209689535271e-05
3.87206690931619e-05
3.8720369237441e-05
3.87200693863643e-05
3.87197695399317e-05
3.8719469698143e-05
3.87191698609982e-05
3.87188700284971e-05
3.87185702006396e-05
3.87182703774257e-05
3.87179705588552e-05
3.8717670744928e-05
3.8717370935644e-05
3.87170711310031e-05
3.87167713310052e-05
3.87164715356501e-05
3.87161717449379e-05
3.87158719588683e-05
3.87155721774412e-05
3.87152724006566e-05
3.87149726285144e-05
3.87146728610143e-05
3.87143730981564e-05
3.87140733399405e-05
3.87137735863666e-05
3.87134738374344e-05
3.87131740931439e-05
3.8712874353495e-05
3.87125746184876e-05
3.87122748881215e-05
3.87119751623967e-05
3.87116754413131e-05
3.87113757248705e-05
3.87110760130689e-05
3.8710776305908e-05
3.87104766033879e-05
3.87101769055085e-05
3.87098772122695e-05
3.87095775236709e-05
3.87092778397126e-05
3.87089781603945e-05
3.87086784857165e-05
3.87083788156784e-05
3.87080791502802e-05
3.87077794895218e-05
3.8707479833403e-05
3.87071801819237e-05
3.87068805350839e-05
3.87065808928834e-05
3.87062812553221e-05
3.87059816223999e-05
3.87056819941167e-05
3.87053823704724e-05
3.87050827514669e-05
3.87047831371001e-05
3.87044835273718e-05
3.8704183922282e-05
3.87038843218305e-05
3.87035847260173e-05
3.87032851348422e-05
3.87029855483052e-05
3.87026859664061e-05
3.87023863891448e-05
3.87020868165211e-05
3.87017872485351e-05
3.87014876851866e-05
3.87011881264755e-05
3.87008885724016e-05
3.87005890229649e-05
3.87002894781653e-05
3.86999899380026e-05
3.86996904024768e-05
3.86993908715877e-05
3.86990913453352e-05
3.86987918237193e-05
3.86984923067397e-05
3.86981927943965e-05
3.86978932866895e-05
3.86975937836185e-05
3.86972942851836e-05
3.86969947913845e-05
3.86966953022212e-05
3.86963958176935e-05
3.86960963378014e-05
3.86957968625448e-05
3.86954973919235e-05
3.86951979259374e-05
3.86948984645864e-05
3.86945990078705e-05
3.86942995557894e-05
3.86940001083432e-05
3.86937006655317e-05
3.86934012273547e-05
3.86931017938122e-05
3.86928023649041e-05
3.86925029406302e-05
3.86922035209905e-05
3.86919041059849e-05
3.86916046956131e-05
3.86913052898753e-05
3.86910058887711e-05
3.86907064923006e-05
3.86904071004635e-05
3.86901077132599e-05
3.86898083306895e-05
3.86895089527524e-05
3.86892095794483e-05
3.86889102107772e-05
3.86886108467389e-05
3.86883114873334e-05
3.86880121325606e-05
3.86877127824203e-05
3.86874134369124e-05
3.86871140960369e-05
3.86868147597936e-05
3.86865154281824e-05
3.86862161012031e-05
3.86859167788558e-05
3.86856174611403e-05
3.86853181480564e-05
3.86850188396042e-05
3.86847195357834e-05
3.86844202365939e-05
3.86841209420357e-05
3.86838216521087e-05
3.86835223668126e-05
3.86832230861475e-05
3.86829238101133e-05
3.86826245387097e-05
3.86823252719367e-05
3.86820260097943e-05
3.86817267522822e-05
3.86814274994004e-05
3.86811282511488e-05
3.86808290075273e-05
3.86805297685357e-05
3.8680230534174e-05
3.8679931304442e-05
3.86796320793397e-05
3.86793328588669e-05
3.86790336430235e-05
3.86787344318094e-05
3.86784352252245e-05
3.86781360232688e-05
3.8677836825942e-05
3.86775376332441e-05
3.8677238445175e-05
3.86769392617346e-05
3.86766400829227e-05
3.86763409087393e-05
3.86760417391842e-05
3.86757425742574e-05
3.86754434139587e-05
3.86751442582881e-05
3.86748451072453e-05
3.86745459608304e-05
3.86742468190432e-05
3.86739476818836e-05
3.86736485493514e-05
3.86733494214467e-05
3.86730502981692e-05
3.86727511795189e-05
3.86724520654957e-05
3.86721529560994e-05
3.86718538513299e-05
3.86715547511872e-05
3.86712556556711e-05
3.86709565647816e-05
3.86706574785184e-05
3.86703583968816e-05
3.8670059319871e-05
3.86697602474865e-05
3.86694611797279e-05
3.86691621165953e-05
3.86688630580884e-05
3.86685640042071e-05
3.86682649549515e-05
3.86679659103213e-05
3.86676668703164e-05
3.86673678349367e-05
3.86670688041822e-05
3.86667697780527e-05
3.86664707565482e-05
3.86661717396684e-05
3.86658727274133e-05
3.86655737197829e-05
3.86652747167769e-05
3.86649757183952e-05
3.86646767246379e-05
3.86643777355047e-05
3.86640787509956e-05
3.86637797711104e-05
3.86634807958491e-05
3.86631818252115e-05
3.86628828591975e-05
3.86625838978071e-05
3.866228494104e-05
3.86619859888963e-05
3.86616870413757e-05
3.86613880984783e-05
3.86610891602038e-05
3.86607902265522e-05
3.86604912975234e-05
3.86601923731173e-05
3.86598934533336e-05
3.86595945381725e-05
3.86592956276337e-05
3.86589967217171e-05
3.86586978204226e-05
3.86583989237502e-05
3.86581000316996e-05
3.86578011442709e-05
3.86575022614639e-05
3.86572033832784e-05
3.86569045097145e-05
3.86566056407719e-05
3.86563067764506e-05
3.86560079167504e-05
3.86557090616713e-05
3.86554102112132e-05
3.86551113653758e-05
3.86548125241593e-05
3.86545136875633e-05
3.86542148555879e-05
3.86539160282328e-05
3.86536172054981e-05
3.86533183873836e-05
3.86530195738891e-05
3.86527207650147e-05
3.86524219607601e-05
3.86521231611252e-05
3.86518243661101e-05
3.86515255757145e-05
3.86512267899383e-05
3.86509280087815e-05
3.86506292322439e-05
3.86503304603254e-05
3.8650031693026e-05
3.86497329303455e-05
3.86494341722837e-05
3.86491354188407e-05
3.86488366700162e-05
3.86485379258103e-05
3.86482391862227e-05
3.86479404512534e-05
3.86476417209022e-05
3.86473429951691e-05
3.86470442740539e-05
3.86467455575566e-05
3.8646446845677e-05
3.8646148138415e-05
3.86458494357706e-05
3.86455507377436e-05
3.86452520443338e-05
3.86449533555413e-05
3.86446546713659e-05
3.86443559918074e-05
3.86440573168658e-05
3.8643758646541e-05
3.86434599808328e-05
3.86431613197412e-05
3.86428626632661e-05
3.86425640114073e-05
3.86422653641647e-05
3.86419667215383e-05
3.86416680835278e-05
3.86413694501333e-05
3.86410708213546e-05
3.86407721971916e-05
3.86404735776442e-05
3.86401749627122e-05
3.86398763523957e-05
3.86395777466944e-05
3.86392791456083e-05
3.86389805491372e-05
3.86386819572811e-05
3.86383833700398e-05
3.86380847874133e-05
3.86377862094013e-05
3.8637487636004e-05
3.8637189067221e-05
3.86368905030523e-05
3.86365919434978e-05
3.86362933885575e-05
3.86359948382311e-05
3.86356962925186e-05
3.86353977514199e-05
3.86350992149348e-05
3.86348006830633e-05
3.86345021558052e-05
3.86342036331605e-05
3.8633905115129e-05
3.86336066017107e-05
3.86333080929054e-05
3.8633009588713e-05
3.86327110891334e-05
3.86324125941665e-05
3.86321141038122e-05
3.86318156180704e-05
3.8631517136941e-05
3.86312186604239e-05
3.86309201885189e-05
3.8630621721226e-05
3.8630323258545e-05
3.86300248004759e-05
3.86297263470186e-05
3.86294278981728e-05
3.86291294539386e-05
3.86288310143158e-05
3.86285325793044e-05
3.86282341489041e-05
3.8627935723115e-05
3.86276373019368e-05
3.86273388853695e-05
3.8627040473413e-05
3.86267420660672e-05
3.86264436633319e-05
3.86261452652071e-05
3.86258468716927e-05
3.86255484827885e-05
3.86252500984944e-05
3.86249517188103e-05
3.86246533437362e-05
3.86243549732719e-05
3.86240566074174e-05
3.86237582461724e-05
3.86234598895369e-05
3.86231615375108e-05
3.8622863190094e-05
3.86225648472864e-05
3.86222665090878e-05
3.86219681754982e-05
3.86216698465175e-05
3.86213715221455e-05
3.86210732023821e-05
3.86207748872273e-05
3.8620476576681e-05
3.86201782707429e-05
3.86198799694131e-05
3.86195816726913e-05
3.86192833805776e-05
3.86189850930718e-05
3.86186868101737e-05
3.86183885318833e-05
3.86180902582006e-05
3.86177919891252e-05
3.86174937246573e-05
3.86171954647966e-05
3.8616897209543e-05
3.86165989588965e-05
3.86163007128569e-05
3.86160024714242e-05
3.86157042345981e-05
3.86154060023787e-05
3.86151077747658e-05
3.86148095517593e-05
3.86145113333591e-05
3.86142131195651e-05
3.86139149103771e-05
3.86136167057951e-05
3.8613318505819e-05
3.86130203104487e-05
3.8612722119684e-05
3.86124239335248e-05
3.86121257519711e-05
3.86118275750228e-05
3.86115294026796e-05
3.86112312349416e-05
3.86109330718086e-05
3.86106349132805e-05
3.86103367593572e-05
3.86100386100386e-05
3.86097404653246e-05
3.86094423252151e-05
3.86091441897099e-05
3.8608846058809e-05
3.86085479325123e-05
3.86082498108196e-05
3.86079516937308e-05
3.86076535812459e-05
3.86073554733648e-05
3.86070573700872e-05
3.86067592714132e-05
3.86064611773426e-05
3.86061630878753e-05
3.86058650030113e-05
3.86055669227503e-05
3.86052688470923e-05
3.86049707760371e-05
3.86046727095848e-05
3.86043746477351e-05
3.8604076590488e-05
3.86037785378433e-05
3.8603480489801e-05
3.86031824463609e-05
3.86028844075229e-05
3.8602586373287e-05
3.8602288343653e-05
3.86019903186208e-05
3.86016922981904e-05
3.86013942823615e-05
3.86010962711341e-05
3.86007982645081e-05
3.86005002624834e-05
3.86002022650599e-05
3.85999042722374e-05
3.85996062840159e-05
3.85993083003953e-05
3.85990103213754e-05
3.85987123469561e-05
3.85984143771374e-05
3.85981164119191e-05
3.85978184513011e-05
3.85975204952834e-05
3.85972225438657e-05
3.85969245970481e-05
3.85966266548304e-05
3.85963287172124e-05
3.85960307841942e-05
3.85957328557755e-05
3.85954349319562e-05
3.85951370127364e-05
3.85948390981158e-05
3.85945411880944e-05
3.8594243282672e-05
3.85939453818485e-05
3.85936474856239e-05
3.8593349593998e-05
3.85930517069707e-05
3.85927538245419e-05
3.85924559467115e-05
3.85921580734795e-05
3.85918602048456e-05
3.85915623408098e-05
3.8591264481372e-05
3.85909666265321e-05
3.85906687762899e-05
3.85903709306454e-05
3.85900730895984e-05
3.85897752531489e-05
3.85894774212968e-05
3.85891795940418e-05
3.8588881771384e-05
3.85885839533232e-05
3.85882861398594e-05
3.85879883309923e-05
3.8587690526722e-05
3.85873927270482e-05
3.8587094931971e-05
3.85867971414901e-05
3.85864993556055e-05
3.8586201574317e-05
3.85859037976246e-05
3.85856060255282e-05
3.85853082580277e-05
3.85850104951229e-05
3.85847127368137e-05
3.85844149831e-05
3.85841172339818e-05
3.85838194894589e-05
3.85835217495312e-05
3.85832240141986e-05
3.8582926283461e-05
3.85826285573184e-05
3.85823308357705e-05
3.85820331188172e-05
3.85817354064586e-05
3.85814376986944e-05
3.85811399955246e-05
3.8580842296949e-05
3.85805446029676e-05
3.85802469135802e-05
3.85799492287868e-05
3.85796515485872e-05
3.85793538729813e-05
3.85790562019691e-05
3.85787585355503e-05
3.8578460873725e-05
3.85781632164929e-05
3.85778655638541e-05
3.85775679158083e-05
3.85772702723555e-05
3.85769726334956e-05
3.85766749992285e-05
3.8576377369554e-05
3.85760797444721e-05
3.85757821239826e-05
3.85754845080854e-05
3.85751868967805e-05
3.85748892900677e-05
3.8574591687947e-05
3.85742940904181e-05
3.85739964974811e-05
3.85736989091358e-05
3.85734013253821e-05
3.85731037462198e-05
3.8572806171649e-05
3.85725086016694e-05
3.8572211036281e-05
3.85719134754837e-05
3.85716159192773e-05
3.85713183676618e-05
3.8571020820637e-05
3.85707232782029e-05
3.85704257403593e-05
3.85701282071062e-05
3.85698306784433e-05
3.85695331543707e-05
3.85692356348882e-05
3.85689381199957e-05
3.85686406096931e-05
3.85683431039803e-05
3.85680456028571e-05
3.85677481063236e-05
3.85674506143795e-05
3.85671531270248e-05
3.85668556442593e-05
3.8566558166083e-05
3.85662606924958e-05
3.85659632234975e-05
3.8565665759088e-05
3.85653682992673e-05
3.85650708440351e-05
3.85647733933915e-05
3.85644759473364e-05
3.85641785058695e-05
3.85638810689908e-05
3.85635836367002e-05
3.85632862089976e-05
3.85629887858829e-05
3.85626913673559e-05
3.85623939534166e-05
3.85620965440649e-05
3.85617991393006e-05
3.85615017391237e-05
3.85612043435341e-05
3.85609069525315e-05
3.8560609566116e-05
3.85603121842874e-05
3.85600148070457e-05
3.85597174343906e-05
3.85594200663222e-05
3.85591227028403e-05
3.85588253439447e-05
3.85585279896355e-05
3.85582306399124e-05
3.85579332947754e-05
3.85576359542244e-05
3.85573386182592e-05
3.85570412868798e-05
3.85567439600861e-05
3.85564466378779e-05
3.85561493202551e-05
3.85558520072177e-05
3.85555546987654e-05
3.85552573948984e-05
3.85549600956163e-05
3.85546628009191e-05
3.85543655108068e-05
3.85540682252791e-05
3.85537709443361e-05
3.85534736679775e-05
3.85531763962033e-05
3.85528791290134e-05
3.85525818664076e-05
3.85522846083859e-05
3.85519873549482e-05
3.85516901060942e-05
3.85513928618241e-05
3.85510956221376e-05
3.85507983870346e-05
3.8550501156515e-05
3.85502039305788e-05
3.85499067092258e-05
3.85496094924558e-05
3.85493122802689e-05
3.85490150726649e-05
3.85487178696437e-05
3.85484206712051e-05
3.85481234773491e-05
3.85478262880756e-05
3.85475291033845e-05
3.85472319232756e-05
3.85469347477489e-05
3.85466375768042e-05
3.85463404104414e-05
3.85460432486605e-05
3.85457460914613e-05
3.85454489388438e-05
3.85451517908078e-05
3.85448546473531e-05
3.85445575084798e-05
3.85442603741877e-05
3.85439632444766e-05
3.85436661193466e-05
3.85433689987974e-05
3.85430718828291e-05
3.85427747714413e-05
3.85424776646342e-05
3.85421805624075e-05
3.85418834647612e-05
3.85415863716951e-05
3.85412892832091e-05
3.85409921993032e-05
3.85406951199772e-05
3.8540398045231e-05
3.85401009750646e-05
3.85398039094777e-05
3.85395068484704e-05
3.85392097920424e-05
3.85389127401938e-05
3.85386156929243e-05
3.85383186502339e-05
3.85380216121225e-05
3.853772457859e-05
3.85374275496362e-05
3.85371305252611e-05
3.85368335054645e-05
3.85365364902464e-05
3.85362394796066e-05
3.85359424735451e-05
3.85356454720617e-05
3.85353484751563e-05
3.85350514828288e-05
3.85347544950791e-05
3.85344575119071e-05
3.85341605333128e-05
3.85338635592959e-05
3.85335665898564e-05
3.85332696249942e-05
3.85329726647092e-05
3.85326757090012e-05
3.85323787578702e-05
3.85320818113161e-05
3.85317848693387e-05
3.8531487931938e-05
3.85311909991138e-05
3.8530894070866e-05
3.85305971471946e-05
3.85303002280994e-05
3.85300033135803e-05
3.85297064036372e-05
3.852940949827e-05
3.85291125974787e-05
3.8528815701263e-05
3.85285188096229e-05
3.85282219225583e-05
3.8527925040069e-05
3.85276281621551e-05
3.85273312888163e-05
3.85270344200525e-05
3.85267375558638e-05
3.85264406962498e-05
3.85261438412106e-05
3.85258469907461e-05
3.85255501448561e-05
3.85252533035405e-05
3.85249564667992e-05
3.85246596346321e-05
3.85243628070392e-05
3.85240659840202e-05
3.85237691655752e-05
3.85234723517039e-05
3.85231755424063e-05
3.85228787376823e-05
3.85225819375318e-05
3.85222851419546e-05
3.85219883509507e-05
3.852169156452e-05
3.85213947826623e-05
3.85210980053775e-05
3.85208012326656e-05
3.85205044645265e-05
3.85202077009599e-05
3.85199109419659e-05
3.85196141875443e-05
3.8519317437695e-05
3.85190206924179e-05
3.85187239517129e-05
3.85184272155799e-05
3.85181304840188e-05
3.85178337570295e-05
3.85175370346119e-05
3.85172403167658e-05
3.85169436034912e-05
3.85166468947879e-05
3.85163501906559e-05
3.85160534910951e-05
3.85157567961053e-05
3.85154601056864e-05
3.85151634198384e-05
3.85148667385611e-05
3.85145700618544e-05
3.85142733897182e-05
3.85139767221525e-05
3.8513680059157e-05
3.85133834007318e-05
3.85130867468766e-05
3.85127900975914e-05
3.85124934528761e-05
3.85121968127306e-05
3.85119001771547e-05
3.85116035461485e-05
3.85113069197116e-05
3.85110102978442e-05
3.85107136805459e-05
3.85104170678168e-05
3.85101204596568e-05
3.85098238560657e-05
3.85095272570434e-05
3.85092306625898e-05
3.85089340727049e-05
3.85086374873884e-05
3.85083409066404e-05
3.85080443304606e-05
3.85077477588491e-05
3.85074511918056e-05
3.85071546293301e-05
3.85068580714225e-05
3.85065615180827e-05
3.85062649693105e-05
3.85059684251059e-05
3.85056718854687e-05
3.85053753503989e-05
3.85050788198963e-05
3.85047822939609e-05
3.85044857725925e-05
3.8504189255791e-05
3.85038927435564e-05
3.85035962358884e-05
3.85032997327871e-05
3.85030032342523e-05
3.85027067402838e-05
3.85024102508817e-05
3.85021137660458e-05
3.85018172857759e-05
3.8501520810072e-05
3.8501224338934e-05
3.85009278723617e-05
3.85006314103551e-05
3.85003349529141e-05
3.85000385000385e-05
3.84997420517283e-05
3.84994456079832e-05
3.84991491688034e-05
3.84988527341885e-05
3.84985563041386e-05
3.84982598786535e-05
3.84979634577331e-05
3.84976670413773e-05
3.8497370629586e-05
3.84970742223591e-05
3.84967778196965e-05
3.84964814215981e-05
3.84961850280637e-05
3.84958886390933e-05
3.84955922546868e-05
3.84952958748441e-05
3.8494999499565e-05
3.84947031288495e-05
3.84944067626974e-05
3.84941104011086e-05
3.84938140440831e-05
3.84935176916207e-05
3.84932213437214e-05
3.84929250003849e-05
3.84926286616113e-05
3.84923323274004e-05
3.84920359977521e-05
3.84917396726662e-05
3.84914433521428e-05
3.84911470361817e-05
3.84908507247827e-05
3.84905544179458e-05
3.84902581156709e-05
3.84899618179579e-05
3.84896655248066e-05
3.8489369236217e-05
3.84890729521889e-05
3.84887766727222e-05
3.84884803978169e-05
3.84881841274729e-05
3.84878878616899e-05
3.8487591600468e-05
3.8487295343807e-05
3.84869990917068e-05
3.84867028441673e-05
3.84864066011885e-05
3.84861103627701e-05
3.84858141289121e-05
3.84855178996144e-05
3.84852216748768e-05
3.84849254546994e-05
3.84846292390819e-05
3.84843330280243e-05
3.84840368215264e-05
3.84837406195882e-05
3.84834444222096e-05
3.84831482293903e-05
3.84828520411305e-05
3.84825558574298e-05
3.84822596782883e-05
3.84819635037058e-05
3.84816673336822e-05
3.84813711682175e-05
3.84810750073114e-05
3.84807788509639e-05
3.8480482699175e-05
3.84801865519444e-05
3.84798904092721e-05
3.8479594271158e-05
3.8479298137602e-05
3.84790020086039e-05
3.84787058841637e-05
3.84784097642813e-05
3.84781136489565e-05
3.84778175381892e-05
3.84775214319794e-05
3.8477225330327e-05
3.84769292332318e-05
3.84766331406937e-05
3.84763370527126e-05
3.84760409692884e-05
3.84757448904211e-05
3.84754488161104e-05
3.84751527463564e-05
3.84748566811589e-05
3.84745606205177e-05
3.84742645644329e-05
3.84739685129042e-05
3.84736724659316e-05
3.84733764235149e-05
3.84730803856542e-05
3.84727843523491e-05
3.84724883235998e-05
3.8472192299406e-05
3.84718962797676e-05
3.84716002646846e-05
3.84713042541568e-05
3.84710082481842e-05
3.84707122467665e-05
3.84704162499038e-05
3.84701202575959e-05
3.84698242698427e-05
3.84695282866441e-05
3.84692323080001e-05
3.84689363339104e-05
3.8468640364375e-05
3.84683443993937e-05
3.84680484389666e-05
3.84677524830934e-05
3.84674565317741e-05
3.84671605850086e-05
3.84668646427967e-05
3.84665687051384e-05
3.84662727720335e-05
3.84659768434819e-05
3.84656809194836e-05
3.84653850000385e-05
3.84650890851463e-05
3.84647931748071e-05
3.84644972690207e-05
3.8464201367787e-05
3.84639054711059e-05
3.84636095789773e-05
3.84633136914011e-05
3.84630178083772e-05
3.84627219299055e-05
3.84624260559859e-05
3.84621301866183e-05
3.84618343218025e-05
3.84615384615385e-05
3.84612426058261e-05
3.84609467546653e-05
3.8460650908056e-05
3.8460355065998e-05
3.84600592284912e-05
3.84597633955356e-05
3.8459467567131e-05
3.84591717432773e-05
3.84588759239745e-05
3.84585801092224e-05
3.84582842990209e-05
3.84579884933698e-05
3.84576926922692e-05
3.84573968957189e-05
3.84571011037188e-05
3.84568053162688e-05
3.84565095333687e-05
3.84562137550185e-05
3.84559179812181e-05
3.84556222119674e-05
3.84553264472662e-05
3.84550306871145e-05
3.84547349315121e-05
3.8454439180459e-05
3.8454143433955e-05
3.84538476920001e-05
3.8453551954594e-05
3.84532562217369e-05
3.84529604934284e-05
3.84526647696685e-05
3.84523690504572e-05
3.84520733357943e-05
3.84517776256796e-05
3.84514819201132e-05
3.84511862190949e-05
3.84508905226245e-05
3.8450594830702e-05
3.84502991433273e-05
3.84500034605003e-05
3.84497077822209e-05
3.84494121084889e-05
3.84491164393042e-05
3.84488207746668e-05
3.84485251145766e-05
3.84482294590334e-05
3.84479338080372e-05
3.84476381615877e-05
3.8447342519685e-05
3.8447046882329e-05
3.84467512495194e-05
3.84464556212563e-05
3.84461599975394e-05
3.84458643783688e-05
3.84455687637443e-05
3.84452731536658e-05
3.84449775481331e-05
3.84446819471463e-05
3.84443863507051e-05
3.84440907588095e-05
3.84437951714593e-05
3.84434995886546e-05
3.8443204010395e-05
3.84429084366807e-05
3.84426128675114e-05
3.8442317302887e-05
3.84420217428075e-05
3.84417261872727e-05
3.84414306362826e-05
3.84411350898369e-05
3.84408395479357e-05
3.84405440105788e-05
3.84402484777662e-05
3.84399529494976e-05
3.8439657425773e-05
3.84393619065924e-05
3.84390663919555e-05
3.84387708818623e-05
3.84384753763127e-05
3.84381798753065e-05
3.84378843788438e-05
3.84375888869243e-05
3.8437293399548e-05
3.84369979167147e-05
3.84367024384244e-05
3.84364069646769e-05
3.84361114954722e-05
3.84358160308102e-05
3.84355205706906e-05
3.84352251151135e-05
3.84349296640787e-05
3.84346342175861e-05
3.84343387756357e-05
3.84340433382273e-05
3.84337479053607e-05
3.8433452477036e-05
3.8433157053253e-05
3.84328616340115e-05
3.84325662193116e-05
3.8432270809153e-05
3.84319754035357e-05
3.84316800024596e-05
3.84313846059246e-05
3.84310892139305e-05
3.84307938264773e-05
3.84304984435648e-05
3.8430203065193e-05
3.84299076913617e-05
3.84296123220709e-05
3.84293169573204e-05
3.84290215971101e-05
3.842872624144e-05
3.84284308903099e-05
3.84281355437197e-05
3.84278402016693e-05
3.84275448641586e-05
3.84272495311876e-05
3.8426954202756e-05
3.84266588788638e-05
3.84263635595109e-05
3.84260682446972e-05
3.84257729344226e-05
3.84254776286869e-05
3.84251823274901e-05
3.84248870308321e-05
3.84245917387128e-05
3.8424296451132e-05
3.84240011680896e-05
3.84237058895856e-05
3.84234106156199e-05
3.84231153461923e-05
3.84228200813027e-05
3.8422524820951e-05
3.84222295651372e-05
3.84219343138611e-05
3.84216390671226e-05
3.84213438249216e-05
3.8421048587258e-05
3.84207533541318e-05
3.84204581255427e-05
3.84201629014907e-05
3.84198676819757e-05
3.84195724669976e-05
3.84192772565562e-05
3.84189820506516e-05
3.84186868492835e-05
3.84183916524519e-05
3.84180964601566e-05
3.84178012723976e-05
3.84175060891747e-05
3.84172109104879e-05
3.8416915736337e-05
3.8416620566722e-05
3.84163254016427e-05
3.8416030241099e-05
3.84157350850909e-05
3.84154399336181e-05
3.84151447866807e-05
3.84148496442785e-05
3.84145545064114e-05
3.84142593730793e-05
3.84139642442821e-05
3.84136691200197e-05
3.84133740002919e-05
3.84130788850988e-05
3.84127837744401e-05
3.84124886683158e-05
3.84121935667258e-05
3.841189846967e-05
3.84116033771482e-05
3.84113082891603e-05
3.84110132057063e-05
3.84107181267861e-05
3.84104230523995e-05
3.84101279825464e-05
3.84098329172268e-05
3.84095378564405e-05
3.84092428001874e-05
3.84089477484675e-05
3.84086527012805e-05
3.84083576586265e-05
3.84080626205053e-05
3.84077675869168e-05
3.84074725578609e-05
3.84071775333374e-05
3.84068825133464e-05
3.84065874978876e-05
3.84062924869611e-05
3.84059974805666e-05
3.8405702478704e-05
3.84054074813734e-05
3.84051124885745e-05
3.84048175003072e-05
3.84045225165715e-05
3.84042275373673e-05
3.84039325626944e-05
3.84036375925528e-05
3.84033426269423e-05
3.84030476658628e-05
3.84027527093142e-05
3.84024577572965e-05
3.84021628098094e-05
3.8401867866853e-05
3.84015729284271e-05
3.84012779945317e-05
3.84009830651665e-05
3.84006881403315e-05
3.84003932200266e-05
3.84000983042517e-05
3.83998033930066e-05
3.83995084862914e-05
3.83992135841058e-05
3.83989186864498e-05
3.83986237933233e-05
3.83983289047261e-05
3.83980340206581e-05
3.83977391411194e-05
3.83974442661097e-05
3.83971493956289e-05
3.83968545296769e-05
3.83965596682537e-05
3.83962648113592e-05
3.83959699589931e-05
3.83956751111555e-05
3.83953802678462e-05
3.83950854290651e-05
3.83947905948121e-05
3.83944957650871e-05
3.839420093989e-05
3.83939061192208e-05
3.83936113030792e-05
3.83933164914652e-05
3.83930216843786e-05
3.83927268818195e-05
3.83924320837876e-05
3.8392137290283e-05
3.83918425013053e-05
3.83915477168547e-05
3.83912529369309e-05
3.83909581615338e-05
3.83906633906634e-05
3.83903686243195e-05
3.83900738625021e-05
3.8389779105211e-05
3.83894843524462e-05
3.83891896042075e-05
3.83888948604948e-05
3.8388600121308e-05
3.8388305386647e-05
3.83880106565118e-05
3.83877159309021e-05
3.8387421209818e-05
3.83871264932592e-05
3.83868317812258e-05
3.83865370737175e-05
3.83862423707343e-05
3.83859476722761e-05
3.83856529783428e-05
3.83853582889343e-05
3.83850636040504e-05
3.83847689236911e-05
3.83844742478562e-05
3.83841795765457e-05
3.83838849097595e-05
3.83835902474974e-05
3.83832955897593e-05
3.83830009365452e-05
3.83827062878549e-05
3.83824116436884e-05
3.83821170040455e-05
3.83818223689261e-05
3.83815277383301e-05
3.83812331122574e-05
3.8380938490708e-05
3.83806438736816e-05
3.83803492611783e-05
3.83800546531978e-05
3.83797600497402e-05
3.83794654508052e-05
3.83791708563928e-05
3.83788762665029e-05
3.83785816811354e-05
3.83782871002901e-05
3.83779925239671e-05
3.8377697952166e-05
3.8377403384887e-05
3.83771088221298e-05
3.83768142638943e-05
3.83765197101805e-05
3.83762251609883e-05
3.83759306163174e-05
3.8375636076168e-05
3.83753415405397e-05
3.83750470094326e-05
3.83747524828465e-05
3.83744579607813e-05
3.83741634432369e-05
3.83738689302133e-05
3.83735744217102e-05
3.83732799177277e-05
3.83729854182655e-05
3.83726909233237e-05
3.8372396432902e-05
3.83721019470005e-05
3.83718074656189e-05
3.83715129887571e-05
3.83712185164152e-05
3.83709240485929e-05
3.83706295852902e-05
3.8370335126507e-05
3.83700406722431e-05
3.83697462224985e-05
3.8369451777273e-05
3.83691573365666e-05
3.83688629003791e-05
3.83685684687104e-05
3.83682740415605e-05
3.83679796189292e-05
3.83676852008165e-05
3.83673907872221e-05
3.83670963781461e-05
3.83668019735883e-05
3.83665075735486e-05
3.83662131780269e-05
3.83659187870231e-05
3.83656244005371e-05
3.83653300185688e-05
3.83650356411181e-05
3.83647412681849e-05
3.8364446899769e-05
3.83641525358705e-05
3.83638581764891e-05
3.83635638216248e-05
3.83632694712774e-05
3.83629751254469e-05
3.83626807841332e-05
3.83623864473361e-05
3.83620921150556e-05
3.83617977872915e-05
3.83615034640438e-05
3.83612091453123e-05
3.83609148310969e-05
3.83606205213976e-05
3.83603262162141e-05
3.83600319155466e-05
3.83597376193947e-05
3.83594433277584e-05
3.83591490406377e-05
3.83588547580323e-05
3.83585604799423e-05
3.83582662063675e-05
3.83579719373077e-05
3.8357677672763e-05
3.83573834127331e-05
3.8357089157218e-05
3.83567949062176e-05
3.83565006597318e-05
3.83562064177605e-05
3.83559121803035e-05
3.83556179473607e-05
3.83553237189322e-05
3.83550294950177e-05
3.83547352756171e-05
3.83544410607304e-05
3.83541468503575e-05
3.83538526444981e-05
3.83535584431524e-05
3.835326424632e-05
3.8352970054001e-05
3.83526758661952e-05
3.83523816829025e-05
3.83520875041229e-05
3.83517933298561e-05
3.83514991601022e-05
3.83512049948609e-05
3.83509108341323e-05
3.83506166779162e-05
3.83503225262124e-05
3.8350028379021e-05
3.83497342363417e-05
3.83494400981746e-05
3.83491459645194e-05
3.8348851835376e-05
3.83485577107445e-05
3.83482635906246e-05
3.83479694750163e-05
3.83476753639194e-05
3.83473812573339e-05
3.83470871552597e-05
3.83467930576966e-05
3.83464989646445e-05
3.83462048761034e-05
3.83459107920731e-05
3.83456167125536e-05
3.83453226375447e-05
3.83450285670463e-05
3.83447345010583e-05
3.83444404395807e-05
3.83441463826132e-05
3.83438523301559e-05
3.83435582822086e-05
3.83432642387712e-05
3.83429701998436e-05
3.83426761654256e-05
3.83423821355173e-05
3.83420881101185e-05
3.8341794089229e-05
3.83415000728489e-05
3.83412060609779e-05
3.83409120536159e-05
3.8340618050763e-05
3.83403240524189e-05
3.83400300585836e-05
3.83397360692569e-05
3.83394420844388e-05
3.83391481041291e-05
3.83388541283278e-05
3.83385601570347e-05
3.83382661902498e-05
3.83379722279729e-05
3.8337678270204e-05
3.83373843169428e-05
3.83370903681894e-05
3.83367964239436e-05
3.83365024842054e-05
3.83362085489745e-05
3.8335914618251e-05
3.83356206920346e-05
3.83353267703254e-05
3.83350328531232e-05
3.83347389404278e-05
3.83344450322393e-05
3.83341511285574e-05
3.83338572293821e-05
3.83335633347133e-05
3.83332694445509e-05
3.83329755588948e-05
3.83326816777448e-05
3.83323878011009e-05
3.8332093928963e-05
3.83318000613309e-05
3.83315061982046e-05
3.83312123395839e-05
3.83309184854687e-05
3.83306246358591e-05
3.83303307907547e-05
3.83300369501556e-05
3.83297431140617e-05
3.83294492824727e-05
3.83291554553887e-05
3.83288616328095e-05
3.8328567814735e-05
3.83282740011652e-05
3.83279801920998e-05
3.83276863875389e-05
3.83273925874823e-05
3.83270987919298e-05
3.83268050008815e-05
3.83265112143372e-05
3.83262174322967e-05
3.83259236547601e-05
3.83256298817271e-05
3.83253361131977e-05
3.83250423491718e-05
3.83247485896493e-05
3.832445483463e-05
3.83241610841139e-05
3.83238673381008e-05
3.83235735965907e-05
3.83232798595835e-05
3.8322986127079e-05
3.83226923990772e-05
3.83223986755779e-05
3.83221049565811e-05
3.83218112420865e-05
3.83215175320943e-05
3.83212238266041e-05
3.8320930125616e-05
3.83206364291298e-05
3.83203427371454e-05
3.83200490496628e-05
3.83197553666817e-05
3.83194616882022e-05
3.83191680142241e-05
3.83188743447472e-05
3.83185806797716e-05
3.83182870192971e-05
3.83179933633235e-05
3.83176997118509e-05
3.8317406064879e-05
3.83171124224078e-05
3.83168187844372e-05
3.83165251509671e-05
3.83162315219974e-05
3.83159378975279e-05
3.83156442775585e-05
3.83153506620893e-05
3.83150570511199e-05
3.83147634446505e-05
3.83144698426808e-05
3.83141762452107e-05
3.83138826522402e-05
3.83135890637691e-05
3.83132954797974e-05
3.83130019003249e-05
3.83127083253515e-05
3.83124147548772e-05
3.83121211889017e-05
3.83118276274251e-05
3.83115340704472e-05
3.8311240517968e-05
3.83109469699872e-05
3.83106534265048e-05
3.83103598875208e-05
3.83100663530349e-05
3.83097728230472e-05
3.83094792975574e-05
3.83091857765655e-05
3.83088922600714e-05
3.8308598748075e-05
3.83083052405762e-05
3.83080117375748e-05
3.83077182390708e-05
3.83074247450641e-05
3.83071312555545e-05
3.8306837770542e-05
3.83065442900265e-05
3.83062508140078e-05
3.83059573424859e-05
3.83056638754606e-05
3.83053704129319e-05
3.83050769548996e-05
3.83047835013637e-05
3.83044900523239e-05
3.83041966077803e-05
3.83039031677328e-05
3.83036097321812e-05
3.83033163011253e-05
3.83030228745653e-05
3.83027294525008e-05
3.83024360349318e-05
3.83021426218583e-05
3.830184921328e-05
3.8301555809197e-05
3.8301262409609e-05
3.83009690145161e-05
3.8300675623918e-05
3.83003822378147e-05
3.83000888562061e-05
3.82997954790921e-05
3.82995021064726e-05
3.82992087383475e-05
3.82989153747166e-05
3.82986220155799e-05
3.82983286609372e-05
3.82980353107886e-05
3.82977419651337e-05
3.82974486239727e-05
3.82971552873053e-05
3.82968619551314e-05
3.8296568627451e-05
3.82962753042639e-05
3.82959819855701e-05
3.82956886713694e-05
3.82953953616617e-05
3.8295102056447e-05
3.82948087557251e-05
3.82945154594959e-05
3.82942221677593e-05
3.82939288805153e-05
3.82936355977637e-05
3.82933423195043e-05
3.82930490457372e-05
3.82927557764622e-05
3.82924625116792e-05
3.82921692513881e-05
3.82918759955888e-05
3.82915827442812e-05
3.82912894974651e-05
3.82909962551406e-05
3.82907030173074e-05
3.82904097839655e-05
3.82901165551148e-05
3.82898233307552e-05
3.82895301108865e-05
3.82892368955087e-05
3.82889436846216e-05
3.82886504782252e-05
3.82883572763194e-05
3.8288064078904e-05
3.8287770885979e-05
3.82874776975442e-05
3.82871845135996e-05
3.8286891334145e-05
3.82865981591804e-05
3.82863049887055e-05
3.82860118227204e-05
3.8285718661225e-05
3.82854255042191e-05
3.82851323517025e-05
3.82848392036753e-05
3.82845460601374e-05
3.82842529210885e-05
3.82839597865286e-05
3.82836666564577e-05
3.82833735308755e-05
3.82830804097821e-05
3.82827872931772e-05
3.82824941810609e-05
3.82822010734329e-05
3.82819079702932e-05
3.82816148716417e-05
3.82813217774783e-05
3.82810286878029e-05
3.82807356026153e-05
3.82804425219156e-05
3.82801494457034e-05
3.82798563739789e-05
3.82795633067418e-05
3.82792702439921e-05
3.82789771857296e-05
3.82786841319543e-05
3.8278391082666e-05
3.82780980378647e-05
3.82778049975502e-05
3.82775119617225e-05
3.82772189303814e-05
3.82769259035268e-05
3.82766328811587e-05
3.82763398632769e-05
3.82760468498813e-05
3.82757538409719e-05
3.82754608365485e-05
3.8275167836611e-05
3.82748748411593e-05
3.82745818501933e-05
3.82742888637129e-05
3.8273995881718e-05
3.82737029042086e-05
3.82734099311844e-05
3.82731169626454e-05
3.82728239985916e-05
3.82725310390227e-05
3.82722380839387e-05
3.82719451333395e-05
3.82716521872249e-05
3.8271359245595e-05
3.82710663084495e-05
3.82707733757884e-05
3.82704804476115e-05
3.82701875239189e-05
3.82698946047103e-05
3.82696016899856e-05
3.82693087797448e-05
3.82690158739878e-05
3.82687229727144e-05
3.82684300759246e-05
3.82681371836182e-05
3.82678442957951e-05
3.82675514124553e-05
3.82672585335987e-05
3.8266965659225e-05
3.82666727893343e-05
3.82663799239264e-05
3.82660870630013e-05
3.82657942065588e-05
3.82655013545987e-05
3.82652085071212e-05
3.82649156641259e-05
3.82646228256128e-05
3.82643299915818e-05
3.82640371620329e-05
3.82637443369658e-05
3.82634515163806e-05
3.8263158700277e-05
3.82628658886551e-05
3.82625730815146e-05
3.82622802788555e-05
3.82619874806777e-05
3.82616946869811e-05
3.82614018977655e-05
3.8261109113031e-05
3.82608163327773e-05
3.82605235570044e-05
3.82602307857121e-05
3.82599380189004e-05
3.82596452565692e-05
3.82593524987183e-05
3.82590597453477e-05
3.82587669964572e-05
3.82584742520468e-05
3.82581815121164e-05
3.82578887766658e-05
3.82575960456949e-05
3.82573033192036e-05
3.82570105971919e-05
3.82567178796597e-05
3.82564251666067e-05
3.8256132458033e-05
3.82558397539384e-05
3.82555470543229e-05
3.82552543591862e-05
3.82549616685284e-05
3.82546689823493e-05
3.82543763006488e-05
3.82540836234268e-05
3.82537909506832e-05
3.82534982824179e-05
3.82532056186308e-05
3.82529129593218e-05
3.82526203044909e-05
3.82523276541378e-05
3.82520350082624e-05
3.82517423668648e-05
3.82514497299448e-05
3.82511570975022e-05
3.8250864469537e-05
3.82505718460491e-05
3.82502792270384e-05
3.82499866125047e-05
3.8249694002448e-05
3.82494013968681e-05
3.82491087957651e-05
3.82488161991386e-05
3.82485236069888e-05
3.82482310193154e-05
3.82479384361183e-05
3.82476458573975e-05
3.82473532831528e-05
3.82470607133842e-05
3.82467681480915e-05
3.82464755872746e-05
3.82461830309335e-05
3.8245890479068e-05
3.82455979316781e-05
3.82453053887635e-05
3.82450128503243e-05
3.82447203163603e-05
3.82444277868715e-05
3.82441352618576e-05
3.82438427413187e-05
3.82435502252545e-05
3.82432577136651e-05
3.82429652065503e-05
3.82426727039099e-05
3.8242380205744e-05
3.82420877120524e-05
3.82417952228349e-05
3.82415027380916e-05
3.82412102578222e-05
3.82409177820268e-05
3.82406253107051e-05
3.82403328438571e-05
3.82400403814826e-05
3.82397479235817e-05
3.82394554701541e-05
3.82391630211998e-05
3.82388705767186e-05
3.82385781367106e-05
3.82382857011754e-05
3.82379932701132e-05
3.82377008435237e-05
3.82374084214068e-05
3.82371160037625e-05
3.82368235905907e-05
3.82365311818912e-05
3.82362387776639e-05
3.82359463779088e-05
3.82356539826257e-05
3.82353615918146e-05
3.82350692054753e-05
3.82347768236077e-05
3.82344844462117e-05
3.82341920732873e-05
3.82338997048343e-05
3.82336073408526e-05
3.82333149813421e-05
3.82330226263028e-05
3.82327302757345e-05
3.8232437929637e-05
3.82321455880104e-05
3.82318532508545e-05
3.82315609181692e-05
3.82312685899544e-05
3.82309762662099e-05
3.82306839469358e-05
3.82303916321319e-05
3.8230099321798e-05
3.82298070159342e-05
3.82295147145402e-05
3.8229222417616e-05
3.82289301251615e-05
3.82286378371766e-05
3.82283455536611e-05
3.8228053274615e-05
3.82277610000382e-05
3.82274687299306e-05
3.8227176464292e-05
3.82268842031224e-05
3.82265919464216e-05
3.82262996941896e-05
3.82260074464263e-05
3.82257152031315e-05
3.82254229643051e-05
3.82251307299471e-05
3.82248385000573e-05
3.82245462746357e-05
3.82242540536821e-05
3.82239618371965e-05
3.82236696251787e-05
3.82233774176286e-05
3.82230852145462e-05
3.82227930159313e-05
3.82225008217838e-05
3.82222086321036e-05
3.82219164468906e-05
3.82216242661448e-05
3.8221332089866e-05
3.82210399180541e-05
3.8220747750709e-05
3.82204555878306e-05
3.82201634294188e-05
3.82198712754735e-05
3.82195791259947e-05
3.82192869809821e-05
3.82189948404357e-05
3.82187027043554e-05
3.82184105727411e-05
3.82181184455927e-05
3.82178263229101e-05
3.82175342046931e-05
3.82172420909418e-05
3.82169499816559e-05
3.82166578768354e-05
3.82163657764801e-05
3.82160736805901e-05
3.82157815891651e-05
3.8215489502205e-05
3.82151974197099e-05
3.82149053416795e-05
3.82146132681137e-05
3.82143211990125e-05
3.82140291343758e-05
3.82137370742034e-05
3.82134450184953e-05
3.82131529672513e-05
3.82128609204714e-05
3.82125688781554e-05
3.82122768403033e-05
3.82119848069148e-05
3.82116927779901e-05
3.82114007535288e-05
3.8211108733531e-05
3.82108167179965e-05
3.82105247069253e-05
3.82102327003171e-05
3.8209940698172e-05
3.82096487004898e-05
3.82093567072705e-05
3.82090647185138e-05
3.82087727342198e-05
3.82084807543882e-05
3.82081887790191e-05
3.82078968081123e-05
3.82076048416677e-05
3.82073128796852e-05
3.82070209221647e-05
3.8206728969106e-05
3.82064370205092e-05
3.82061450763741e-05
3.82058531367005e-05
3.82055612014885e-05
3.82052692707378e-05
3.82049773444484e-05
3.82046854226202e-05
3.82043935052531e-05
3.8204101592347e-05
3.82038096839017e-05
3.82035177799172e-05
3.82032258803933e-05
3.82029339853301e-05
3.82026420947273e-05
3.82023502085848e-05
3.82020583269027e-05
3.82017664496806e-05
3.82014745769187e-05
3.82011827086167e-05
3.82008908447745e-05
3.82005989853921e-05
3.82003071304693e-05
3.82000152800061e-05
3.81997234340023e-05
3.81994315924579e-05
3.81991397553727e-05
3.81988479227466e-05
3.81985560945796e-05
3.81982642708715e-05
3.81979724516223e-05
3.81976806368317e-05
3.81973888264998e-05
3.81970970206264e-05
3.81968052192115e-05
3.81965134222548e-05
3.81962216297564e-05
3.81959298417161e-05
3.81956380581338e-05
3.81953462790094e-05
3.81950545043428e-05
3.81947627341339e-05
3.81944709683826e-05
3.81941792070888e-05
3.81938874502525e-05
3.81935956978734e-05
3.81933039499515e-05
3.81930122064867e-05
3.81927204674789e-05
3.8192428732928e-05
3.81921370028339e-05
3.81918452771964e-05
3.81915535560156e-05
3.81912618392912e-05
3.81909701270232e-05
3.81906784192114e-05
3.81903867158559e-05
3.81900950169564e-05
3.81898033225129e-05
3.81895116325252e-05
3.81892199469934e-05
3.81889282659171e-05
3.81886365892965e-05
3.81883449171313e-05
3.81880532494214e-05
3.81877615861669e-05
3.81874699273674e-05
3.81871782730231e-05
3.81868866231336e-05
3.8186594977699e-05
3.81863033367192e-05
3.8186011700194e-05
3.81857200681233e-05
3.81854284405071e-05
3.81851368173452e-05
3.81848451986376e-05
3.8184553584384e-05
3.81842619745846e-05
3.8183970369239e-05
3.81836787683473e-05
3.81833871719092e-05
3.81830955799249e-05
3.8182803992394e-05
3.81825124093165e-05
3.81822208306924e-05
3.81819292565215e-05
3.81816376868037e-05
3.81813461215389e-05
3.8181054560727e-05
3.81807630043679e-05
3.81804714524615e-05
3.81801799050077e-05
3.81798883620064e-05
3.81795968234575e-05
3.8179305289361e-05
3.81790137597166e-05
3.81787222345243e-05
3.81784307137839e-05
3.81781391974955e-05
3.81778476856589e-05
3.81775561782739e-05
3.81772646753405e-05
3.81769731768586e-05
3.81766816828281e-05
3.81763901932489e-05
3.81760987081208e-05
3.81758072274438e-05
3.81755157512178e-05
3.81752242794426e-05
3.81749328121182e-05
3.81746413492445e-05
3.81743498908214e-05
3.81740584368487e-05
3.81737669873263e-05
3.81734755422542e-05
3.81731841016323e-05
3.81728926654604e-05
3.81726012337385e-05
3.81723098064664e-05
3.81720183836441e-05
3.81717269652714e-05
3.81714355513482e-05
3.81711441418745e-05
3.81708527368501e-05
3.8170561336275e-05
3.8170269940149e-05
3.81699785484721e-05
3.8169687161244e-05
3.81693957784648e-05
3.81691044001344e-05
3.81688130262525e-05
3.81685216568192e-05
3.81682302918343e-05
3.81679389312977e-05
3.81676475752093e-05
3.81673562235691e-05
3.81670648763769e-05
3.81667735336326e-05
3.81664821953361e-05
3.81661908614873e-05
3.81658995320861e-05
3.81656082071324e-05
3.81653168866261e-05
3.81650255705671e-05
3.81647342589554e-05
3.81644429517907e-05
3.8164151649073e-05
3.81638603508022e-05
3.81635690569782e-05
3.81632777676009e-05
3.81629864826702e-05
3.8162695202186e-05
3.81624039261481e-05
3.81621126545566e-05
3.81618213874112e-05
3.81615301247119e-05
3.81612388664586e-05
3.81609476126511e-05
3.81606563632895e-05
3.81603651183734e-05
3.8160073877903e-05
3.81597826418781e-05
3.81594914102985e-05
3.81592001831642e-05
3.8158908960475e-05
3.81586177422309e-05
3.81583265284318e-05
3.81580353190775e-05
3.8157744114168e-05
3.81574529137031e-05
3.81571617176828e-05
3.81568705261069e-05
3.81565793389754e-05
3.81562881562882e-05
3.8155996978045e-05
3.8155705804246e-05
3.81554146348908e-05
3.81551234699796e-05
3.8154832309512e-05
3.81545411534881e-05
3.81542500019077e-05
3.81539588547708e-05
3.81536677120772e-05
3.81533765738268e-05
3.81530854400195e-05
3.81527943106553e-05
3.8152503185734e-05
3.81522120652555e-05
3.81519209492198e-05
3.81516298376267e-05
3.8151338730476e-05
3.81510476277679e-05
3.8150756529502e-05
3.81504654356783e-05
3.81501743462968e-05
3.81498832613572e-05
3.81495921808596e-05
3.81493011048038e-05
3.81490100331896e-05
3.81487189660171e-05
3.81484279032861e-05
3.81481368449965e-05
3.81478457911482e-05
3.81475547417411e-05
3.8147263696775e-05
3.814697265625e-05
3.81466816201659e-05
3.81463905885225e-05
3.81460995613199e-05
3.81458085385578e-05
3.81455175202362e-05
3.8145226506355e-05
3.81449354969141e-05
3.81446444919133e-05
3.81443534913527e-05
3.8144062495232e-05
3.81437715035512e-05
3.81434805163101e-05
3.81431895335088e-05
3.8142898555147e-05
3.81426075812247e-05
3.81423166117417e-05
3.8142025646698e-05
3.81417346860935e-05
3.81414437299281e-05
3.81411527782016e-05
3.81408618309139e-05
3.8140570888065e-05
3.81402799496548e-05
3.81399890156832e-05
3.813969808615e-05
3.81394071610551e-05
3.81391162403985e-05
3.813882532418e-05
3.81385344123996e-05
3.81382435050571e-05
3.81379526021525e-05
3.81376617036856e-05
3.81373708096564e-05
3.81370799200647e-05
3.81367890349104e-05
3.81364981541935e-05
3.81362072779138e-05
3.81359164060712e-05
3.81356255386657e-05
3.81353346756971e-05
3.81350438171653e-05
3.81347529630703e-05
3.81344621134119e-05
3.813417126819e-05
3.81338804274045e-05
3.81335895910554e-05
3.81332987591425e-05
3.81330079316656e-05
3.81327171086249e-05
3.813242629002e-05
3.81321354758509e-05
3.81318446661176e-05
3.81315538608198e-05
3.81312630599576e-05
3.81309722635308e-05
3.81306814715393e-05
3.81303906839829e-05
3.81300999008617e-05
3.81298091221755e-05
3.81295183479242e-05
3.81292275781077e-05
3.81289368127259e-05
3.81286460517787e-05
3.8128355295266e-05
3.81280645431877e-05
3.81277737955436e-05
3.81274830523338e-05
3.8127192313558e-05
3.81269015792163e-05
3.81266108493084e-05
3.81263201238343e-05
3.81260294027939e-05
3.8125738686187e-05
3.81254479740137e-05
3.81251572662737e-05
3.8124866562967e-05
3.81245758640935e-05
3.81242851696531e-05
3.81239944796456e-05
3.8123703794071e-05
3.81234131129292e-05
3.812312243622e-05
3.81228317639434e-05
3.81225410960993e-05
3.81222504326875e-05
3.8121959773708e-05
3.81216691191607e-05
3.81213784690454e-05
3.81210878233621e-05
3.81207971821107e-05
3.8120506545291e-05
3.81202159129029e-05
3.81199252849464e-05
3.81196346614214e-05
3.81193440423277e-05
3.81190534276653e-05
3.8118762817434e-05
3.81184722116338e-05
3.81181816102645e-05
3.8117891013326e-05
3.81176004208183e-05
3.81173098327412e-05
3.81170192490947e-05
3.81167286698786e-05
3.81164380950929e-05
3.81161475247374e-05
3.8115856958812e-05
3.81155663973167e-05
3.81152758402513e-05
3.81149852876157e-05
3.81146947394098e-05
3.81144041956336e-05
3.81141136562869e-05
3.81138231213697e-05
3.81135325908817e-05
3.8113242064823e-05
3.81129515431934e-05
3.81126610259928e-05
3.81123705132212e-05
3.81120800048783e-05
3.81117895009642e-05
3.81114990014787e-05
3.81112085064217e-05
3.81109180157932e-05
3.81106275295929e-05
3.81103370478209e-05
3.81100465704769e-05
3.8109756097561e-05
3.81094656290729e-05
3.81091751650127e-05
3.81088847053802e-05
3.81085942501753e-05
3.81083037993979e-05
3.81080133530479e-05
3.81077229111252e-05
3.81074324736297e-05
3.81071420405612e-05
3.81068516119198e-05
3.81065611877053e-05
3.81062707679176e-05
3.81059803525565e-05
3.81056899416221e-05
3.81053995351141e-05
3.81051091330326e-05
3.81048187353773e-05
3.81045283421482e-05
3.81042379533452e-05
3.81039475689681e-05
3.8103657189017e-05
3.81033668134916e-05
3.8103076442392e-05
3.81027860757179e-05
3.81024957134692e-05
3.8102205355646e-05
3.8101915002248e-05
3.81016246532752e-05
3.81013343087275e-05
3.81010439686047e-05
3.81007536329069e-05
3.81004633016337e-05
3.81001729747853e-05
3.80998826523614e-05
3.8099592334362e-05
3.8099302020787e-05
3.80990117116362e-05
3.80987214069096e-05
3.8098431106607e-05
3.80981408107284e-05
3.80978505192737e-05
3.80975602322427e-05
3.80972699496354e-05
3.80969796714516e-05
3.80966893976913e-05
3.80963991283544e-05
3.80961088634407e-05
3.80958186029501e-05
3.80955283468826e-05
3.80952380952381e-05
3.80949478480164e-05
3.80946576052174e-05
3.80943673668411e-05
3.80940771328874e-05
3.80937869033561e-05
3.80934966782471e-05
3.80932064575604e-05
3.80929162412958e-05
3.80926260294532e-05
3.80923358220326e-05
3.80920456190338e-05
3.80917554204568e-05
3.80914652263014e-05
3.80911750365675e-05
3.80908848512551e-05
3.8090594670364e-05
3.80903044938941e-05
3.80900143218454e-05
3.80897241542177e-05
3.80894339910109e-05
3.80891438322249e-05
3.80888536778597e-05
3.80885635279151e-05
3.8088273382391e-05
3.80879832412874e-05
3.8087693104604e-05
3.80874029723409e-05
3.80871128444979e-05
3.8086822721075e-05
3.80865326020719e-05
3.80862424874887e-05
3.80859523773251e-05
3.80856622715812e-05
3.80853721702569e-05
3.80850820733519e-05
3.80847919808662e-05
3.80845018927997e-05
3.80842118091524e-05
3.80839217299241e-05
3.80836316551146e-05
3.8083341584724e-05
3.80830515187521e-05
3.80827614571988e-05
3.8082471400064e-05
3.80821813473476e-05
3.80818912990495e-05
3.80816012551696e-05
3.80813112157078e-05
3.8081021180664e-05
3.80807311500381e-05
3.808044112383e-05
3.80801511020396e-05
3.80798610846668e-05
3.80795710717115e-05
3.80792810631735e-05
3.80789910590529e-05
3.80787010593495e-05
3.80784110640631e-05
3.80781210731938e-05
3.80778310867413e-05
3.80775411047056e-05
3.80772511270866e-05
3.80769611538842e-05
3.80766711850983e-05
3.80763812207288e-05
3.80760912607755e-05
3.80758013052385e-05
3.80755113541175e-05
3.80752214074125e-05
3.80749314651234e-05
3.807464152725e-05
3.80743515937924e-05
3.80740616647503e-05
3.80737717401237e-05
3.80734818199124e-05
3.80731919041165e-05
3.80729019927357e-05
3.807261208577e-05
3.80723221832192e-05
3.80720322850834e-05
3.80717423913623e-05
3.80714525020559e-05
3.8071162617164e-05
3.80708727366866e-05
3.80705828606236e-05
3.80702929889748e-05
3.80700031217403e-05
3.80697132589197e-05
3.80694234005132e-05
3.80691335465205e-05
3.80688436969415e-05
3.80685538517763e-05
3.80682640110246e-05
3.80679741746863e-05
3.80676843427614e-05
3.80673945152498e-05
3.80671046921513e-05
3.80668148734659e-05
3.80665250591934e-05
3.80662352493338e-05
3.8065945443887e-05
3.80656556428528e-05
3.80653658462311e-05
3.8065076054022e-05
3.80647862662251e-05
3.80644964828405e-05
3.80642067038681e-05
3.80639169293077e-05
3.80636271591593e-05
3.80633373934227e-05
3.80630476320978e-05
3.80627578751846e-05
3.80624681226829e-05
3.80621783745927e-05
3.80618886309139e-05
3.80615988916462e-05
3.80613091567898e-05
3.80610194263443e-05
3.80607297003098e-05
3.80604399786862e-05
3.80601502614732e-05
3.80598605486709e-05
3.80595708402792e-05
3.80592811362979e-05
3.80589914367269e-05
3.80587017415662e-05
3.80584120508156e-05
3.8058122364475e-05
3.80578326825444e-05
3.80575430050236e-05
3.80572533319125e-05
3.80569636632111e-05
3.80566739989192e-05
3.80563843390367e-05
3.80560946835636e-05
3.80558050324997e-05
3.80555153858449e-05
3.80552257435991e-05
3.80549361057623e-05
3.80546464723343e-05
3.8054356843315e-05
3.80540672187043e-05
3.80537775985022e-05
3.80534879827085e-05
3.80531983713231e-05
3.80529087643459e-05
3.80526191617769e-05
3.80523295636159e-05
3.80520399698628e-05
3.80517503805175e-05
3.80514607955799e-05
3.805117121505e-05
3.80508816389276e-05
3.80505920672126e-05
3.80503024999049e-05
3.80500129370044e-05
3.8049723378511e-05
3.80494338244247e-05
3.80491442747453e-05
3.80488547294726e-05
3.80485651886067e-05
3.80482756521474e-05
3.80479861200947e-05
3.80476965924483e-05
3.80474070692082e-05
3.80471175503744e-05
3.80468280359466e-05
3.80465385259249e-05
3.80462490203091e-05
3.80459595190991e-05
3.80456700222948e-05
3.80453805298961e-05
3.80450910419029e-05
3.80448015583151e-05
3.80445120791326e-05
3.80442226043553e-05
3.80439331339831e-05
3.80436436680159e-05
3.80433542064537e-05
3.80430647492962e-05
3.80427752965434e-05
3.80424858481953e-05
3.80421964042516e-05
3.80419069647123e-05
3.80416175295774e-05
3.80413280988466e-05
3.80410386725199e-05
3.80407492505972e-05
3.80404598330785e-05
3.80401704199635e-05
3.80398810112522e-05
3.80395916069445e-05
3.80393022070403e-05
3.80390128115395e-05
3.8038723420442e-05
3.80384340337477e-05
3.80381446514565e-05
3.80378552735683e-05
3.80375659000829e-05
3.80372765310004e-05
3.80369871663205e-05
3.80366978060433e-05
3.80364084501685e-05
3.80361190986961e-05
3.8035829751626e-05
3.80355404089581e-05
3.80352510706923e-05
3.80349617368285e-05
3.80346724073666e-05
3.80343830823064e-05
3.80340937616479e-05
3.80338044453911e-05
3.80335151335357e-05
3.80332258260817e-05
3.80329365230289e-05
3.80326472243774e-05
3.8032357930127e-05
3.80320686402775e-05
3.80317793548289e-05
3.80314900737811e-05
3.8031200797134e-05
3.80309115248874e-05
3.80306222570414e-05
3.80303329935957e-05
3.80300437345503e-05
3.80297544799051e-05
3.80294652296599e-05
3.80291759838148e-05
3.80288867423695e-05
3.8028597505324e-05
3.80283082726782e-05
3.80280190444319e-05
3.80277298205852e-05
3.80274406011378e-05
3.80271513860897e-05
3.80268621754407e-05
3.80265729691909e-05
3.802628376734e-05
3.8025994569888e-05
3.80257053768347e-05
3.80254161881802e-05
3.80251270039242e-05
3.80248378240667e-05
3.80245486486075e-05
3.80242594775467e-05
3.8023970310884e-05
3.80236811486194e-05
3.80233919907527e-05
3.80231028372839e-05
3.80228136882129e-05
3.80225245435396e-05
3.80222354032638e-05
3.80219462673855e-05
3.80216571359046e-05
3.8021368008821e-05
3.80210788861345e-05
3.80207897678451e-05
3.80205006539526e-05
3.8020211544457e-05
3.80199224393582e-05
3.80196333386561e-05
3.80193442423505e-05
3.80190551504414e-05
3.80187660629287e-05
3.80184769798122e-05
3.80181879010919e-05
3.80178988267676e-05
3.80176097568394e-05
3.8017320691307e-05
3.80170316301703e-05
3.80167425734293e-05
3.80164535210839e-05
3.8016164473134e-05
3.80158754295794e-05
3.80155863904201e-05
3.80152973556559e-05
3.80150083252868e-05
3.80147192993127e-05
3.80144302777334e-05
3.80141412605489e-05
3.80138522477591e-05
3.80135632393638e-05
3.8013274235363e-05
3.80129852357565e-05
3.80126962405443e-05
3.80124072497263e-05
3.80121182633023e-05
3.80118292812723e-05
3.80115403036362e-05
3.80112513303938e-05
3.80109623615451e-05
3.80106733970899e-05
3.80103844370282e-05
3.80100954813598e-05
3.80098065300848e-05
3.80095175832028e-05
3.8009228640714e-05
3.80089397026181e-05
3.8008650768915e-05
3.80083618396047e-05
3.80080729146871e-05
3.8007783994162e-05
3.80074950780294e-05
3.80072061662891e-05
3.80069172589411e-05
3.80066283559853e-05
3.80063394574215e-05
3.80060505632497e-05
3.80057616734697e-05
3.80054727880815e-05
3.80051839070849e-05
3.80048950304799e-05
3.80046061582664e-05
3.80043172904442e-05
3.80040284270133e-05
3.80037395679735e-05
3.80034507133248e-05
3.8003161863067e-05
3.80028730172001e-05
3.80025841757239e-05
3.80022953386385e-05
3.80020065059435e-05
3.8001717677639e-05
3.80014288537249e-05
3.8001140034201e-05
3.80008512190673e-05
3.80005624083236e-05
3.80002736019699e-05
3.79999848000061e-05
3.7999696002432e-05
3.79994072092475e-05
3.79991184204526e-05
3.79988296360472e-05
3.79985408560311e-05
3.79982520804043e-05
3.79979633091666e-05
3.7997674542318e-05
3.79973857798583e-05
3.79970970217875e-05
3.79968082681055e-05
3.79965195188121e-05
3.79962307739072e-05
3.79959420333908e-05
3.79956532972628e-05
3.7995364565523e-05
3.79950758381714e-05
3.79947871152078e-05
3.79944983966322e-05
3.79942096824444e-05
3.79939209726444e-05
3.7993632267232e-05
3.79933435662072e-05
3.79930548695698e-05
3.79927661773198e-05
3.79924774894571e-05
3.79921888059815e-05
3.79919001268929e-05
3.79916114521914e-05
3.79913227818766e-05
3.79910341159486e-05
3.79907454544073e-05
3.79904567972525e-05
3.79901681444842e-05
3.79898794961022e-05
3.79895908521065e-05
3.7989302212497e-05
3.79890135772735e-05
3.79887249464359e-05
3.79884363199842e-05
3.79881476979183e-05
3.7987859080238e-05
3.79875704669432e-05
3.79872818580339e-05
3.798699325351e-05
3.79867046533713e-05
3.79864160576178e-05
3.79861274662493e-05
3.79858388792658e-05
3.79855502966671e-05
3.79852617184532e-05
3.7984973144624e-05
3.79846845751793e-05
3.7984396010119e-05
3.79841074494432e-05
3.79838188931515e-05
3.7983530341244e-05
3.79832417937206e-05
3.79829532505811e-05
3.79826647118255e-05
3.79823761774537e-05
3.79820876474655e-05
3.79817991218608e-05
3.79815106006396e-05
3.79812220838018e-05
3.79809335713472e-05
3.79806450632758e-05
3.79803565595874e-05
3.7980068060282e-05
3.79797795653594e-05
3.79794910748196e-05
3.79792025886624e-05
3.79789141068879e-05
3.79786256294957e-05
3.79783371564859e-05
3.79780486878584e-05
3.79777602236131e-05
3.79774717637497e-05
3.79771833082684e-05
3.79768948571689e-05
3.79766064104512e-05
3.79763179681151e-05
3.79760295301606e-05
3.79757410965875e-05
3.79754526673958e-05
3.79751642425853e-05
3.79748758221561e-05
3.79745874061078e-05
3.79742989944406e-05
3.79740105871542e-05
3.79737221842485e-05
3.79734337857235e-05
3.79731453915791e-05
3.79728570018151e-05
3.79725686164315e-05
3.79722802354281e-05
3.79719918588049e-05
3.79717034865618e-05
3.79714151186986e-05
3.79711267552153e-05
3.79708383961118e-05
3.79705500413879e-05
3.79702616910436e-05
3.79699733450787e-05
3.79696850034932e-05
3.7969396666287e-05
3.79691083334599e-05
3.79688200050119e-05
3.79685316809428e-05
3.79682433612527e-05
3.79679550459412e-05
3.79676667350085e-05
3.79673784284543e-05
3.79670901262785e-05
3.79668018284812e-05
3.79665135350621e-05
3.79662252460211e-05
3.79659369613583e-05
3.79656486810734e-05
3.79653604051663e-05
3.79650721336371e-05
3.79647838664854e-05
3.79644956037114e-05
3.79642073453148e-05
3.79639190912956e-05
3.79636308416537e-05
3.79633425963889e-05
3.79630543555012e-05
3.79627661189905e-05
3.79624778868566e-05
3.79621896590995e-05
3.79619014357191e-05
3.79616132167153e-05
3.79613250020879e-05
3.79610367918369e-05
3.79607485859621e-05
3.79604603844635e-05
3.7960172187341e-05
3.79598839945945e-05
3.79595958062239e-05
3.7959307622229e-05
3.79590194426098e-05
3.79587312673661e-05
3.7958443096498e-05
3.79581549300052e-05
3.79578667678876e-05
3.79575786101453e-05
3.7957290456778e-05
3.79570023077857e-05
3.79567141631683e-05
3.79564260229257e-05
3.79561378870577e-05
3.79558497555643e-05
3.79555616284454e-05
3.79552735057009e-05
3.79549853873306e-05
3.79546972733345e-05
3.79544091637126e-05
3.79541210584645e-05
3.79538329575904e-05
3.795354486109e-05
3.79532567689633e-05
3.79529686812102e-05
3.79526805978306e-05
3.79523925188244e-05
3.79521044441914e-05
3.79518163739317e-05
3.7951528308045e-05
3.79512402465313e-05
3.79509521893904e-05
3.79506641366224e-05
3.7950376088227e-05
3.79500880442043e-05
3.7949800004554e-05
3.79495119692761e-05
3.79492239383705e-05
3.7948935911837e-05
3.79486478896757e-05
3.79483598718863e-05
3.79480718584689e-05
3.79477838494232e-05
3.79474958447492e-05
3.79472078444468e-05
3.79469198485159e-05
3.79466318569564e-05
3.79463438697681e-05
3.79460558869511e-05
3.79457679085052e-05
3.79454799344302e-05
3.79451919647261e-05
3.79449039993929e-05
3.79446160384303e-05
3.79443280818383e-05
3.79440401296168e-05
3.79437521817658e-05
3.7943464238285e-05
3.79431762991744e-05
3.79428883644339e-05
3.79426004340633e-05
3.79423125080627e-05
3.79420245864319e-05
3.79417366691708e-05
3.79414487562793e-05
3.79411608477573e-05
3.79408729436047e-05
3.79405850438214e-05
3.79402971484073e-05
3.79400092573623e-05
3.79397213706863e-05
3.79394334883792e-05
3.79391456104409e-05
3.79388577368713e-05
3.79385698676703e-05
3.79382820028378e-05
3.79379941423737e-05
3.79377062862779e-05
3.79374184345504e-05
3.79371305871909e-05
3.79368427441995e-05
3.79365549055759e-05
3.79362670713202e-05
3.79359792414322e-05
3.79356914159117e-05
3.79354035947588e-05
3.79351157779734e-05
3.79348279655552e-05
3.79345401575042e-05
3.79342523538204e-05
3.79339645545035e-05
3.79336767595536e-05
3.79333889689705e-05
3.79331011827541e-05
3.79328134009043e-05
3.79325256234211e-05
3.79322378503042e-05
3.79319500815537e-05
3.79316623171694e-05
3.79313745571512e-05
3.7931086801499e-05
3.79307990502128e-05
3.79305113032924e-05
3.79302235607377e-05
3.79299358225486e-05
3.7929648088725e-05
3.79293603592669e-05
3.79290726341741e-05
3.79287849134465e-05
3.79284971970841e-05
3.79282094850866e-05
3.79279217774541e-05
3.79276340741865e-05
3.79273463752835e-05
3.79270586807452e-05
3.79267709905714e-05
3.79264833047621e-05
3.7926195623317e-05
3.79259079462362e-05
3.79256202735196e-05
3.79253326051669e-05
3.79250449411783e-05
3.79247572815534e-05
3.79244696262923e-05
3.79241819753948e-05
3.79238943288608e-05
3.79236066866903e-05
3.79233190488832e-05
3.79230314154392e-05
3.79227437863584e-05
3.79224561616407e-05
3.79221685412859e-05
3.79218809252939e-05
3.79215933136647e-05
3.79213057063981e-05
3.7921018103494e-05
3.79207305049525e-05
3.79204429107732e-05
3.79201553209562e-05
3.79198677355013e-05
3.79195801544085e-05
3.79192925776777e-05
3.79190050053087e-05
3.79187174373014e-05
3.79184298736558e-05
3.79181423143717e-05
3.79178547594491e-05
3.79175672088879e-05
3.79172796626879e-05
3.7916992120849e-05
3.79167045833712e-05
3.79164170502544e-05
3.79161295214984e-05
3.79158419971032e-05
3.79155544770687e-05
3.79152669613947e-05
3.79149794500811e-05
3.7914691943128e-05
3.7914404440535e-05
3.79141169423023e-05
3.79138294484296e-05
3.79135419589169e-05
3.7913254473764e-05
3.79129669929709e-05
3.79126795165375e-05
3.79123920444637e-05
3.79121045767493e-05
3.79118171133942e-05
3.79115296543985e-05
3.79112421997619e-05
3.79109547494844e-05
3.79106673035659e-05
3.79103798620062e-05
3.79100924248053e-05
3.79098049919631e-05
3.79095175634795e-05
3.79092301393543e-05
3.79089427195876e-05
3.7908655304179e-05
3.79083678931287e-05
3.79080804864365e-05
3.79077930841022e-05
3.79075056861259e-05
3.79072182925073e-05
3.79069309032463e-05
3.7906643518343e-05
3.79063561377972e-05
3.79060687616087e-05
3.79057813897776e-05
3.79054940223036e-05
3.79052066591867e-05
3.79049193004268e-05
3.79046319460238e-05
3.79043445959776e-05
3.79040572502881e-05
3.79037699089551e-05
3.79034825719787e-05
3.79031952393587e-05
3.79029079110949e-05
3.79026205871874e-05
3.7902333267636e-05
3.79020459524405e-05
3.7901758641601e-05
3.79014713351172e-05
3.79011840329892e-05
3.79008967352168e-05
3.79006094417998e-05
3.79003221527383e-05
3.79000348680321e-05
3.78997475876811e-05
3.78994603116852e-05
3.78991730400443e-05
3.78988857727583e-05
3.78985985098271e-05
3.78983112512506e-05
3.78980239970288e-05
3.78977367471615e-05
3.78974495016485e-05
3.78971622604899e-05
3.78968750236855e-05
3.78965877912353e-05
3.7896300563139e-05
3.78960133393967e-05
3.78957261200082e-05
3.78954389049734e-05
3.78951516942922e-05
3.78948644879646e-05
3.78945772859904e-05
3.78942900883695e-05
3.78940028951018e-05
3.78937157061873e-05
3.78934285216258e-05
3.78931413414172e-05
3.78928541655615e-05
3.78925669940584e-05
3.78922798269081e-05
3.78919926641102e-05
3.78917055056648e-05
3.78914183515717e-05
3.78911312018309e-05
3.78908440564422e-05
3.78905569154055e-05
3.78902697787208e-05
3.78899826463879e-05
3.78896955184068e-05
3.78894083947773e-05
3.78891212754994e-05
3.78888341605729e-05
3.78885470499977e-05
3.78882599437738e-05
3.78879728419011e-05
3.78876857443794e-05
3.78873986512086e-05
3.78871115623887e-05
3.78868244779196e-05
3.78865373978011e-05
3.78862503220331e-05
3.78859632506156e-05
3.78856761835485e-05
3.78853891208317e-05
3.7885102062465e-05
3.78848150084483e-05
3.78845279587816e-05
3.78842409134648e-05
3.78839538724978e-05
3.78836668358804e-05
3.78833798036126e-05
3.78830927756942e-05
3.78828057521252e-05
3.78825187329055e-05
3.7882231718035e-05
3.78819447075135e-05
3.7881657701341e-05
3.78813706995174e-05
3.78810837020425e-05
3.78807967089164e-05
3.78805097201388e-05
3.78802227357097e-05
3.7879935755629e-05
3.78796487798965e-05
3.78793618085122e-05
3.78790748414761e-05
3.78787878787879e-05
3.78785009204476e-05
3.78782139664551e-05
3.78779270168102e-05
3.7877640071513e-05
3.78773531305632e-05
3.78770661939609e-05
3.78767792617058e-05
3.7876492333798e-05
3.78762054102372e-05
3.78759184910234e-05
3.78756315761565e-05
3.78753446656365e-05
3.78750577594631e-05
3.78747708576363e-05
3.7874483960156e-05
3.78741970670222e-05
3.78739101782346e-05
3.78736232937933e-05
3.7873336413698e-05
3.78730495379488e-05
3.78727626665455e-05
3.7872475799488e-05
3.78721889367762e-05
3.787190207841e-05
3.78716152243893e-05
3.78713283747141e-05
3.78710415293841e-05
3.78707546883994e-05
3.78704678517598e-05
3.78701810194653e-05
3.78698941915156e-05
3.78696073679108e-05
3.78693205486507e-05
3.78690337337353e-05
3.78687469231643e-05
3.78684601169378e-05
3.78681733150556e-05
3.78678865175177e-05
3.78675997243239e-05
3.78673129354741e-05
3.78670261509683e-05
3.78667393708063e-05
3.7866452594988e-05
3.78661658235134e-05
3.78658790563823e-05
3.78655922935947e-05
3.78653055351504e-05
3.78650187810493e-05
3.78647320312914e-05
3.78644452858766e-05
3.78641585448047e-05
3.78638718080756e-05
3.78635850756893e-05
3.78632983476457e-05
3.78630116239446e-05
3.78627249045859e-05
3.78624381895697e-05
3.78621514788956e-05
3.78618647725638e-05
3.7861578070574e-05
3.78612913729261e-05
3.78610046796202e-05
3.7860717990656e-05
3.78604313060334e-05
3.78601446257525e-05
3.7859857949813e-05
3.78595712782148e-05
3.7859284610958e-05
3.78589979480423e-05
3.78587112894677e-05
3.78584246352341e-05
3.78581379853413e-05
3.78578513397894e-05
3.78575646985781e-05
3.78572780617074e-05
3.78569914291771e-05
3.78567048009873e-05
3.78564181771378e-05
3.78561315576284e-05
3.78558449424591e-05
3.78555583316298e-05
3.78552717251404e-05
3.78549851229908e-05
3.78546985251809e-05
3.78544119317106e-05
3.78541253425798e-05
3.78538387577884e-05
3.78535521773363e-05
3.78532656012234e-05
3.78529790294496e-05
3.78526924620148e-05
3.78524058989189e-05
3.78521193401619e-05
3.78518327857435e-05
3.78515462356637e-05
3.78512596899225e-05
3.78509731485197e-05
3.78506866114551e-05
3.78504000787288e-05
3.78501135503407e-05
3.78498270262905e-05
3.78495405065783e-05
3.78492539912038e-05
3.78489674801671e-05
3.78486809734681e-05
3.78483944711065e-05
3.78481079730824e-05
3.78478214793956e-05
3.78475349900461e-05
3.78472485050337e-05
3.78469620243583e-05
3.78466755480199e-05
3.78463890760183e-05
3.78461026083534e-05
3.78458161450252e-05
3.78455296860335e-05
3.78452432313782e-05
3.78449567810594e-05
3.78446703350767e-05
3.78443838934302e-05
3.78440974561198e-05
3.78438110231453e-05
3.78435245945066e-05
3.78432381702038e-05
3.78429517502365e-05
3.78426653346048e-05
3.78423789233086e-05
3.78420925163478e-05
3.78418061137222e-05
3.78415197154318e-05
3.78412333214764e-05
3.7840946931856e-05
3.78406605465705e-05
3.78403741656197e-05
3.78400877890037e-05
3.78398014167222e-05
3.78395150487751e-05
3.78392286851625e-05
3.78389423258841e-05
3.78386559709399e-05
3.78383696203298e-05
3.78380832740537e-05
3.78377969321114e-05
3.7837510594503e-05
3.78372242612282e-05
3.7836937932287e-05
3.78366516076793e-05
3.7836365287405e-05
3.7836078971464e-05
3.78357926598562e-05
3.78355063525815e-05
3.78352200496398e-05
3.7834933751031e-05
3.7834647456755e-05
3.78343611668117e-05
3.7834074881201e-05
3.78337885999228e-05
3.7833502322977e-05
3.78332160503636e-05
3.78329297820823e-05
3.78326435181332e-05
3.78323572585161e-05
3.78320710032309e-05
3.78317847522775e-05
3.78314985056558e-05
3.78312122633658e-05
3.78309260254072e-05
3.78306397917802e-05
3.78303535624844e-05
3.78300673375199e-05
3.78297811168865e-05
3.78294949005841e-05
3.78292086886126e-05
3.78289224809721e-05
3.78286362776622e-05
3.7828350078683e-05
3.78280638840343e-05
3.7827777693716e-05
3.78274915077282e-05
3.78272053260705e-05
3.7826919148743e-05
3.78266329757456e-05
3.78263468070781e-05
3.78260606427404e-05
3.78257744827325e-05
3.78254883270543e-05
3.78252021757056e-05
3.78249160286864e-05
3.78246298859966e-05
3.7824343747636e-05
3.78240576136046e-05
3.78237714839022e-05
3.78234853585288e-05
3.78231992374843e-05
3.78229131207686e-05
3.78226270083815e-05
3.7822340900323e-05
3.7822054796593e-05
3.78217686971914e-05
3.7821482602118e-05
3.78211965113728e-05
3.78209104249557e-05
3.78206243428667e-05
3.78203382651054e-05
3.7820052191672e-05
3.78197661225663e-05
3.78194800577882e-05
3.78191939973375e-05
3.78189079412143e-05
3.78186218894183e-05
3.78183358419496e-05
3.7818049798808e-05
3.78177637599933e-05
3.78174777255056e-05
3.78171916953447e-05
3.78169056695105e-05
3.78166196480029e-05
3.78163336308218e-05
3.78160476179672e-05
3.78157616094388e-05
3.78154756052367e-05
3.78151896053607e-05
3.78149036098107e-05
3.78146176185866e-05
3.78143316316884e-05
3.78140456491159e-05
3.7813759670869e-05
3.78134736969477e-05
3.78131877273518e-05
3.78129017620812e-05
3.78126158011359e-05
3.78123298445157e-05
3.78120438922205e-05
3.78117579442503e-05
3.7811472000605e-05
3.78111860612844e-05
3.78109001262884e-05
3.7810614195617e-05
3.781032826927e-05
3.78100423472474e-05
3.78097564295491e-05
3.78094705161749e-05
3.78091846071248e-05
3.78088987023986e-05
3.78086128019963e-05
3.78083269059178e-05
3.78080410141629e-05
3.78077551267316e-05
3.78074692436238e-05
3.78071833648393e-05
3.78068974903781e-05
3.78066116202401e-05
3.78063257544252e-05
3.78060398929333e-05
3.78057540357642e-05
3.7805468182918e-05
3.78051823343944e-05
3.78048964901934e-05
3.78046106503149e-05
3.78043248147588e-05
3.7804038983525e-05
3.78037531566134e-05
3.78034673340239e-05
3.78031815157564e-05
3.78028957018108e-05
3.7802609892187e-05
3.78023240868849e-05
3.78020382859044e-05
3.78017524892454e-05
3.78014666969078e-05
3.78011809088916e-05
3.78008951251966e-05
3.78006093458227e-05
3.78003235707698e-05
3.78000378000378e-05
3.77997520336267e-05
3.77994662715362e-05
3.77991805137665e-05
3.77988947603172e-05
3.77986090111884e-05
3.77983232663799e-05
3.77980375258917e-05
3.77977517897236e-05
3.77974660578755e-05
3.77971803303474e-05
3.77968946071391e-05
3.77966088882505e-05
3.77963231736817e-05
3.77960374634323e-05
3.77957517575025e-05
3.77954660558919e-05
3.77951803586007e-05
3.77948946656286e-05
3.77946089769755e-05
3.77943232926414e-05
3.77940376126262e-05
3.77937519369298e-05
3.7793466265552e-05
3.77931805984928e-05
3.77928949357521e-05
3.77926092773297e-05
3.77923236232257e-05
3.77920379734398e-05
3.77917523279719e-05
3.77914666868221e-05
3.77911810499902e-05
3.7790895417476e-05
3.77906097892796e-05
3.77903241654007e-05
3.77900385458393e-05
3.77897529305953e-05
3.77894673196687e-05
3.77891817130592e-05
3.77888961107668e-05
3.77886105127914e-05
3.7788324919133e-05
3.77880393297913e-05
3.77877537447664e-05
3.77874681640581e-05
3.77871825876663e-05
3.77868970155909e-05
3.77866114478318e-05
3.7786325884389e-05
3.77860403252622e-05
3.77857547704515e-05
3.77854692199568e-05
3.77851836737778e-05
3.77848981319146e-05
3.77846125943671e-05
3.7784327061135e-05
3.77840415322184e-05
3.77837560076172e-05
3.77834704873312e-05
3.77831849713603e-05
3.77828994597045e-05
3.77826139523637e-05
3.77823284493377e-05
3.77820429506264e-05
3.77817574562298e-05
3.77814719661478e-05
3.77811864803802e-05
3.7780900998927e-05
3.77806155217881e-05
3.77803300489633e-05
3.77800445804526e-05
3.77797591162559e-05
3.7779473656373e-05
3.77791882008039e-05
3.77789027495485e-05
3.77786173026067e-05
3.77783318599784e-05
3.77780464216634e-05
3.77777609876618e-05
3.77774755579733e-05
3.77771901325979e-05
3.77769047115356e-05
3.77766192947861e-05
3.77763338823494e-05
3.77760484742254e-05
3.7775763070414e-05
3.77754776709151e-05
3.77751922757287e-05
3.77749068848545e-05
3.77746214982926e-05
3.77743361160428e-05
3.77740507381049e-05
3.77737653644791e-05
3.7773479995165e-05
3.77731946301627e-05
3.77729092694719e-05
3.77726239130927e-05
3.7772338561025e-05
3.77720532132686e-05
3.77717678698234e-05
3.77714825306893e-05
3.77711971958663e-05
3.77709118653543e-05
3.7770626539153e-05
3.77703412172626e-05
3.77700558996827e-05
3.77697705864135e-05
3.77694852774546e-05
3.77691999728062e-05
3.7768914672468e-05
3.77686293764399e-05
3.7768344084722e-05
3.77680587973139e-05
3.77677735142158e-05
3.77674882354274e-05
3.77672029609487e-05
3.77669176907796e-05
3.77666324249199e-05
3.77663471633697e-05
3.77660619061287e-05
3.77657766531969e-05
3.77654914045742e-05
3.77652061602604e-05
3.77649209202556e-05
3.77646356845595e-05
3.77643504531722e-05
3.77640652260935e-05
3.77637800033232e-05
3.77634947848614e-05
3.77632095707078e-05
3.77629243608625e-05
3.77626391553253e-05
3.77623539540961e-05
3.77620687571748e-05
3.77617835645613e-05
3.77614983762556e-05
3.77612131922574e-05
3.77609280125668e-05
3.77606428371837e-05
3.77603576661078e-05
3.77600724993392e-05
3.77597873368777e-05
3.77595021787233e-05
3.77592170248758e-05
3.77589318753351e-05
3.77586467301012e-05
3.77583615891739e-05
3.77580764525532e-05
3.77577913202389e-05
3.7757506192231e-05
3.77572210685294e-05
3.77569359491339e-05
3.77566508340444e-05
3.77563657232609e-05
3.77560806167833e-05
3.77557955146115e-05
3.77555104167453e-05
3.77552253231847e-05
3.77549402339296e-05
3.77546551489799e-05
3.77543700683354e-05
3.77540849919961e-05
3.77537999199619e-05
3.77535148522327e-05
3.77532297888084e-05
3.77529447296889e-05
3.77526596748741e-05
3.77523746243639e-05
3.77520895781582e-05
3.77518045362568e-05
3.77515194986598e-05
3.7751234465367e-05
3.77509494363783e-05
3.77506644116936e-05
3.77503793913129e-05
3.77500943752359e-05
3.77498093634627e-05
3.77495243559931e-05
3.7749239352827e-05
3.77489543539644e-05
3.77486693594051e-05
3.7748384369149e-05
3.77480993831961e-05
3.77478144015461e-05
3.77475294241992e-05
3.77472444511551e-05
3.77469594824137e-05
3.7746674517975e-05
3.77463895578388e-05
3.77461046020051e-05
3.77458196504737e-05
3.77455347032446e-05
3.77452497603177e-05
3.77449648216928e-05
3.77446798873699e-05
3.77443949573488e-05
3.77441100316296e-05
3.7743825110212e-05
3.7743540193096e-05
3.77432552802814e-05
3.77429703717683e-05
3.77426854675564e-05
3.77424005676457e-05
3.77421156720361e-05
3.77418307807275e-05
3.77415458937198e-05
3.77412610110129e-05
3.77409761326067e-05
3.77406912585011e-05
3.7740406388696e-05
3.77401215231913e-05
3.77398366619869e-05
3.77395518050828e-05
3.77392669524787e-05
3.77389821041747e-05
3.77386972601706e-05
3.77384124204663e-05
3.77381275850617e-05
3.77378427539568e-05
3.77375579271514e-05
3.77372731046455e-05
3.77369882864388e-05
3.77367034725315e-05
3.77364186629232e-05
3.7736133857614e-05
3.77358490566038e-05
3.77355642598924e-05
3.77352794674797e-05
3.77349946793658e-05
3.77347098955503e-05
3.77344251160334e-05
3.77341403408148e-05
3.77338555698944e-05
3.77335708032723e-05
3.77332860409482e-05
3.7733001282922e-05
3.77327165291938e-05
3.77324317797633e-05
3.77321470346306e-05
3.77318622937954e-05
3.77315775572577e-05
3.77312928250174e-05
3.77310080970743e-05
3.77307233734285e-05
3.77304386540798e-05
3.77301539390281e-05
3.77298692282733e-05
3.77295845218152e-05
3.77292998196539e-05
3.77290151217893e-05
3.77287304282211e-05
3.77284457389493e-05
3.77281610539739e-05
3.77278763732947e-05
3.77275916969116e-05
3.77273070248246e-05
3.77270223570334e-05
3.77267376935382e-05
3.77264530343386e-05
3.77261683794347e-05
3.77258837288263e-05
3.77255990825134e-05
3.77253144404959e-05
3.77250298027735e-05
3.77247451693464e-05
3.77244605402143e-05
3.77241759153771e-05
3.77238912948348e-05
3.77236066785873e-05
3.77233220666345e-05
3.77230374589762e-05
3.77227528556124e-05
3.7722468256543e-05
3.77221836617678e-05
3.77218990712868e-05
3.77216144851e-05
3.77213299032071e-05
3.77210453256081e-05
3.77207607523029e-05
3.77204761832913e-05
3.77201916185734e-05
3.7719907058149e-05
3.7719622502018e-05
3.77193379501803e-05
3.77190534026358e-05
3.77187688593844e-05
3.77184843204261e-05
3.77181997857606e-05
3.7717915255388e-05
3.77176307293081e-05
3.77173462075208e-05
3.77170616900261e-05
3.77167771768238e-05
3.77164926679138e-05
3.77162081632961e-05
3.77159236629705e-05
3.7715639166937e-05
3.77153546751954e-05
3.77150701877456e-05
3.77147857045876e-05
3.77145012257213e-05
3.77142167511465e-05
3.77139322808632e-05
3.77136478148712e-05
3.77133633531706e-05
3.7713078895761e-05
3.77127944426426e-05
3.77125099938152e-05
3.77122255492786e-05
3.77119411090328e-05
3.77116566730776e-05
3.77113722414131e-05
3.77110878140391e-05
3.77108033909554e-05
3.77105189721621e-05
3.7710234557659e-05
3.77099501474459e-05
3.77096657415229e-05
3.77093813398897e-05
3.77090969425464e-05
3.77088125494928e-05
3.77085281607288e-05
3.77082437762544e-05
3.77079593960693e-05
3.77076750201736e-05
3.77073906485671e-05
3.77071062812498e-05
3.77068219182214e-05
3.77065375594821e-05
3.77062532050315e-05
3.77059688548697e-05
3.77056845089966e-05
3.7705400167412e-05
3.77051158301158e-05
3.7704831497108e-05
3.77045471683885e-05
3.77042628439571e-05
3.77039785238138e-05
3.77036942079585e-05
3.7703409896391e-05
3.77031255891113e-05
3.77028412861193e-05
3.77025569874149e-05
3.77022726929979e-05
3.77019884028684e-05
3.77017041170261e-05
3.7701419835471e-05
3.7701135558203e-05
3.7700851285222e-05
3.77005670165279e-05
3.77002827521206e-05
3.76999984920001e-05
3.76997142361661e-05
3.76994299846186e-05
3.76991457373576e-05
3.76988614943829e-05
3.76985772556944e-05
3.7698293021292e-05
3.76980087911757e-05
3.76977245653452e-05
3.76974403438007e-05
3.76971561265418e-05
3.76968719135686e-05
3.7696587704881e-05
3.76963035004787e-05
3.76960193003619e-05
3.76957351045303e-05
3.76954509129838e-05
3.76951667257224e-05
3.7694882542746e-05
3.76945983640544e-05
3.76943141896476e-05
3.76940300195255e-05
3.7693745853688e-05
3.76934616921349e-05
3.76931775348662e-05
3.76928933818818e-05
3.76926092331816e-05
3.76923250887654e-05
3.76920409486333e-05
3.7691756812785e-05
3.76914726812206e-05
3.76911885539399e-05
3.76909044309427e-05
3.76906203122291e-05
3.76903361977989e-05
3.7690052087652e-05
3.76897679817883e-05
3.76894838802077e-05
3.76891997829102e-05
3.76889156898956e-05
3.76886316011638e-05
3.76883475167148e-05
3.76880634365484e-05
3.76877793606645e-05
3.76874952890631e-05
3.7687211221744e-05
3.76869271587072e-05
3.76866430999525e-05
3.76863590454799e-05
3.76860749952892e-05
3.76857909493804e-05
3.76855069077534e-05
3.76852228704081e-05
3.76849388373443e-05
3.7684654808562e-05
3.7684370784061e-05
3.76840867638414e-05
3.76838027479029e-05
3.76835187362455e-05
3.76832347288691e-05
3.76829507257736e-05
3.76826667269589e-05
3.76823827324249e-05
3.76820987421715e-05
3.76818147561987e-05
3.76815307745062e-05
3.7681246797094e-05
3.76809628239621e-05
3.76806788551103e-05
3.76803948905385e-05
3.76801109302466e-05
3.76798269742345e-05
3.76795430225022e-05
3.76792590750495e-05
3.76789751318764e-05
3.76786911929827e-05
3.76784072583684e-05
3.76781233280333e-05
3.76778394019773e-05
3.76775554802004e-05
3.76772715627025e-05
3.76769876494834e-05
3.76767037405431e-05
3.76764198358815e-05
3.76761359354985e-05
3.76758520393939e-05
3.76755681475677e-05
3.76752842600197e-05
3.767500037675e-05
3.76747164977584e-05
3.76744326230447e-05
3.76741487526089e-05
3.7673864886451e-05
3.76735810245707e-05
3.76732971669681e-05
3.76730133136429e-05
3.76727294645952e-05
3.76724456198247e-05
3.76721617793315e-05
3.76718779431155e-05
3.76715941111764e-05
3.76713102835143e-05
3.7671026460129e-05
3.76707426410204e-05
3.76704588261885e-05
3.76701750156331e-05
3.76698912093542e-05
3.76696074073516e-05
3.76693236096253e-05
3.76690398161751e-05
3.7668756027001e-05
3.76684722421028e-05
3.76681884614805e-05
3.7667904685134e-05
3.76676209130631e-05
3.76673371452679e-05
3.76670533817481e-05
3.76667696225036e-05
3.76664858675345e-05
3.76662021168406e-05
3.76659183704217e-05
3.76656346282779e-05
3.76653508904089e-05
3.76650671568147e-05
3.76647834274953e-05
3.76644997024504e-05
3.76642159816801e-05
3.76639322651842e-05
3.76636485529626e-05
3.76633648450153e-05
3.7663081141342e-05
3.76627974419428e-05
3.76625137468175e-05
3.76622300559661e-05
3.76619463693884e-05
3.76616626870843e-05
3.76613790090538e-05
3.76610953352967e-05
3.7660811665813e-05
3.76605280006026e-05
3.76602443396653e-05
3.7659960683001e-05
3.76596770306098e-05
3.76593933824914e-05
3.76591097386458e-05
3.76588260990728e-05
3.76585424637725e-05
3.76582588327446e-05
3.76579752059891e-05
3.76576915835059e-05
3.76574079652949e-05
3.7657124351356e-05
3.76568407416891e-05
3.76565571362941e-05
3.7656273535171e-05
3.76559899383195e-05
3.76557063457396e-05
3.76554227574313e-05
3.76551391733944e-05
3.76548555936288e-05
3.76545720181344e-05
3.76542884469112e-05
3.7654004879959e-05
3.76537213172778e-05
3.76534377588674e-05
3.76531542047277e-05
3.76528706548587e-05
3.76525871092603e-05
3.76523035679323e-05
3.76520200308747e-05
3.76517364980873e-05
3.76514529695701e-05
3.7651169445323e-05
3.76508859253458e-05
3.76506024096386e-05
3.76503188982011e-05
3.76500353910333e-05
3.76497518881351e-05
3.76494683895063e-05
3.7649184895147e-05
3.7648901405057e-05
3.76486179192362e-05
3.76483344376845e-05
3.76480509604018e-05
3.7647767487388e-05
3.7647484018643e-05
3.76472005541668e-05
3.76469170939592e-05
3.76466336380201e-05
3.76463501863494e-05
3.76460667389471e-05
3.7645783295813e-05
3.76454998569471e-05
3.76452164223492e-05
3.76449329920193e-05
3.76446495659572e-05
3.76443661441629e-05
3.76440827266362e-05
3.76437993133771e-05
3.76435159043855e-05
3.76432324996612e-05
3.76429490992042e-05
3.76426657030144e-05
3.76423823110917e-05
3.7642098923436e-05
3.76418155400471e-05
3.76415321609251e-05
3.76412487860697e-05
3.7640965415481e-05
3.76406820491587e-05
3.76403986871029e-05
3.76401153293134e-05
3.76398319757901e-05
3.76395486265329e-05
3.76392652815417e-05
3.76389819408165e-05
3.76386986043571e-05
3.76384152721634e-05
3.76381319442353e-05
3.76378486205728e-05
3.76375653011758e-05
3.76372819860441e-05
3.76369986751776e-05
3.76367153685764e-05
3.76364320662401e-05
3.76361487681688e-05
3.76358654743624e-05
3.76355821848208e-05
3.76352988995439e-05
3.76350156185315e-05
3.76347323417836e-05
3.76344490693001e-05
3.76341658010809e-05
3.76338825371258e-05
3.76335992774349e-05
3.7633316022008e-05
3.76330327708449e-05
3.76327495239457e-05
3.76324662813102e-05
3.76321830429383e-05
3.763189980883e-05
3.7631616578985e-05
3.76313333534034e-05
3.7631050132085e-05
3.76307669150297e-05
3.76304837022375e-05
3.76302004937082e-05
3.76299172894418e-05
3.76296340894381e-05
3.76293508936971e-05
3.76290677022186e-05
3.76287845150026e-05
3.76285013320489e-05
3.76282181533576e-05
3.76279349789284e-05
3.76276518087612e-05
3.76273686428561e-05
3.76270854812128e-05
3.76268023238313e-05
3.76265191707115e-05
3.76262360218533e-05
3.76259528772566e-05
3.76256697369213e-05
3.76253866008473e-05
3.76251034690345e-05
3.76248203414829e-05
3.76245372181922e-05
3.76242540991625e-05
3.76239709843936e-05
3.76236878738854e-05
3.76234047676379e-05
3.76231216656508e-05
3.76228385679243e-05
3.7622555474458e-05
3.76222723852521e-05
3.76219893003062e-05
3.76217062196205e-05
3.76214231431947e-05
3.76211400710287e-05
3.76208570031225e-05
3.7620573939476e-05
3.76202908800891e-05
3.76200078249616e-05
3.76197247740936e-05
3.76194417274848e-05
3.76191586851352e-05
3.76188756470447e-05
3.76185926132132e-05
3.76183095836405e-05
3.76180265583268e-05
3.76177435372717e-05
3.76174605204752e-05
3.76171775079372e-05
3.76168944996577e-05
3.76166114956365e-05
3.76163284958735e-05
3.76160455003686e-05
3.76157625091218e-05
3.7615479522133e-05
3.76151965394019e-05
3.76149135609286e-05
3.7614630586713e-05
3.76143476167549e-05
3.76140646510543e-05
3.76137816896111e-05
3.76134987324251e-05
3.76132157794963e-05
3.76129328308246e-05
3.76126498864098e-05
3.76123669462519e-05
3.76120840103508e-05
3.76118010787065e-05
3.76115181513187e-05
3.76112352281874e-05
3.76109523093125e-05
3.76106693946939e-05
3.76103864843315e-05
3.76101035782253e-05
3.7609820676375e-05
3.76095377787807e-05
3.76092548854422e-05
3.76089719963595e-05
3.76086891115323e-05
3.76084062309607e-05
3.76081233546446e-05
3.76078404825838e-05
3.76075576147783e-05
3.76072747512279e-05
3.76069918919325e-05
3.76067090368922e-05
3.76064261861067e-05
3.7606143339576e-05
3.76058604972999e-05
3.76055776592784e-05
3.76052948255114e-05
3.76050119959988e-05
3.76047291707405e-05
3.76044463497364e-05
3.76041635329864e-05
3.76038807204904e-05
3.76035979122482e-05
3.76033151082599e-05
3.76030323085254e-05
3.76027495130444e-05
3.7602466721817e-05
3.76021839348429e-05
3.76019011521223e-05
3.76016183736548e-05
3.76013355994405e-05
3.76010528294792e-05
3.76007700637709e-05
3.76004873023154e-05
3.76002045451127e-05
3.75999217921627e-05
3.75996390434652e-05
3.75993562990202e-05
3.75990735588275e-05
3.75987908228871e-05
3.75985080911989e-05
3.75982253637628e-05
3.75979426405787e-05
3.75976599216465e-05
3.7597377206966e-05
3.75970944965373e-05
3.75968117903602e-05
3.75965290884346e-05
3.75962463907603e-05
3.75959636973375e-05
3.75956810081658e-05
3.75953983232452e-05
3.75951156425757e-05
3.75948329661571e-05
3.75945502939894e-05
3.75942676260724e-05
3.7593984962406e-05
3.75937023029902e-05
3.75934196478248e-05
3.75931369969098e-05
3.75928543502451e-05
3.75925717078305e-05
3.7592289069666e-05
3.75920064357515e-05
3.75917238060869e-05
3.7591441180672e-05
3.75911585595068e-05
3.75908759425912e-05
3.75905933299251e-05
3.75903107215084e-05
3.7590028117341e-05
3.75897455174228e-05
3.75894629217538e-05
3.75891803303337e-05
3.75888977431626e-05
3.75886151602403e-05
3.75883325815667e-05
3.75880500071417e-05
3.75877674369653e-05
3.75874848710373e-05
3.75872023093577e-05
3.75869197519263e-05
3.75866371987431e-05
3.75863546498079e-05
3.75860721051207e-05
3.75857895646814e-05
3.75855070284898e-05
3.75852244965459e-05
3.75849419688496e-05
3.75846594454008e-05
3.75843769261993e-05
3.75840944112452e-05
3.75838119005382e-05
3.75835293940783e-05
3.75832468918655e-05
3.75829643938995e-05
3.75826819001804e-05
3.7582399410708e-05
3.75821169254822e-05
3.75818344445029e-05
3.75815519677701e-05
3.75812694952835e-05
3.75809870270433e-05
3.75807045630491e-05
3.75804221033011e-05
3.75801396477989e-05
3.75798571965427e-05
3.75795747495321e-05
3.75792923067673e-05
3.7579009868248e-05
3.75787274339742e-05
3.75784450039457e-05
3.75781625781626e-05
3.75778801566246e-05
3.75775977393317e-05
3.75773153262838e-05
3.75770329174808e-05
3.75767505129226e-05
3.75764681126092e-05
3.75761857165403e-05
3.75759033247159e-05
3.7575620937136e-05
3.75753385538004e-05
3.7575056174709e-05
3.75747737998617e-05
3.75744914292585e-05
3.75742090628992e-05
3.75739267007838e-05
3.75736443429121e-05
3.75733619892841e-05
3.75730796398996e-05
3.75727972947586e-05
3.7572514953861e-05
3.75722326172066e-05
3.75719502847954e-05
3.75716679566273e-05
3.75713856327021e-05
3.75711033130199e-05
3.75708209975804e-05
3.75705386863837e-05
3.75702563794295e-05
3.75699740767179e-05
3.75696917782486e-05
3.75694094840217e-05
3.7569127194037e-05
3.75688449082944e-05
3.75685626267939e-05
3.75682803495353e-05
3.75679980765185e-05
3.75677158077435e-05
3.75674335432101e-05
3.75671512829182e-05
3.75668690268678e-05
3.75665867750588e-05
3.7566304527491e-05
3.75660222841644e-05
3.75657400450789e-05
3.75654578102343e-05
3.75651755796307e-05
3.75648933532678e-05
3.75646111311456e-05
3.7564328913264e-05
3.75640466996229e-05
3.75637644902222e-05
3.75634822850618e-05
3.75632000841416e-05
3.75629178874615e-05
3.75626356950214e-05
3.75623535068213e-05
3.7562071322861e-05
3.75617891431405e-05
3.75615069676595e-05
3.75612247964182e-05
3.75609426294162e-05
3.75606604666536e-05
3.75603783081303e-05
3.75600961538462e-05
3.75598140038011e-05
3.75595318579949e-05
3.75592497164277e-05
3.75589675790992e-05
3.75586854460094e-05
3.75584033171582e-05
3.75581211925455e-05
3.75578390721711e-05
3.75575569560351e-05
3.75572748441373e-05
3.75569927364776e-05
3.75567106330559e-05
3.75564285338721e-05
3.75561464389262e-05
3.7555864348218e-05
3.75555822617474e-05
3.75553001795143e-05
3.75550181015187e-05
3.75547360277605e-05
3.75544539582394e-05
3.75541718929556e-05
3.75538898319088e-05
3.7553607775099e-05
3.7553325722526e-05
3.75530436741898e-05
3.75527616300903e-05
3.75524795902273e-05
3.75521975546009e-05
3.75519155232108e-05
3.75516334960571e-05
3.75513514731395e-05
3.75510694544581e-05
3.75507874400126e-05
3.75505054298031e-05
3.75502234238294e-05
3.75499414220914e-05
3.7549659424589e-05
3.75493774313222e-05
3.75490954422908e-05
3.75488134574947e-05
3.75485314769339e-05
3.75482495006083e-05
3.75479675285177e-05
3.7547685560662e-05
3.75474035970413e-05
3.75471216376553e-05
3.75468396825039e-05
3.75465577315872e-05
3.75462757849049e-05
3.7545993842457e-05
3.75457119042434e-05
3.7545429970264e-05
3.75451480405187e-05
3.75448661150074e-05
3.75445841937301e-05
3.75443022766865e-05
3.75440203638766e-05
3.75437384553004e-05
3.75434565509577e-05
3.75431746508485e-05
3.75428927549726e-05
3.75426108633299e-05
3.75423289759204e-05
3.75420470927439e-05
3.75417652138003e-05
3.75414833390897e-05
3.75412014686118e-05
3.75409196023666e-05
3.75406377403539e-05
3.75403558825738e-05
3.7540074029026e-05
3.75397921797105e-05
3.75395103346272e-05
3.7539228493776e-05
3.75389466571568e-05
3.75386648247695e-05
3.7538382996614e-05
3.75381011726903e-05
3.75378193529981e-05
3.75375375375375e-05
3.75372557263084e-05
3.75369739193105e-05
3.75366921165439e-05
3.75364103180085e-05
3.75361285237041e-05
3.75358467336306e-05
3.7535564947788e-05
3.75352831661762e-05
3.7535001388795e-05
3.75347196156445e-05
3.75344378467244e-05
3.75341560820346e-05
3.75338743215752e-05
3.7533592565346e-05
3.75333108133468e-05
3.75330290655777e-05
3.75327473220385e-05
3.75324655827291e-05
3.75321838476494e-05
3.75319021167993e-05
3.75316203901787e-05
3.75313386677876e-05
3.75310569496258e-05
3.75307752356933e-05
3.75304935259899e-05
3.75302118205155e-05
3.75299301192701e-05
3.75296484222536e-05
3.75293667294658e-05
3.75290850409067e-05
3.75288033565762e-05
3.75285216764741e-05
3.75282400006005e-05
3.75279583289551e-05
3.75276766615379e-05
3.75273949983488e-05
3.75271133393877e-05
3.75268316846545e-05
3.75265500341492e-05
3.75262683878715e-05
3.75259867458215e-05
3.7525705107999e-05
3.75254234744039e-05
3.75251418450362e-05
3.75248602198957e-05
3.75245785989823e-05
3.7524296982296e-05
3.75240153698367e-05
3.75237337616042e-05
3.75234521575985e-05
3.75231705578195e-05
3.7522888962267e-05
3.7522607370941e-05
3.75223257838414e-05
3.75220442009681e-05
3.75217626223209e-05
3.75214810478999e-05
3.75211994777049e-05
3.75209179117358e-05
3.75206363499925e-05
3.75203547924749e-05
3.7520073239183e-05
3.75197916901165e-05
3.75195101452755e-05
3.75192286046599e-05
3.75189470682695e-05
3.75186655361042e-05
3.7518384008164e-05
3.75181024844487e-05
3.75178209649584e-05
3.75175394496927e-05
3.75172579386518e-05
3.75169764318354e-05
3.75166949292435e-05
3.7516413430876e-05
3.75161319367328e-05
3.75158504468138e-05
3.75155689611189e-05
3.7515287479648e-05
3.7515006002401e-05
3.75147245293778e-05
3.75144430605783e-05
3.75141615960025e-05
3.75138801356502e-05
3.75135986795213e-05
3.75133172276158e-05
3.75130357799335e-05
3.75127543364744e-05
3.75124728972383e-05
3.75121914622252e-05
3.7511910031435e-05
3.75116286048675e-05
3.75113471825227e-05
3.75110657644005e-05
3.75107843505008e-05
3.75105029408234e-05
3.75102215353684e-05
3.75099401341355e-05
3.75096587371248e-05
3.75093773443361e-05
3.75090959557693e-05
3.75088145714243e-05
3.7508533191301e-05
3.75082518153994e-05
3.75079704437193e-05
3.75076890762606e-05
3.75074077130233e-05
3.75071263540073e-05
3.75068449992124e-05
3.75065636486385e-05
3.75062823022856e-05
3.75060009601536e-05
3.75057196222424e-05
3.75054382885518e-05
3.75051569590819e-05
3.75048756338324e-05
3.75045943128033e-05
3.75043129959945e-05
3.7504031683406e-05
3.75037503750375e-05
3.75034690708891e-05
3.75031877709605e-05
3.75029064752518e-05
3.75026251837629e-05
3.75023438964935e-05
3.75020626134437e-05
3.75017813346134e-05
3.75015000600024e-05
3.75012187896107e-05
3.75009375234381e-05
3.75006562614846e-05
3.750037500375e-05
3.75000937502344e-05
3.74998125009375e-05
3.74995312558593e-05
3.74992500149997e-05
3.74989687783586e-05
3.74986875459359e-05
3.74984063177315e-05
3.74981250937453e-05
3.74978438739772e-05
3.74975626584272e-05
3.74972814470951e-05
3.74970002399808e-05
3.74967190370843e-05
3.74964378384054e-05
3.7496156643944e-05
3.74958754537001e-05
3.74955942676735e-05
3.74953130858643e-05
3.74950319082722e-05
3.74947507348971e-05
3.74944695657391e-05
3.74941884007979e-05
3.74939072400735e-05
3.74936260835658e-05
3.74933449312747e-05
3.74930637832001e-05
3.74927826393419e-05
3.74925014997001e-05
3.74922203642744e-05
3.74919392330649e-05
3.74916581060714e-05
3.74913769832938e-05
3.74910958647321e-05
3.74908147503862e-05
3.74905336402558e-05
3.74902525343411e-05
3.74899714326418e-05
3.74896903351578e-05
3.74894092418892e-05
3.74891281528357e-05
3.74888470679973e-05
3.74885659873738e-05
3.74882849109653e-05
3.74880038387716e-05
3.74877227707926e-05
3.74874417070281e-05
3.74871606474782e-05
3.74868795921427e-05
3.74865985410216e-05
3.74863174941147e-05
3.74860364514218e-05
3.74857554129431e-05
3.74854743786783e-05
3.74851933486273e-05
3.74849123227901e-05
3.74846313011665e-05
3.74843502837565e-05
3.748406927056e-05
3.74837882615769e-05
3.7483507256807e-05
3.74832262562503e-05
3.74829452599067e-05
3.74826642677762e-05
3.74823832798585e-05
3.74821022961536e-05
3.74818213166614e-05
3.74815403413819e-05
3.74812593703148e-05
3.74809784034602e-05
3.7480697440818e-05
3.7480416482388e-05
3.74801355281701e-05
3.74798545781642e-05
3.74795736323704e-05
3.74792926907883e-05
3.74790117534181e-05
3.74787308202595e-05
3.74784498913125e-05
3.7478168966577e-05
3.74778880460528e-05
3.747760712974e-05
3.74773262176383e-05
3.74770453097478e-05
3.74767644060682e-05
3.74764835065996e-05
3.74762026113418e-05
3.74759217202947e-05
3.74756408334583e-05
3.74753599508323e-05
3.74750790724168e-05
3.74747981982117e-05
3.74745173282168e-05
3.74742364624321e-05
3.74739556008574e-05
3.74736747434927e-05
3.74733938903379e-05
3.74731130413928e-05
3.74728321966574e-05
3.74725513561316e-05
3.74722705198153e-05
3.74719896877084e-05
3.74717088598108e-05
3.74714280361225e-05
3.74711472166432e-05
3.74708664013729e-05
3.74705855903116e-05
3.74703047834591e-05
3.74700239808153e-05
3.74697431823802e-05
3.74694623881537e-05
3.74691815981355e-05
3.74689008123258e-05
3.74686200307243e-05
3.74683392533309e-05
3.74680584801457e-05
3.74677777111684e-05
3.7467496946399e-05
3.74672161858374e-05
3.74669354294835e-05
3.74666546773372e-05
3.74663739293984e-05
3.7466093185667e-05
3.74658124461429e-05
3.7465531710826e-05
3.74652509797163e-05
3.74649702528136e-05
3.74646895301179e-05
3.7464408811629e-05
3.74641280973468e-05
3.74638473872713e-05
3.74635666814023e-05
3.74632859797399e-05
3.74630052822837e-05
3.74627245890339e-05
3.74624438999903e-05
3.74621632151527e-05
3.74618825345211e-05
3.74616018580955e-05
3.74613211858756e-05
3.74610405178614e-05
3.74607598540529e-05
3.74604791944499e-05
3.74601985390523e-05
3.745991788786e-05
3.7459637240873e-05
3.74593565980911e-05
3.74590759595142e-05
3.74587953251423e-05
3.74585146949753e-05
3.74582340690131e-05
3.74579534472555e-05
3.74576728297024e-05
3.74573922163539e-05
3.74571116072097e-05
3.74568310022699e-05
3.74565504015342e-05
3.74562698050027e-05
3.74559892126751e-05
3.74557086245515e-05
3.74554280406316e-05
3.74551474609156e-05
3.74548668854031e-05
3.74545863140942e-05
3.74543057469887e-05
3.74540251840865e-05
3.74537446253876e-05
3.74534640708919e-05
3.74531835205993e-05
3.74529029745096e-05
3.74526224326227e-05
3.74523418949387e-05
3.74520613614573e-05
3.74517808321786e-05
3.74515003071023e-05
3.74512197862284e-05
3.74509392695569e-05
3.74506587570875e-05
3.74503782488203e-05
3.74500977447551e-05
3.74498172448918e-05
3.74495367492304e-05
3.74492562577707e-05
3.74489757705127e-05
3.74486952874562e-05
3.74484148086011e-05
3.74481343339475e-05
3.74478538634951e-05
3.74475733972439e-05
3.74472929351937e-05
3.74470124773446e-05
3.74467320236963e-05
3.74464515742488e-05
3.74461711290021e-05
3.74458906879559e-05
3.74456102511103e-05
3.7445329818465e-05
3.74450493900201e-05
3.74447689657755e-05
3.7444488545731e-05
3.74442081298865e-05
3.74439277182419e-05
3.74436473107972e-05
3.74433669075523e-05
3.74430865085071e-05
3.74428061136614e-05
3.74425257230152e-05
3.74422453365683e-05
3.74419649543208e-05
3.74416845762725e-05
3.74414042024232e-05
3.7441123832773e-05
3.74408434673216e-05
3.74405631060691e-05
3.74402827490153e-05
3.74400023961602e-05
3.74397220475035e-05
3.74394417030453e-05
3.74391613627855e-05
3.74388810267239e-05
3.74386006948604e-05
3.7438320367195e-05
3.74380400437276e-05
3.74377597244581e-05
3.74374794093863e-05
3.74371990985122e-05
3.74369187918358e-05
3.74366384893568e-05
3.74363581910752e-05
3.74360778969909e-05
3.74357976071038e-05
3.74355173214139e-05
3.74352370399209e-05
3.74349567626249e-05
3.74346764895258e-05
3.74343962206234e-05
3.74341159559176e-05
3.74338356954084e-05
3.74335554390956e-05
3.74332751869792e-05
3.74329949390591e-05
3.74327146953351e-05
3.74324344558073e-05
3.74321542204754e-05
3.74318739893394e-05
3.74315937623992e-05
3.74313135396547e-05
3.74310333211059e-05
3.74307531067525e-05
3.74304728965946e-05
3.7430192690632e-05
3.74299124888646e-05
3.74296322912924e-05
3.74293520979152e-05
3.7429071908733e-05
3.74287917237456e-05
3.7428511542953e-05
3.7428231366355e-05
3.74279511939516e-05
3.74276710257427e-05
3.74273908617283e-05
3.7427110701908e-05
3.7426830546282e-05
3.74265503948501e-05
3.74262702476122e-05
3.74259901045682e-05
3.74257099657181e-05
3.74254298310616e-05
3.74251497005988e-05
3.74248695743295e-05
3.74245894522537e-05
3.74243093343712e-05
3.7424029220682e-05
3.7423749111186e-05
3.7423469005883e-05
3.7423188904773e-05
3.74229088078558e-05
3.74226287151315e-05
3.74223486265998e-05
3.74220685422607e-05
3.74217884621142e-05
3.742150838616e-05
3.74212283143982e-05
3.74209482468286e-05
3.74206681834511e-05
3.74203881242656e-05
3.74201080692721e-05
3.74198280184704e-05
3.74195479718605e-05
3.74192679294422e-05
3.74189878912155e-05
3.74187078571803e-05
3.74184278273364e-05
3.74181478016838e-05
3.74178677802224e-05
3.74175877629521e-05
3.74173077498728e-05
3.74170277409844e-05
3.74167477362868e-05
3.74164677357799e-05
3.74161877394636e-05
3.74159077473379e-05
3.74156277594025e-05
3.74153477756576e-05
3.74150677961028e-05
3.74147878207383e-05
3.74145078495637e-05
3.74142278825792e-05
3.74139479197845e-05
3.74136679611796e-05
3.74133880067643e-05
3.74131080565387e-05
3.74128281105025e-05
3.74125481686558e-05
3.74122682309983e-05
3.74119882975301e-05
3.74117083682509e-05
3.74114284431608e-05
3.74111485222596e-05
3.74108686055473e-05
3.74105886930237e-05
3.74103087846887e-05
3.74100288805423e-05
3.74097489805843e-05
3.74094690848147e-05
3.74091891932334e-05
3.74089093058403e-05
3.74086294226352e-05
3.74083495436181e-05
3.7408069668789e-05
3.74077897981476e-05
3.74075099316939e-05
3.74072300694278e-05
3.74069502113493e-05
3.74066703574581e-05
3.74063905077543e-05
3.74061106622378e-05
3.74058308209084e-05
3.7405550983766e-05
3.74052711508106e-05
3.7404991322042e-05
3.74047114974602e-05
3.74044316770651e-05
3.74041518608566e-05
3.74038720488345e-05
3.74035922409988e-05
3.74033124373495e-05
3.74030326378863e-05
3.74027528426092e-05
3.74024730515182e-05
3.7402193264613e-05
3.74019134818937e-05
3.74016337033602e-05
3.74013539290122e-05
3.74010741588498e-05
3.74007943928729e-05
3.74005146310813e-05
3.7400234873475e-05
3.73999551200539e-05
3.73996753708178e-05
3.73993956257667e-05
3.73991158849005e-05
3.73988361482191e-05
3.73985564157224e-05
3.73982766874102e-05
3.73979969632826e-05
3.73977172433395e-05
3.73974375275806e-05
3.7397157816006e-05
3.73968781086155e-05
3.7396598405409e-05
3.73963187063865e-05
3.73960390115479e-05
3.7395759320893e-05
3.73954796344218e-05
3.73951999521341e-05
3.739492027403e-05
3.73946406001092e-05
3.73943609303717e-05
3.73940812648174e-05
3.73938016034462e-05
3.7393521946258e-05
3.73932422932528e-05
3.73929626444303e-05
3.73926829997906e-05
3.73924033593335e-05
3.7392123723059e-05
3.73918440909669e-05
3.73915644630571e-05
3.73912848393296e-05
3.73910052197843e-05
3.73907256044211e-05
3.73904459932398e-05
3.73901663862404e-05
3.73898867834228e-05
3.73896071847869e-05
3.73893275903326e-05
3.73890480000598e-05
3.73887684139684e-05
3.73884888320584e-05
3.73882092543296e-05
3.73879296807819e-05
3.73876501114152e-05
3.73873705462295e-05
3.73870909852246e-05
3.73868114284005e-05
3.73865318757571e-05
3.73862523272942e-05
3.73859727830118e-05
3.73856932429098e-05
3.73854137069881e-05
3.73851341752466e-05
3.73848546476851e-05
3.73845751243037e-05
3.73842956051022e-05
3.73840160900805e-05
3.73837365792386e-05
3.73834570725762e-05
3.73831775700935e-05
3.73828980717901e-05
3.73826185776661e-05
3.73823390877214e-05
3.73820596019558e-05
3.73817801203693e-05
3.73815006429618e-05
3.73812211697332e-05
3.73809417006833e-05
3.73806622358122e-05
3.73803827751196e-05
3.73801033186056e-05
3.73798238662699e-05
3.73795444181126e-05
3.73792649741335e-05
3.73789855343326e-05
3.73787060987097e-05
3.73784266672647e-05
3.73781472399976e-05
3.73778678169083e-05
3.73775883979966e-05
3.73773089832624e-05
3.73770295727058e-05
3.73767501663265e-05
3.73764707641246e-05
3.73761913660998e-05
3.73759119722521e-05
3.73756325825815e-05
3.73753531970877e-05
3.73750738157708e-05
3.73747944386306e-05
3.7374515065667e-05
3.737423569688e-05
3.73739563322694e-05
3.73736769718352e-05
3.73733976155772e-05
3.73731182634954e-05
3.73728389155897e-05
3.737255957186e-05
3.73722802323061e-05
3.7372000896928e-05
3.73717215657256e-05
3.73714422386989e-05
3.73711629158476e-05
3.73708835971718e-05
3.73706042826712e-05
3.7370324972346e-05
3.73700456661958e-05
3.73697663642207e-05
3.73694870664205e-05
3.73692077727952e-05
3.73689284833447e-05
3.73686491980688e-05
3.73683699169675e-05
3.73680906400407e-05
3.73678113672882e-05
3.73675320987101e-05
3.73672528343061e-05
3.73669735740763e-05
3.73666943180205e-05
3.73664150661386e-05
3.73661358184305e-05
3.73658565748961e-05
3.73655773355354e-05
3.73652981003482e-05
3.73650188693345e-05
3.73647396424942e-05
3.73644604198271e-05
3.73641812013332e-05
3.73639019870123e-05
3.73636227768644e-05
3.73633435708895e-05
3.73630643690873e-05
3.73627851714578e-05
3.7362505978001e-05
3.73622267887166e-05
3.73619476036047e-05
3.73616684226651e-05
3.73613892458977e-05
3.73611100733025e-05
3.73608309048793e-05
3.73605517406281e-05
3.73602725805488e-05
3.73599934246412e-05
3.73597142729052e-05
3.73594351253409e-05
3.73591559819481e-05
3.73588768427266e-05
3.73585977076764e-05
3.73583185767975e-05
3.73580394500897e-05
3.73577603275528e-05
3.7357481209187e-05
3.73572020949919e-05
3.73569229849676e-05
3.73566438791139e-05
3.73563647774308e-05
3.73560856799181e-05
3.73558065865758e-05
3.73555274974038e-05
3.73552484124019e-05
3.73549693315702e-05
3.73546902549084e-05
3.73544111824165e-05
3.73541321140945e-05
3.73538530499421e-05
3.73535739899594e-05
3.73532949341461e-05
3.73530158825024e-05
3.73527368350279e-05
3.73524577917227e-05
3.73521787525866e-05
3.73518997176196e-05
3.73516206868216e-05
3.73513416601924e-05
3.7351062637732e-05
3.73507836194403e-05
3.73505046053172e-05
3.73502255953626e-05
3.73499465895764e-05
3.73496675879585e-05
3.73493885905088e-05
3.73491095972272e-05
3.73488306081137e-05
3.73485516231681e-05
3.73482726423903e-05
3.73479936657803e-05
3.73477146933379e-05
3.73474357250631e-05
3.73471567609558e-05
3.73468778010158e-05
3.73465988452432e-05
3.73463198936377e-05
3.73460409461993e-05
3.73457620029279e-05
3.73454830638234e-05
3.73452041288858e-05
3.73449251981148e-05
3.73446462715105e-05
3.73443673490727e-05
3.73440884308014e-05
3.73438095166964e-05
3.73435306067577e-05
3.73432517009851e-05
3.73429727993786e-05
3.73426939019381e-05
3.73424150086634e-05
3.73421361195546e-05
3.73418572346114e-05
3.73415783538339e-05
3.73412994772218e-05
3.73410206047752e-05
3.73407417364939e-05
3.73404628723778e-05
3.73401840124268e-05
3.73399051566409e-05
3.73396263050199e-05
3.73393474575638e-05
3.73390686142725e-05
3.73387897751458e-05
3.73385109401837e-05
3.73382321093861e-05
3.73379532827529e-05
3.73376744602839e-05
3.73373956419792e-05
3.73371168278386e-05
3.73368380178619e-05
3.73365592120493e-05
3.73362804104004e-05
3.73360016129153e-05
3.73357228195938e-05
3.73354440304359e-05
3.73351652454414e-05
3.73348864646103e-05
3.73346076879424e-05
3.73343289154377e-05
3.73340501470962e-05
3.73337713829176e-05
3.73334926229019e-05
3.7333213867049e-05
3.73329351153588e-05
3.73326563678312e-05
3.73323776244661e-05
3.73320988852635e-05
3.73318201502232e-05
3.73315414193452e-05
3.73312626926293e-05
3.73309839700755e-05
3.73307052516836e-05
3.73304265374536e-05
3.73301478273854e-05
3.73298691214789e-05
3.73295904197339e-05
3.73293117221505e-05
3.73290330287284e-05
3.73287543394677e-05
3.73284756543682e-05
3.73281969734298e-05
3.73279182966524e-05
3.7327639624036e-05
3.73273609555804e-05
3.73270822912856e-05
3.73268036311515e-05
3.73265249751779e-05
3.73262463233647e-05
3.7325967675712e-05
3.73256890322195e-05
3.73254103928873e-05
3.73251317577151e-05
3.73248531267029e-05
3.73245744998507e-05
3.73242958771583e-05
3.73240172586256e-05
3.73237386442525e-05
3.7323460034039e-05
3.73231814279849e-05
3.73229028260902e-05
3.73226242283547e-05
3.73223456347785e-05
3.73220670453612e-05
3.7321788460103e-05
3.73215098790037e-05
3.73212313020631e-05
3.73209527292813e-05
3.7320674160658e-05
3.73203955961933e-05
3.7320117035887e-05
3.73198384797391e-05
3.73195599277493e-05
3.73192813799178e-05
3.73190028362442e-05
3.73187242967286e-05
3.73184457613709e-05
3.7318167230171e-05
3.73178887031287e-05
3.73176101802441e-05
3.73173316615169e-05
3.73170531469471e-05
3.73167746365346e-05
3.73164961302793e-05
3.73162176281812e-05
3.73159391302401e-05
3.73156606364559e-05
3.73153821468286e-05
3.7315103661358e-05
3.7314825180044e-05
3.73145467028867e-05
3.73142682298857e-05
3.73139897610412e-05
3.7313711296353e-05
3.73134328358209e-05
3.73131543794449e-05
3.7312875927225e-05
3.73125974791609e-05
3.73123190352527e-05
3.73120405955002e-05
3.73117621599033e-05
3.73114837284619e-05
3.73112053011761e-05
3.73109268780455e-05
3.73106484590702e-05
3.73103700442501e-05
3.73100916335851e-05
3.7309813227075e-05
3.73095348247198e-05
3.73092564265194e-05
3.73089780324737e-05
3.73086996425827e-05
3.73084212568461e-05
3.7308142875264e-05
3.73078644978361e-05
3.73075861245626e-05
3.73073077554431e-05
3.73070293904778e-05
3.73067510296663e-05
3.73064726730088e-05
3.7306194320505e-05
3.73059159721549e-05
3.73056376279583e-05
3.73053592879153e-05
3.73050809520257e-05
3.73048026202893e-05
3.73045242927062e-05
3.73042459692762e-05
3.73039676499993e-05
3.73036893348752e-05
3.7303411023904e-05
3.73031327170856e-05
3.73028544144198e-05
3.73025761159066e-05
3.73022978215458e-05
3.73020195313374e-05
3.73017412452813e-05
3.73014629633774e-05
3.73011846856256e-05
3.73009064120258e-05
3.73006281425779e-05
3.73003498772818e-05
3.73000716161375e-05
3.72997933591448e-05
3.72995151063036e-05
3.72992368576139e-05
3.72989586130755e-05
3.72986803726884e-05
3.72984021364525e-05
3.72981239043676e-05
3.72978456764337e-05
3.72975674526507e-05
3.72972892330185e-05
3.72970110175371e-05
3.72967328062062e-05
3.72964545990258e-05
3.72961763959959e-05
3.72958981971163e-05
3.72956200023869e-05
3.72953418118077e-05
3.72950636253785e-05
3.72947854430993e-05
3.729450726497e-05
3.72942290909905e-05
3.72939509211606e-05
3.72936727554803e-05
3.72933945939495e-05
3.72931164365681e-05
3.72928382833361e-05
3.72925601342532e-05
3.72922819893195e-05
3.72920038485348e-05
3.7291725711899e-05
3.72914475794121e-05
3.7291169451074e-05
3.72908913268845e-05
3.72906132068436e-05
3.72903350909511e-05
3.72900569792071e-05
3.72897788716113e-05
3.72895007681637e-05
3.72892226688642e-05
3.72889445737128e-05
3.72886664827092e-05
3.72883883958535e-05
3.72881103131456e-05
3.72878322345852e-05
3.72875541601724e-05
3.72872760899071e-05
3.72869980237891e-05
3.72867199618184e-05
3.72864419039949e-05
3.72861638503184e-05
3.7285885800789e-05
3.72856077554064e-05
3.72853297141707e-05
3.72850516770816e-05
3.72847736441392e-05
3.72844956153433e-05
3.72842175906939e-05
3.72839395701907e-05
3.72836615538339e-05
3.72833835416232e-05
3.72831055335585e-05
3.72828275296398e-05
3.72825495298671e-05
3.728227153424e-05
3.72819935427587e-05
3.7281715555423e-05
3.72814375722328e-05
3.7281159593188e-05
3.72808816182885e-05
3.72806036475343e-05
3.72803256809251e-05
3.72800477184611e-05
3.7279769760142e-05
3.72794918059677e-05
3.72792138559382e-05
3.72789359100534e-05
3.72786579683131e-05
3.72783800307174e-05
3.7278102097266e-05
3.7277824167959e-05
3.72775462427961e-05
3.72772683217774e-05
3.72769904049027e-05
3.72767124921719e-05
3.7276434583585e-05
3.72761566791418e-05
3.72758787788422e-05
3.72756008826862e-05
3.72753229906737e-05
3.72750451028046e-05
3.72747672190787e-05
3.72744893394961e-05
3.72742114640565e-05
3.72739335927599e-05
3.72736557256063e-05
3.72733778625954e-05
3.72731000037273e-05
3.72728221490018e-05
3.72725442984189e-05
3.72722664519784e-05
3.72719886096803e-05
3.72717107715244e-05
3.72714329375107e-05
3.72711551076391e-05
3.72708772819095e-05
3.72705994603217e-05
3.72703216428758e-05
3.72700438295715e-05
3.72697660204089e-05
3.72694882153878e-05
3.72692104145082e-05
3.72689326177698e-05
3.72686548251727e-05
3.72683770367168e-05
3.72680992524019e-05
3.7267821472228e-05
3.7267543696195e-05
3.72672659243027e-05
3.72669881565512e-05
3.72667103929402e-05
3.72664326334697e-05
3.72661548781397e-05
3.72658771269499e-05
3.72655993799004e-05
3.72653216369911e-05
3.72650438982217e-05
3.72647661635923e-05
3.72644884331028e-05
3.7264210706753e-05
3.72639329845429e-05
3.72636552664724e-05
3.72633775525414e-05
3.72630998427497e-05
3.72628221370974e-05
3.72625444355842e-05
3.72622667382102e-05
3.72619890449752e-05
3.72617113558792e-05
3.72614336709219e-05
3.72611559901034e-05
3.72608783134236e-05
3.72606006408823e-05
3.72603229724795e-05
3.72600453082151e-05
3.72597676480889e-05
3.7259489992101e-05
3.72592123402511e-05
3.72589346925393e-05
3.72586570489653e-05
3.72583794095292e-05
3.72581017742308e-05
3.725782414307e-05
3.72575465160468e-05
3.72572688931611e-05
3.72569912744126e-05
3.72567136598015e-05
3.72564360493275e-05
3.72561584429906e-05
3.72558808407907e-05
3.72556032427277e-05
3.72553256488015e-05
3.7255048059012e-05
3.72547704733591e-05
3.72544928918428e-05
3.72542153144628e-05
3.72539377412192e-05
3.72536601721119e-05
3.72533826071407e-05
3.72531050463056e-05
3.72528274896065e-05
3.72525499370432e-05
3.72522723886157e-05
3.72519948443239e-05
3.72517173041677e-05
3.7251439768147e-05
3.72511622362618e-05
3.72508847085118e-05
3.72506071848971e-05
3.72503296654175e-05
3.7250052150073e-05
3.72497746388634e-05
3.72494971317887e-05
3.72492196288488e-05
3.72489421300435e-05
3.72486646353728e-05
3.72483871448366e-05
3.72481096584348e-05
3.72478321761673e-05
3.72475546980341e-05
3.72472772240349e-05
3.72469997541698e-05
3.72467222884386e-05
3.72464448268413e-05
3.72461673693777e-05
3.72458899160478e-05
3.72456124668514e-05
3.72453350217885e-05
3.7245057580859e-05
3.72447801440628e-05
3.72445027113998e-05
3.72442252828699e-05
3.7243947858473e-05
3.7243670438209e-05
3.72433930220779e-05
3.72431156100795e-05
3.72428382022137e-05
3.72425607984805e-05
3.72422833988797e-05
3.72420060034114e-05
3.72417286120753e-05
3.72414512248713e-05
3.72411738417995e-05
3.72408964628597e-05
3.72406190880517e-05
3.72403417173756e-05
3.72400643508312e-05
3.72397869884184e-05
3.72395096301372e-05
3.72392322759874e-05
3.7238954925969e-05
3.72386775800818e-05
3.72384002383258e-05
3.72381229007008e-05
3.72378455672069e-05
3.72375682378438e-05
3.72372909126115e-05
3.723701359151e-05
3.7236736274539e-05
3.72364589616986e-05
3.72361816529886e-05
3.72359043484089e-05
3.72356270479595e-05
3.72353497516402e-05
3.7235072459451e-05
3.72347951713918e-05
3.72345178874624e-05
3.72342406076628e-05
3.72339633319929e-05
3.72336860604526e-05
3.72334087930418e-05
3.72331315297604e-05
3.72328542706084e-05
3.72325770155856e-05
3.72322997646919e-05
3.72320225179272e-05
3.72317452752915e-05
3.72314680367847e-05
3.72311908024066e-05
3.72309135721572e-05
3.72306363460364e-05
3.72303591240441e-05
3.72300819061802e-05
3.72298046924446e-05
3.72295274828372e-05
3.72292502773579e-05
3.72289730760067e-05
3.72286958787834e-05
3.72284186856879e-05
3.72281414967202e-05
3.72278643118802e-05
3.72275871311677e-05
3.72273099545827e-05
3.72270327821251e-05
3.72267556137947e-05
3.72264784495916e-05
3.72262012895156e-05
3.72259241335666e-05
3.72256469817445e-05
3.72253698340493e-05
3.72250926904808e-05
3.72248155510389e-05
3.72245384157236e-05
3.72242612845348e-05
3.72239841574723e-05
3.72237070345362e-05
3.72234299157262e-05
3.72231528010423e-05
3.72228756904843e-05
3.72225985840524e-05
3.72223214817462e-05
3.72220443835657e-05
3.72217672895109e-05
3.72214901995816e-05
3.72212131137778e-05
3.72209360320993e-05
3.72206589545461e-05
3.72203818811181e-05
3.72201048118152e-05
3.72198277466372e-05
3.72195506855841e-05
3.72192736286559e-05
3.72189965758523e-05
3.72187195271734e-05
3.7218442482619e-05
3.7218165442189e-05
3.72178884058834e-05
3.7217611373702e-05
3.72173343456448e-05
3.72170573217117e-05
3.72167803019025e-05
3.72165032862172e-05
3.72162262746557e-05
3.7215949267218e-05
3.72156722639038e-05
3.72153952647131e-05
3.72151182696459e-05
3.72148412787019e-05
3.72145642918813e-05
3.72142873091837e-05
3.72140103306093e-05
3.72137333561578e-05
3.72134563858291e-05
3.72131794196233e-05
3.72129024575401e-05
3.72126254995795e-05
3.72123485457414e-05
3.72120715960257e-05
3.72117946504324e-05
3.72115177089613e-05
3.72112407716123e-05
3.72109638383853e-05
3.72106869092803e-05
3.72104099842972e-05
3.72101330634358e-05
3.72098561466961e-05
3.7209579234078e-05
3.72093023255814e-05
3.72090254212062e-05
3.72087485209522e-05
3.72084716248195e-05
3.7208194732808e-05
3.72079178449174e-05
3.72076409611478e-05
3.7207364081499e-05
3.7207087205971e-05
3.72068103345636e-05
3.72065334672769e-05
3.72062566041105e-05
3.72059797450646e-05
3.7205702890139e-05
3.72054260393336e-05
3.72051491926483e-05
3.7204872350083e-05
3.72045955116376e-05
3.72043186773121e-05
3.72040418471063e-05
3.72037650210201e-05
3.72034881990535e-05
3.72032113812064e-05
3.72029345674787e-05
3.72026577578702e-05
3.7202380952381e-05
3.72021041510108e-05
3.72018273537596e-05
3.72015505606274e-05
3.72012737716139e-05
3.72009969867192e-05
3.72007202059432e-05
3.72004434292857e-05
3.72001666567466e-05
3.71998898883259e-05
3.71996131240235e-05
3.71993363638393e-05
3.71990596077731e-05
3.7198782855825e-05
3.71985061079947e-05
3.71982293642823e-05
3.71979526246875e-05
3.71976758892104e-05
3.71973991578509e-05
3.71971224306088e-05
3.7196845707484e-05
3.71965689884765e-05
3.71962922735862e-05
3.71960155628129e-05
3.71957388561566e-05
3.71954621536173e-05
3.71951854551947e-05
3.71949087608888e-05
3.71946320706996e-05
3.71943553846268e-05
3.71940787026705e-05
3.71938020248306e-05
3.71935253511069e-05
3.71932486814993e-05
3.71929720160079e-05
3.71926953546324e-05
3.71924186973727e-05
3.71921420442289e-05
3.71918653952008e-05
3.71915887502882e-05
3.71913121094912e-05
3.71910354728096e-05
3.71907588402434e-05
3.71904822117924e-05
3.71902055874565e-05
3.71899289672357e-05
3.71896523511298e-05
3.71893757391388e-05
3.71890991312626e-05
3.71888225275011e-05
3.71885459278542e-05
3.71882693323218e-05
3.71879927409038e-05
3.71877161536001e-05
3.71874395704107e-05
3.71871629913354e-05
3.71868864163741e-05
3.71866098455268e-05
3.71863332787934e-05
3.71860567161737e-05
3.71857801576677e-05
3.71855036032753e-05
3.71852270529964e-05
3.71849505068309e-05
3.71846739647787e-05
3.71843974268397e-05
3.71841208930138e-05
3.7183844363301e-05
3.71835678377012e-05
3.71832913162141e-05
3.71830147988399e-05
3.71827382855783e-05
3.71824617764293e-05
3.71821852713928e-05
3.71819087704686e-05
3.71816322736568e-05
3.71813557809572e-05
3.71810792923697e-05
3.71808028078942e-05
3.71805263275307e-05
3.7180249851279e-05
3.71799733791391e-05
3.71796969111108e-05
3.71794204471941e-05
3.71791439873888e-05
3.7178867531695e-05
3.71785910801124e-05
3.71783146326411e-05
3.71780381892808e-05
3.71777617500316e-05
3.71774853148933e-05
3.71772088838658e-05
3.71769324569491e-05
3.7176656034143e-05
3.71763796154475e-05
3.71761032008625e-05
3.71758267903878e-05
3.71755503840234e-05
3.71752739817692e-05
3.71749975836252e-05
3.71747211895911e-05
3.71744447996669e-05
3.71741684138526e-05
3.7173892032148e-05
3.7173615654553e-05
3.71733392810676e-05
3.71730629116917e-05
3.71727865464251e-05
3.71725101852678e-05
3.71722338282197e-05
3.71719574752806e-05
3.71716811264506e-05
3.71714047817295e-05
3.71711284411172e-05
3.71708521046136e-05
3.71705757722187e-05
3.71702994439323e-05
3.71700231197544e-05
3.71697467996848e-05
3.71694704837235e-05
3.71691941718704e-05
3.71689178641253e-05
3.71686415604882e-05
3.71683652609591e-05
3.71680889655378e-05
3.71678126742241e-05
3.71675363870181e-05
3.71672601039197e-05
3.71669838249286e-05
3.7166707550045e-05
3.71664312792686e-05
3.71661550125993e-05
3.71658787500372e-05
3.7165602491582e-05
3.71653262372337e-05
3.71650499869922e-05
3.71647737408575e-05
3.71644974988293e-05
3.71642212609077e-05
3.71639450270925e-05
3.71636687973837e-05
3.71633925717811e-05
3.71631163502847e-05
3.71628401328943e-05
3.71625639196099e-05
3.71622877104315e-05
3.71620115053588e-05
3.71617353043918e-05
3.71614591075304e-05
3.71611829147745e-05
3.71609067261241e-05
3.7160630541579e-05
3.71603543611392e-05
3.71600781848045e-05
3.71598020125749e-05
3.71595258444502e-05
3.71592496804305e-05
3.71589735205155e-05
3.71586973647052e-05
3.71584212129995e-05
3.71581450653983e-05
3.71578689219016e-05
3.71575927825092e-05
3.7157316647221e-05
3.7157040516037e-05
3.7156764388957e-05
3.7156488265981e-05
3.71562121471089e-05
3.71559360323405e-05
3.71556599216759e-05
3.71553838151148e-05
3.71551077126573e-05
3.71548316143031e-05
3.71545555200523e-05
3.71542794299047e-05
3.71540033438603e-05
3.71537272619189e-05
3.71534511840805e-05
3.71531751103449e-05
3.71528990407121e-05
3.7152622975182e-05
3.71523469137545e-05
3.71520708564295e-05
3.71517948032069e-05
3.71515187540867e-05
3.71512427090686e-05
3.71509666681527e-05
3.71506906313388e-05
3.71504145986269e-05
3.71501385700169e-05
3.71498625455086e-05
3.7149586525102e-05
3.7149310508797e-05
3.71490344965934e-05
3.71487584884913e-05
3.71484824844905e-05
3.71482064845909e-05
3.71479304887925e-05
3.71476544970951e-05
3.71473785094986e-05
3.7147102526003e-05
3.71468265466081e-05
3.71465505713139e-05
3.71462746001204e-05
3.71459986330272e-05
3.71457226700345e-05
3.71454467111421e-05
3.714517075635e-05
3.71448948056579e-05
3.71446188590659e-05
3.71443429165738e-05
3.71440669781816e-05
3.71437910438891e-05
3.71435151136963e-05
3.71432391876031e-05
3.71429632656093e-05
3.7142687347715e-05
3.71424114339199e-05
3.71421355242241e-05
3.71418596186274e-05
3.71415837171297e-05
3.71413078197309e-05
3.7141031926431e-05
3.71407560372299e-05
3.71404801521274e-05
3.71402042711235e-05
3.71399283942181e-05
3.7139652521411e-05
3.71393766527023e-05
3.71391007880917e-05
3.71388249275793e-05
3.71385490711649e-05
3.71382732188484e-05
3.71379973706298e-05
3.71377215265089e-05
3.71374456864857e-05
3.713716985056e-05
3.71368940187318e-05
3.71366181910011e-05
3.71363423673676e-05
3.71360665478313e-05
3.71357907323921e-05
3.71355149210499e-05
3.71352391138047e-05
3.71349633106562e-05
3.71346875116046e-05
3.71344117166496e-05
3.71341359257911e-05
3.71338601390292e-05
3.71335843563636e-05
3.71333085777943e-05
3.71330328033212e-05
3.71327570329442e-05
3.71324812666632e-05
3.71322055044781e-05
3.71319297463889e-05
3.71316539923954e-05
3.71313782424976e-05
3.71311024966953e-05
3.71308267549885e-05
3.71305510173771e-05
3.7130275283861e-05
3.712999955444e-05
3.71297238291142e-05
3.71294481078833e-05
3.71291723907474e-05
3.71288966777063e-05
3.712862096876e-05
3.71283452639083e-05
3.71280695631511e-05
3.71277938664885e-05
3.71275181739201e-05
3.71272424854461e-05
3.71269668010663e-05
3.71266911207805e-05
3.71264154445888e-05
3.7126139772491e-05
3.7125864104487e-05
3.71255884405768e-05
3.71253127807602e-05
3.71250371250371e-05
3.71247614734075e-05
3.71244858258713e-05
3.71242101824284e-05
3.71239345430786e-05
3.7123658907822e-05
3.71233832766583e-05
3.71231076495876e-05
3.71228320266096e-05
3.71225564077245e-05
3.71222807929319e-05
3.71220051822319e-05
3.71217295756244e-05
3.71214539731092e-05
3.71211783746863e-05
3.71209027803556e-05
3.7120627190117e-05
3.71203516039704e-05
3.71200760219157e-05
3.71198004439528e-05
3.71195248700817e-05
3.71192493003022e-05
3.71189737346142e-05
3.71186981730177e-05
3.71184226155125e-05
3.71181470620987e-05
3.7117871512776e-05
3.71175959675444e-05
3.71173204264038e-05
3.71170448893541e-05
3.71167693563952e-05
3.71164938275271e-05
3.71162183027496e-05
3.71159427820626e-05
3.71156672654661e-05
3.711539175296e-05
3.71151162445441e-05
3.71148407402184e-05
3.71145652399828e-05
3.71142897438372e-05
3.71140142517815e-05
3.71137387638156e-05
3.71134632799394e-05
3.71131878001529e-05
3.71129123244559e-05
3.71126368528484e-05
3.71123613853302e-05
3.71120859219013e-05
3.71118104625616e-05
3.7111535007311e-05
3.71112595561493e-05
3.71109841090766e-05
3.71107086660927e-05
3.71104332271975e-05
3.71101577923909e-05
3.71098823616729e-05
3.71096069350433e-05
3.71093315125021e-05
3.71090560940492e-05
3.71087806796844e-05
3.71085052694077e-05
3.71082298632191e-05
3.71079544611183e-05
3.71076790631053e-05
3.71074036691801e-05
3.71071282793425e-05
3.71068528935924e-05
3.71065775119298e-05
3.71063021343545e-05
3.71060267608665e-05
3.71057513914657e-05
3.71054760261519e-05
3.71052006649252e-05
3.71049253077854e-05
3.71046499547323e-05
3.7104374605766e-05
3.71040992608863e-05
3.71038239200932e-05
3.71035485833865e-05
3.71032732507662e-05
3.71029979222321e-05
3.71027225977842e-05
3.71024472774224e-05
3.71021719611466e-05
3.71018966489567e-05
3.71016213408526e-05
3.71013460368342e-05
3.71010707369015e-05
3.71007954410543e-05
3.71005201492925e-05
3.71002448616161e-05
3.70999695780249e-05
3.7099694298519e-05
3.70994190230981e-05
3.70991437517622e-05
3.70988684845112e-05
3.7098593221345e-05
3.70983179622636e-05
3.70980427072668e-05
3.70977674563545e-05
3.70974922095266e-05
3.70972169667831e-05
3.70969417281239e-05
3.70966664935489e-05
3.70963912630579e-05
3.7096116036651e-05
3.70958408143279e-05
3.70955655960886e-05
3.70952903819331e-05
3.70950151718612e-05
3.70947399658728e-05
3.70944647639679e-05
3.70941895661464e-05
3.70939143724081e-05
3.70936391827529e-05
3.70933639971809e-05
3.70930888156919e-05
3.70928136382857e-05
3.70925384649624e-05
3.70922632957218e-05
3.70919881305638e-05
3.70917129694884e-05
3.70914378124954e-05
3.70911626595847e-05
3.70908875107564e-05
3.70906123660102e-05
3.70903372253461e-05
3.70900620887639e-05
3.70897869562637e-05
3.70895118278453e-05
3.70892367035086e-05
3.70889615832536e-05
3.70886864670801e-05
3.7088411354988e-05
3.70881362469773e-05
3.70878611430479e-05
3.70875860431996e-05
3.70873109474324e-05
3.70870358557463e-05
3.7086760768141e-05
3.70864856846165e-05
3.70862106051728e-05
3.70859355298097e-05
3.70856604585271e-05
3.7085385391325e-05
3.70851103282032e-05
3.70848352691617e-05
3.70845602142004e-05
3.70842851633192e-05
3.7084010116518e-05
3.70837350737966e-05
3.70834600351551e-05
3.70831850005933e-05
3.70829099701112e-05
3.70826349437086e-05
3.70823599213854e-05
3.70820849031416e-05
3.70818098889771e-05
3.70815348788917e-05
3.70812598728854e-05
3.70809848709582e-05
3.70807098731098e-05
3.70804348793403e-05
3.70801598896494e-05
3.70798849040373e-05
3.70796099225036e-05
3.70793349450484e-05
3.70790599716716e-05
3.7078785002373e-05
3.70785100371527e-05
3.70782350760104e-05
3.70779601189461e-05
3.70776851659597e-05
3.70774102170512e-05
3.70771352722203e-05
3.70768603314671e-05
3.70765853947915e-05
3.70763104621933e-05
3.70760355336725e-05
3.70757606092289e-05
3.70754856888625e-05
3.70752107725732e-05
3.7074935860361e-05
3.70746609522256e-05
3.7074386048167e-05
3.70741111481852e-05
3.707383625228e-05
3.70735613604514e-05
3.70732864726992e-05
3.70730115890234e-05
3.70727367094239e-05
3.70724618339005e-05
3.70721869624533e-05
3.7071912095082e-05
3.70716372317867e-05
3.70713623725672e-05
3.70710875174234e-05
3.70708126663553e-05
3.70705378193627e-05
3.70702629764456e-05
3.70699881376038e-05
3.70697133028373e-05
3.7069438472146e-05
3.70691636455298e-05
3.70688888229886e-05
3.70686140045224e-05
3.70683391901309e-05
3.70680643798142e-05
3.70677895735721e-05
3.70675147714046e-05
3.70672399733116e-05
3.70669651792929e-05
3.70666903893485e-05
3.70664156034783e-05
3.70661408216822e-05
3.70658660439601e-05
3.70655912703119e-05
3.70653165007376e-05
3.7065041735237e-05
3.706476697381e-05
3.70644922164566e-05
3.70642174631767e-05
3.70639427139701e-05
3.70636679688369e-05
3.70633932277768e-05
3.70631184907898e-05
3.70628437578759e-05
3.70625690290348e-05
3.70622943042666e-05
3.70620195835711e-05
3.70617448669483e-05
3.70614701543981e-05
3.70611954459203e-05
3.70609207415149e-05
3.70606460411818e-05
3.70603713449209e-05
3.70600966527321e-05
3.70598219646153e-05
3.70595472805704e-05
3.70592726005974e-05
3.70589979246961e-05
3.70587232528665e-05
3.70584485851084e-05
3.70581739214219e-05
3.70578992618066e-05
3.70576246062627e-05
3.705734995479e-05
3.70570753073884e-05
3.70568006640579e-05
3.70565260247982e-05
3.70562513896094e-05
3.70559767584914e-05
3.7055702131444e-05
3.70554275084672e-05
3.70551528895608e-05
3.70548782747249e-05
3.70546036639592e-05
3.70543290572638e-05
3.70540544546384e-05
3.70537798560831e-05
3.70535052615977e-05
3.70532306711822e-05
3.70529560848364e-05
3.70526815025603e-05
3.70524069243538e-05
3.70521323502168e-05
3.70518577801491e-05
3.70515832141507e-05
3.70513086522216e-05
3.70510340943616e-05
3.70507595405706e-05
3.70504849908485e-05
3.70502104451953e-05
3.70499359036109e-05
3.70496613660951e-05
3.70493868326479e-05
3.70491123032692e-05
3.70488377779589e-05
3.70485632567169e-05
3.70482887395431e-05
3.70480142264375e-05
3.70477397173998e-05
3.70474652124302e-05
3.70471907115283e-05
3.70469162146943e-05
3.70466417219279e-05
3.70463672332291e-05
3.70460927485978e-05
3.70458182680339e-05
3.70455437915373e-05
3.7045269319108e-05
3.70449948507457e-05
3.70447203864505e-05
3.70444459262223e-05
3.70441714700609e-05
3.70438970179663e-05
3.70436225699384e-05
3.7043348125977e-05
3.70430736860822e-05
3.70427992502537e-05
3.70425248184916e-05
3.70422503907957e-05
3.7041975967166e-05
3.70417015476023e-05
3.70414271321045e-05
3.70411527206727e-05
3.70408783133066e-05
3.70406039100061e-05
3.70403295107713e-05
3.7040055115602e-05
3.70397807244981e-05
3.70395063374595e-05
3.70392319544862e-05
3.7038957575578e-05
3.70386832007349e-05
3.70384088299567e-05
3.70381344632434e-05
3.70378601005948e-05
3.7037585742011e-05
3.70373113874918e-05
3.7037037037037e-05
3.70367626906467e-05
3.70364883483208e-05
3.7036214010059e-05
3.70359396758615e-05
3.70356653457279e-05
3.70353910196584e-05
3.70351166976527e-05
3.70348423797108e-05
3.70345680658326e-05
3.70342937560181e-05
3.7034019450267e-05
3.70337451485794e-05
3.70334708509551e-05
3.7033196557394e-05
3.70329222678962e-05
3.70326479824613e-05
3.70323737010895e-05
3.70320994237805e-05
3.70318251505344e-05
3.70315508813509e-05
3.70312766162301e-05
3.70310023551717e-05
3.70307280981759e-05
3.70304538452423e-05
3.7030179596371e-05
3.70299053515619e-05
3.70296311108149e-05
3.70293568741298e-05
3.70290826415066e-05
3.70288084129453e-05
3.70285341884456e-05
3.70282599680076e-05
3.70279857516311e-05
3.7027711539316e-05
3.70274373310623e-05
3.70271631268699e-05
3.70268889267386e-05
3.70266147306684e-05
3.70263405386592e-05
3.70260663507109e-05
3.70257921668234e-05
3.70255179869966e-05
3.70252438112305e-05
3.70249696395249e-05
3.70246954718797e-05
3.70244213082949e-05
3.70241471487704e-05
3.70238729933061e-05
3.70235988419018e-05
3.70233246945576e-05
3.70230505512732e-05
3.70227764120487e-05
3.70225022768839e-05
3.70222281457787e-05
3.70219540187331e-05
3.7021679895747e-05
3.70214057768202e-05
3.70211316619526e-05
3.70208575511443e-05
3.70205834443951e-05
3.70203093417049e-05
3.70200352430736e-05
3.70197611485011e-05
3.70194870579873e-05
3.70192129715322e-05
3.70189388891357e-05
3.70186648107976e-05
3.70183907365179e-05
3.70181166662965e-05
3.70178426001333e-05
3.70175685380281e-05
3.7017294479981e-05
3.70170204259919e-05
3.70167463760605e-05
3.70164723301869e-05
3.7016198288371e-05
3.70159242506126e-05
3.70156502169117e-05
3.70153761872682e-05
3.7015102161682e-05
3.70148281401529e-05
3.7014554122681e-05
3.70142801092662e-05
3.70140060999082e-05
3.70137320946071e-05
3.70134580933627e-05
3.70131840961751e-05
3.70129101030439e-05
3.70126361139693e-05
3.70123621289511e-05
3.70120881479891e-05
3.70118141710834e-05
3.70115401982338e-05
3.70112662294402e-05
3.70109922647026e-05
3.70107183040208e-05
3.70104443473948e-05
3.70101703948245e-05
3.70098964463097e-05
3.70096225018505e-05
3.70093485614466e-05
3.70090746250981e-05
3.70088006928048e-05
3.70085267645666e-05
3.70082528403834e-05
3.70079789202552e-05
3.70077050041819e-05
3.70074310921633e-05
3.70071571841994e-05
3.70068832802901e-05
3.70066093804353e-05
3.7006335484635e-05
3.70060615928889e-05
3.70057877051971e-05
3.70055138215594e-05
3.70052399419758e-05
3.70049660664461e-05
3.70046921949703e-05
3.70044183275483e-05
3.700414446418e-05
3.70038706048653e-05
3.70035967496041e-05
3.70033228983963e-05
3.70030490512418e-05
3.70027752081406e-05
3.70025013690926e-05
3.70022275340975e-05
3.70019537031555e-05
3.70016798762664e-05
3.700140605343e-05
3.70011322346464e-05
3.70008584199153e-05
3.70005846092368e-05
3.70003108026107e-05
3.7000037000037e-05
3.69997632015155e-05
3.69994894070462e-05
3.69992156166289e-05
3.69989418302637e-05
3.69986680479503e-05
3.69983942696887e-05
3.69981204954788e-05
3.69978467253206e-05
3.69975729592139e-05
3.69972991971586e-05
3.69970254391547e-05
3.6996751685202e-05
3.69964779353006e-05
3.69962041894502e-05
3.69959304476508e-05
3.69956567099023e-05
3.69953829762046e-05
3.69951092465576e-05
3.69948355209613e-05
3.69945617994155e-05
3.69942880819202e-05
3.69940143684752e-05
3.69937406590805e-05
3.6993466953736e-05
3.69931932524416e-05
3.69929195551971e-05
3.69926458620026e-05
3.6992372172858e-05
3.6992098487763e-05
3.69918248067177e-05
3.6991551129722e-05
3.69912774567757e-05
3.69910037878788e-05
3.69907301230312e-05
3.69904564622327e-05
3.69901828054834e-05
3.69899091527831e-05
3.69896355041317e-05
3.69893618595292e-05
3.69890882189754e-05
3.69888145824703e-05
3.69885409500137e-05
3.69882673216056e-05
3.69879936972459e-05
3.69877200769345e-05
3.69874464606712e-05
3.69871728484562e-05
3.69868992402891e-05
3.698662563617e-05
3.69863520360987e-05
3.69860784400752e-05
3.69858048480993e-05
3.6985531260171e-05
3.69852576762902e-05
3.69849840964568e-05
3.69847105206708e-05
3.69844369489319e-05
3.69841633812402e-05
3.69838898175955e-05
3.69836162579977e-05
3.69833427024468e-05
3.69830691509427e-05
3.69827956034853e-05
3.69825220600744e-05
3.69822485207101e-05
3.69819749853921e-05
3.69817014541205e-05
3.69814279268951e-05
3.69811544037159e-05
3.69808808845827e-05
3.69806073694954e-05
3.69803338584541e-05
3.69800603514585e-05
3.69797868485086e-05
3.69795133496043e-05
3.69792398547455e-05
3.69789663639322e-05
3.69786928771642e-05
3.69784193944414e-05
3.69781459157638e-05
3.69778724411312e-05
3.69775989705436e-05
3.69773255040009e-05
3.6977052041503e-05
3.69767785830498e-05
3.69765051286413e-05
3.69762316782772e-05
3.69759582319576e-05
3.69756847896823e-05
3.69754113514513e-05
3.69751379172644e-05
3.69748644871217e-05
3.69745910610229e-05
3.6974317638968e-05
3.69740442209569e-05
3.69737708069895e-05
3.69734973970658e-05
3.69732239911856e-05
3.69729505893488e-05
3.69726771915554e-05
3.69724037978053e-05
3.69721304080984e-05
3.69718570224345e-05
3.69715836408137e-05
3.69713102632357e-05
3.69710368897006e-05
3.69707635202082e-05
3.69704901547585e-05
3.69702167933513e-05
3.69699434359865e-05
3.69696700826642e-05
3.69693967333841e-05
3.69691233881462e-05
3.69688500469504e-05
3.69685767097967e-05
3.69683033766848e-05
3.69680300476148e-05
3.69677567225866e-05
3.69674834016e-05
3.69672100846549e-05
3.69669367717513e-05
3.69666634628892e-05
3.69663901580683e-05
3.69661168572886e-05
3.696584356055e-05
3.69655702678525e-05
3.69652969791959e-05
3.69650236945802e-05
3.69647504140052e-05
3.69644771374709e-05
3.69642038649772e-05
3.69639305965239e-05
3.69636573321111e-05
3.69633840717385e-05
3.69631108154062e-05
3.6962837563114e-05
3.69625643148619e-05
3.69622910706497e-05
3.69620178304774e-05
3.69617445943449e-05
3.6961471362252e-05
3.69611981341987e-05
3.6960924910185e-05
3.69606516902106e-05
3.69603784742756e-05
3.69601052623798e-05
3.69598320545231e-05
3.69595588507056e-05
3.69592856509269e-05
3.69590124551872e-05
3.69587392634862e-05
3.6958466075824e-05
3.69581928922003e-05
3.69579197126152e-05
3.69576465370685e-05
3.69573733655602e-05
3.69571001980901e-05
3.69568270346581e-05
3.69565538752642e-05
3.69562807199083e-05
3.69560075685904e-05
3.69557344213102e-05
3.69554612780677e-05
3.69551881388628e-05
3.69549150036955e-05
3.69546418725656e-05
3.69543687454731e-05
3.69540956224178e-05
3.69538225033997e-05
3.69535493884188e-05
3.69532762774748e-05
3.69530031705677e-05
3.69527300676974e-05
3.69524569688639e-05
3.6952183874067e-05
3.69519107833066e-05
3.69516376965827e-05
3.69513646138952e-05
3.69510915352439e-05
3.69508184606289e-05
3.695054539005e-05
3.6950272323507e-05
3.6949999261e-05
3.69497262025288e-05
3.69494531480934e-05
3.69491800976936e-05
3.69489070513294e-05
3.69486340090007e-05
3.69483609707073e-05
3.69480879364493e-05
3.69478149062264e-05
3.69475418800387e-05
3.6947268857886e-05
3.69469958397683e-05
3.69467228256854e-05
3.69464498156372e-05
3.69461768096237e-05
3.69459038076448e-05
3.69456308097004e-05
3.69453578157904e-05
3.69450848259148e-05
3.69448118400733e-05
3.6944538858266e-05
3.69442658804927e-05
3.69439929067534e-05
3.69437199370479e-05
3.69434469713762e-05
3.69431740097382e-05
3.69429010521338e-05
3.69426280985629e-05
3.69423551490255e-05
3.69420822035213e-05
3.69418092620504e-05
3.69415363246127e-05
3.6941263391208e-05
3.69409904618363e-05
3.69407175364974e-05
3.69404446151914e-05
3.69401716979181e-05
3.69398987846773e-05
3.69396258754691e-05
3.69393529702934e-05
3.693908006915e-05
3.69388071720388e-05
3.69385342789598e-05
3.69382613899129e-05
3.6937988504898e-05
3.6937715623915e-05
3.69374427469637e-05
3.69371698740442e-05
3.69368970051564e-05
3.69366241403001e-05
3.69363512794752e-05
3.69360784226817e-05
3.69358055699195e-05
3.69355327211884e-05
3.69352598764885e-05
3.69349870358195e-05
3.69347141991815e-05
3.69344413665743e-05
3.69341685379979e-05
3.69338957134521e-05
3.69336228929368e-05
3.6933350076452e-05
3.69330772639976e-05
3.69328044555735e-05
3.69325316511796e-05
3.69322588508158e-05
3.69319860544821e-05
3.69317132621782e-05
3.69314404739042e-05
3.693116768966e-05
3.69308949094454e-05
3.69306221332605e-05
3.6930349361105e-05
3.69300765929789e-05
3.69298038288821e-05
3.69295310688145e-05
3.6929258312776e-05
3.69289855607666e-05
3.69287128127862e-05
3.69284400688346e-05
3.69281673289118e-05
3.69278945930177e-05
3.69276218611521e-05
3.69273491333151e-05
3.69270764095065e-05
3.69268036897262e-05
3.69265309739742e-05
3.69262582622503e-05
3.69259855545545e-05
3.69257128508866e-05
3.69254401512466e-05
3.69251674556344e-05
3.69248947640499e-05
3.6924622076493e-05
3.69243493929637e-05
3.69240767134618e-05
3.69238040379872e-05
3.69235313665399e-05
3.69232586991197e-05
3.69229860357267e-05
3.69227133763606e-05
3.69224407210214e-05
3.69221680697091e-05
3.69218954224234e-05
3.69216227791644e-05
3.69213501399319e-05
3.69210775047259e-05
3.69208048735462e-05
3.69205322463929e-05
3.69202596232657e-05
3.69199870041646e-05
3.69197143890895e-05
3.69194417780403e-05
3.6919169171017e-05
3.69188965680194e-05
3.69186239690474e-05
3.6918351374101e-05
3.69180787831801e-05
3.69178061962846e-05
3.69175336134144e-05
3.69172610345693e-05
3.69169884597494e-05
3.69167158889545e-05
3.69164433221846e-05
3.69161707594395e-05
3.69158982007191e-05
3.69156256460234e-05
3.69153530953524e-05
3.69150805487058e-05
3.69148080060836e-05
3.69145354674857e-05
3.6914262932912e-05
3.69139904023625e-05
3.6913717875837e-05
3.69134453533355e-05
3.69131728348578e-05
3.6912900320404e-05
3.69126278099738e-05
3.69123553035672e-05
3.69120828011841e-05
3.69118103028245e-05
3.69115378084882e-05
3.69112653181751e-05
3.69109928318852e-05
3.69107203496183e-05
3.69104478713745e-05
3.69101753971535e-05
3.69099029269553e-05
3.69096304607798e-05
3.6909357998627e-05
3.69090855404967e-05
3.69088130863888e-05
3.69085406363032e-05
3.690826819024e-05
3.69079957481989e-05
3.69077233101799e-05
3.69074508761829e-05
3.69071784462078e-05
3.69069060202545e-05
3.6906633598323e-05
3.69063611804131e-05
3.69060887665247e-05
3.69058163566578e-05
3.69055439508123e-05
3.69052715489881e-05
3.6904999151185e-05
3.69047267574031e-05
3.69044543676422e-05
3.69041819819022e-05
3.6903909600183e-05
3.69036372224846e-05
3.69033648488069e-05
3.69030924791498e-05
3.69028201135131e-05
3.69025477518968e-05
3.69022753943008e-05
3.6902003040725e-05
3.69017306911694e-05
3.69014583456338e-05
3.69011860041182e-05
3.69009136666224e-05
3.69006413331464e-05
3.690036900369e-05
3.69000966782533e-05
3.68998243568361e-05
3.68995520394382e-05
3.68992797260597e-05
3.68990074167005e-05
3.68987351113604e-05
3.68984628100393e-05
3.68981905127373e-05
3.68979182194541e-05
3.68976459301897e-05
3.6897373644944e-05
3.68971013637169e-05
3.68968290865083e-05
3.68965568133182e-05
3.68962845441464e-05
3.68960122789929e-05
3.68957400178575e-05
3.68954677607403e-05
3.6895195507641e-05
3.68949232585596e-05
3.68946510134961e-05
3.68943787724502e-05
3.6894106535422e-05
3.68938343024114e-05
3.68935620734182e-05
3.68932898484424e-05
3.68930176274838e-05
3.68927454105425e-05
3.68924731976182e-05
3.6892200988711e-05
3.68919287838207e-05
3.68916565829472e-05
3.68913843860905e-05
3.68911121932504e-05
3.68908400044269e-05
3.68905678196199e-05
3.68902956388292e-05
3.68900234620549e-05
3.68897512892968e-05
3.68894791205548e-05
3.68892069558289e-05
3.68889347951189e-05
3.68886626384247e-05
3.68883904857463e-05
3.68881183370836e-05
3.68878461924365e-05
3.68875740518049e-05
3.68873019151887e-05
3.68870297825878e-05
3.68867576540022e-05
3.68864855294317e-05
3.68862134088763e-05
3.68859412923358e-05
3.68856691798103e-05
3.68853970712995e-05
3.68851249668034e-05
3.68848528663219e-05
3.6884580769855e-05
3.68843086774025e-05
3.68840365889643e-05
3.68837645045404e-05
3.68834924241307e-05
3.6883220347735e-05
3.68829482753533e-05
3.68826762069856e-05
3.68824041426316e-05
3.68821320822914e-05
3.68818600259648e-05
3.68815879736518e-05
3.68813159253522e-05
3.6881043881066e-05
3.68807718407931e-05
3.68804998045334e-05
3.68802277722867e-05
3.68799557440531e-05
3.68796837198324e-05
3.68794116996246e-05
3.68791396834295e-05
3.6878867671247e-05
3.68785956630772e-05
3.68783236589198e-05
3.68780516587748e-05
3.68777796626421e-05
3.68775076705216e-05
3.68772356824132e-05
3.68769636983169e-05
3.68766917182326e-05
3.68764197421601e-05
3.68761477700993e-05
3.68758758020503e-05
3.68756038380129e-05
3.68753318779869e-05
3.68750599219724e-05
3.68747879699692e-05
3.68745160219772e-05
3.68742440779964e-05
3.68739721380267e-05
3.68737002020679e-05
3.687342827012e-05
3.68731563421829e-05
3.68728844182565e-05
3.68726124983407e-05
3.68723405824355e-05
3.68720686705407e-05
3.68717967626562e-05
3.68715248587821e-05
3.6871252958918e-05
3.68709810630641e-05
3.68707091712202e-05
3.68704372833862e-05
3.6870165399562e-05
3.68698935197475e-05
3.68696216439427e-05
3.68693497721474e-05
3.68690779043616e-05
3.68688060405852e-05
3.6868534180818e-05
3.68682623250601e-05
3.68679904733113e-05
3.68677186255714e-05
3.68674467818406e-05
3.68671749421185e-05
3.68669031064053e-05
3.68666312747006e-05
3.68663594470046e-05
3.68660876233171e-05
3.68658158036379e-05
3.68655439879671e-05
3.68652721763045e-05
3.686500036865e-05
3.68647285650036e-05
3.68644567653651e-05
3.68641849697345e-05
3.68639131781117e-05
3.68636413904966e-05
3.6863369606889e-05
3.6863097827289e-05
3.68628260516964e-05
3.68625542801112e-05
3.68622825125332e-05
3.68620107489623e-05
3.68617389893986e-05
3.68614672338418e-05
3.68611954822919e-05
3.68609237347488e-05
3.68606519912124e-05
3.68603802516827e-05
3.68601085161595e-05
3.68598367846427e-05
3.68595650571323e-05
3.68592933336282e-05
3.68590216141303e-05
3.68587498986384e-05
3.68584781871526e-05
3.68582064796727e-05
3.68579347761986e-05
3.68576630767303e-05
3.68573913812676e-05
3.68571196898105e-05
3.68568480023588e-05
3.68565763189126e-05
3.68563046394716e-05
3.68560329640359e-05
3.68557612926053e-05
3.68554896251797e-05
3.6855217961759e-05
3.68549463023432e-05
3.68546746469322e-05
3.68544029955259e-05
3.68541313481241e-05
3.68538597047269e-05
3.6853588065334e-05
3.68533164299455e-05
3.68530447985613e-05
3.68527731711811e-05
3.68525015478051e-05
3.6852229928433e-05
3.68519583130648e-05
3.68516867017003e-05
3.68514150943396e-05
3.68511434909825e-05
3.6850871891629e-05
3.68506002962788e-05
3.6850328704932e-05
3.68500571175885e-05
3.68497855342482e-05
3.68495139549109e-05
3.68492423795767e-05
3.68489708082453e-05
3.68486992409168e-05
3.6848427677591e-05
3.68481561182678e-05
3.68478845629472e-05
3.68476130116291e-05
3.68473414643133e-05
3.68470699209999e-05
3.68467983816886e-05
3.68465268463795e-05
3.68462553150723e-05
3.68459837877671e-05
3.68457122644638e-05
3.68454407451622e-05
3.68451692298623e-05
3.68448977185639e-05
3.68446262112671e-05
3.68443547079716e-05
3.68440832086775e-05
3.68438117133846e-05
3.68435402220929e-05
3.68432687348022e-05
3.68429972515124e-05
3.68427257722235e-05
3.68424542969354e-05
3.68421828256481e-05
3.68419113583613e-05
3.6841639895075e-05
3.68413684357892e-05
3.68410969805037e-05
3.68408255292185e-05
3.68405540819334e-05
3.68402826386484e-05
3.68400111993634e-05
3.68397397640783e-05
3.6839468332793e-05
3.68391969055075e-05
3.68389254822215e-05
3.68386540629352e-05
3.68383826476482e-05
3.68381112363607e-05
3.68378398290724e-05
3.68375684257834e-05
3.68372970264934e-05
3.68370256312024e-05
3.68367542399104e-05
3.68364828526172e-05
3.68362114693228e-05
3.6835940090027e-05
3.68356687147298e-05
3.68353973434311e-05
3.68351259761308e-05
3.68348546128288e-05
3.68345832535251e-05
3.68343118982194e-05
3.68340405469118e-05
3.68337691996022e-05
3.68334978562904e-05
3.68332265169764e-05
3.68329551816601e-05
3.68326838503414e-05
3.68324125230203e-05
3.68321411996965e-05
3.68318698803701e-05
3.68315985650409e-05
3.68313272537089e-05
3.6831055946374e-05
3.6830784643036e-05
3.6830513343695e-05
3.68302420483507e-05
3.68299707570032e-05
3.68296994696523e-05
3.6829428186298e-05
3.68291569069401e-05
3.68288856315786e-05
3.68286143602133e-05
3.68283430928443e-05
3.68280718294713e-05
3.68278005700944e-05
3.68275293147133e-05
3.68272580633282e-05
3.68269868159387e-05
3.68267155725449e-05
3.68264443331467e-05
3.6826173097744e-05
3.68259018663367e-05
3.68256306389247e-05
3.68253594155079e-05
3.68250881960862e-05
3.68248169806596e-05
3.68245457692279e-05
3.68242745617911e-05
3.68240033583491e-05
3.68237321589018e-05
3.6823460963449e-05
3.68231897719908e-05
3.6822918584527e-05
3.68226474010575e-05
3.68223762215823e-05
3.68221050461013e-05
3.68218338746143e-05
3.68215627071213e-05
3.68212915436222e-05
3.68210203841169e-05
3.68207492286053e-05
3.68204780770874e-05
3.68202069295629e-05
3.6819935786032e-05
3.68196646464944e-05
3.68193935109501e-05
3.6819122379399e-05
3.68188512518409e-05
3.68185801282759e-05
3.68183090087039e-05
3.68180378931246e-05
3.68177667815381e-05
3.68174956739443e-05
3.6817224570343e-05
3.68169534707342e-05
3.68166823751178e-05
3.68164112834937e-05
3.68161401958619e-05
3.68158691122221e-05
3.68155980325744e-05
3.68153269569187e-05
3.68150558852548e-05
3.68147848175827e-05
3.68145137539023e-05
3.68142426942135e-05
3.68139716385162e-05
3.68137005868104e-05
3.68134295390959e-05
3.68131584953726e-05
3.68128874556405e-05
3.68126164198994e-05
3.68123453881494e-05
3.68120743603902e-05
3.68118033366219e-05
3.68115323168442e-05
3.68112613010572e-05
3.68109902892608e-05
3.68107192814548e-05
3.68104482776391e-05
3.68101772778138e-05
3.68099062819786e-05
3.68096352901335e-05
3.68093643022785e-05
3.68090933184134e-05
3.68088223385381e-05
3.68085513626526e-05
3.68082803907567e-05
3.68080094228504e-05
3.68077384589336e-05
3.68074674990062e-05
3.68071965430681e-05
3.68069255911192e-05
3.68066546431595e-05
3.68063836991888e-05
3.6806112759207e-05
3.68058418232142e-05
3.68055708912101e-05
3.68052999631947e-05
3.68050290391679e-05
3.68047581191296e-05
3.68044872030798e-05
3.68042162910183e-05
3.68039453829451e-05
3.680367447886e-05
3.6803403578763e-05
3.68031326826539e-05
3.68028617905328e-05
3.68025909023995e-05
3.6802320018254e-05
3.6802049138096e-05
3.68017782619256e-05
3.68015073897427e-05
3.68012365215471e-05
3.68009656573388e-05
3.68006947971178e-05
3.68004239408838e-05
3.68001530886368e-05
3.67998822403768e-05
3.67996113961037e-05
3.67993405558172e-05
3.67990697195175e-05
3.67987988872043e-05
3.67985280588776e-05
3.67982572345374e-05
3.67979864141834e-05
3.67977155978157e-05
3.67974447854341e-05
3.67971739770386e-05
3.6796903172629e-05
3.67966323722053e-05
3.67963615757674e-05
3.67960907833152e-05
3.67958199948486e-05
3.67955492103675e-05
3.67952784298719e-05
3.67950076533616e-05
3.67947368808366e-05
3.67944661122967e-05
3.67941953477419e-05
3.67939245871722e-05
3.67936538305873e-05
3.67933830779873e-05
3.67931123293719e-05
3.67928415847413e-05
3.67925708440952e-05
3.67923001074335e-05
3.67920293747563e-05
3.67917586460633e-05
3.67914879213545e-05
3.67912172006299e-05
3.67909464838892e-05
3.67906757711326e-05
3.67904050623597e-05
3.67901343575707e-05
3.67898636567653e-05
3.67895929599435e-05
3.67893222671052e-05
3.67890515782503e-05
3.67887808933788e-05
3.67885102124904e-05
3.67882395355853e-05
3.67879688626632e-05
3.6787698193724e-05
3.67874275287678e-05
3.67871568677943e-05
3.67868862108036e-05
3.67866155577955e-05
3.67863449087699e-05
3.67860742637267e-05
3.67858036226659e-05
3.67855329855874e-05
3.67852623524911e-05
3.67849917233769e-05
3.67847210982446e-05
3.67844504770943e-05
3.67841798599258e-05
3.67839092467391e-05
3.6783638637534e-05
3.67833680323105e-05
3.67830974310685e-05
3.67828268338078e-05
3.67825562405285e-05
3.67822856512304e-05
3.67820150659134e-05
3.67817444845774e-05
3.67814739072224e-05
3.67812033338483e-05
3.67809327644549e-05
3.67806621990422e-05
3.67803916376102e-05
3.67801210801586e-05
3.67798505266875e-05
3.67795799771967e-05
3.67793094316861e-05
3.67790388901557e-05
3.67787683526054e-05
3.67784978190351e-05
3.67782272894446e-05
3.6777956763834e-05
3.67776862422031e-05
3.67774157245519e-05
3.67771452108801e-05
3.67768747011879e-05
3.6776604195475e-05
3.67763336937414e-05
3.6776063195987e-05
3.67757927022117e-05
3.67755222124154e-05
3.67752517265981e-05
3.67749812447596e-05
3.67747107668998e-05
3.67744402930187e-05
3.67741698231162e-05
3.67738993571922e-05
3.67736288952466e-05
3.67733584372794e-05
3.67730879832903e-05
3.67728175332794e-05
3.67725470872465e-05
3.67722766451917e-05
3.67720062071146e-05
3.67717357730154e-05
3.67714653428939e-05
3.677119491675e-05
3.67709244945836e-05
3.67706540763947e-05
3.67703836621831e-05
3.67701132519488e-05
3.67698428456917e-05
3.67695724434116e-05
3.67693020451086e-05
3.67690316507824e-05
3.67687612604331e-05
3.67684908740606e-05
3.67682204916646e-05
3.67679501132453e-05
3.67676797388024e-05
3.67674093683359e-05
3.67671390018457e-05
3.67668686393317e-05
3.67665982807939e-05
3.6766327926232e-05
3.67660575756462e-05
3.67657872290361e-05
3.67655168864019e-05
3.67652465477433e-05
3.67649762130604e-05
3.67647058823529e-05
3.67644355556209e-05
3.67641652328642e-05
3.67638949140828e-05
3.67636245992765e-05
3.67633542884453e-05
3.6763083981589e-05
3.67628136787077e-05
3.67625433798012e-05
3.67622730848694e-05
3.67620027939122e-05
3.67617325069296e-05
3.67614622239214e-05
3.67611919448876e-05
3.67609216698281e-05
3.67606513987428e-05
3.67603811316316e-05
3.67601108684944e-05
3.67598406093311e-05
3.67595703541417e-05
3.6759300102926e-05
3.67590298556841e-05
3.67587596124156e-05
3.67584893731207e-05
3.67582191377992e-05
3.6757948906451e-05
3.67576786790761e-05
3.67574084556742e-05
3.67571382362455e-05
3.67568680207897e-05
3.67565978093068e-05
3.67563276017966e-05
3.67560573982592e-05
3.67557871986944e-05
3.67555170031022e-05
3.67552468114823e-05
3.67549766238349e-05
3.67547064401597e-05
3.67544362604566e-05
3.67541660847257e-05
3.67538959129668e-05
3.67536257451798e-05
3.67533555813646e-05
3.67530854215211e-05
3.67528152656494e-05
3.67525451137491e-05
3.67522749658204e-05
3.6752004821863e-05
3.6751734681877e-05
3.67514645458622e-05
3.67511944138184e-05
3.67509242857458e-05
3.67506541616441e-05
3.67503840415132e-05
3.67501139253532e-05
3.67498438131638e-05
3.6749573704945e-05
3.67493036006968e-05
3.67490335004189e-05
3.67487634041115e-05
3.67484933117742e-05
3.67482232234071e-05
3.67479531390102e-05
3.67476830585832e-05
3.67474129821261e-05
3.67471429096388e-05
3.67468728411212e-05
3.67466027765733e-05
3.67463327159949e-05
3.6746062659386e-05
3.67457926067465e-05
3.67455225580763e-05
3.67452525133753e-05
3.67449824726434e-05
3.67447124358805e-05
3.67444424030865e-05
3.67441723742614e-05
3.67439023494051e-05
3.67436323285175e-05
3.67433623115984e-05
3.67430922986479e-05
3.67428222896657e-05
3.67425522846519e-05
3.67422822836063e-05
3.67420122865289e-05
3.67417422934196e-05
3.67414723042782e-05
3.67412023191047e-05
3.6740932337899e-05
3.6740662360661e-05
3.67403923873907e-05
3.67401224180879e-05
3.67398524527525e-05
3.67395824913846e-05
3.67393125339839e-05
3.67390425805503e-05
3.67387726310839e-05
3.67385026855845e-05
3.67382327440521e-05
3.67379628064865e-05
3.67376928728876e-05
3.67374229432554e-05
3.67371530175897e-05
3.67368830958906e-05
3.67366131781579e-05
3.67363432643915e-05
3.67360733545913e-05
3.67358034487572e-05
3.67355335468892e-05
3.67352636489872e-05
3.67349937550511e-05
3.67347238650807e-05
3.67344539790761e-05
3.6734184097037e-05
3.67339142189635e-05
3.67336443448555e-05
3.67333744747127e-05
3.67331046085353e-05
3.6732834746323e-05
3.67325648880759e-05
3.67322950337937e-05
3.67320251834765e-05
3.6731755337124e-05
3.67314854947364e-05
3.67312156563134e-05
3.67309458218549e-05
3.67306759913609e-05
3.67304061648314e-05
3.67301363422661e-05
3.67298665236651e-05
3.67295967090281e-05
3.67293268983553e-05
3.67290570916463e-05
3.67287872889013e-05
3.672851749012e-05
3.67282476953025e-05
3.67279779044485e-05
3.6727708117558e-05
3.6727438334631e-05
3.67271685556674e-05
3.6726898780667e-05
3.67266290096297e-05
3.67263592425556e-05
3.67260894794444e-05
3.67258197202962e-05
3.67255499651107e-05
3.6725280213888e-05
3.6725010466628e-05
3.67247407233305e-05
3.67244709839955e-05
3.67242012486228e-05
3.67239315172125e-05
3.67236617897644e-05
3.67233920662784e-05
3.67231223467544e-05
3.67228526311924e-05
3.67225829195922e-05
3.67223132119538e-05
3.67220435082771e-05
3.6721773808562e-05
3.67215041128085e-05
3.67212344210163e-05
3.67209647331855e-05
3.67206950493159e-05
3.67204253694075e-05
3.67201556934601e-05
3.67198860214738e-05
3.67196163534483e-05
3.67193466893837e-05
3.67190770292798e-05
3.67188073731365e-05
3.67185377209538e-05
3.67182680727315e-05
3.67179984284697e-05
3.67177287881681e-05
3.67174591518267e-05
3.67171895194454e-05
3.67169198910242e-05
3.67166502665629e-05
3.67163806460614e-05
3.67161110295198e-05
3.67158414169377e-05
3.67155718083153e-05
3.67153022036524e-05
3.67150326029489e-05
3.67147630062048e-05
3.67144934134199e-05
3.67142238245941e-05
3.67139542397274e-05
3.67136846588197e-05
3.67134150818709e-05
3.67131455088809e-05
3.67128759398496e-05
3.6712606374777e-05
3.67123368136629e-05
3.67120672565072e-05
3.67117977033099e-05
3.67115281540709e-05
3.67112586087901e-05
3.67109890674675e-05
3.67107195301028e-05
3.67104499966961e-05
3.67101804672472e-05
3.67099109417561e-05
3.67096414202226e-05
3.67093719026467e-05
3.67091023890284e-05
3.67088328793674e-05
3.67085633736638e-05
3.67082938719174e-05
3.67080243741282e-05
3.6707754880296e-05
3.67074853904208e-05
3.67072159045025e-05
3.6706946422541e-05
3.67066769445362e-05
3.6706407470488e-05
3.67061380003964e-05
3.67058685342613e-05
3.67055990720825e-05
3.67053296138599e-05
3.67050601595936e-05
3.67047907092834e-05
3.67045212629292e-05
3.67042518205309e-05
3.67039823820885e-05
3.67037129476018e-05
3.67034435170708e-05
3.67031740904953e-05
3.67029046678754e-05
3.67026352492109e-05
3.67023658345017e-05
3.67020964237477e-05
3.67018270169489e-05
3.67015576141051e-05
3.67012882152164e-05
3.67010188202824e-05
3.67007494293033e-05
3.6700480042279e-05
3.67002106592092e-05
3.6699941280094e-05
3.66996719049332e-05
3.66994025337268e-05
3.66991331664746e-05
3.66988638031767e-05
3.66985944438328e-05
3.6698325088443e-05
3.66980557370071e-05
3.6697786389525e-05
3.66975170459967e-05
3.6697247706422e-05
3.66969783708009e-05
3.66967090391334e-05
3.66964397114192e-05
3.66961703876583e-05
3.66959010678507e-05
3.66956317519962e-05
3.66953624400948e-05
3.66950931321464e-05
3.66948238281508e-05
3.6694554528108e-05
3.6694285232018e-05
3.66940159398805e-05
3.66937466516956e-05
3.66934773674632e-05
3.66932080871831e-05
3.66929388108552e-05
3.66926695384796e-05
3.66924002700561e-05
3.66921310055845e-05
3.66918617450649e-05
3.66915924884972e-05
3.66913232358812e-05
3.66910539872168e-05
3.66907847425041e-05
3.66905155017428e-05
3.66902462649329e-05
3.66899770320744e-05
3.66897078031671e-05
3.66894385782109e-05
3.66891693572058e-05
3.66889001401516e-05
3.66886309270483e-05
3.66883617178958e-05
3.66880925126941e-05
3.66878233114429e-05
3.66875541141423e-05
3.66872849207921e-05
3.66870157313923e-05
3.66867465459428e-05
3.66864773644435e-05
3.66862081868942e-05
3.6685939013295e-05
3.66856698436457e-05
3.66854006779462e-05
3.66851315161965e-05
3.66848623583964e-05
3.6684593204546e-05
3.6684324054645e-05
3.66840549086934e-05
3.66837857666911e-05
3.66835166286381e-05
3.66832474945342e-05
3.66829783643794e-05
3.66827092381735e-05
3.66824401159165e-05
3.66821709976083e-05
3.66819018832488e-05
3.6681632772838e-05
3.66813636663757e-05
3.66810945638618e-05
3.66808254652963e-05
3.6680556370679e-05
3.668028728001e-05
3.6680018193289e-05
3.66797491105161e-05
3.66794800316911e-05
3.66792109568139e-05
3.66789418858845e-05
3.66786728189027e-05
3.66784037558685e-05
3.66781346967819e-05
3.66778656416426e-05
3.66775965904506e-05
3.66773275432059e-05
3.66770584999083e-05
3.66767894605578e-05
3.66765204251542e-05
3.66762513936976e-05
3.66759823661877e-05
3.66757133426245e-05
3.6675444323008e-05
3.6675175307338e-05
3.66749062956144e-05
3.66746372878372e-05
3.66743682840063e-05
3.66740992841216e-05
3.6673830288183e-05
3.66735612961904e-05
3.66732923081437e-05
3.66730233240428e-05
3.66727543438878e-05
3.66724853676783e-05
3.66722163954145e-05
3.66719474270962e-05
3.66716784627232e-05
3.66714095022956e-05
3.66711405458133e-05
3.6670871593276e-05
3.66706026446839e-05
3.66703337000367e-05
3.66700647593344e-05
3.66697958225769e-05
3.66695268897641e-05
3.66692579608959e-05
3.66689890359723e-05
3.66687201149931e-05
3.66684511979583e-05
3.66681822848678e-05
3.66679133757214e-05
3.66676444705192e-05
3.6667375569261e-05
3.66671066719467e-05
3.66668377785763e-05
3.66665688891496e-05
3.66663000036666e-05
3.66660311221272e-05
3.66657622445313e-05
3.66654933708788e-05
3.66652245011696e-05
3.66649556354037e-05
3.66646867735809e-05
3.66644179157012e-05
3.66641490617644e-05
3.66638802117706e-05
3.66636113657195e-05
3.66633425236112e-05
3.66630736854455e-05
3.66628048512223e-05
3.66625360209416e-05
3.66622671946033e-05
3.66619983722073e-05
3.66617295537534e-05
3.66614607392417e-05
3.6661191928672e-05
3.66609231220442e-05
3.66606543193583e-05
3.66603855206141e-05
3.66601167258117e-05
3.66598479349508e-05
3.66595791480314e-05
3.66593103650534e-05
3.66590415860168e-05
3.66587728109214e-05
3.66585040397671e-05
3.6658235272554e-05
3.66579665092818e-05
3.66576977499505e-05
3.665742899456e-05
3.66571602431103e-05
3.66568914956012e-05
3.66566227520326e-05
3.66563540124045e-05
3.66560852767168e-05
3.66558165449694e-05
3.66555478171621e-05
3.6655279093295e-05
3.66550103733679e-05
3.66547416573808e-05
3.66544729453335e-05
3.6654204237226e-05
3.66539355330582e-05
3.665366683283e-05
3.66533981365412e-05
3.66531294441919e-05
3.6652860755782e-05
3.66525920713113e-05
3.66523233907797e-05
3.66520547141873e-05
3.66517860415338e-05
3.66515173728192e-05
3.66512487080435e-05
3.66509800472065e-05
3.66507113903081e-05
3.66504427373483e-05
3.66501740883269e-05
3.6649905443244e-05
3.66496368020993e-05
3.66493681648928e-05
3.66490995316245e-05
3.66488309022942e-05
3.66485622769019e-05
3.66482936554474e-05
3.66480250379307e-05
3.66477564243517e-05
3.66474878147103e-05
3.66472192090064e-05
3.664695060724e-05
3.66466820094109e-05
3.6646413415519e-05
3.66461448255644e-05
3.66458762395468e-05
3.66456076574662e-05
3.66453390793225e-05
3.66450705051157e-05
3.66448019348455e-05
3.66445333685121e-05
3.66442648061152e-05
3.66439962476548e-05
3.66437276931308e-05
3.66434591425431e-05
3.66431905958916e-05
3.66429220531762e-05
3.66426535143969e-05
3.66423849795536e-05
3.66421164486461e-05
3.66418479216744e-05
3.66415793986384e-05
3.6641310879538e-05
3.66410423643732e-05
3.66407738531438e-05
3.66405053458497e-05
3.66402368424909e-05
3.66399683430674e-05
3.66396998475788e-05
3.66394313560254e-05
3.66391628684068e-05
3.6638894384723e-05
3.66386259049741e-05
3.66383574291597e-05
3.663808895728e-05
3.66378204893347e-05
3.66375520253239e-05
3.66372835652473e-05
3.6637015109105e-05
3.66367466568969e-05
3.66364782086228e-05
3.66362097642826e-05
3.66359413238764e-05
3.66356728874039e-05
3.66354044548652e-05
3.66351360262601e-05
3.66348676015885e-05
3.66345991808504e-05
3.66343307640456e-05
3.66340623511741e-05
3.66337939422358e-05
3.66335255372306e-05
3.66332571361585e-05
3.66329887390193e-05
3.66327203458129e-05
3.66324519565393e-05
3.66321835711983e-05
3.663191518979e-05
3.66316468123141e-05
3.66313784387707e-05
3.66311100691595e-05
3.66308417034807e-05
3.66305733417339e-05
3.66303049839193e-05
3.66300366300366e-05
3.66297682800859e-05
3.66294999340669e-05
3.66292315919797e-05
3.66289632538241e-05
3.66286949196e-05
3.66284265893074e-05
3.66281582629462e-05
3.66278899405163e-05
3.66276216220176e-05
3.662735330745e-05
3.66270849968134e-05
3.66268166901078e-05
3.66265483873331e-05
3.66262800884891e-05
3.66260117935758e-05
3.66257435025931e-05
3.66254752155409e-05
3.66252069324192e-05
3.66249386532278e-05
3.66246703779666e-05
3.66244021066356e-05
3.66241338392347e-05
3.66238655757638e-05
3.66235973162228e-05
3.66233290606116e-05
3.66230608089302e-05
3.66227925611784e-05
3.66225243173561e-05
3.66222560774634e-05
3.66219878415e-05
3.6621719609466e-05
3.66214513813611e-05
3.66211831571854e-05
3.66209149369388e-05
3.66206467206211e-05
3.66203785082323e-05
3.66201102997722e-05
3.66198420952409e-05
3.66195738946382e-05
3.6619305697964e-05
3.66190375052182e-05
3.66187693164008e-05
3.66185011315117e-05
3.66182329505507e-05
3.66179647735179e-05
3.6617696600413e-05
3.66174284312361e-05
3.66171602659871e-05
3.66168921046657e-05
3.66166239472721e-05
3.6616355793806e-05
3.66160876442674e-05
3.66158194986562e-05
3.66155513569723e-05
3.66152832192157e-05
3.66150150853862e-05
3.66147469554838e-05
3.66144788295083e-05
3.66142107074598e-05
3.6613942589338e-05
3.6613674475143e-05
3.66134063648746e-05
3.66131382585327e-05
3.66128701561173e-05
3.66126020576282e-05
3.66123339630655e-05
3.66120658724289e-05
3.66117977857185e-05
3.6611529702934e-05
3.66112616240756e-05
3.66109935491429e-05
3.66107254781361e-05
3.66104574110549e-05
3.66101893478993e-05
3.66099212886692e-05
3.66096532333646e-05
3.66093851819853e-05
3.66091171345312e-05
3.66088490910023e-05
3.66085810513984e-05
3.66083130157196e-05
3.66080449839657e-05
3.66077769561366e-05
3.66075089322322e-05
3.66072409122524e-05
3.66069728961973e-05
3.66067048840666e-05
3.66064368758603e-05
3.66061688715782e-05
3.66059008712204e-05
3.66056328747868e-05
3.66053648822771e-05
3.66050968936915e-05
3.66048289090297e-05
3.66045609282917e-05
3.66042929514774e-05
3.66040249785866e-05
3.66037570096195e-05
3.66034890445757e-05
3.66032210834553e-05
3.66029531262582e-05
3.66026851729843e-05
3.66024172236334e-05
3.66021492782056e-05
3.66018813367007e-05
3.66016133991186e-05
3.66013454654593e-05
3.66010775357227e-05
3.66008096099086e-05
3.6600541688017e-05
3.66002737700478e-05
3.66000058560009e-05
3.65997379458763e-05
3.65994700396738e-05
3.65992021373934e-05
3.6598934239035e-05
3.65986663445984e-05
3.65983984540836e-05
3.65981305674906e-05
3.65978626848192e-05
3.65975948060693e-05
3.65973269312409e-05
3.65970590603339e-05
3.65967911933482e-05
3.65965233302836e-05
3.65962554711402e-05
3.65959876159178e-05
3.65957197646163e-05
3.65954519172357e-05
3.65951840737759e-05
3.65949162342367e-05
3.65946483986182e-05
3.65943805669201e-05
3.65941127391425e-05
3.65938449152853e-05
3.65935770953482e-05
3.65933092793314e-05
3.65930414672346e-05
3.65927736590578e-05
3.65925058548009e-05
3.65922380544639e-05
3.65919702580466e-05
3.65917024655489e-05
3.65914346769708e-05
3.65911668923122e-05
3.6590899111573e-05
3.65906313347531e-05
3.65903635618523e-05
3.65900957928708e-05
3.65898280278083e-05
3.65895602666647e-05
3.658929250944e-05
3.65890247561342e-05
3.6588757006747e-05
3.65884892612784e-05
3.65882215197284e-05
3.65879537820968e-05
3.65876860483836e-05
3.65874183185886e-05
3.65871505927118e-05
3.65868828707532e-05
3.65866151527125e-05
3.65863474385898e-05
3.65860797283849e-05
3.65858120220978e-05
3.65855443197284e-05
3.65852766212765e-05
3.65850089267422e-05
3.65847412361252e-05
3.65844735494256e-05
3.65842058666433e-05
3.6583938187778e-05
3.65836705128299e-05
3.65834028417987e-05
3.65831351746845e-05
3.6582867511487e-05
3.65825998522063e-05
3.65823321968422e-05
3.65820645453947e-05
3.65817968978636e-05
3.65815292542489e-05
3.65812616145506e-05
3.65809939787684e-05
3.65807263469023e-05
3.65804587189523e-05
3.65801910949183e-05
3.65799234748001e-05
3.65796558585977e-05
3.6579388246311e-05
3.65791206379399e-05
3.65788530334843e-05
3.65785854329441e-05
3.65783178363193e-05
3.65780502436098e-05
3.65777826548155e-05
3.65775150699362e-05
3.6577247488972e-05
3.65769799119226e-05
3.65767123387881e-05
3.65764447695684e-05
3.65761772042633e-05
3.65759096428728e-05
3.65756420853968e-05
3.65753745318352e-05
3.65751069821879e-05
3.65748394364549e-05
3.6574571894636e-05
3.65743043567311e-05
3.65740368227403e-05
3.65737692926633e-05
3.65735017665001e-05
3.65732342442507e-05
3.65729667259149e-05
3.65726992114926e-05
3.65724317009838e-05
3.65721641943884e-05
3.65718966917062e-05
3.65716291929373e-05
3.65713616980815e-05
3.65710942071387e-05
3.65708267201088e-05
3.65705592369918e-05
3.65702917577876e-05
3.65700242824961e-05
3.65697568111172e-05
3.65694893436508e-05
3.65692218800968e-05
3.65689544204552e-05
3.65686869647258e-05
3.65684195129087e-05
3.65681520650035e-05
3.65678846210104e-05
3.65676171809293e-05
3.65673497447599e-05
3.65670823125023e-05
3.65668148841563e-05
3.65665474597219e-05
3.65662800391991e-05
3.65660126225876e-05
3.65657452098874e-05
3.65654778010984e-05
3.65652103962206e-05
3.65649429952539e-05
3.65646755981981e-05
3.65644082050532e-05
3.65641408158191e-05
3.65638734304957e-05
3.6563606049083e-05
3.65633386715808e-05
3.6563071297989e-05
3.65628039283077e-05
3.65625365625366e-05
3.65622692006757e-05
3.65620018427249e-05
3.65617344886841e-05
3.65614671385533e-05
3.65611997923324e-05
3.65609324500212e-05
3.65606651116197e-05
3.65603977771278e-05
3.65601304465454e-05
3.65598631198725e-05
3.65595957971089e-05
3.65593284782545e-05
3.65590611633093e-05
3.65587938522732e-05
3.65585265451461e-05
3.65582592419279e-05
3.65579919426186e-05
3.6557724647218e-05
3.6557457355726e-05
3.65571900681426e-05
3.65569227844677e-05
3.65566555047012e-05
3.6556388228843e-05
3.6556120956893e-05
3.65558536888512e-05
3.65555864247174e-05
3.65553191644916e-05
3.65550519081737e-05
3.65547846557636e-05
3.65545174072612e-05
3.65542501626664e-05
3.65539829219792e-05
3.65537156851994e-05
3.6553448452327e-05
3.65531812233619e-05
3.65529139983039e-05
3.65526467771531e-05
3.65523795599094e-05
3.65521123465725e-05
3.65518451371425e-05
3.65515779316193e-05
3.65513107300028e-05
3.65510435322928e-05
3.65507763384894e-05
3.65505091485924e-05
3.65502419626018e-05
3.65499747805174e-05
3.65497076023392e-05
3.6549440428067e-05
3.65491732577009e-05
3.65489060912407e-05
3.65486389286863e-05
3.65483717700376e-05
3.65481046152946e-05
3.65478374644572e-05
3.65475703175253e-05
3.65473031744988e-05
3.65470360353775e-05
3.65467689001615e-05
3.65465017688507e-05
3.65462346414449e-05
3.65459675179441e-05
3.65457003983481e-05
3.6545433282657e-05
3.65451661708706e-05
3.65448990629888e-05
3.65446319590115e-05
3.65443648589388e-05
3.65440977627703e-05
3.65438306705062e-05
3.65435635821463e-05
3.65432964976905e-05
3.65430294171387e-05
3.65427623404908e-05
3.65424952677469e-05
3.65422281989067e-05
3.65419611339701e-05
3.65416940729372e-05
3.65414270158078e-05
3.65411599625819e-05
3.65408929132592e-05
3.65406258678399e-05
3.65403588263237e-05
3.65400917887106e-05
3.65398247550005e-05
3.65395577251933e-05
3.65392906992889e-05
3.65390236772873e-05
3.65387566591884e-05
3.6538489644992e-05
3.65382226346982e-05
3.65379556283067e-05
3.65376886258175e-05
3.65374216272306e-05
3.65371546325458e-05
3.65368876417631e-05
3.65366206548824e-05
3.65363536719035e-05
3.65360866928265e-05
3.65358197176512e-05
3.65355527463775e-05
3.65352857790054e-05
3.65350188155347e-05
3.65347518559654e-05
3.65344849002974e-05
3.65342179485306e-05
3.65339510006649e-05
3.65336840567003e-05
3.65334171166366e-05
3.65331501804738e-05
3.65328832482117e-05
3.65326163198504e-05
3.65323493953896e-05
3.65320824748294e-05
3.65318155581696e-05
3.65315486454102e-05
3.6531281736551e-05
3.6531014831592e-05
3.65307479305331e-05
3.65304810333743e-05
3.65302141401153e-05
3.65299472507562e-05
3.65296803652968e-05
3.65294134837371e-05
3.6529146606077e-05
3.65288797323164e-05
3.65286128624552e-05
3.65283459964933e-05
3.65280791344306e-05
3.65278122762671e-05
3.65275454220027e-05
3.65272785716373e-05
3.65270117251708e-05
3.6526744882603e-05
3.65264780439341e-05
3.65262112091637e-05
3.65259443782919e-05
3.65256775513186e-05
3.65254107282436e-05
3.6525143909067e-05
3.65248770937886e-05
3.65246102824083e-05
3.6524343474926e-05
3.65240766713417e-05
3.65238098716553e-05
3.65235430758667e-05
3.65232762839758e-05
3.65230094959825e-05
3.65227427118867e-05
3.65224759316884e-05
3.65222091553874e-05
3.65219423829837e-05
3.65216756144772e-05
3.65214088498678e-05
3.65211420891554e-05
3.652087533234e-05
3.65206085794214e-05
3.65203418303995e-05
3.65200750852744e-05
3.65198083440458e-05
3.65195416067137e-05
3.65192748732781e-05
3.65190081437388e-05
3.65187414180958e-05
3.65184746963489e-05
3.65182079784981e-05
3.65179412645433e-05
3.65176745544844e-05
3.65174078483213e-05
3.6517141146054e-05
3.65168744476823e-05
3.65166077532062e-05
3.65163410626255e-05
3.65160743759403e-05
3.65158076931504e-05
3.65155410142557e-05
3.65152743392561e-05
3.65150076681516e-05
3.65147410009421e-05
3.65144743376274e-05
3.65142076782076e-05
3.65139410226825e-05
3.6513674371052e-05
3.6513407723316e-05
3.65131410794745e-05
3.65128744395274e-05
3.65126078034745e-05
3.65123411713159e-05
3.65120745430514e-05
3.65118079186809e-05
3.65115412982044e-05
3.65112746816217e-05
3.65110080689328e-05
3.65107414601376e-05
3.6510474855236e-05
3.65102082542279e-05
3.65099416571132e-05
3.65096750638919e-05
3.65094084745639e-05
3.6509141889129e-05
3.65088753075873e-05
3.65086087299385e-05
3.65083421561827e-05
3.65080755863197e-05
3.65078090203495e-05
3.65075424582719e-05
3.65072759000869e-05
3.65070093457944e-05
3.65067427953943e-05
3.65064762488866e-05
3.6506209706271e-05
3.65059431675477e-05
3.65056766327164e-05
3.65054101017771e-05
3.65051435747297e-05
3.65048770515741e-05
3.65046105323102e-05
3.6504344016938e-05
3.65040775054574e-05
3.65038109978682e-05
3.65035444941704e-05
3.65032779943639e-05
3.65030114984486e-05
3.65027450064245e-05
3.65024785182914e-05
3.65022120340493e-05
3.6501945553698e-05
3.65016790772376e-05
3.65014126046678e-05
3.65011461359887e-05
3.65008796712001e-05
3.65006132103019e-05
3.65003467532942e-05
3.65000803001767e-05
3.64998138509494e-05
3.64995474056122e-05
3.6499280964165e-05
3.64990145266078e-05
3.64987480929404e-05
3.64984816631628e-05
3.64982152372749e-05
3.64979488152766e-05
3.64976823971678e-05
3.64974159829484e-05
3.64971495726184e-05
3.64968831661776e-05
3.6496616763626e-05
3.64963503649635e-05
3.649608397019e-05
3.64958175793054e-05
3.64955511923097e-05
3.64952848092027e-05
3.64950184299843e-05
3.64947520546545e-05
3.64944856832133e-05
3.64942193156604e-05
3.64939529519959e-05
3.64936865922195e-05
3.64934202363314e-05
3.64931538843313e-05
3.64928875362192e-05
3.6492621191995e-05
3.64923548516586e-05
3.64920885152099e-05
3.64918221826489e-05
3.64915558539754e-05
3.64912895291894e-05
3.64910232082908e-05
3.64907568912794e-05
3.64904905781553e-05
3.64902242689184e-05
3.64899579635684e-05
3.64896916621055e-05
3.64894253645294e-05
3.64891590708401e-05
3.64888927810375e-05
3.64886264951215e-05
3.6488360213092e-05
3.6488093934949e-05
3.64878276606924e-05
3.6487561390322e-05
3.64872951238379e-05
3.64870288612398e-05
3.64867626025278e-05
3.64864963477017e-05
3.64862300967615e-05
3.6485963849707e-05
3.64856976065382e-05
3.64854313672551e-05
3.64851651318574e-05
3.64848989003451e-05
3.64846326727182e-05
3.64843664489766e-05
3.64841002291201e-05
3.64838340131488e-05
3.64835678010624e-05
3.64833015928609e-05
3.64830353885443e-05
3.64827691881125e-05
3.64825029915652e-05
3.64822367989026e-05
3.64819706101245e-05
3.64817044252307e-05
3.64814382442213e-05
3.64811720670962e-05
3.64809058938552e-05
3.64806397244982e-05
3.64803735590252e-05
3.64801073974362e-05
3.64798412397309e-05
3.64795750859094e-05
3.64793089359715e-05
3.64790427899172e-05
3.64787766477463e-05
3.64785105094589e-05
3.64782443750547e-05
3.64779782445338e-05
3.6477712117896e-05
3.64774459951412e-05
3.64771798762694e-05
3.64769137612805e-05
3.64766476501744e-05
3.64763815429509e-05
3.64761154396101e-05
3.64758493401519e-05
3.64755832445761e-05
3.64753171528826e-05
3.64750510650715e-05
3.64747849811425e-05
3.64745189010957e-05
3.64742528249309e-05
3.6473986752648e-05
3.6473720684247e-05
3.64734546197278e-05
3.64731885590902e-05
3.64729225023343e-05
3.64726564494598e-05
3.64723904004668e-05
3.64721243553552e-05
3.64718583141248e-05
3.64715922767756e-05
3.64713262433075e-05
3.64710602137204e-05
3.64707941880142e-05
3.64705281661889e-05
3.64702621482443e-05
3.64699961341804e-05
3.64697301239971e-05
3.64694641176943e-05
3.64691981152718e-05
3.64689321167298e-05
3.64686661220679e-05
3.64684001312862e-05
3.64681341443846e-05
3.6467868161363e-05
3.64676021822213e-05
3.64673362069594e-05
3.64670702355773e-05
3.64668042680748e-05
3.64665383044518e-05
3.64662723447084e-05
3.64660063888443e-05
3.64657404368596e-05
3.64654744887541e-05
3.64652085445277e-05
3.64649426041803e-05
3.6464676667712e-05
3.64644107351225e-05
3.64641448064119e-05
3.64638788815799e-05
3.64636129606266e-05
3.64633470435518e-05
3.64630811303555e-05
3.64628152210376e-05
3.64625493155979e-05
3.64622834140365e-05
3.64620175163532e-05
3.64617516225479e-05
3.64614857326206e-05
3.64612198465712e-05
3.64609539643995e-05
3.64606880861056e-05
3.64604222116892e-05
3.64601563411504e-05
3.6459890474489e-05
3.6459624611705e-05
3.64593587527983e-05
3.64590928977687e-05
3.64588270466163e-05
3.64585611993408e-05
3.64582953559423e-05
3.64580295164207e-05
3.64577636807758e-05
3.64574978490076e-05
3.6457232021116e-05
3.64569661971009e-05
3.64567003769623e-05
3.64564345607e-05
3.64561687483139e-05
3.6455902939804e-05
3.64556371351702e-05
3.64553713344124e-05
3.64551055375305e-05
3.64548397445245e-05
3.64545739553942e-05
3.64543081701395e-05
3.64540423887605e-05
3.64537766112569e-05
3.64535108376288e-05
3.64532450678759e-05
3.64529793019983e-05
3.64527135399959e-05
3.64524477818686e-05
3.64521820276162e-05
3.64519162772387e-05
3.6451650530736e-05
3.64513847881081e-05
3.64511190493548e-05
3.64508533144761e-05
3.64505875834718e-05
3.6450321856342e-05
3.64500561330864e-05
3.64497904137051e-05
3.64495246981979e-05
3.64492589865648e-05
3.64489932788056e-05
3.64487275749204e-05
3.64484618749089e-05
3.64481961787711e-05
3.6447930486507e-05
3.64476647981164e-05
3.64473991135993e-05
3.64471334329555e-05
3.6446867756185e-05
3.64466020832878e-05
3.64463364142636e-05
3.64460707491125e-05
3.64458050878344e-05
3.64455394304291e-05
3.64452737768966e-05
3.64450081272368e-05
3.64447424814496e-05
3.6444476839535e-05
3.64442112014928e-05
3.64439455673229e-05
3.64436799370253e-05
3.64434143105999e-05
3.64431486880466e-05
3.64428830693654e-05
3.64426174545561e-05
3.64423518436186e-05
3.64420862365529e-05
3.64418206333588e-05
3.64415550340364e-05
3.64412894385855e-05
3.6441023847006e-05
3.64407582592979e-05
3.6440492675461e-05
3.64402270954953e-05
3.64399615194006e-05
3.6439695947177e-05
3.64394303788243e-05
3.64391648143425e-05
3.64388992537313e-05
3.64386336969909e-05
3.6438368144121e-05
3.64381025951217e-05
3.64378370499927e-05
3.64375715087341e-05
3.64373059713457e-05
3.64370404378275e-05
3.64367749081793e-05
3.64365093824012e-05
3.64362438604929e-05
3.64359783424545e-05
3.64357128282858e-05
3.64354473179867e-05
3.64351818115572e-05
3.64349163089972e-05
3.64346508103066e-05
3.64343853154853e-05
3.64341198245333e-05
3.64338543374504e-05
3.64335888542365e-05
3.64333233748916e-05
3.64330578994156e-05
3.64327924278084e-05
3.643252696007e-05
3.64322614962001e-05
3.64319960361988e-05
3.6431730580066e-05
3.64314651278016e-05
3.64311996794054e-05
3.64309342348775e-05
3.64306687942177e-05
3.6430403357426e-05
3.64301379245022e-05
3.64298724954463e-05
3.64296070702581e-05
3.64293416489377e-05
3.64290762314849e-05
3.64288108178997e-05
3.64285454081819e-05
3.64282800023314e-05
3.64280146003483e-05
3.64277492022323e-05
3.64274838079834e-05
3.64272184176016e-05
3.64269530310868e-05
3.64266876484388e-05
3.64264222696575e-05
3.6426156894743e-05
3.6425891523695e-05
3.64256261565136e-05
3.64253607931987e-05
3.642509543375e-05
3.64248300781677e-05
3.64245647264515e-05
3.64242993786015e-05
3.64240340346174e-05
3.64237686944993e-05
3.6423503358247e-05
3.64232380258605e-05
3.64229726973397e-05
3.64227073726844e-05
3.64224420518947e-05
3.64221767349704e-05
3.64219114219114e-05
3.64216461127177e-05
3.64213808073892e-05
3.64211155059257e-05
3.64208502083273e-05
3.64205849145937e-05
3.6420319624725e-05
3.64200543387211e-05
3.64197890565818e-05
3.64195237783071e-05
3.64192585038969e-05
3.64189932333511e-05
3.64187279666696e-05
3.64184627038523e-05
3.64181974448993e-05
3.64179321898103e-05
3.64176669385852e-05
3.64174016912241e-05
3.64171364477268e-05
3.64168712080933e-05
3.64166059723234e-05
3.6416340740417e-05
3.64160755123742e-05
3.64158102881947e-05
3.64155450678786e-05
3.64152798514257e-05
3.64150146388359e-05
3.64147494301092e-05
3.64144842252454e-05
3.64142190242446e-05
3.64139538271066e-05
3.64136886338312e-05
3.64134234444186e-05
3.64131582588684e-05
3.64128930771808e-05
3.64126278993555e-05
3.64123627253925e-05
3.64120975552918e-05
3.64118323890531e-05
3.64115672266766e-05
3.6411302068162e-05
3.64110369135092e-05
3.64107717627183e-05
3.64105066157891e-05
3.64102414727214e-05
3.64099763335154e-05
3.64097111981708e-05
3.64094460666875e-05
3.64091809390656e-05
3.64089158153049e-05
3.64086506954052e-05
3.64083855793666e-05
3.6408120467189e-05
3.64078553588722e-05
3.64075902544162e-05
3.64073251538209e-05
3.64070600570863e-05
3.64067949642121e-05
3.64065298751984e-05
3.64062647900451e-05
3.6405999708752e-05
3.64057346313191e-05
3.64054695577464e-05
3.64052044880336e-05
3.64049394221808e-05
3.64046743601878e-05
3.64044093020547e-05
3.64041442477812e-05
3.64038791973673e-05
3.64036141508129e-05
3.64033491081179e-05
3.64030840692823e-05
3.6402819034306e-05
3.64025540031889e-05
3.64022889759308e-05
3.64020239525318e-05
3.64017589329916e-05
3.64014939173104e-05
3.64012289054878e-05
3.6400963897524e-05
3.64006988934188e-05
3.6400433893172e-05
3.64001688967837e-05
3.63999039042537e-05
3.6399638915582e-05
3.63993739307684e-05
3.63991089498129e-05
3.63988439727154e-05
3.63985789994759e-05
3.63983140300941e-05
3.63980490645701e-05
3.63977841029038e-05
3.63975191450951e-05
3.63972541911438e-05
3.639698924105e-05
3.63967242948135e-05
3.63964593524342e-05
3.63961944139121e-05
3.6395929479247e-05
3.6395664548439e-05
3.63953996214878e-05
3.63951346983935e-05
3.63948697791559e-05
3.6394604863775e-05
3.63943399522506e-05
3.63940750445827e-05
3.63938101407713e-05
3.63935452408161e-05
3.63932803447171e-05
3.63930154524744e-05
3.63927505640876e-05
3.63924856795569e-05
3.6392220798882e-05
3.6391955922063e-05
3.63916910490997e-05
3.6391426179992e-05
3.63911613147399e-05
3.63908964533432e-05
3.6390631595802e-05
3.6390366742116e-05
3.63901018922853e-05
3.63898370463097e-05
3.63895722041892e-05
3.63893073659236e-05
3.63890425315129e-05
3.6388777700957e-05
3.63885128742559e-05
3.63882480514093e-05
3.63879832324173e-05
3.63877184172798e-05
3.63874536059967e-05
3.63871887985678e-05
3.63869239949932e-05
3.63866591952726e-05
3.63863943994062e-05
3.63861296073937e-05
3.6385864819235e-05
3.63856000349302e-05
3.6385335254479e-05
3.63850704778815e-05
3.63848057051375e-05
3.6384540936247e-05
3.63842761712099e-05
3.6384011410026e-05
3.63837466526953e-05
3.63834818992178e-05
3.63832171495932e-05
3.63829524038217e-05
3.6382687661903e-05
3.6382422923837e-05
3.63821581896238e-05
3.63818934592632e-05
3.63816287327551e-05
3.63813640100995e-05
3.63810992912962e-05
3.63808345763452e-05
3.63805698652464e-05
3.63803051579997e-05
3.6380040454605e-05
3.63797757550622e-05
3.63795110593714e-05
3.63792463675322e-05
3.63789816795448e-05
3.6378716995409e-05
3.63784523151247e-05
3.63781876386918e-05
3.63779229661103e-05
3.63776582973801e-05
3.6377393632501e-05
3.63771289714731e-05
3.63768643142961e-05
3.63765996609701e-05
3.63763350114949e-05
3.63760703658705e-05
3.63758057240968e-05
3.63755410861737e-05
3.6375276452101e-05
3.63750118218788e-05
3.6374747195507e-05
3.63744825729854e-05
3.6374217954314e-05
3.63739533394927e-05
3.63736887285213e-05
3.63734241213999e-05
3.63731595181284e-05
3.63728949187066e-05
3.63726303231345e-05
3.63723657314119e-05
3.63721011435389e-05
3.63718365595152e-05
3.63715719793409e-05
3.63713074030159e-05
3.637104283054e-05
3.63707782619132e-05
3.63705136971355e-05
3.63702491362066e-05
3.63699845791265e-05
3.63697200258952e-05
3.63694554765126e-05
3.63691909309786e-05
3.6368926389293e-05
3.63686618514558e-05
3.6368397317467e-05
3.63681327873264e-05
3.6367868261034e-05
3.63676037385897e-05
3.63673392199933e-05
3.63670747052449e-05
3.63668101943442e-05
3.63665456872913e-05
3.63662811840861e-05
3.63660166847285e-05
3.63657521892183e-05
3.63654876975555e-05
3.63652232097401e-05
3.63649587257718e-05
3.63646942456508e-05
3.63644297693768e-05
3.63641652969498e-05
3.63639008283697e-05
3.63636363636364e-05
3.63633719027498e-05
3.63631074457099e-05
3.63628429925165e-05
3.63625785431697e-05
3.63623140976692e-05
3.6362049656015e-05
3.63617852182071e-05
3.63615207842453e-05
3.63612563541295e-05
3.63609919278598e-05
3.63607275054359e-05
3.63604630868579e-05
3.63601986721255e-05
3.63599342612389e-05
3.63596698541977e-05
3.63594054510021e-05
3.63591410516518e-05
3.63588766561468e-05
3.63586122644871e-05
3.63583478766725e-05
3.63580834927029e-05
3.63578191125784e-05
3.63575547362987e-05
3.63572903638638e-05
3.63570259952736e-05
3.6356761630528e-05
3.63564972696271e-05
3.63562329125705e-05
3.63559685593584e-05
3.63557042099905e-05
3.63554398644669e-05
3.63551755227874e-05
3.6354911184952e-05
3.63546468509605e-05
3.63543825208129e-05
3.63541181945091e-05
3.6353853872049e-05
3.63535895534325e-05
3.63533252386596e-05
3.63530609277301e-05
3.6352796620644e-05
3.63525323174012e-05
3.63522680180016e-05
3.63520037224452e-05
3.63517394307318e-05
3.63514751428613e-05
3.63512108588337e-05
3.63509465786489e-05
3.63506823023068e-05
3.63504180298073e-05
3.63501537611504e-05
3.63498894963359e-05
3.63496252353638e-05
3.6349360978234e-05
3.63490967249464e-05
3.63488324755009e-05
3.63485682298974e-05
3.63483039881359e-05
3.63480397502163e-05
3.63477755161384e-05
3.63475112859023e-05
3.63472470595077e-05
3.63469828369547e-05
3.63467186182431e-05
3.63464544033729e-05
3.6346190192344e-05
3.63459259851563e-05
3.63456617818097e-05
3.63453975823042e-05
3.63451333866395e-05
3.63448691948158e-05
3.63446050068328e-05
3.63443408226905e-05
3.63440766423888e-05
3.63438124659277e-05
3.6343548293307e-05
3.63432841245266e-05
3.63430199595866e-05
3.63427557984867e-05
3.63424916412269e-05
3.63422274878072e-05
3.63419633382274e-05
3.63416991924874e-05
3.63414350505873e-05
3.63411709125268e-05
3.63409067783059e-05
3.63406426479246e-05
3.63403785213827e-05
3.63401143986801e-05
3.63398502798169e-05
3.63395861647928e-05
3.63393220536078e-05
3.63390579462618e-05
3.63387938427548e-05
3.63385297430866e-05
3.63382656472572e-05
3.63380015552665e-05
3.63377374671143e-05
3.63374733828007e-05
3.63372093023256e-05
3.63369452256888e-05
3.63366811528902e-05
3.63364170839299e-05
3.63361530188076e-05
3.63358889575233e-05
3.6335624900077e-05
3.63353608464686e-05
3.63350967966979e-05
3.63348327507649e-05
3.63345687086694e-05
3.63343046704115e-05
3.6334040635991e-05
3.63337766054079e-05
3.63335125786621e-05
3.63332485557534e-05
3.63329845366818e-05
3.63327205214472e-05
3.63324565100496e-05
3.63321925024888e-05
3.63319284987647e-05
3.63316644988774e-05
3.63314005028266e-05
3.63311365106123e-05
3.63308725222345e-05
3.6330608537693e-05
3.63303445569878e-05
3.63300805801187e-05
3.63298166070858e-05
3.63295526378888e-05
3.63292886725278e-05
3.63290247110026e-05
3.63287607533132e-05
3.63284967994594e-05
3.63282328494413e-05
3.63279689032586e-05
3.63277049609114e-05
3.63274410223995e-05
3.63271770877229e-05
3.63269131568814e-05
3.6326649229875e-05
3.63263853067037e-05
3.63261213873672e-05
3.63258574718656e-05
3.63255935601988e-05
3.63253296523666e-05
3.6325065748369e-05
3.63248018482059e-05
3.63245379518773e-05
3.63242740593829e-05
3.63240101707228e-05
3.63237462858969e-05
3.63234824049051e-05
3.63232185277473e-05
3.63229546544234e-05
3.63226907849333e-05
3.6322426919277e-05
3.63221630574544e-05
3.63218991994653e-05
3.63216353453098e-05
3.63213714949877e-05
3.63211076484988e-05
3.63208438058433e-05
3.63205799670209e-05
3.63203161320316e-05
3.63200523008753e-05
3.63197884735519e-05
3.63195246500614e-05
3.63192608304036e-05
3.63189970145784e-05
3.63187332025859e-05
3.63184693944258e-05
3.63182055900982e-05
3.63179417896029e-05
3.63176779929398e-05
3.63174142001089e-05
3.63171504111101e-05
3.63168866259433e-05
3.63166228446084e-05
3.63163590671054e-05
3.6316095293434e-05
3.63158315235944e-05
3.63155677575863e-05
3.63153039954097e-05
3.63150402370646e-05
3.63147764825507e-05
3.63145127318682e-05
3.63142489850167e-05
3.63139852419964e-05
3.63137215028071e-05
3.63134577674486e-05
3.6313194035921e-05
3.63129303082242e-05
3.6312666584358e-05
3.63124028643223e-05
3.63121391481172e-05
3.63118754357425e-05
3.63116117271981e-05
3.6311348022484e-05
3.63110843216e-05
3.63108206245461e-05
3.63105569313222e-05
3.63102932419282e-05
3.63100295563641e-05
3.63097658746296e-05
3.63095021967249e-05
3.63092385226497e-05
3.6308974852404e-05
3.63087111859877e-05
3.63084475234008e-05
3.63081838646431e-05
3.63079202097145e-05
3.63076565586151e-05
3.63073929113446e-05
3.6307129267903e-05
3.63068656282903e-05
3.63066019925063e-05
3.6306338360551e-05
3.63060747324242e-05
3.6305811108126e-05
3.63055474876561e-05
3.63052838710146e-05
3.63050202582013e-05
3.63047566492162e-05
3.63044930440591e-05
3.63042294427301e-05
3.63039658452289e-05
3.63037022515556e-05
3.630343866171e-05
3.63031750756921e-05
3.63029114935018e-05
3.63026479151389e-05
3.63023843406035e-05
3.63021207698954e-05
3.63018572030145e-05
3.63015936399608e-05
3.63013300807342e-05
3.63010665253345e-05
3.63008029737618e-05
3.63005394260159e-05
3.63002758820967e-05
3.63000123420042e-05
3.62997488057383e-05
3.62994852732988e-05
3.62992217446858e-05
3.62989582198991e-05
3.62986946989386e-05
3.62984311818043e-05
3.62981676684961e-05
3.62979041590139e-05
3.62976406533575e-05
3.6297377151527e-05
3.62971136535223e-05
3.62968501593432e-05
3.62965866689896e-05
3.62963231824616e-05
3.6296059699759e-05
3.62957962208817e-05
3.62955327458296e-05
3.62952692746027e-05
3.62950058072009e-05
3.62947423436241e-05
3.62944788838722e-05
3.62942154279451e-05
3.62939519758427e-05
3.62936885275651e-05
3.62934250831119e-05
3.62931616424833e-05
3.62928982056791e-05
3.62926347726992e-05
3.62923713435436e-05
3.62921079182121e-05
3.62918444967047e-05
3.62915810790213e-05
3.62913176651618e-05
3.62910542551261e-05
3.62907908489142e-05
3.62905274465259e-05
3.62902640479612e-05
3.629000065322e-05
3.62897372623022e-05
3.62894738752078e-05
3.62892104919365e-05
3.62889471124885e-05
3.62886837368635e-05
3.62884203650615e-05
3.62881569970824e-05
3.62878936329262e-05
3.62876302725927e-05
3.62873669160818e-05
3.62871035633936e-05
3.62868402145278e-05
3.62865768694844e-05
3.62863135282634e-05
3.62860501908646e-05
3.6285786857288e-05
3.62855235275335e-05
3.62852602016009e-05
3.62849968794903e-05
3.62847335612015e-05
3.62844702467344e-05
3.6284206936089e-05
3.62839436292652e-05
3.62836803262629e-05
3.62834170270819e-05
3.62831537317224e-05
3.6282890440184e-05
3.62826271524669e-05
3.62823638685708e-05
3.62821005884957e-05
3.62818373122415e-05
3.62815740398081e-05
3.62813107711955e-05
3.62810475064036e-05
3.62807842454323e-05
3.62805209882814e-05
3.62802577349509e-05
3.62799944854408e-05
3.6279731239751e-05
3.62794679978813e-05
3.62792047598317e-05
3.62789415256021e-05
3.62786782951924e-05
3.62784150686025e-05
3.62781518458324e-05
3.62778886268819e-05
3.6277625411751e-05
3.62773622004397e-05
3.62770989929477e-05
3.62768357892751e-05
3.62765725894217e-05
3.62763093933876e-05
3.62760462011724e-05
3.62757830127763e-05
3.62755198281991e-05
3.62752566474408e-05
3.62749934705012e-05
3.62747302973802e-05
3.62744671280779e-05
3.6274203962594e-05
3.62739408009286e-05
3.62736776430815e-05
3.62734144890527e-05
3.6273151338842e-05
3.62728881924494e-05
3.62726250498749e-05
3.62723619111182e-05
3.62720987761794e-05
3.62718356450583e-05
3.62715725177549e-05
3.62713093942691e-05
3.62710462746008e-05
3.627078315875e-05
3.62705200467164e-05
3.62702569385001e-05
3.6269993834101e-05
3.6269730733519e-05
3.6269467636754e-05
3.62692045438059e-05
3.62689414546747e-05
3.62686783693602e-05
3.62684152878624e-05
3.62681522101812e-05
3.62678891363165e-05
3.62676260662682e-05
3.62673630000363e-05
3.62670999376206e-05
3.62668368790211e-05
3.62665738242377e-05
3.62663107732703e-05
3.62660477261188e-05
3.62657846827832e-05
3.62655216432633e-05
3.62652586075591e-05
3.62649955756705e-05
3.62647325475975e-05
3.62644695233398e-05
3.62642065028975e-05
3.62639434862705e-05
3.62636804734586e-05
3.62634174644619e-05
3.62631544592801e-05
3.62628914579133e-05
3.62626284603613e-05
3.62623654666241e-05
3.62621024767016e-05
3.62618394905937e-05
3.62615765083003e-05
3.62613135298213e-05
3.62610505551567e-05
3.62607875843063e-05
3.62605246172702e-05
3.62602616540481e-05
3.625999869464e-05
3.62597357390459e-05
3.62594727872657e-05
3.62592098392992e-05
3.62589468951464e-05
3.62586839548072e-05
3.62584210182815e-05
3.62581580855693e-05
3.62578951566704e-05
3.62576322315847e-05
3.62573693103123e-05
3.6257106392853e-05
3.62568434792067e-05
3.62565805693733e-05
3.62563176633528e-05
3.62560547611451e-05
3.62557918627501e-05
3.62555289681676e-05
3.62552660773977e-05
3.62550031904403e-05
3.62547403072952e-05
3.62544774279624e-05
3.62542145524417e-05
3.62539516807332e-05
3.62536888128367e-05
3.62534259487522e-05
3.62531630884795e-05
3.62529002320186e-05
3.62526373793693e-05
3.62523745305317e-05
3.62521116855057e-05
3.62518488442911e-05
3.62515860068878e-05
3.62513231732958e-05
3.6251060343515e-05
3.62507975175454e-05
3.62505346953868e-05
3.62502718770391e-05
3.62500090625023e-05
3.62497462517762e-05
3.62494834448609e-05
3.62492206417562e-05
3.6248957842462e-05
3.62486950469783e-05
3.6248432255305e-05
3.62481694674419e-05
3.6247906683389e-05
3.62476439031463e-05
3.62473811267136e-05
3.62471183540909e-05
3.6246855585278e-05
3.62465928202749e-05
3.62463300590815e-05
3.62460673016978e-05
3.62458045481236e-05
3.62455417983588e-05
3.62452790524034e-05
3.62450163102573e-05
3.62447535719205e-05
3.62444908373927e-05
3.6244228106674e-05
3.62439653797643e-05
3.62437026566634e-05
3.62434399373713e-05
3.6243177221888e-05
3.62429145102133e-05
3.62426518023471e-05
3.62423890982894e-05
3.624212639804e-05
3.6241863701599e-05
3.62416010089662e-05
3.62413383201415e-05
3.62410756351249e-05
3.62408129539162e-05
3.62405502765154e-05
3.62402876029224e-05
3.62400249331372e-05
3.62397622671595e-05
3.62394996049895e-05
3.62392369466269e-05
3.62389742920716e-05
3.62387116413237e-05
3.6238448994383e-05
3.62381863512495e-05
3.6237923711923e-05
3.62376610764035e-05
3.62373984446909e-05
3.6237135816785e-05
3.62368731926859e-05
3.62366105723935e-05
3.62363479559076e-05
3.62360853432282e-05
3.62358227343552e-05
3.62355601292885e-05
3.6235297528028e-05
3.62350349305737e-05
3.62347723369254e-05
3.62345097470831e-05
3.62342471610467e-05
3.62339845788162e-05
3.62337220003913e-05
3.62334594257721e-05
3.62331968549585e-05
3.62329342879504e-05
3.62326717247476e-05
3.62324091653502e-05
3.6232146609758e-05
3.6231884057971e-05
3.62316215099891e-05
3.62313589658121e-05
3.623109642544e-05
3.62308338888728e-05
3.62305713561103e-05
3.62303088271524e-05
3.62300463019992e-05
3.62297837806504e-05
3.6229521263106e-05
3.6229258749366e-05
3.62289962394302e-05
3.62287337332986e-05
3.6228471230971e-05
3.62282087324474e-05
3.62279462377278e-05
3.6227683746812e-05
3.62274212596999e-05
3.62271587763915e-05
3.62268962968867e-05
3.62266338211853e-05
3.62263713492874e-05
3.62261088811929e-05
3.62258464169015e-05
3.62255839564134e-05
3.62253214997283e-05
3.62250590468462e-05
3.62247965977671e-05
3.62245341524908e-05
3.62242717110172e-05
3.62240092733464e-05
3.62237468394781e-05
3.62234844094123e-05
3.6223221983149e-05
3.62229595606879e-05
3.62226971420292e-05
3.62224347271726e-05
3.62221723161181e-05
3.62219099088657e-05
3.62216475054151e-05
3.62213851057664e-05
3.62211227099195e-05
3.62208603178743e-05
3.62205979296306e-05
3.62203355451885e-05
3.62200731645478e-05
3.62198107877084e-05
3.62195484146704e-05
3.62192860454335e-05
3.62190236799977e-05
3.62187613183629e-05
3.62184989605291e-05
3.62182366064961e-05
3.62179742562639e-05
3.62177119098324e-05
3.62174495672015e-05
3.62171872283711e-05
3.62169248933412e-05
3.62166625621116e-05
3.62164002346823e-05
3.62161379110532e-05
3.62158755912242e-05
3.62156132751952e-05
3.62153509629662e-05
3.6215088654537e-05
3.62148263499077e-05
3.6214564049078e-05
3.62143017520479e-05
3.62140394588174e-05
3.62137771693863e-05
3.62135148837546e-05
3.62132526019222e-05
3.6212990323889e-05
3.62127280496549e-05
3.62124657792198e-05
3.62122035125837e-05
3.62119412497465e-05
3.62116789907081e-05
3.62114167354684e-05
3.62111544840273e-05
3.62108922363847e-05
3.62106299925406e-05
3.62103677524949e-05
3.62101055162475e-05
3.62098432837983e-05
3.62095810551472e-05
3.62093188302942e-05
3.62090566092391e-05
3.62087943919819e-05
3.62085321785225e-05
3.62082699688609e-05
3.62080077629969e-05
3.62077455609304e-05
3.62074833626614e-05
3.62072211681898e-05
3.62069589775155e-05
3.62066967906384e-05
3.62064346075585e-05
3.62061724282756e-05
3.62059102527897e-05
3.62056480811006e-05
3.62053859132084e-05
3.6205123749113e-05
3.62048615888141e-05
3.62045994323119e-05
3.62043372796061e-05
3.62040751306967e-05
3.62038129855836e-05
3.62035508442668e-05
3.62032887067461e-05
3.62030265730215e-05
3.62027644430929e-05
3.62025023169601e-05
3.62022401946232e-05
3.62019780760821e-05
3.62017159613366e-05
3.62014538503866e-05
3.62011917432322e-05
3.62009296398732e-05
3.62006675403094e-05
3.6200405444541e-05
3.62001433525677e-05
3.61998812643895e-05
3.61996191800062e-05
3.61993570994179e-05
3.61990950226244e-05
3.61988329496257e-05
3.61985708804216e-05
3.61983088150122e-05
3.61980467533972e-05
3.61977846955766e-05
3.61975226415504e-05
3.61972605913184e-05
3.61969985448807e-05
3.6196736502237e-05
3.61964744633873e-05
3.61962124283315e-05
3.61959503970696e-05
3.61956883696014e-05
3.61954263459269e-05
3.6195164326046e-05
3.61949023099587e-05
3.61946402976647e-05
3.61943782891641e-05
3.61941162844568e-05
3.61938542835427e-05
3.61935922864216e-05
3.61933302930936e-05
3.61930683035585e-05
3.61928063178163e-05
3.61925443358668e-05
3.619228235771e-05
3.61920203833459e-05
3.61917584127742e-05
3.61914964459951e-05
3.61912344830082e-05
3.61909725238137e-05
3.61907105684113e-05
3.61904486168011e-05
3.61901866689828e-05
3.61899247249566e-05
3.61896627847222e-05
3.61894008482796e-05
3.61891389156286e-05
3.61888769867693e-05
3.61886150617016e-05
3.61883531404253e-05
3.61880912229404e-05
3.61878293092467e-05
3.61875673993443e-05
3.6187305493233e-05
3.61870435909127e-05
3.61867816923834e-05
3.6186519797645e-05
3.61862579066974e-05
3.61859960195404e-05
3.61857341361742e-05
3.61854722565984e-05
3.61852103808132e-05
3.61849485088183e-05
3.61846866406137e-05
3.61844247761993e-05
3.61841629155751e-05
3.61839010587409e-05
3.61836392056968e-05
3.61833773564424e-05
3.6183115510978e-05
3.61828536693032e-05
3.61825918314181e-05
3.61823299973225e-05
3.61820681670164e-05
3.61818063404997e-05
3.61815445177724e-05
3.61812826988342e-05
3.61810208836853e-05
3.61807590723253e-05
3.61804972647544e-05
3.61802354609724e-05
3.61799736609792e-05
3.61797118647747e-05
3.61794500723589e-05
3.61791882837317e-05
3.61789264988929e-05
3.61786647178426e-05
3.61784029405806e-05
3.61781411671068e-05
3.61778793974212e-05
3.61776176315237e-05
3.61773558694142e-05
3.61770941110926e-05
3.61768323565589e-05
3.61765706058129e-05
3.61763088588545e-05
3.61760471156838e-05
3.61757853763005e-05
3.61755236407047e-05
3.61752619088962e-05
3.6175000180875e-05
3.6174738456641e-05
3.6174476736194e-05
3.61742150195341e-05
3.61739533066611e-05
3.61736915975749e-05
3.61734298922755e-05
3.61731681907628e-05
3.61729064930367e-05
3.61726447990971e-05
3.6172383108944e-05
3.61721214225772e-05
3.61718597399967e-05
3.61715980612023e-05
3.61713363861941e-05
3.61710747149719e-05
3.61708130475357e-05
3.61705513838853e-05
3.61702897240207e-05
3.61700280679418e-05
3.61697664156485e-05
3.61695047671407e-05
3.61692431224184e-05
3.61689814814815e-05
3.61687198443298e-05
3.61684582109634e-05
3.61681965813821e-05
3.61679349555858e-05
3.61676733335745e-05
3.6167411715348e-05
3.61671501009063e-05
3.61668884902494e-05
3.61666268833771e-05
3.61663652802893e-05
3.6166103680986e-05
3.61658420854671e-05
3.61655804937325e-05
3.61653189057821e-05
3.61650573216159e-05
3.61647957412337e-05
3.61645341646354e-05
3.61642725918211e-05
3.61640110227906e-05
3.61637494575438e-05
3.61634878960806e-05
3.6163226338401e-05
3.61629647845049e-05
3.61627032343922e-05
3.61624416880628e-05
3.61621801455166e-05
3.61619186067536e-05
3.61616570717737e-05
3.61613955405767e-05
3.61611340131626e-05
3.61608724895314e-05
3.61606109696829e-05
3.61603494536171e-05
3.61600879413339e-05
3.61598264328331e-05
3.61595649281148e-05
3.61593034271788e-05
3.6159041930025e-05
3.61587804366534e-05
3.61585189470639e-05
3.61582574612564e-05
3.61579959792308e-05
3.61577345009871e-05
3.61574730265251e-05
3.61572115558448e-05
3.61569500889461e-05
3.61566886258289e-05
3.61564271664931e-05
3.61561657109387e-05
3.61559042591655e-05
3.61556428111735e-05
3.61553813669627e-05
3.61551199265328e-05
3.61548584898839e-05
3.61545970570158e-05
3.61543356279285e-05
3.61540742026219e-05
3.61538127810959e-05
3.61535513633504e-05
3.61532899493854e-05
3.61530285392007e-05
3.61527671327963e-05
3.61525057301722e-05
3.61522443313281e-05
3.61519829362641e-05
3.615172154498e-05
3.61514601574758e-05
3.61511987737513e-05
3.61509373938066e-05
3.61506760176415e-05
3.6150414645256e-05
3.61501532766499e-05
3.61498919118232e-05
3.61496305507758e-05
3.61493691935076e-05
3.61491078400185e-05
3.61488464903085e-05
3.61485851443775e-05
3.61483238022253e-05
3.61480624638519e-05
3.61478011292573e-05
3.61475397984413e-05
3.61472784714039e-05
3.61470171481449e-05
3.61467558286644e-05
3.61464945129621e-05
3.61462332010381e-05
3.61459718928923e-05
3.61457105885245e-05
3.61454492879346e-05
3.61451879911227e-05
3.61449266980887e-05
3.61446654088323e-05
3.61444041233536e-05
3.61441428416525e-05
3.61438815637289e-05
3.61436202895827e-05
3.61433590192138e-05
3.61430977526222e-05
3.61428364898077e-05
3.61425752307703e-05
3.614231397551e-05
3.61420527240265e-05
3.61417914763199e-05
3.614153023239e-05
3.61412689922369e-05
3.61410077558603e-05
3.61407465232602e-05
3.61404852944365e-05
3.61402240693892e-05
3.61399628481182e-05
3.61397016306233e-05
3.61394404169046e-05
3.61391792069619e-05
3.61389180007951e-05
3.61386567984041e-05
3.61383955997889e-05
3.61381344049495e-05
3.61378732138856e-05
3.61376120265973e-05
3.61373508430844e-05
3.61370896633469e-05
3.61368284873846e-05
3.61365673151976e-05
3.61363061467857e-05
3.61360449821488e-05
3.61357838212869e-05
3.61355226641998e-05
3.61352615108876e-05
3.613500036135e-05
3.61347392155871e-05
3.61344780735987e-05
3.61342169353848e-05
3.61339558009453e-05
3.613369467028e-05
3.6133433543389e-05
3.61331724202722e-05
3.61329113009293e-05
3.61326501853605e-05
3.61323890735655e-05
3.61321279655444e-05
3.6131866861297e-05
3.61316057608232e-05
3.6131344664123e-05
3.61310835711963e-05
3.6130822482043e-05
3.6130561396663e-05
3.61303003150562e-05
3.61300392372226e-05
3.61297781631621e-05
3.61295170928745e-05
3.61292560263599e-05
3.61289949636181e-05
3.6128733904649e-05
3.61284728494527e-05
3.61282117980288e-05
3.61279507503775e-05
3.61276897064986e-05
3.61274286663921e-05
3.61271676300578e-05
3.61269065974957e-05
3.61266455687057e-05
3.61263845436876e-05
3.61261235224415e-05
3.61258625049673e-05
3.61256014912648e-05
3.6125340481334e-05
3.61250794751748e-05
3.61248184727872e-05
3.61245574741709e-05
3.61242964793261e-05
3.61240354882525e-05
3.61237745009501e-05
3.61235135174188e-05
3.61232525376585e-05
3.61229915616692e-05
3.61227305894507e-05
3.6122469621003e-05
3.61222086563261e-05
3.61219476954197e-05
3.61216867382839e-05
3.61214257849186e-05
3.61211648353236e-05
3.61209038894989e-05
3.61206429474445e-05
3.61203820091601e-05
3.61201210746458e-05
3.61198601439015e-05
3.61195992169271e-05
3.61193382937225e-05
3.61190773742876e-05
3.61188164586223e-05
3.61185555467266e-05
3.61182946386003e-05
3.61180337342435e-05
3.6117772833656e-05
3.61175119368377e-05
3.61172510437886e-05
3.61169901545085e-05
3.61167292689974e-05
3.61164683872552e-05
3.61162075092819e-05
3.61159466350773e-05
3.61156857646413e-05
3.61154248979739e-05
3.6115164035075e-05
3.61149031759446e-05
3.61146423205825e-05
3.61143814689886e-05
3.61141206211629e-05
3.61138597771053e-05
3.61135989368156e-05
3.6113338100294e-05
3.61130772675401e-05
3.6112816438554e-05
3.61125556133356e-05
3.61122947918848e-05
3.61120339742016e-05
3.61117731602857e-05
3.61115123501372e-05
3.6111251543756e-05
3.6110990741142e-05
3.61107299422951e-05
3.61104691472152e-05
3.61102083559022e-05
3.61099475683561e-05
3.61096867845768e-05
3.61094260045642e-05
3.61091652283183e-05
3.61089044558388e-05
3.61086436871258e-05
3.61083829221792e-05
3.61081221609989e-05
3.61078614035848e-05
3.61076006499368e-05
3.61073399000549e-05
3.61070791539389e-05
3.61068184115888e-05
3.61065576730046e-05
3.6106296938186e-05
3.61060362071331e-05
3.61057754798458e-05
3.61055147563239e-05
3.61052540365674e-05
3.61049933205762e-05
3.61047326083503e-05
3.61044718998895e-05
3.61042111951938e-05
3.61039504942631e-05
3.61036897970973e-05
3.61034291036963e-05
3.610316841406e-05
3.61029077281884e-05
3.61026470460814e-05
3.61023863677389e-05
3.61021256931608e-05
3.61018650223471e-05
3.61016043552975e-05
3.61013436920122e-05
3.6101083032491e-05
3.61008223767337e-05
3.61005617247404e-05
3.6100301076511e-05
3.61000404320453e-05
3.60997797913433e-05
3.60995191544049e-05
3.609925852123e-05
3.60989978918185e-05
3.60987372661704e-05
3.60984766442856e-05
3.6098216026164e-05
3.60979554118055e-05
3.609769480121e-05
3.60974341943775e-05
3.60971735913078e-05
3.60969129920009e-05
3.60966523964568e-05
3.60963918046752e-05
3.60961312166562e-05
3.60958706323997e-05
3.60956100519055e-05
3.60953494751736e-05
3.6095088902204e-05
3.60948283329964e-05
3.6094567767551e-05
3.60943072058675e-05
3.60940466479459e-05
3.60937860937861e-05
3.6093525543388e-05
3.60932649967516e-05
3.60930044538767e-05
3.60927439147634e-05
3.60924833794114e-05
3.60922228478207e-05
3.60919623199913e-05
3.60917017959231e-05
3.60914412756159e-05
3.60911807590697e-05
3.60909202462844e-05
3.609065973726e-05
3.60903992319963e-05
3.60901387304933e-05
3.60898782327508e-05
3.60896177387689e-05
3.60893572485474e-05
3.60890967620862e-05
3.60888362793853e-05
3.60885758004446e-05
3.6088315325264e-05
3.60880548538434e-05
3.60877943861827e-05
3.60875339222819e-05
3.60872734621408e-05
3.60870130057595e-05
3.60867525531377e-05
3.60864921042755e-05
3.60862316591728e-05
3.60859712178294e-05
3.60857107802452e-05
3.60854503464203e-05
3.60851899163545e-05
3.60849294900478e-05
3.60846690675e-05
3.60844086487111e-05
3.60841482336809e-05
3.60838878224095e-05
3.60836274148968e-05
3.60833670111425e-05
3.60831066111468e-05
3.60828462149094e-05
3.60825858224304e-05
3.60823254337096e-05
3.60820650487469e-05
3.60818046675422e-05
3.60815442900956e-05
3.60812839164069e-05
3.6081023546476e-05
3.60807631803028e-05
3.60805028178873e-05
3.60802424592293e-05
3.60799821043289e-05
3.60797217531858e-05
3.60794614058001e-05
3.60792010621717e-05
3.60789407223004e-05
3.60786803861862e-05
3.6078420053829e-05
3.60781597252287e-05
3.60778994003853e-05
3.60776390792987e-05
3.60773787619687e-05
3.60771184483953e-05
3.60768581385784e-05
3.6076597832518e-05
3.60763375302139e-05
3.60760772316661e-05
3.60758169368745e-05
3.6075556645839e-05
3.60752963585596e-05
3.60750360750361e-05
3.60747757952684e-05
3.60745155192566e-05
3.60742552470004e-05
3.60739949784999e-05
3.60737347137549e-05
3.60734744527654e-05
3.60732141955313e-05
3.60729539420524e-05
3.60726936923288e-05
3.60724334463603e-05
3.60721732041469e-05
3.60719129656884e-05
3.60716527309848e-05
3.60713925000361e-05
3.6071132272842e-05
3.60708720494027e-05
3.60706118297179e-05
3.60703516137875e-05
3.60700914016116e-05
3.606983119319e-05
3.60695709885227e-05
3.60693107876095e-05
3.60690505904504e-05
3.60687903970452e-05
3.6068530207394e-05
3.60682700214967e-05
3.60680098393531e-05
3.60677496609632e-05
3.60674894863268e-05
3.6067229315444e-05
3.60669691483146e-05
3.60667089849385e-05
3.60664488253158e-05
3.60661886694462e-05
3.60659285173297e-05
3.60656683689662e-05
3.60654082243557e-05
3.6065148083498e-05
3.60648879463931e-05
3.6064627813041e-05
3.60643676834414e-05
3.60641075575944e-05
3.60638474354998e-05
3.60635873171576e-05
3.60633272025677e-05
3.606306709173e-05
3.60628069846445e-05
3.60625468813109e-05
3.60622867817294e-05
3.60620266858997e-05
3.60617665938219e-05
3.60615065054958e-05
3.60612464209213e-05
3.60609863400984e-05
3.60607262630269e-05
3.60604661897069e-05
3.60602061201382e-05
3.60599460543207e-05
3.60596859922544e-05
3.60594259339391e-05
3.60591658793749e-05
3.60589058285615e-05
3.6058645781499e-05
3.60583857381873e-05
3.60581256986262e-05
3.60578656628157e-05
3.60576056307557e-05
3.60573456024461e-05
3.60570855778869e-05
3.6056825557078e-05
3.60565655400192e-05
3.60563055267105e-05
3.60560455171519e-05
3.60557855113432e-05
3.60555255092843e-05
3.60552655109752e-05
3.60550055164158e-05
3.60547455256061e-05
3.60544855385458e-05
3.60542255552351e-05
3.60539655756737e-05
3.60537055998616e-05
3.60534456277986e-05
3.60531856594849e-05
3.60529256949201e-05
3.60526657341044e-05
3.60524057770375e-05
3.60521458237194e-05
3.60518858741501e-05
3.60516259283294e-05
3.60513659862572e-05
3.60511060479335e-05
3.60508461133583e-05
3.60505861825313e-05
3.60503262554526e-05
3.6050066332122e-05
3.60498064125396e-05
3.60495464967051e-05
3.60492865846185e-05
3.60490266762797e-05
3.60487667716887e-05
3.60485068708454e-05
3.60482469737497e-05
3.60479870804014e-05
3.60477271908006e-05
3.60474673049472e-05
3.60472074228409e-05
3.60469475444819e-05
3.604668766987e-05
3.60464277990051e-05
3.60461679318872e-05
3.60459080685161e-05
3.60456482088917e-05
3.60453883530141e-05
3.60451285008831e-05
3.60448686524986e-05
3.60446088078606e-05
3.6044348966969e-05
3.60440891298236e-05
3.60438292964245e-05
3.60435694667714e-05
3.60433096408645e-05
3.60430498187035e-05
3.60427900002883e-05
3.6042530185619e-05
3.60422703746954e-05
3.60420105675175e-05
3.60417507640851e-05
3.60414909643982e-05
3.60412311684567e-05
3.60409713762605e-05
3.60407115878096e-05
3.60404518031038e-05
3.60401920221431e-05
3.60399322449274e-05
3.60396724714566e-05
3.60394127017306e-05
3.60391529357494e-05
3.60388931735129e-05
3.60386334150209e-05
3.60383736602735e-05
3.60381139092704e-05
3.60378541620118e-05
3.60375944184974e-05
3.60373346787272e-05
3.60370749427011e-05
3.6036815210419e-05
3.60365554818808e-05
3.60362957570865e-05
3.6036036036036e-05
3.60357763187292e-05
3.60355166051661e-05
3.60352568953464e-05
3.60349971892702e-05
3.60347374869374e-05
3.60344777883479e-05
3.60342180935016e-05
3.60339584023984e-05
3.60336987150383e-05
3.60334390314212e-05
3.60331793515469e-05
3.60329196754155e-05
3.60326600030267e-05
3.60324003343807e-05
3.60321406694772e-05
3.60318810083162e-05
3.60316213508975e-05
3.60313616972213e-05
3.60311020472872e-05
3.60308424010953e-05
3.60305827586455e-05
3.60303231199377e-05
3.60300634849719e-05
3.60298038537478e-05
3.60295442262655e-05
3.60292846025249e-05
3.60290249825259e-05
3.60287653662684e-05
3.60285057537524e-05
3.60282461449777e-05
3.60279865399442e-05
3.6027726938652e-05
3.60274673411009e-05
3.60272077472908e-05
3.60269481572216e-05
3.60266885708933e-05
3.60264289883058e-05
3.6026169409459e-05
3.60259098343529e-05
3.60256502629872e-05
3.60253906953621e-05
3.60251311314773e-05
3.60248715713328e-05
3.60246120149286e-05
3.60243524622645e-05
3.60240929133404e-05
3.60238333681564e-05
3.60235738267122e-05
3.60233142890078e-05
3.60230547550432e-05
3.60227952248183e-05
3.60225356983329e-05
3.6022276175587e-05
3.60220166565805e-05
3.60217571413134e-05
3.60214976297855e-05
3.60212381219967e-05
3.60209786179471e-05
3.60207191176365e-05
3.60204596210648e-05
3.60202001282319e-05
3.60199406391378e-05
3.60196811537824e-05
3.60194216721656e-05
3.60191621942874e-05
3.60189027201475e-05
3.60186432497461e-05
3.60183837830829e-05
3.60181243201579e-05
3.6017864860971e-05
3.60176054055222e-05
3.60173459538114e-05
3.60170865058384e-05
3.60168270616032e-05
3.60165676211057e-05
3.60163081843459e-05
3.60160487513236e-05
3.60157893220388e-05
3.60155298964914e-05
3.60152704746813e-05
3.60150110566084e-05
3.60147516422727e-05
3.6014492231674e-05
3.60142328248124e-05
3.60139734216876e-05
3.60137140222997e-05
3.60134546266485e-05
3.6013195234734e-05
3.60129358465561e-05
3.60126764621147e-05
3.60124170814097e-05
3.6012157704441e-05
3.60118983312086e-05
3.60116389617124e-05
3.60113795959523e-05
3.60111202339282e-05
3.60108608756401e-05
3.60106015210878e-05
3.60103421702713e-05
3.60100828231905e-05
3.60098234798453e-05
3.60095641402356e-05
3.60093048043614e-05
3.60090454722226e-05
3.60087861438191e-05
3.60085268191508e-05
3.60082674982176e-05
3.60080081810195e-05
3.60077488675563e-05
3.6007489557828e-05
3.60072302518346e-05
3.60069709495758e-05
3.60067116510518e-05
3.60064523562622e-05
3.60061930652072e-05
3.60059337778866e-05
3.60056744943003e-05
3.60054152144483e-05
3.60051559383304e-05
3.60048966659466e-05
3.60046373972968e-05
3.60043781323809e-05
3.60041188711989e-05
3.60038596137506e-05
3.6003600360036e-05
3.6003341110055e-05
3.60030818638075e-05
3.60028226212935e-05
3.60025633825128e-05
3.60023041474654e-05
3.60020449161512e-05
3.60017856885702e-05
3.60015264647221e-05
3.6001267244607e-05
3.60010080282248e-05
3.60007488155754e-05
3.60004896066586e-05
3.60002304014746e-05
3.5999971200023e-05
3.5999712002304e-05
3.59994528083173e-05
3.5999193618063e-05
3.59989344315408e-05
3.59986752487508e-05
3.59984160696929e-05
3.5998156894367e-05
3.5997897722773e-05
3.59976385549108e-05
3.59973793907803e-05
3.59971202303816e-05
3.59968610737144e-05
3.59966019207787e-05
3.59963427715744e-05
3.59960836261015e-05
3.59958244843598e-05
3.59955653463493e-05
3.59953062120699e-05
3.59950470815216e-05
3.59947879547042e-05
3.59945288316176e-05
3.59942697122618e-05
3.59940105966367e-05
3.59937514847423e-05
3.59934923765783e-05
3.59932332721448e-05
3.59929741714417e-05
3.59927150744689e-05
3.59924559812263e-05
3.59921968917139e-05
3.59919378059315e-05
3.5991678723879e-05
3.59914196455565e-05
3.59911605709638e-05
3.59909015001008e-05
3.59906424329674e-05
3.59903833695637e-05
3.59901243098894e-05
3.59898652539445e-05
3.59896062017289e-05
3.59893471532426e-05
3.59890881084855e-05
3.59888290674575e-05
3.59885700301584e-05
3.59883109965883e-05
3.5988051966747e-05
3.59877929406345e-05
3.59875339182507e-05
3.59872748995955e-05
3.59870158846688e-05
3.59867568734706e-05
3.59864978660007e-05
3.59862388622591e-05
3.59859798622457e-05
3.59857208659604e-05
3.59854618734031e-05
3.59852028845739e-05
3.59849438994725e-05
3.59846849180989e-05
3.5984425940453e-05
3.59841669665347e-05
3.5983907996344e-05
3.59836490298808e-05
3.5983390067145e-05
3.59831311081365e-05
3.59828721528552e-05
3.59826132013011e-05
3.59823542534741e-05
3.59820953093741e-05
3.59818363690009e-05
3.59815774323546e-05
3.59813184994351e-05
3.59810595702422e-05
3.59808006447759e-05
3.59805417230362e-05
3.59802828050228e-05
3.59800238907359e-05
3.59797649801751e-05
3.59795060733406e-05
3.59792471702322e-05
3.59789882708498e-05
3.59787293751934e-05
3.59784704832628e-05
3.5978211595058e-05
3.5977952710579e-05
3.59776938298255e-05
3.59774349527976e-05
3.59771760794952e-05
3.59769172099181e-05
3.59766583440664e-05
3.59763994819398e-05
3.59761406235385e-05
3.59758817688622e-05
3.59756229179108e-05
3.59753640706844e-05
3.59751052271828e-05
3.59748463874059e-05
3.59745875513537e-05
3.59743287190261e-05
3.5974069890423e-05
3.59738110655443e-05
3.59735522443899e-05
3.59732934269598e-05
3.59730346132539e-05
3.59727758032721e-05
3.59725169970143e-05
3.59722581944804e-05
3.59719993956704e-05
3.59717406005842e-05
3.59714818092216e-05
3.59712230215827e-05
3.59709642376674e-05
3.59707054574754e-05
3.59704466810069e-05
3.59701879082616e-05
3.59699291392396e-05
3.59696703739407e-05
3.59694116123648e-05
3.5969152854512e-05
3.5968894100382e-05
3.59686353499748e-05
3.59683766032904e-05
3.59681178603286e-05
3.59678591210894e-05
3.59676003855727e-05
3.59673416537784e-05
3.59670829257064e-05
3.59668242013567e-05
3.59665654807291e-05
3.59663067638236e-05
3.59660480506402e-05
3.59657893411787e-05
3.5965530635439e-05
3.59652719334211e-05
3.59650132351249e-05
3.59647545405503e-05
3.59644958496972e-05
3.59642371625655e-05
3.59639784791553e-05
3.59637197994663e-05
3.59634611234985e-05
3.59632024512519e-05
3.59629437827263e-05
3.59626851179216e-05
3.59624264568379e-05
3.59621677994749e-05
3.59619091458327e-05
3.59616504959112e-05
3.59613918497102e-05
3.59611332072296e-05
3.59608745684695e-05
3.59606159334297e-05
3.59603573021102e-05
3.59600986745108e-05
3.59598400506315e-05
3.59595814304721e-05
3.59593228140328e-05
3.59590642013132e-05
3.59588055923134e-05
3.59585469870333e-05
3.59582883854729e-05
3.59580297876319e-05
3.59577711935103e-05
3.59575126031082e-05
3.59572540164253e-05
3.59569954334616e-05
3.5956736854217e-05
3.59564782786915e-05
3.59562197068849e-05
3.59559611387972e-05
3.59557025744283e-05
3.59554440137781e-05
3.59551854568466e-05
3.59549269036336e-05
3.59546683541391e-05
3.5954409808363e-05
3.59541512663052e-05
3.59538927279657e-05
3.59536341933443e-05
3.59533756624409e-05
3.59531171352556e-05
3.59528586117882e-05
3.59526000920387e-05
3.59523415760068e-05
3.59520830636927e-05
3.59518245550962e-05
3.59515660502171e-05
3.59513075490556e-05
3.59510490516113e-05
3.59507905578844e-05
3.59505320678746e-05
3.5950273581582e-05
3.59500150990063e-05
3.59497566201477e-05
3.59494981450059e-05
3.59492396735809e-05
3.59489812058726e-05
3.5948722741881e-05
3.59484642816059e-05
3.59482058250473e-05
3.5947947372205e-05
3.59476889230791e-05
3.59474304776695e-05
3.59471720359759e-05
3.59469135979985e-05
3.5946655163737e-05
3.59463967331915e-05
3.59461383063617e-05
3.59458798832478e-05
3.59456214638495e-05
3.59453630481668e-05
3.59451046361996e-05
3.59448462279478e-05
3.59445878234114e-05
3.59443294225903e-05
3.59440710254843e-05
3.59438126320935e-05
3.59435542424177e-05
3.59432958564569e-05
3.59430374742109e-05
3.59427790956797e-05
3.59425207208632e-05
3.59422623497613e-05
3.5942003982374e-05
3.59417456187012e-05
3.59414872587428e-05
3.59412289024986e-05
3.59409705499687e-05
3.5940712201153e-05
3.59404538560513e-05
3.59401955146636e-05
3.59399371769898e-05
3.59396788430299e-05
3.59394205127837e-05
3.59391621862511e-05
3.59389038634322e-05
3.59386455443267e-05
3.59383872289347e-05
3.59381289172561e-05
3.59378706092907e-05
3.59376123050385e-05
3.59373540044994e-05
3.59370957076733e-05
3.59368374145602e-05
3.59365791251599e-05
3.59363208394725e-05
3.59360625574977e-05
3.59358042792356e-05
3.5935546004686e-05
3.59352877338489e-05
3.59350294667242e-05
3.59347712033117e-05
3.59345129436116e-05
3.59342546876235e-05
3.59339964353476e-05
3.59337381867836e-05
3.59334799419315e-05
3.59332217007912e-05
3.59329634633627e-05
3.59327052296459e-05
3.59324469996407e-05
3.59321887733469e-05
3.59319305507646e-05
3.59316723318937e-05
3.5931414116734e-05
3.59311559052855e-05
3.59308976975481e-05
3.59306394935217e-05
3.59303812932063e-05
3.59301230966017e-05
3.5929864903708e-05
3.59296067145249e-05
3.59293485290525e-05
3.59290903472906e-05
3.59288321692392e-05
3.59285739948981e-05
3.59283158242674e-05
3.59280576573469e-05
3.59277994941366e-05
3.59275413346363e-05
3.5927283178846e-05
3.59270250267656e-05
3.59267668783951e-05
3.59265087337343e-05
3.59262505927831e-05
3.59259924555416e-05
3.59257343220095e-05
3.59254761921869e-05
3.59252180660737e-05
3.59249599436697e-05
3.59247018249749e-05
3.59244437099892e-05
3.59241855987125e-05
3.59239274911448e-05
3.59236693872859e-05
3.59234112871358e-05
3.59231531906945e-05
3.59228950979617e-05
3.59226370089376e-05
3.59223789236218e-05
3.59221208420145e-05
3.59218627641155e-05
3.59216046899247e-05
3.59213466194421e-05
3.59210885526675e-05
3.59208304896009e-05
3.59205724302422e-05
3.59203143745914e-05
3.59200563226483e-05
3.59197982744129e-05
3.59195402298851e-05
3.59192821890647e-05
3.59190241519518e-05
3.59187661185463e-05
3.5918508088848e-05
3.59182500628569e-05
3.5917992040573e-05
3.5917734021996e-05
3.5917476007126e-05
3.59172179959629e-05
3.59169599885066e-05
3.5916701984757e-05
3.5916443984714e-05
3.59161859883775e-05
3.59159279957476e-05
3.5915670006824e-05
3.59154120216067e-05
3.59151540400957e-05
3.59148960622908e-05
3.5914638088192e-05
3.59143801177992e-05
3.59141221511123e-05
3.59138641881312e-05
3.59136062288559e-05
3.59133482732862e-05
3.59130903214222e-05
3.59128323732636e-05
3.59125744288105e-05
3.59123164880627e-05
3.59120585510203e-05
3.5911800617683e-05
3.59115426880508e-05
3.59112847621236e-05
3.59110268399015e-05
3.59107689213841e-05
3.59105110065716e-05
3.59102530954638e-05
3.59099951880606e-05
3.5909737284362e-05
3.59094793843679e-05
3.59092214880781e-05
3.59089635954927e-05
3.59087057066115e-05
3.59084478214345e-05
3.59081899399615e-05
3.59079320621925e-05
3.59076741881275e-05
3.59074163177663e-05
3.59071584511088e-05
3.5906900588155e-05
3.59066427289048e-05
3.59063848733582e-05
3.5906127021515e-05
3.59058691733751e-05
3.59056113289385e-05
3.59053534882051e-05
3.59050956511748e-05
3.59048378178476e-05
3.59045799882233e-05
3.59043221623019e-05
3.59040643400833e-05
3.59038065215674e-05
3.59035487067542e-05
3.59032908956435e-05
3.59030330882353e-05
3.59027752845295e-05
3.5902517484526e-05
3.59022596882248e-05
3.59020018956257e-05
3.59017441067287e-05
3.59014863215337e-05
3.59012285400406e-05
3.59009707622494e-05
3.59007129881599e-05
3.59004552177722e-05
3.5900197451086e-05
3.58999396881013e-05
3.58996819288181e-05
3.58994241732363e-05
3.58991664213557e-05
3.58989086731763e-05
3.58986509286981e-05
3.58983931879209e-05
3.58981354508447e-05
3.58978777174693e-05
3.58976199877948e-05
3.5897362261821e-05
3.58971045395478e-05
3.58968468209752e-05
3.58965891061031e-05
3.58963313949314e-05
3.58960736874601e-05
3.58958159836889e-05
3.5895558283618e-05
3.58953005872471e-05
3.58950428945763e-05
3.58947852056053e-05
3.58945275203343e-05
3.58942698387629e-05
3.58940121608913e-05
3.58937544867193e-05
3.58934968162468e-05
3.58932391494738e-05
3.58929814864002e-05
3.58927238270258e-05
3.58924661713506e-05
3.58922085193746e-05
3.58919508710976e-05
3.58916932265197e-05
3.58914355856406e-05
3.58911779484603e-05
3.58909203149787e-05
3.58906626851958e-05
3.58904050591115e-05
3.58901474367257e-05
3.58898898180383e-05
3.58896322030492e-05
3.58893745917584e-05
3.58891169841657e-05
3.58888593802712e-05
3.58886017800747e-05
3.58883441835761e-05
3.58880865907753e-05
3.58878290016724e-05
3.58875714162671e-05
3.58873138345595e-05
3.58870562565494e-05
3.58867986822367e-05
3.58865411116215e-05
3.58862835447035e-05
3.58860259814828e-05
3.58857684219592e-05
3.58855108661327e-05
3.58852533140031e-05
3.58849957655705e-05
3.58847382208347e-05
3.58844806797956e-05
3.58842231424532e-05
3.58839656088074e-05
3.5883708078858e-05
3.58834505526051e-05
3.58831930300486e-05
3.58829355111883e-05
3.58826779960242e-05
3.58824204845562e-05
3.58821629767842e-05
3.58819054727082e-05
3.58816479723281e-05
3.58813904756437e-05
3.58811329826551e-05
3.5880875493362e-05
3.58806180077646e-05
3.58803605258626e-05
3.5880103047656e-05
3.58798455731447e-05
3.58795881023286e-05
3.58793306352077e-05
3.58790731717818e-05
3.5878815712051e-05
3.5878558256015e-05
3.58783008036739e-05
3.58780433550276e-05
3.58777859100759e-05
3.58775284688188e-05
3.58772710312563e-05
3.58770135973882e-05
3.58767561672144e-05
3.58764987407349e-05
3.58762413179496e-05
3.58759838988584e-05
3.58757264834613e-05
3.58754690717581e-05
3.58752116637488e-05
3.58749542594333e-05
3.58746968588115e-05
3.58744394618834e-05
3.58741820686488e-05
3.58739246791077e-05
3.58736672932601e-05
3.58734099111057e-05
3.58731525326446e-05
3.58728951578766e-05
3.58726377868017e-05
3.58723804194199e-05
3.58721230557309e-05
3.58718656957348e-05
3.58716083394315e-05
3.58713509868209e-05
3.58710936379028e-05
3.58708362926773e-05
3.58705789511443e-05
3.58703216133036e-05
3.58700642791552e-05
3.5869806948699e-05
3.58695496219349e-05
3.58692922988629e-05
3.58690349794829e-05
3.58687776637948e-05
3.58685203517985e-05
3.58682630434939e-05
3.58680057388809e-05
3.58677484379596e-05
3.58674911407297e-05
3.58672338471912e-05
3.58669765573441e-05
3.58667192711883e-05
3.58664619887236e-05
3.586620470995e-05
3.58659474348674e-05
3.58656901634758e-05
3.5865432895775e-05
3.58651756317651e-05
3.58649183714458e-05
3.58646611148171e-05
3.5864403861879e-05
3.58641466126314e-05
3.58638893670741e-05
3.58636321252071e-05
3.58633748870304e-05
3.58631176525438e-05
3.58628604217472e-05
3.58626031946407e-05
3.58623459712241e-05
3.58620887514972e-05
3.58618315354602e-05
3.58615743231128e-05
3.5861317114455e-05
3.58610599094867e-05
3.58608027082078e-05
3.58605455106183e-05
3.58602883167181e-05
3.5860031126507e-05
3.58597739399851e-05
3.58595167571522e-05
3.58592595780082e-05
3.58590024025532e-05
3.58587452307869e-05
3.58584880627093e-05
3.58582308983204e-05
3.585797373762e-05
3.58577165806081e-05
3.58574594272847e-05
3.58572022776495e-05
3.58569451317026e-05
3.58566879894438e-05
3.58564308508731e-05
3.58561737159904e-05
3.58559165847957e-05
3.58556594572887e-05
3.58554023334696e-05
3.58551452133381e-05
3.58548880968942e-05
3.58546309841379e-05
3.5854373875069e-05
3.58541167696875e-05
3.58538596679933e-05
3.58536025699862e-05
3.58533454756663e-05
3.58530883850335e-05
3.58528312980876e-05
3.58525742148286e-05
3.58523171352565e-05
3.5852060059371e-05
3.58518029871722e-05
3.585154591866e-05
3.58512888538343e-05
3.5851031792695e-05
3.5850774735242e-05
3.58505176814753e-05
3.58502606313948e-05
3.58500035850004e-05
3.58497465422919e-05
3.58494895032695e-05
3.58492324679329e-05
3.5848975436282e-05
3.58487184083169e-05
3.58484613840374e-05
3.58482043634434e-05
3.58479473465349e-05
3.58476903333118e-05
3.5847433323774e-05
3.58471763179214e-05
3.5846919315754e-05
3.58466623172716e-05
3.58464053224743e-05
3.58461483313618e-05
3.58458913439342e-05
3.58456343601913e-05
3.58453773801331e-05
3.58451204037594e-05
3.58448634310703e-05
3.58446064620656e-05
3.58443494967453e-05
3.58440925351093e-05
3.58438355771574e-05
3.58435786228897e-05
3.5843321672306e-05
3.58430647254063e-05
3.58428077821904e-05
3.58425508426584e-05
3.584229390681e-05
3.58420369746453e-05
3.58417800461642e-05
3.58415231213666e-05
3.58412662002523e-05
3.58410092828214e-05
3.58407523690737e-05
3.58404954590092e-05
3.58402385526278e-05
3.58399816499294e-05
3.58397247509139e-05
3.58394678555813e-05
3.58392109639314e-05
3.58389540759642e-05
3.58386971916797e-05
3.58384403110777e-05
3.58381834341581e-05
3.58379265609209e-05
3.5837669691366e-05
3.58374128254933e-05
3.58371559633028e-05
3.58368991047943e-05
3.58366422499677e-05
3.58363853988231e-05
3.58361285513603e-05
3.58358717075793e-05
3.58356148674799e-05
3.58353580310621e-05
3.58351011983258e-05
3.58348443692709e-05
3.58345875438974e-05
3.58343307222051e-05
3.5834073904194e-05
3.5833817089864e-05
3.58335602792151e-05
3.58333034722471e-05
3.583304666896e-05
3.58327898693537e-05
3.5832533073428e-05
3.5832276281183e-05
3.58320194926186e-05
3.58317627077346e-05
3.58315059265311e-05
3.58312491490078e-05
3.58309923751648e-05
3.5830735605002e-05
3.58304788385192e-05
3.58302220757164e-05
3.58299653165936e-05
3.58297085611506e-05
3.58294518093873e-05
3.58291950613038e-05
3.58289383168998e-05
3.58286815761754e-05
3.58284248391304e-05
3.58281681057648e-05
3.58279113760784e-05
3.58276546500713e-05
3.58273979277433e-05
3.58271412090944e-05
3.58268844941244e-05
3.58266277828333e-05
3.5826371075221e-05
3.58261143712875e-05
3.58258576710326e-05
3.58256009744563e-05
3.58253442815585e-05
3.58250875923392e-05
3.58248309067981e-05
3.58245742249353e-05
3.58243175467507e-05
3.58240608722442e-05
3.58238042014158e-05
3.58235475342652e-05
3.58232908707926e-05
3.58230342109977e-05
3.58227775548805e-05
3.58225209024409e-05
3.58222642536789e-05
3.58220076085944e-05
3.58217509671873e-05
3.58214943294574e-05
3.58212376954049e-05
3.58209810650294e-05
3.5820724438331e-05
3.58204678153097e-05
3.58202111959652e-05
3.58199545802976e-05
3.58196979683067e-05
3.58194413599926e-05
3.5819184755355e-05
3.58189281543939e-05
3.58186715571093e-05
3.5818414963501e-05
3.58181583735691e-05
3.58179017873133e-05
3.58176452047337e-05
3.58173886258301e-05
3.58171320506024e-05
3.58168754790507e-05
3.58166189111748e-05
3.58163623469746e-05
3.58161057864501e-05
3.58158492296011e-05
3.58155926764276e-05
3.58153361269295e-05
3.58150795811068e-05
3.58148230389594e-05
3.58145665004871e-05
3.58143099656899e-05
3.58140534345677e-05
3.58137969071205e-05
3.58135403833481e-05
3.58132838632506e-05
3.58130273468277e-05
3.58127708340794e-05
3.58125143250057e-05
3.58122578196065e-05
3.58120013178817e-05
3.58117448198311e-05
3.58114883254548e-05
3.58112318347527e-05
3.58109753477246e-05
3.58107188643705e-05
3.58104623846903e-05
3.5810205908684e-05
3.58099494363514e-05
3.58096929676925e-05
3.58094365027072e-05
3.58091800413954e-05
3.58089235837571e-05
3.58086671297921e-05
3.58084106795004e-05
3.58081542328819e-05
3.58078977899365e-05
3.58076413506642e-05
3.58073849150649e-05
3.58071284831384e-05
3.58068720548848e-05
3.58066156303039e-05
3.58063592093956e-05
3.58061027921599e-05
3.58058463785967e-05
3.58055899687059e-05
3.58053335624875e-05
3.58050771599413e-05
3.58048207610673e-05
3.58045643658654e-05
3.58043079743355e-05
3.58040515864775e-05
3.58037952022914e-05
3.58035388217771e-05
3.58032824449345e-05
3.58030260717636e-05
3.58027697022642e-05
3.58025133364362e-05
3.58022569742797e-05
3.58020006157944e-05
3.58017442609804e-05
3.58014879098375e-05
3.58012315623657e-05
3.5800975218565e-05
3.58007188784351e-05
3.5800462541976e-05
3.58002062091878e-05
3.57999498800702e-05
3.57996935546232e-05
3.57994372328467e-05
3.57991809147407e-05
3.5798924600305e-05
3.57986682895396e-05
3.57984119824445e-05
3.57981556790194e-05
3.57978993792644e-05
3.57976430831794e-05
3.57973867907643e-05
3.5797130502019e-05
3.57968742169434e-05
3.57966179355375e-05
3.57963616578011e-05
3.57961053837343e-05
3.57958491133368e-05
3.57955928466087e-05
3.57953365835499e-05
3.57950803241602e-05
3.57948240684397e-05
3.57945678163882e-05
3.57943115680056e-05
3.57940553232919e-05
3.5793799082247e-05
3.57935428448708e-05
3.57932866111632e-05
3.57930303811242e-05
3.57927741547536e-05
3.57925179320515e-05
3.57922617130176e-05
3.5792005497652e-05
3.57917492859546e-05
3.57914930779252e-05
3.57912368735639e-05
3.57909806728704e-05
3.57907244758448e-05
3.5790468282487e-05
3.57902120927969e-05
3.57899559067743e-05
3.57896997244193e-05
3.57894435457318e-05
3.57891873707116e-05
3.57889311993587e-05
3.5788675031673e-05
3.57884188676544e-05
3.57881627073029e-05
3.57879065506184e-05
3.57876503976008e-05
3.578739424825e-05
3.57871381025659e-05
3.57868819605485e-05
3.57866258221977e-05
3.57863696875134e-05
3.57861135564955e-05
3.5785857429144e-05
3.57856013054587e-05
3.57853451854397e-05
3.57850890690867e-05
3.57848329563998e-05
3.57845768473788e-05
3.57843207420237e-05
3.57840646403344e-05
3.57838085423108e-05
3.57835524479528e-05
3.57832963572604e-05
3.57830402702335e-05
3.5782784186872e-05
3.57825281071758e-05
3.57822720311449e-05
3.57820159587791e-05
3.57817598900784e-05
3.57815038250428e-05
3.5781247763672e-05
3.57809917059661e-05
3.5780735651925e-05
3.57804796015486e-05
3.57802235548368e-05
3.57799675117895e-05
3.57797114724067e-05
3.57794554366883e-05
3.57791994046341e-05
3.57789433762442e-05
3.57786873515185e-05
3.57784313304567e-05
3.5778175313059e-05
3.57779192993252e-05
3.57776632892553e-05
3.5777407282849e-05
3.57771512801065e-05
3.57768952810275e-05
3.57766392856121e-05
3.57763832938601e-05
3.57761273057714e-05
3.5775871321346e-05
3.57756153405839e-05
3.57753593634848e-05
3.57751033900488e-05
3.57748474202757e-05
3.57745914541656e-05
3.57743354917182e-05
3.57740795329336e-05
3.57738235778116e-05
3.57735676263522e-05
3.57733116785553e-05
3.57730557344208e-05
3.57727997939487e-05
3.57725438571388e-05
3.5772287923991e-05
3.57720319945054e-05
3.57717760686818e-05
3.57715201465201e-05
3.57712642280203e-05
3.57710083131823e-05
3.5770752402006e-05
3.57704964944913e-05
3.57702405906382e-05
3.57699846904466e-05
3.57697287939163e-05
3.57694729010473e-05
3.57692170118396e-05
3.5768961126293e-05
3.57687052444076e-05
3.57684493661831e-05
3.57681934916195e-05
3.57679376207168e-05
3.57676817534748e-05
3.57674258898936e-05
3.57671700299729e-05
3.57669141737127e-05
3.57666583211131e-05
3.57664024721737e-05
3.57661466268947e-05
3.57658907852759e-05
3.57656349473172e-05
3.57653791130186e-05
3.576512328238e-05
3.57648674554012e-05
3.57646116320823e-05
3.57643558124231e-05
3.57640999964236e-05
3.57638441840837e-05
3.57635883754032e-05
3.57633325703822e-05
3.57630767690206e-05
3.57628209713182e-05
3.5762565177275e-05
3.5762309386891e-05
3.57620536001659e-05
3.57617978170999e-05
3.57615420376927e-05
3.57612862619443e-05
3.57610304898546e-05
3.57607747214236e-05
3.57605189566511e-05
3.57602631955371e-05
3.57600074380815e-05
3.57597516842843e-05
3.57594959341453e-05
3.57592401876645e-05
3.57589844448418e-05
3.57587287056771e-05
3.57584729701703e-05
3.57582172383214e-05
3.57579615101302e-05
3.57577057855968e-05
3.5757450064721e-05
3.57571943475027e-05
3.57569386339419e-05
3.57566829240385e-05
3.57564272177924e-05
3.57561715152035e-05
3.57559158162718e-05
3.57556601209972e-05
3.57554044293795e-05
3.57551487414188e-05
3.57548930571149e-05
3.57546373764677e-05
3.57543816994773e-05
3.57541260261434e-05
3.57538703564661e-05
3.57536146904452e-05
3.57533590280807e-05
3.57531033693725e-05
3.57528477143204e-05
3.57525920629246e-05
3.57523364151847e-05
3.57520807711009e-05
3.57518251306729e-05
3.57515694939008e-05
3.57513138607844e-05
3.57510582313237e-05
3.57508026055185e-05
3.57505469833688e-05
3.57502913648746e-05
3.57500357500358e-05
3.57497801388521e-05
3.57495245313237e-05
3.57492689274504e-05
3.57490133272322e-05
3.57487577306689e-05
3.57485021377604e-05
3.57482465485068e-05
3.57479909629079e-05
3.57477353809636e-05
3.57474798026739e-05
3.57472242280387e-05
3.57469686570579e-05
3.57467130897314e-05
3.57464575260592e-05
3.57462019660411e-05
3.57459464096771e-05
3.57456908569672e-05
3.57454353079112e-05
3.5745179762509e-05
3.57449242207607e-05
3.5744668682666e-05
3.57444131482249e-05
3.57441576174374e-05
3.57439020903034e-05
3.57436465668227e-05
3.57433910469954e-05
3.57431355308213e-05
3.57428800183004e-05
3.57426245094325e-05
3.57423690042176e-05
3.57421135026556e-05
3.57418580047465e-05
3.57416025104902e-05
3.57413470198865e-05
3.57410915329354e-05
3.57408360496369e-05
3.57405805699908e-05
3.57403250939971e-05
3.57400696216556e-05
3.57398141529664e-05
3.57395586879293e-05
3.57393032265443e-05
3.57390477688113e-05
3.57387923147301e-05
3.57385368643008e-05
3.57382814175232e-05
3.57380259743973e-05
3.57377705349229e-05
3.57375150991001e-05
3.57372596669287e-05
3.57370042384087e-05
3.57367488135399e-05
3.57364933923224e-05
3.57362379747559e-05
3.57359825608405e-05
3.57357271505761e-05
3.57354717439625e-05
3.57352163409997e-05
3.57349609416877e-05
3.57347055460263e-05
3.57344501540155e-05
3.57341947656551e-05
3.57339393809452e-05
3.57336839998857e-05
3.57334286224763e-05
3.57331732487172e-05
3.57329178786081e-05
3.57326625121491e-05
3.573240714934e-05
3.57321517901808e-05
3.57318964346714e-05
3.57316410828117e-05
3.57313857346016e-05
3.5731130390041e-05
3.573087504913e-05
3.57306197118683e-05
3.57303643782559e-05
3.57301090482928e-05
3.57298537219789e-05
3.5729598399314e-05
3.57293430802981e-05
3.57290877649312e-05
3.57288324532131e-05
3.57285771451438e-05
3.57283218407231e-05
3.57280665399511e-05
3.57278112428276e-05
3.57275559493526e-05
3.5727300659526e-05
3.57270453733476e-05
3.57267900908175e-05
3.57265348119355e-05
3.57262795367016e-05
3.57260242651157e-05
3.57257689971777e-05
3.57255137328875e-05
3.5725258472245e-05
3.57250032152503e-05
3.57247479619031e-05
3.57244927122035e-05
3.57242374661513e-05
3.57239822237464e-05
3.57237269849889e-05
3.57234717498785e-05
3.57232165184153e-05
3.57229612905991e-05
3.57227060664299e-05
3.57224508459076e-05
3.57221956290321e-05
3.57219404158034e-05
3.57216852062213e-05
3.57214300002858e-05
3.57211747979968e-05
3.57209195993542e-05
3.57206644043579e-05
3.57204092130079e-05
3.57201540253042e-05
3.57198988412465e-05
3.57196436608348e-05
3.57193884840692e-05
3.57191333109493e-05
3.57188781414753e-05
3.5718622975647e-05
3.57183678134644e-05
3.57181126549273e-05
3.57178575000357e-05
3.57176023487895e-05
3.57173472011887e-05
3.57170920572331e-05
3.57168369169226e-05
3.57165817802573e-05
3.5716326647237e-05
3.57160715178616e-05
3.57158163921311e-05
3.57155612700454e-05
3.57153061516043e-05
3.57150510368079e-05
3.57147959256561e-05
3.57145408181487e-05
3.57142857142857e-05
3.5714030614067e-05
3.57137755174926e-05
3.57135204245623e-05
3.57132653352761e-05
3.57130102496339e-05
3.57127551676357e-05
3.57125000892813e-05
3.57122450145706e-05
3.57119899435036e-05
3.57117348760803e-05
3.57114798123005e-05
3.57112247521641e-05
3.57109696956711e-05
3.57107146428214e-05
3.5710459593615e-05
3.57102045480516e-05
3.57099495061314e-05
3.57096944678541e-05
3.57094394332198e-05
3.57091844022283e-05
3.57089293748795e-05
3.57086743511734e-05
3.57084193311099e-05
3.57081643146889e-05
3.57079093019104e-05
3.57076542927742e-05
3.57073992872803e-05
3.57071442854286e-05
3.57068892872191e-05
3.57066342926516e-05
3.5706379301726e-05
3.57061243144424e-05
3.57058693308006e-05
3.57056143508005e-05
3.57053593744421e-05
3.57051044017253e-05
3.57048494326499e-05
3.5704594467216e-05
3.57043395054235e-05
3.57040845472722e-05
3.57038295927621e-05
3.57035746418931e-05
3.57033196946652e-05
3.57030647510782e-05
3.57028098111321e-05
3.57025548748268e-05
3.57022999421623e-05
3.57020450131383e-05
3.5701790087755e-05
3.57015351660121e-05
3.57012802479097e-05
3.57010253334476e-05
3.57007704226257e-05
3.5700515515444e-05
3.57002606119025e-05
3.57000057120009e-05
3.56997508157393e-05
3.56994959231176e-05
3.56992410341356e-05
3.56989861487934e-05
3.56987312670908e-05
3.56984763890277e-05
3.56982215146041e-05
3.569796664382e-05
3.56977117766751e-05
3.56974569131695e-05
3.56972020533031e-05
3.56969471970757e-05
3.56966923444874e-05
3.56964374955379e-05
3.56961826502274e-05
3.56959278085556e-05
3.56956729705225e-05
3.5695418136128e-05
3.56951633053721e-05
3.56949084782547e-05
3.56946536547756e-05
3.56943988349348e-05
3.56941440187323e-05
3.56938892061679e-05
3.56936343972416e-05
3.56933795919533e-05
3.56931247903029e-05
3.56928699922903e-05
3.56926151979155e-05
3.56923604071784e-05
3.56921056200789e-05
3.5691850836617e-05
3.56915960567925e-05
3.56913412806053e-05
3.56910865080555e-05
3.56908317391428e-05
3.56905769738674e-05
3.56903222122289e-05
3.56900674542275e-05
3.56898126998629e-05
3.56895579491352e-05
3.56893032020443e-05
3.568904845859e-05
3.56887937187723e-05
3.56885389825911e-05
3.56882842500464e-05
3.5688029521138e-05
3.56877747958659e-05
3.568752007423e-05
3.56872653562303e-05
3.56870106418666e-05
3.56867559311388e-05
3.5686501224047e-05
3.5686246520591e-05
3.56859918207707e-05
3.5685737124586e-05
3.5685482432037e-05
3.56852277431235e-05
3.56849730578453e-05
3.56847183762026e-05
3.56844636981951e-05
3.56842090238228e-05
3.56839543530856e-05
3.56836996859834e-05
3.56834450225163e-05
3.56831903626839e-05
3.56829357064864e-05
3.56826810539237e-05
3.56824264049955e-05
3.5682171759702e-05
3.56819171180429e-05
3.56816624800183e-05
3.5681407845628e-05
3.56811532148719e-05
3.568089858775e-05
3.56806439642623e-05
3.56803893444085e-05
3.56801347281887e-05
3.56798801156028e-05
3.56796255066507e-05
3.56793709013323e-05
3.56791162996475e-05
3.56788617015963e-05
3.56786071071785e-05
3.56783525163942e-05
3.56780979292432e-05
3.56778433457254e-05
3.56775887658408e-05
3.56773341895894e-05
3.56770796169709e-05
3.56768250479853e-05
3.56765704826326e-05
3.56763159209127e-05
3.56760613628255e-05
3.5675806808371e-05
3.56755522575489e-05
3.56752977103594e-05
3.56750431668022e-05
3.56747886268774e-05
3.56745340905848e-05
3.56742795579243e-05
3.5674025028896e-05
3.56737705034996e-05
3.56735159817352e-05
3.56732614636026e-05
3.56730069491018e-05
3.56727524382326e-05
3.56724979309951e-05
3.56722434273891e-05
3.56719889274146e-05
3.56717344310715e-05
3.56714799383597e-05
3.56712254492791e-05
3.56709709638296e-05
3.56707164820113e-05
3.56704620038239e-05
3.56702075292674e-05
3.56699530583418e-05
3.56696985910469e-05
3.56694441273827e-05
3.56691896673491e-05
3.56689352109461e-05
3.56686807581735e-05
3.56684263090312e-05
3.56681718635193e-05
3.56679174216376e-05
3.5667662983386e-05
3.56674085487645e-05
3.56671541177729e-05
3.56668996904113e-05
3.56666452666795e-05
3.56663908465775e-05
3.56661364301051e-05
3.56658820172623e-05
3.5665627608049e-05
3.56653732024652e-05
3.56651188005107e-05
3.56648644021855e-05
3.56646100074896e-05
3.56643556164227e-05
3.56641012289849e-05
3.56638468451761e-05
3.56635924649962e-05
3.56633380884451e-05
3.56630837155227e-05
3.5662829346229e-05
3.56625749805639e-05
3.56623206185273e-05
3.56620662601191e-05
3.56618119053393e-05
3.56615575541877e-05
3.56613032066644e-05
3.56610488627692e-05
3.5660794522502e-05
3.56605401858627e-05
3.56602858528514e-05
3.56600315234679e-05
3.56597771977121e-05
3.56595228755839e-05
3.56592685570834e-05
3.56590142422103e-05
3.56587599309646e-05
3.56585056233463e-05
3.56582513193553e-05
3.56579970189914e-05
3.56577427222547e-05
3.5657488429145e-05
3.56572341396623e-05
3.56569798538064e-05
3.56567255715773e-05
3.5656471292975e-05
3.56562170179993e-05
3.56559627466501e-05
3.56557084789275e-05
3.56554542148312e-05
3.56551999543613e-05
3.56549456975177e-05
3.56546914443002e-05
3.56544371947089e-05
3.56541829487435e-05
3.56539287064042e-05
3.56536744676906e-05
3.56534202326029e-05
3.56531660011409e-05
3.56529117733045e-05
3.56526575490937e-05
3.56524033285084e-05
3.56521491115484e-05
3.56518948982138e-05
3.56516406885045e-05
3.56513864824203e-05
3.56511322799612e-05
3.56508780811271e-05
3.5650623885918e-05
3.56503696943337e-05
3.56501155063742e-05
3.56498613220395e-05
3.56496071413293e-05
3.56493529642437e-05
3.56490987907826e-05
3.56488446209458e-05
3.56485904547334e-05
3.56483362921452e-05
3.56480821331812e-05
3.56478279778413e-05
3.56475738261254e-05
3.56473196780334e-05
3.56470655335653e-05
3.56468113927209e-05
3.56465572555003e-05
3.56463031219032e-05
3.56460489919297e-05
3.56457948655797e-05
3.56455407428531e-05
3.56452866237497e-05
3.56450325082696e-05
3.56447783964127e-05
3.56445242881788e-05
3.5644270183568e-05
3.56440160825801e-05
3.5643761985215e-05
3.56435078914727e-05
3.5643253801353e-05
3.5642999714856e-05
3.56427456319815e-05
3.56424915527295e-05
3.56422374770999e-05
3.56419834050925e-05
3.56417293367074e-05
3.56414752719445e-05
3.56412212108036e-05
3.56409671532847e-05
3.56407130993877e-05
3.56404590491126e-05
3.56402050024592e-05
3.56399509594275e-05
3.56396969200174e-05
3.56394428842288e-05
3.56391888520617e-05
3.5638934823516e-05
3.56386807985916e-05
3.56384267772883e-05
3.56381727596063e-05
3.56379187455453e-05
3.56376647351052e-05
3.56374107282861e-05
3.56371567250878e-05
3.56369027255103e-05
3.56366487295535e-05
3.56363947372172e-05
3.56361407485015e-05
3.56358867634062e-05
3.56356327819313e-05
3.56353788040767e-05
3.56351248298423e-05
3.5634870859228e-05
3.56346168922338e-05
3.56343629288596e-05
3.56341089691052e-05
3.56338550129707e-05
3.5633601060456e-05
3.56333471115609e-05
3.56330931662854e-05
3.56328392246294e-05
3.56325852865929e-05
3.56323313521757e-05
3.56320774213778e-05
3.56318234941991e-05
3.56315695706396e-05
3.56313156506991e-05
3.56310617343776e-05
3.56308078216749e-05
3.56305539125911e-05
3.56303000071261e-05
3.56300461052797e-05
3.56297922070519e-05
3.56295383124425e-05
3.56292844214517e-05
3.56290305340792e-05
3.56287766503249e-05
3.56285227701889e-05
3.5628268893671e-05
3.56280150207711e-05
3.56277611514892e-05
3.56275072858252e-05
3.56272534237791e-05
3.56269995653506e-05
3.56267457105398e-05
3.56264918593466e-05
3.56262380117709e-05
3.56259841678126e-05
3.56257303274717e-05
3.56254764907481e-05
3.56252226576416e-05
3.56249688281523e-05
3.562471500228e-05
3.56244611800247e-05
3.56242073613862e-05
3.56239535463646e-05
3.56236997349597e-05
3.56234459271714e-05
3.56231921229998e-05
3.56229383224446e-05
3.56226845255058e-05
3.56224307321834e-05
3.56221769424773e-05
3.56219231563874e-05
3.56216693739135e-05
3.56214155950557e-05
3.56211618198139e-05
3.5620908048188e-05
3.56206542801778e-05
3.56204005157834e-05
3.56201467550046e-05
3.56198929978414e-05
3.56196392442937e-05
3.56193854943615e-05
3.56191317480445e-05
3.56188780053428e-05
3.56186242662563e-05
3.5618370530785e-05
3.56181167989286e-05
3.56178630706872e-05
3.56176093460607e-05
3.5617355625049e-05
3.5617101907652e-05
3.56168481938696e-05
3.56165944837018e-05
3.56163407771486e-05
3.56160870742097e-05
3.56158333748851e-05
3.56155796791749e-05
3.56153259870788e-05
3.56150722985968e-05
3.56148186137288e-05
3.56145649324748e-05
3.56143112548346e-05
3.56140575808083e-05
3.56138039103957e-05
3.56135502435967e-05
3.56132965804113e-05
3.56130429208393e-05
3.56127892648808e-05
3.56125356125356e-05
3.56122819638037e-05
3.56120283186849e-05
3.56117746771793e-05
3.56115210392866e-05
3.56112674050069e-05
3.56110137743401e-05
3.56107601472861e-05
3.56105065238448e-05
3.56102529040161e-05
3.56099992878e-05
3.56097456751964e-05
3.56094920662052e-05
3.56092384608263e-05
3.56089848590596e-05
3.56087312609052e-05
3.56084776663628e-05
3.56082240754325e-05
3.56079704881141e-05
3.56077169044075e-05
3.56074633243128e-05
3.56072097478297e-05
3.56069561749583e-05
3.56067026056985e-05
3.56064490400501e-05
3.56061954780132e-05
3.56059419195875e-05
3.56056883647732e-05
3.56054348135699e-05
3.56051812659778e-05
3.56049277219967e-05
3.56046741816266e-05
3.56044206448673e-05
3.56041671117188e-05
3.5603913582181e-05
3.56036600562538e-05
3.56034065339372e-05
3.5603153015231e-05
3.56028995001353e-05
3.56026459886499e-05
3.56023924807747e-05
3.56021389765097e-05
3.56018854758548e-05
3.56016319788099e-05
3.5601378485375e-05
3.56011249955499e-05
3.56008715093345e-05
3.56006180267289e-05
3.5600364547733e-05
3.56001110723465e-05
3.55998576005696e-05
3.5599604132402e-05
3.55993506678438e-05
3.55990972068948e-05
3.5598843749555e-05
3.55985902958243e-05
3.55983368457026e-05
3.55980833991898e-05
3.55978299562859e-05
3.55975765169907e-05
3.55973230813043e-05
3.55970696492265e-05
3.55968162207572e-05
3.55965627958964e-05
3.5596309374644e-05
3.5596055957e-05
3.55958025429641e-05
3.55955491325365e-05
3.55952957257169e-05
3.55950423225053e-05
3.55947889229017e-05
3.55945355269059e-05
3.55942821345179e-05
3.55940287457376e-05
3.55937753605649e-05
3.55935219789998e-05
3.55932686010422e-05
3.55930152266919e-05
3.5592761855949e-05
3.55925084888133e-05
3.55922551252847e-05
3.55920017653633e-05
3.55917484090488e-05
3.55914950563413e-05
3.55912417072407e-05
3.55909883617468e-05
3.55907350198596e-05
3.55904816815791e-05
3.55902283469051e-05
3.55899750158375e-05
3.55897216883764e-05
3.55894683645216e-05
3.5589215044273e-05
3.55889617276306e-05
3.55887084145942e-05
3.55884551051639e-05
3.55882017993395e-05
3.55879484971209e-05
3.55876951985082e-05
3.55874419035011e-05
3.55871886120996e-05
3.55869353243037e-05
3.55866820401133e-05
3.55864287595283e-05
3.55861754825485e-05
3.5585922209174e-05
3.55856689394047e-05
3.55854156732405e-05
3.55851624106812e-05
3.55849091517269e-05
3.55846558963775e-05
3.55844026446328e-05
3.55841493964928e-05
3.55838961519575e-05
3.55836429110267e-05
3.55833896737003e-05
3.55831364399784e-05
3.55828832098607e-05
3.55826299833473e-05
3.55823767604381e-05
3.55821235411329e-05
3.55818703254318e-05
3.55816171133346e-05
3.55813639048412e-05
3.55811106999516e-05
3.55808574986657e-05
3.55806043009834e-05
3.55803511069047e-05
3.55800979164295e-05
3.55798447295576e-05
3.55795915462891e-05
3.55793383666237e-05
3.55790851905616e-05
3.55788320181025e-05
3.55785788492464e-05
3.55783256839933e-05
3.5578072522343e-05
3.55778193642955e-05
3.55775662098507e-05
3.55773130590085e-05
3.55770599117689e-05
3.55768067681317e-05
3.55765536280969e-05
3.55763004916645e-05
3.55760473588342e-05
3.55757942296062e-05
3.55755411039802e-05
3.55752879819562e-05
3.55750348635342e-05
3.5574781748714e-05
3.55745286374956e-05
3.55742755298788e-05
3.55740224258637e-05
3.55737693254502e-05
3.55735162286381e-05
3.55732631354274e-05
3.5573010045818e-05
3.55727569598099e-05
3.55725038774029e-05
3.5572250798597e-05
3.55719977233921e-05
3.55717446517882e-05
3.55714915837851e-05
3.55712385193828e-05
3.55709854585811e-05
3.55707324013801e-05
3.55704793477797e-05
3.55702262977797e-05
3.55699732513801e-05
3.55697202085808e-05
3.55694671693818e-05
3.55692141337829e-05
3.55689611017841e-05
3.55687080733854e-05
3.55684550485865e-05
3.55682020273875e-05
3.55679490097883e-05
3.55676959957888e-05
3.55674429853889e-05
3.55671899785886e-05
3.55669369753877e-05
3.55666839757862e-05
3.5566430979784e-05
3.55661779873811e-05
3.55659249985774e-05
3.55656720133727e-05
3.5565419031767e-05
3.55651660537603e-05
3.55649130793524e-05
3.55646601085433e-05
3.5564407141333e-05
3.55641541777212e-05
3.5563901217708e-05
3.55636482612932e-05
3.55633953084769e-05
3.55631423592589e-05
3.55628894136391e-05
3.55626364716175e-05
3.55623835331939e-05
3.55621305983684e-05
3.55618776671408e-05
3.55616247395111e-05
3.55613718154792e-05
3.55611188950449e-05
3.55608659782083e-05
3.55606130649692e-05
3.55603601553277e-05
3.55601072492835e-05
3.55598543468366e-05
3.5559601447987e-05
3.55593485527345e-05
3.55590956610791e-05
3.55588427730208e-05
3.55585898885594e-05
3.55583370076948e-05
3.55580841304271e-05
3.5557831256756e-05
3.55575783866816e-05
3.55573255202037e-05
3.55570726573223e-05
3.55568197980373e-05
3.55565669423486e-05
3.55563140902561e-05
3.55560612417599e-05
3.55558083968597e-05
3.55555555555556e-05
3.55553027178473e-05
3.5555049883735e-05
3.55547970532184e-05
3.55545442262976e-05
3.55542914029723e-05
3.55540385832427e-05
3.55537857671085e-05
3.55535329545697e-05
3.55532801456262e-05
3.5553027340278e-05
3.5552774538525e-05
3.5552521740367e-05
3.55522689458041e-05
3.55520161548361e-05
3.5551763367463e-05
3.55515105836847e-05
3.55512578035011e-05
3.55510050269121e-05
3.55507522539177e-05
3.55504994845178e-05
3.55502467187122e-05
3.5549993956501e-05
3.55497411978841e-05
3.55494884428613e-05
3.55492356914326e-05
3.5548982943598e-05
3.55487301993573e-05
3.55484774587104e-05
3.55482247216574e-05
3.55479719881981e-05
3.55477192583324e-05
3.55474665320603e-05
3.55472138093816e-05
3.55469610902964e-05
3.55467083748045e-05
3.55464556629059e-05
3.55462029546004e-05
3.5545950249888e-05
3.55456975487687e-05
3.55454448512423e-05
3.55451921573088e-05
3.55449394669681e-05
3.55446867802201e-05
3.55444340970647e-05
3.5544181417502e-05
3.55439287415317e-05
3.55436760691538e-05
3.55434234003682e-05
3.55431707351749e-05
3.55429180735738e-05
3.55426654155648e-05
3.55424127611479e-05
3.55421601103229e-05
3.55419074630897e-05
3.55416548194484e-05
3.55414021793988e-05
3.55411495429408e-05
3.55408969100744e-05
3.55406442807995e-05
3.5540391655116e-05
3.55401390330239e-05
3.5539886414523e-05
3.55396337996133e-05
3.55393811882947e-05
3.55391285805672e-05
3.55388759764306e-05
3.55386233758849e-05
3.553837077893e-05
3.55381181855658e-05
3.55378655957923e-05
3.55376130096094e-05
3.55373604270169e-05
3.55371078480149e-05
3.55368552726032e-05
3.55366027007818e-05
3.55363501325506e-05
3.55360975679095e-05
3.55358450068584e-05
3.55355924493973e-05
3.55353398955261e-05
3.55350873452447e-05
3.5534834798553e-05
3.5534582255451e-05
3.55343297159386e-05
3.55340771800156e-05
3.55338246476821e-05
3.5533572118938e-05
3.55333195937831e-05
3.55330670722174e-05
3.55328145542408e-05
3.55325620398533e-05
3.55323095290548e-05
3.55320570218451e-05
3.55318045182243e-05
3.55315520181922e-05
3.55312995217487e-05
3.55310470288939e-05
3.55307945396275e-05
3.55305420539496e-05
3.553028957186e-05
3.55300370933587e-05
3.55297846184456e-05
3.55295321471207e-05
3.55292796793838e-05
3.55290272152348e-05
3.55287747546738e-05
3.55285222977006e-05
3.55282698443151e-05
3.55280173945173e-05
3.55277649483071e-05
3.55275125056844e-05
3.55272600666491e-05
3.55270076312012e-05
3.55267551993406e-05
3.55265027710672e-05
3.55262503463809e-05
3.55259979252817e-05
3.55257455077695e-05
3.55254930938441e-05
3.55252406835056e-05
3.55249882767539e-05
3.55247358735888e-05
3.55244834740103e-05
3.55242310780183e-05
3.55239786856128e-05
3.55237262967936e-05
3.55234739115608e-05
3.55232215299141e-05
3.55229691518536e-05
3.55227167773791e-05
3.55224644064907e-05
3.55222120391881e-05
3.55219596754714e-05
3.55217073153404e-05
3.55214549587951e-05
3.55212026058354e-05
3.55209502564613e-05
3.55206979106726e-05
3.55204455684692e-05
3.55201932298512e-05
3.55199408948184e-05
3.55196885633707e-05
3.55194362355081e-05
3.55191839112305e-05
3.55189315905378e-05
3.55186792734299e-05
3.55184269599068e-05
3.55181746499684e-05
3.55179223436146e-05
3.55176700408453e-05
3.55174177416605e-05
3.55171654460601e-05
3.5516913154044e-05
3.55166608656121e-05
3.55164085807643e-05
3.55161562995006e-05
3.5515904021821e-05
3.55156517477252e-05
3.55153994772133e-05
3.55151472102852e-05
3.55148949469407e-05
3.55146426871799e-05
3.55143904310026e-05
3.55141381784088e-05
3.55138859293984e-05
3.55136336839713e-05
3.55133814421274e-05
3.55131292038667e-05
3.5512876969189e-05
3.55126247380944e-05
3.55123725105827e-05
3.55121202866538e-05
3.55118680663078e-05
3.55116158495444e-05
3.55113636363636e-05
3.55111114267654e-05
3.55108592207497e-05
3.55106070183164e-05
3.55103548194654e-05
3.55101026241966e-05
3.550985043251e-05
3.55095982444055e-05
3.5509346059883e-05
3.55090938789424e-05
3.55088417015837e-05
3.55085895278068e-05
3.55083373576116e-05
3.5508085190998e-05
3.5507833027966e-05
3.55075808685154e-05
3.55073287126463e-05
3.55070765603585e-05
3.55068244116519e-05
3.55065722665265e-05
3.55063201249822e-05
3.5506067987019e-05
3.55058158526367e-05
3.55055637218352e-05
3.55053115946146e-05
3.55050594709746e-05
3.55048073509153e-05
3.55045552344366e-05
3.55043031215383e-05
3.55040510122205e-05
3.5503798906483e-05
3.55035468043258e-05
3.55032947057487e-05
3.55030426107517e-05
3.55027905193348e-05
3.55025384314979e-05
3.55022863472408e-05
3.55020342665635e-05
3.55017821894659e-05
3.5501530115948e-05
3.55012780460097e-05
3.55010259796508e-05
3.55007739168714e-05
3.55005218576713e-05
3.55002698020505e-05
3.55000177500089e-05
3.54997657015464e-05
3.54995136566629e-05
3.54992616153584e-05
3.54990095776328e-05
3.5498757543486e-05
3.54985055129179e-05
3.54982534859285e-05
3.54980014625177e-05
3.54977494426853e-05
3.54974974264314e-05
3.54972454137559e-05
3.54969934046586e-05
3.54967413991396e-05
3.54964893971986e-05
3.54962373988357e-05
3.54959854040508e-05
3.54957334128438e-05
3.54954814252146e-05
3.54952294411631e-05
3.54949774606893e-05
3.54947254837931e-05
3.54944735104744e-05
3.54942215407332e-05
3.54939695745693e-05
3.54937176119827e-05
3.54934656529733e-05
3.5493213697541e-05
3.54929617456858e-05
3.54927097974076e-05
3.54924578527063e-05
3.54922059115818e-05
3.54919539740341e-05
3.5491702040063e-05
3.54914501096686e-05
3.54911981828507e-05
3.54909462596092e-05
3.54906943399441e-05
3.54904424238553e-05
3.54901905113427e-05
3.54899386024062e-05
3.54896866970458e-05
3.54894347952615e-05
3.5489182897053e-05
3.54889310024203e-05
3.54886791113635e-05
3.54884272238823e-05
3.54881753399767e-05
3.54879234596467e-05
3.54876715828921e-05
3.54874197097129e-05
3.5487167840109e-05
3.54869159740804e-05
3.54866641116268e-05
3.54864122527484e-05
3.5486160397445e-05
3.54859085457165e-05
3.54856566975628e-05
3.5485404852984e-05
3.54851530119798e-05
3.54849011745502e-05
3.54846493406952e-05
3.54843975104147e-05
3.54841456837085e-05
3.54838938605767e-05
3.54836420410191e-05
3.54833902250357e-05
3.54831384126263e-05
3.5482886603791e-05
3.54826347985296e-05
3.54823829968421e-05
3.54821311987283e-05
3.54818794041883e-05
3.54816276132219e-05
3.5481375825829e-05
3.54811240420096e-05
3.54808722617637e-05
3.5480620485091e-05
3.54803687119917e-05
3.54801169424654e-05
3.54798651765123e-05
3.54796134141322e-05
3.54793616553251e-05
3.54791099000908e-05
3.54788581484294e-05
3.54786064003406e-05
3.54783546558245e-05
3.54781029148809e-05
3.54778511775099e-05
3.54775994437112e-05
3.54773477134849e-05
3.54770959868309e-05
3.54768442637491e-05
3.54765925442393e-05
3.54763408283016e-05
3.54760891159359e-05
3.5475837407142e-05
3.54755857019199e-05
3.54753340002696e-05
3.54750823021909e-05
3.54748306076838e-05
3.54745789167483e-05
3.54743272293841e-05
3.54740755455913e-05
3.54738238653697e-05
3.54735721887194e-05
3.54733205156402e-05
3.5473068846132e-05
3.54728171801948e-05
3.54725655178285e-05
3.5472313859033e-05
3.54720622038083e-05
3.54718105521542e-05
3.54715589040707e-05
3.54713072595577e-05
3.54710556186152e-05
3.5470803981243e-05
3.54705523474412e-05
3.54703007172095e-05
3.54700490905479e-05
3.54697974674565e-05
3.5469545847935e-05
3.54692942319834e-05
3.54690426196016e-05
3.54687910107896e-05
3.54685394055473e-05
3.54682878038746e-05
3.54680362057714e-05
3.54677846112376e-05
3.54675330202732e-05
3.54672814328782e-05
3.54670298490523e-05
3.54667782687956e-05
3.5466526692108e-05
3.54662751189894e-05
3.54660235494396e-05
3.54657719834588e-05
3.54655204210467e-05
3.54652688622032e-05
3.54650173069284e-05
3.54647657552222e-05
3.54645142070844e-05
3.5464262662515e-05
3.54640111215139e-05
3.5463759584081e-05
3.54635080502163e-05
3.54632565199197e-05
3.54630049931911e-05
3.54627534700304e-05
3.54625019504376e-05
3.54622504344126e-05
3.54619989219552e-05
3.54617474130655e-05
3.54614959077434e-05
3.54612444059887e-05
3.54609929078014e-05
3.54607414131815e-05
3.54604899221288e-05
3.54602384346432e-05
3.54599869507248e-05
3.54597354703734e-05
3.54594839935889e-05
3.54592325203713e-05
3.54589810507205e-05
3.54587295846364e-05
3.5458478122119e-05
3.54582266631681e-05
3.54579752077837e-05
3.54577237559658e-05
3.54574723077141e-05
3.54572208630288e-05
3.54569694219096e-05
3.54567179843565e-05
3.54564665503695e-05
3.54562151199484e-05
3.54559636930932e-05
3.54557122698038e-05
3.54554608500801e-05
3.54552094339221e-05
3.54549580213297e-05
3.54547066123028e-05
3.54544552068413e-05
3.54542038049452e-05
3.54539524066143e-05
3.54537010118486e-05
3.54534496206481e-05
3.54531982330126e-05
3.54529468489421e-05
3.54526954684365e-05
3.54524440914957e-05
3.54521927181196e-05
3.54519413483082e-05
3.54516899820614e-05
3.54514386193792e-05
3.54511872602613e-05
3.54509359047079e-05
3.54506845527187e-05
3.54504332042938e-05
3.54501818594329e-05
3.54499305181362e-05
3.54496791804034e-05
3.54494278462346e-05
3.54491765156295e-05
3.54489251885883e-05
3.54486738651107e-05
3.54484225451967e-05
3.54481712288463e-05
3.54479199160593e-05
3.54476686068357e-05
3.54474173011754e-05
3.54471659990784e-05
3.54469147005445e-05
3.54466634055736e-05
3.54464121141658e-05
3.54461608263209e-05
3.54459095420388e-05
3.54456582613196e-05
3.5445406984163e-05
3.5445155710569e-05
3.54449044405376e-05
3.54446531740687e-05
3.54444019111621e-05
3.54441506518179e-05
3.5443899396036e-05
3.54436481438161e-05
3.54433968951584e-05
3.54431456500627e-05
3.5442894408529e-05
3.54426431705571e-05
3.5442391936147e-05
3.54421407052986e-05
3.54418894780118e-05
3.54416382542867e-05
3.5441387034123e-05
3.54411358175207e-05
3.54408846044797e-05
3.5440633395e-05
3.54403821890815e-05
3.54401309867241e-05
3.54398797879278e-05
3.54396285926923e-05
3.54393774010178e-05
3.54391262129041e-05
3.54388750283511e-05
3.54386238473588e-05
3.5438372669927e-05
3.54381214960557e-05
3.54378703257449e-05
3.54376191589944e-05
3.54373679958042e-05
3.54371168361742e-05
3.54368656801043e-05
3.54366145275945e-05
3.54363633786446e-05
3.54361122332547e-05
3.54358610914245e-05
3.54356099531541e-05
3.54353588184434e-05
3.54351076872923e-05
3.54348565597006e-05
3.54346054356685e-05
3.54343543151957e-05
3.54341031982822e-05
3.54338520849279e-05
3.54336009751327e-05
3.54333498688966e-05
3.54330987662195e-05
3.54328476671013e-05
3.5432596571542e-05
3.54323454795414e-05
3.54320943910995e-05
3.54318433062162e-05
3.54315922248914e-05
3.54313411471251e-05
3.54310900729172e-05
3.54308390022676e-05
3.54305879351762e-05
3.5430336871643e-05
3.54300858116678e-05
3.54298347552507e-05
3.54295837023915e-05
3.54293326530901e-05
3.54290816073466e-05
3.54288305651607e-05
3.54285795265325e-05
3.54283284914618e-05
3.54280774599486e-05
3.54278264319927e-05
3.54275754075943e-05
3.5427324386753e-05
3.54270733694689e-05
3.5426822355742e-05
3.5426571345572e-05
3.5426320338959e-05
3.54260693359029e-05
3.54258183364036e-05
3.5425567340461e-05
3.5425316348075e-05
3.54250653592456e-05
3.54248143739727e-05
3.54245633922562e-05
3.5424312414096e-05
3.54240614394922e-05
3.54238104684445e-05
3.54235595009529e-05
3.54233085370174e-05
3.54230575766378e-05
3.54228066198141e-05
3.54225556665462e-05
3.54223047168341e-05
3.54220537706776e-05
3.54218028280767e-05
3.54215518890314e-05
3.54213009535414e-05
3.54210500216068e-05
3.54207990932275e-05
3.54205481684035e-05
3.54202972471345e-05
3.54200463294206e-05
3.54197954152617e-05
3.54195445046577e-05
3.54192935976085e-05
3.54190426941141e-05
3.54187917941743e-05
3.54185408977892e-05
3.54182900049586e-05
3.54180391156824e-05
3.54177882299606e-05
3.54175373477931e-05
3.54172864691799e-05
3.54170355941208e-05
3.54167847226157e-05
3.54165338546647e-05
3.54162829902676e-05
3.54160321294243e-05
3.54157812721349e-05
3.54155304183991e-05
3.54152795682169e-05
3.54150287215883e-05
3.54147778785131e-05
3.54145270389914e-05
3.5414276203023e-05
3.54140253706078e-05
3.54137745417458e-05
3.54135237164368e-05
3.54132728946809e-05
3.5413022076478e-05
3.54127712618279e-05
3.54125204507306e-05
3.5412269643186e-05
3.5412018839194e-05
3.54117680387546e-05
3.54115172418677e-05
3.54112664485333e-05
3.54110156587511e-05
3.54107648725212e-05
3.54105140898436e-05
3.5410263310718e-05
3.54100125351444e-05
3.54097617631229e-05
3.54095109946532e-05
3.54092602297353e-05
3.54090094683691e-05
3.54087587105546e-05
3.54085079562917e-05
3.54082572055803e-05
3.54080064584204e-05
3.54077557148118e-05
3.54075049747545e-05
3.54072542382483e-05
3.54070035052933e-05
3.54067527758894e-05
3.54065020500365e-05
3.54062513277344e-05
3.54060006089832e-05
3.54057498937827e-05
3.5405499182133e-05
3.54052484740338e-05
3.54049977694851e-05
3.54047470684869e-05
3.54044963710391e-05
3.54042456771416e-05
3.54039949867943e-05
3.54037442999972e-05
3.54034936167501e-05
3.5403242937053e-05
3.54029922609059e-05
3.54027415883086e-05
3.54024909192611e-05
3.54022402537633e-05
3.54019895918151e-05
3.54017389334164e-05
3.54014882785672e-05
3.54012376272674e-05
3.5400986979517e-05
3.54007363353158e-05
3.54004856946637e-05
3.54002350575608e-05
3.53999844240069e-05
3.53997337940019e-05
3.53994831675458e-05
3.53992325446384e-05
3.53989819252798e-05
3.53987313094699e-05
3.53984806972085e-05
3.53982300884956e-05
3.53979794833311e-05
3.53977288817149e-05
3.53974782836471e-05
3.53972276891274e-05
3.53969770981558e-05
3.53967265107323e-05
3.53964759268567e-05
3.5396225346529e-05
3.53959747697492e-05
3.53957241965171e-05
3.53954736268326e-05
3.53952230606957e-05
3.53949724981064e-05
3.53947219390644e-05
3.53944713835699e-05
3.53942208316226e-05
3.53939702832225e-05
3.53937197383696e-05
3.53934691970638e-05
3.53932186593049e-05
3.53929681250929e-05
3.53927175944278e-05
3.53924670673094e-05
3.53922165437377e-05
3.53919660237126e-05
3.53917155072341e-05
3.5391464994302e-05
3.53912144849163e-05
3.53909639790769e-05
3.53907134767837e-05
3.53904629780367e-05
3.53902124828357e-05
3.53899619911808e-05
3.53897115030718e-05
3.53894610185087e-05
3.53892105374913e-05
3.53889600600197e-05
3.53887095860937e-05
3.53884591157132e-05
3.53882086488782e-05
3.53879581855886e-05
3.53877077258444e-05
3.53874572696453e-05
3.53872068169915e-05
3.53869563678828e-05
3.53867059223191e-05
3.53864554803004e-05
3.53862050418265e-05
3.53859546068974e-05
3.53857041755131e-05
3.53854537476734e-05
3.53852033233783e-05
3.53849529026277e-05
3.53847024854215e-05
3.53844520717597e-05
3.53842016616421e-05
3.53839512550688e-05
3.53837008520395e-05
3.53834504525543e-05
3.53832000566131e-05
3.53829496642158e-05
3.53826992753623e-05
3.53824488900526e-05
3.53821985082865e-05
3.5381948130064e-05
3.53816977553851e-05
3.53814473842496e-05
3.53811970166575e-05
3.53809466526086e-05
3.5380696292103e-05
3.53804459351406e-05
3.53801955817212e-05
3.53799452318448e-05
3.53796948855113e-05
3.53794445427207e-05
3.53791942034728e-05
3.53789438677677e-05
3.53786935356051e-05
3.53784432069851e-05
3.53781928819076e-05
3.53779425603725e-05
3.53776922423796e-05
3.53774419279291e-05
3.53771916170207e-05
3.53769413096544e-05
3.53766910058301e-05
3.53764407055477e-05
3.53761904088073e-05
3.53759401156086e-05
3.53756898259516e-05
3.53754395398363e-05
3.53751892572625e-05
3.53749389782303e-05
3.53746887027394e-05
3.53744384307899e-05
3.53741881623817e-05
3.53739378975146e-05
3.53736876361887e-05
3.53734373784038e-05
3.53731871241599e-05
3.53729368734569e-05
3.53726866262946e-05
3.53724363826732e-05
3.53721861425924e-05
3.53719359060521e-05
3.53716856730524e-05
3.53714354435932e-05
3.53711852176743e-05
3.53709349952957e-05
3.53706847764573e-05
3.5370434561159e-05
3.53701843494008e-05
3.53699341411826e-05
3.53696839365043e-05
3.53694337353659e-05
3.53691835377672e-05
3.53689333437082e-05
3.53686831531888e-05
3.5368432966209e-05
3.53681827827686e-05
3.53679326028676e-05
3.5367682426506e-05
3.53674322536835e-05
3.53671820844002e-05
3.53669319186561e-05
3.53666817564509e-05
3.53664315977846e-05
3.53661814426573e-05
3.53659312910687e-05
3.53656811430188e-05
3.53654309985076e-05
3.53651808575349e-05
3.53649307201007e-05
3.53646805862049e-05
3.53644304558475e-05
3.53641803290283e-05
3.53639302057473e-05
3.53636800860045e-05
3.53634299697996e-05
3.53631798571328e-05
3.53629297480038e-05
3.53626796424126e-05
3.53624295403591e-05
3.53621794418434e-05
3.53619293468652e-05
3.53616792554245e-05
3.53614291675212e-05
3.53611790831554e-05
3.53609290023267e-05
3.53606789250354e-05
3.53604288512811e-05
3.53601787810639e-05
3.53599287143837e-05
3.53596786512404e-05
3.5359428591634e-05
3.53591785355643e-05
3.53589284830313e-05
3.53586784340349e-05
3.5358428388575e-05
3.53581783466516e-05
3.53579283082646e-05
3.53576782734139e-05
3.53574282420994e-05
3.53571782143211e-05
3.53569281900788e-05
3.53566781693726e-05
3.53564281522023e-05
3.53561781385679e-05
3.53559281284693e-05
3.53556781219064e-05
3.53554281188791e-05
3.53551781193874e-05
3.53549281234311e-05
3.53546781310103e-05
3.53544281421248e-05
3.53541781567746e-05
3.53539281749595e-05
3.53536781966796e-05
3.53534282219347e-05
3.53531782507247e-05
3.53529282830497e-05
3.53526783189094e-05
3.53524283583039e-05
3.53521784012331e-05
3.53519284476968e-05
3.53516784976951e-05
3.53514285512278e-05
3.53511786082948e-05
3.53509286688961e-05
3.53506787330317e-05
3.53504288007014e-05
3.53501788719051e-05
3.53499289466428e-05
3.53496790249145e-05
3.53494291067199e-05
3.53491791920592e-05
3.53489292809321e-05
3.53486793733386e-05
3.53484294692787e-05
3.53481795687522e-05
3.53479296717591e-05
3.53476797782994e-05
3.53474298883728e-05
3.53471800019794e-05
3.53469301191192e-05
3.53466802397919e-05
3.53464303639975e-05
3.53461804917361e-05
3.53459306230074e-05
3.53456807578114e-05
3.53454308961481e-05
3.53451810380173e-05
3.5344931183419e-05
3.53446813323531e-05
3.53444314848196e-05
3.53441816408183e-05
3.53439318003492e-05
3.53436819634122e-05
3.53434321300073e-05
3.53431823001343e-05
3.53429324737932e-05
3.53426826509839e-05
3.53424328317064e-05
3.53421830159605e-05
3.53419332037462e-05
3.53416833950635e-05
3.53414335899121e-05
3.53411837882922e-05
3.53409339902035e-05
3.5340684195646e-05
3.53404344046197e-05
3.53401846171244e-05
3.53399348331602e-05
3.53396850527268e-05
3.53394352758243e-05
3.53391855024525e-05
3.53389357326115e-05
3.5338685966301e-05
3.53384362035211e-05
3.53381864442717e-05
3.53379366885526e-05
3.53376869363639e-05
3.53374371877054e-05
3.53371874425771e-05
3.53369377009788e-05
3.53366879629106e-05
3.53364382283723e-05
3.53361884973639e-05
3.53359387698853e-05
3.53356890459364e-05
3.53354393255171e-05
3.53351896086274e-05
3.53349398952672e-05
3.53346901854365e-05
3.5334440479135e-05
3.53341907763628e-05
3.53339410771199e-05
3.5333691381406e-05
3.53334416892212e-05
3.53331920005653e-05
3.53329423154384e-05
3.53326926338402e-05
3.53324429557708e-05
3.53321932812301e-05
3.5331943610218e-05
3.53316939427344e-05
3.53314442787792e-05
3.53311946183524e-05
3.53309449614539e-05
3.53306953080837e-05
3.53304456582415e-05
3.53301960119275e-05
3.53299463691414e-05
3.53296967298833e-05
3.5329447094153e-05
3.53291974619505e-05
3.53289478332756e-05
3.53286982081284e-05
3.53284485865088e-05
3.53281989684166e-05
3.53279493538518e-05
3.53276997428143e-05
3.53274501353041e-05
3.53272005313211e-05
3.53269509308652e-05
3.53267013339362e-05
3.53264517405343e-05
3.53262021506592e-05
3.53259525643109e-05
3.53257029814893e-05
3.53254534021944e-05
3.53252038264261e-05
3.53249542541842e-05
3.53247046854688e-05
3.53244551202798e-05
3.5324205558617e-05
3.53239560004804e-05
3.53237064458699e-05
3.53234568947855e-05
3.53232073472271e-05
3.53229578031946e-05
3.53227082626879e-05
3.5322458725707e-05
3.53222091922517e-05
3.53219596623221e-05
3.53217101359179e-05
3.53214606130393e-05
3.5321211093686e-05
3.5320961577858e-05
3.53207120655552e-05
3.53204625567776e-05
3.53202130515251e-05
3.53199635497976e-05
3.5319714051595e-05
3.53194645569173e-05
3.53192150657644e-05
3.53189655781361e-05
3.53187160940326e-05
3.53184666134535e-05
3.5318217136399e-05
3.53179676628688e-05
3.5317718192863e-05
3.53174687263814e-05
3.53172192634241e-05
3.53169698039908e-05
3.53167203480816e-05
3.53164708956963e-05
3.5316221446835e-05
3.53159720014974e-05
3.53157225596836e-05
3.53154731213934e-05
3.53152236866268e-05
3.53149742553838e-05
3.53147248276641e-05
3.53144754034679e-05
3.53142259827949e-05
3.53139765656451e-05
3.53137271520185e-05
3.5313477741915e-05
3.53132283353344e-05
3.53129789322768e-05
3.5312729532742e-05
3.53124801367299e-05
3.53122307442406e-05
3.53119813552738e-05
3.53117319698297e-05
3.53114825879079e-05
3.53112332095086e-05
3.53109838346316e-05
3.53107344632768e-05
3.53104850954442e-05
3.53102357311337e-05
3.53099863703453e-05
3.53097370130787e-05
3.53094876593341e-05
3.53092383091112e-05
3.53089889624101e-05
3.53087396192306e-05
3.53084902795726e-05
3.53082409434362e-05
3.53079916108212e-05
3.53077422817275e-05
3.53074929561552e-05
3.5307243634104e-05
3.53069943155739e-05
3.53067450005649e-05
3.53064956890769e-05
3.53062463811097e-05
3.53059970766634e-05
3.53057477757379e-05
3.5305498478333e-05
3.53052491844487e-05
3.5304999894085e-05
3.53047506072417e-05
3.53045013239188e-05
3.53042520441162e-05
3.53040027678338e-05
3.53037534950716e-05
3.53035042258295e-05
3.53032549601073e-05
3.53030056979051e-05
3.53027564392228e-05
3.53025071840602e-05
3.53022579324174e-05
3.53020086842941e-05
3.53017594396905e-05
3.53015101986063e-05
3.53012609610415e-05
3.53010117269961e-05
3.53007624964699e-05
3.53005132694629e-05
3.53002640459751e-05
3.53000148260062e-05
3.52997656095564e-05
3.52995163966254e-05
3.52992671872132e-05
3.52990179813198e-05
3.5298768778945e-05
3.52985195800888e-05
3.52982703847511e-05
3.52980211929319e-05
3.52977720046311e-05
3.52975228198485e-05
3.52972736385842e-05
3.52970244608379e-05
3.52967752866098e-05
3.52965261158997e-05
3.52962769487075e-05
3.52960277850331e-05
3.52957786248765e-05
3.52955294682376e-05
3.52952803151163e-05
3.52950311655125e-05
3.52947820194263e-05
3.52945328768574e-05
3.52942837378058e-05
3.52940346022715e-05
3.52937854702544e-05
3.52935363417544e-05
3.52932872167714e-05
3.52930380953053e-05
3.52927889773561e-05
3.52925398629238e-05
3.52922907520081e-05
3.52920416446091e-05
3.52917925407267e-05
3.52915434403608e-05
3.52912943435113e-05
3.52910452501782e-05
3.52907961603614e-05
3.52905470740607e-05
3.52902979912762e-05
3.52900489120078e-05
3.52897998362553e-05
3.52895507640188e-05
3.52893016952981e-05
3.52890526300931e-05
3.52888035684038e-05
3.52885545102302e-05
3.5288305455572e-05
3.52880564044294e-05
3.52878073568021e-05
3.52875583126901e-05
3.52873092720934e-05
3.52870602350118e-05
3.52868112014453e-05
3.52865621713939e-05
3.52863131448574e-05
3.52860641218357e-05
3.52858151023289e-05
3.52855660863367e-05
3.52853170738592e-05
3.52850680648963e-05
3.52848190594479e-05
3.52845700575139e-05
3.52843210590942e-05
3.52840720641888e-05
3.52838230727976e-05
3.52835740849205e-05
3.52833251005575e-05
3.52830761197084e-05
3.52828271423733e-05
3.52825781685519e-05
3.52823291982444e-05
3.52820802314504e-05
3.52818312681701e-05
3.52815823084034e-05
3.528133335215e-05
3.52810843994101e-05
3.52808354501835e-05
3.52805865044701e-05
3.52803375622698e-05
3.52800886235826e-05
3.52798396884085e-05
3.52795907567472e-05
3.52793418285988e-05
3.52790929039633e-05
3.52788439828404e-05
3.52785950652301e-05
3.52783461511324e-05
3.52780972405472e-05
3.52778483334744e-05
3.5277599429914e-05
3.52773505298658e-05
3.52771016333298e-05
3.52768527403059e-05
3.52766038507941e-05
3.52763549647942e-05
3.52761060823062e-05
3.527585720333e-05
3.52756083278656e-05
3.52753594559129e-05
3.52751105874717e-05
3.5274861722542e-05
3.52746128611239e-05
3.5274364003217e-05
3.52741151488215e-05
3.52738662979372e-05
3.5273617450564e-05
3.52733686067019e-05
3.52731197663509e-05
3.52728709295107e-05
3.52726220961814e-05
3.52723732663629e-05
3.5272124440055e-05
3.52718756172578e-05
3.52716267979712e-05
3.5271377982195e-05
3.52711291699292e-05
3.52708803611738e-05
3.52706315559286e-05
3.52703827541936e-05
3.52701339559688e-05
3.52698851612539e-05
3.5269636370049e-05
3.5269387582354e-05
3.52691387981688e-05
3.52688900174934e-05
3.52686412403276e-05
3.52683924666714e-05
3.52681436965247e-05
3.52678949298874e-05
3.52676461667595e-05
3.52673974071409e-05
3.52671486510316e-05
3.52668998984313e-05
3.52666511493402e-05
3.5266402403758e-05
3.52661536616847e-05
3.52659049231203e-05
3.52656561880647e-05
3.52654074565178e-05
3.52651587284794e-05
3.52649100039497e-05
3.52646612829284e-05
3.52644125654155e-05
3.52641638514109e-05
3.52639151409146e-05
3.52636664339265e-05
3.52634177304464e-05
3.52631690304744e-05
3.52629203340104e-05
3.52626716410542e-05
3.52624229516058e-05
3.52621742656652e-05
3.52619255832323e-05
3.52616769043069e-05
3.5261428228889e-05
3.52611795569785e-05
3.52609308885755e-05
3.52606822236797e-05
3.52604335622911e-05
3.52601849044096e-05
3.52599362500353e-05
3.52596875991679e-05
3.52594389518074e-05
3.52591903079538e-05
3.52589416676069e-05
3.52586930307667e-05
3.52584443974332e-05
3.52581957676062e-05
3.52579471412856e-05
3.52576985184715e-05
3.52574498991637e-05
3.52572012833621e-05
3.52569526710667e-05
3.52567040622774e-05
3.52564554569942e-05
3.52562068552169e-05
3.52559582569454e-05
3.52557096621798e-05
3.52554610709199e-05
3.52552124831656e-05
3.5254963898917e-05
3.52547153181738e-05
3.52544667409361e-05
3.52542181672037e-05
3.52539695969766e-05
3.52537210302547e-05
3.5253472467038e-05
3.52532239073263e-05
3.52529753511196e-05
3.52527267984179e-05
3.52524782492209e-05
3.52522297035287e-05
3.52519811613413e-05
3.52517326226584e-05
3.52514840874801e-05
3.52512355558062e-05
3.52509870276368e-05
3.52507385029716e-05
3.52504899818108e-05
3.5250241464154e-05
3.52499929500014e-05
3.52497444393528e-05
3.52494959322082e-05
3.52492474285674e-05
3.52489989284304e-05
3.52487504317972e-05
3.52485019386676e-05
3.52482534490416e-05
3.52480049629191e-05
3.52477564803e-05
3.52475080011843e-05
3.52472595255719e-05
3.52470110534627e-05
3.52467625848566e-05
3.52465141197536e-05
3.52462656581535e-05
3.52460172000564e-05
3.52457687454621e-05
3.52455202943706e-05
3.52452718467818e-05
3.52450234026955e-05
3.52447749621119e-05
3.52445265250307e-05
3.52442780914519e-05
3.52440296613754e-05
3.52437812348011e-05
3.52435328117291e-05
3.52432843921591e-05
3.52430359760911e-05
3.52427875635251e-05
3.5242539154461e-05
3.52422907488987e-05
3.52420423468381e-05
3.52417939482791e-05
3.52415455532218e-05
3.52412971616659e-05
3.52410487736115e-05
3.52408003890584e-05
3.52405520080067e-05
3.52403036304561e-05
3.52400552564066e-05
3.52398068858583e-05
3.52395585188109e-05
3.52393101552644e-05
3.52390617952188e-05
3.52388134386739e-05
3.52385650856297e-05
3.52383167360861e-05
3.52380683900431e-05
3.52378200475006e-05
3.52375717084584e-05
3.52373233729166e-05
3.5237075040875e-05
3.52368267123336e-05
3.52365783872923e-05
3.5236330065751e-05
3.52360817477097e-05
3.52358334331682e-05
3.52355851221265e-05
3.52353368145846e-05
3.52350885105423e-05
3.52348402099996e-05
3.52345919129565e-05
3.52343436194127e-05
3.52340953293683e-05
3.52338470428232e-05
3.52335987597773e-05
3.52333504802306e-05
3.52331022041829e-05
3.52328539316342e-05
3.52326056625844e-05
3.52323573970334e-05
3.52321091349813e-05
3.52318608764278e-05
3.52316126213729e-05
3.52313643698166e-05
3.52311161217587e-05
3.52308678771993e-05
3.52306196361382e-05
3.52303713985753e-05
3.52301231645106e-05
3.5229874933944e-05
3.52296267068754e-05
3.52293784833048e-05
3.52291302632321e-05
3.52288820466571e-05
3.52286338335799e-05
3.52283856240004e-05
3.52281374179184e-05
3.5227889215334e-05
3.5227641016247e-05
3.52273928206573e-05
3.5227144628565e-05
3.52268964399698e-05
3.52266482548718e-05
3.52264000732709e-05
3.5226151895167e-05
3.52259037205599e-05
3.52256555494498e-05
3.52254073818364e-05
3.52251592177197e-05
3.52249110570996e-05
3.5224662899976e-05
3.5224414746349e-05
3.52241665962183e-05
3.5223918449584e-05
3.52236703064459e-05
3.5223422166804e-05
3.52231740306582e-05
3.52229258980085e-05
3.52226777688547e-05
3.52224296431968e-05
3.52221815210347e-05
3.52219334023683e-05
3.52216852871976e-05
3.52214371755225e-05
3.52211890673429e-05
3.52209409626588e-05
3.522069286147e-05
3.52204447637765e-05
3.52201966695782e-05
3.52199485788751e-05
3.5219700491667e-05
3.5219452407954e-05
3.52192043277358e-05
3.52189562510125e-05
3.5218708177784e-05
3.52184601080502e-05
3.52182120418111e-05
3.52179639790664e-05
3.52177159198163e-05
3.52174678640606e-05
3.52172198117992e-05
3.5216971763032e-05
3.52167237177591e-05
3.52164756759802e-05
3.52162276376955e-05
3.52159796029046e-05
3.52157315716077e-05
3.52154835438045e-05
3.52152355194952e-05
3.52149874986794e-05
3.52147394813573e-05
3.52144914675287e-05
3.52142434571936e-05
3.52139954503518e-05
3.52137474470033e-05
3.52134994471481e-05
3.5213251450786e-05
3.52130034579169e-05
3.52127554685409e-05
3.52125074826578e-05
3.52122595002676e-05
3.52120115213702e-05
3.52117635459654e-05
3.52115155740533e-05
3.52112676056338e-05
3.52110196407068e-05
3.52107716792721e-05
3.52105237213298e-05
3.52102757668798e-05
3.5210027815922e-05
3.52097798684563e-05
3.52095319244826e-05
3.52092839840009e-05
3.52090360470111e-05
3.52087881135131e-05
3.52085401835069e-05
3.52082922569924e-05
3.52080443339694e-05
3.5207796414438e-05
3.52075484983981e-05
3.52073005858495e-05
3.52070526767922e-05
3.52068047712262e-05
3.52065568691513e-05
3.52063089705675e-05
3.52060610754748e-05
3.52058131838729e-05
3.5205565295762e-05
3.52053174111418e-05
3.52050695300123e-05
3.52048216523735e-05
3.52045737782253e-05
3.52043259075675e-05
3.52040780404002e-05
3.52038301767232e-05
3.52035823165365e-05
3.520333445984e-05
3.52030866066337e-05
3.52028387569174e-05
3.5202590910691e-05
3.52023430679546e-05
3.5202095228708e-05
3.52018473929512e-05
3.5201599560684e-05
3.52013517319065e-05
3.52011039066185e-05
3.520085608482e-05
3.52006082665108e-05
3.5200360451691e-05
3.52001126403604e-05
3.5199864832519e-05
3.51996170281667e-05
3.51993692273034e-05
3.51991214299291e-05
3.51988736360436e-05
3.5198625845647e-05
3.51983780587391e-05
3.51981302753198e-05
3.51978824953891e-05
3.51976347189469e-05
3.51973869459931e-05
3.51971391765277e-05
3.51968914105506e-05
3.51966436480617e-05
3.5196395889061e-05
3.51961481335483e-05
3.51959003815236e-05
3.51956526329868e-05
3.51954048879378e-05
3.51951571463767e-05
3.51949094083032e-05
3.51946616737173e-05
3.5194413942619e-05
3.51941662150082e-05
3.51939184908848e-05
3.51936707702487e-05
3.51934230530998e-05
3.51931753394382e-05
3.51929276292636e-05
3.51926799225761e-05
3.51924322193755e-05
3.51921845196619e-05
3.5191936823435e-05
3.51916891306949e-05
3.51914414414414e-05
3.51911937556746e-05
3.51909460733942e-05
3.51906983946003e-05
3.51904507192928e-05
3.51902030474716e-05
3.51899553791366e-05
3.51897077142877e-05
3.51894600529249e-05
3.51892123950482e-05
3.51889647406573e-05
3.51887170897523e-05
3.51884694423331e-05
3.51882217983996e-05
3.51879741579518e-05
3.51877265209895e-05
3.51874788875127e-05
3.51872312575213e-05
3.51869836310152e-05
3.51867360079944e-05
3.51864883884588e-05
3.51862407724084e-05
3.51859931598429e-05
3.51857455507625e-05
3.51854979451669e-05
3.51852503430562e-05
3.51850027444302e-05
3.51847551492889e-05
3.51845075576322e-05
3.51842599694601e-05
3.51840123847724e-05
3.5183764803569e-05
3.518351722585e-05
3.51832696516153e-05
3.51830220808647e-05
3.51827745135981e-05
3.51825269498156e-05
3.51822793895171e-05
3.51820318327024e-05
3.51817842793715e-05
3.51815367295243e-05
3.51812891831608e-05
3.51810416402809e-05
3.51807941008844e-05
3.51805465649714e-05
3.51802990325418e-05
3.51800515035954e-05
3.51798039781322e-05
3.51795564561522e-05
3.51793089376552e-05
3.51790614226412e-05
3.51788139111102e-05
3.51785664030619e-05
3.51783188984965e-05
3.51780713974137e-05
3.51778238998136e-05
3.5177576405696e-05
3.51773289150608e-05
3.51770814279081e-05
3.51768339442377e-05
3.51765864640495e-05
3.51763389873436e-05
3.51760915141197e-05
3.51758440443778e-05
3.5175596578118e-05
3.517534911534e-05
3.51751016560438e-05
3.51748542002293e-05
3.51746067478966e-05
3.51743592990454e-05
3.51741118536757e-05
3.51738644117875e-05
3.51736169733806e-05
3.5173369538455e-05
3.51731221070107e-05
3.51728746790475e-05
3.51726272545654e-05
3.51723798335643e-05
3.51721324160441e-05
3.51718850020048e-05
3.51716375914463e-05
3.51713901843684e-05
3.51711427807712e-05
3.51708953806546e-05
3.51706479840185e-05
3.51704005908627e-05
3.51701532011873e-05
3.51699058149922e-05
3.51696584322773e-05
3.51694110530425e-05
3.51691636772878e-05
3.5168916305013e-05
3.51686689362181e-05
3.51684215709031e-05
3.51681742090678e-05
3.51679268507122e-05
3.51676794958361e-05
3.51674321444397e-05
3.51671847965227e-05
3.51669374520851e-05
3.51666901111267e-05
3.51664427736477e-05
3.51661954396478e-05
3.5165948109127e-05
3.51657007820852e-05
3.51654534585223e-05
3.51652061384384e-05
3.51649588218332e-05
3.51647115087068e-05
3.5164464199059e-05
3.51642168928898e-05
3.51639695901991e-05
3.51637222909868e-05
3.51634749952529e-05
3.51632277029973e-05
3.51629804142199e-05
3.51627331289206e-05
3.51624858470994e-05
3.51622385687562e-05
3.5161991293891e-05
3.51617440225035e-05
3.51614967545939e-05
3.51612494901619e-05
3.51610022292075e-05
3.51607549717308e-05
3.51605077177314e-05
3.51602604672095e-05
3.5160013220165e-05
3.51597659765977e-05
3.51595187365075e-05
3.51592714998945e-05
3.51590242667586e-05
3.51587770370995e-05
3.51585298109174e-05
3.51582825882121e-05
3.51580353689836e-05
3.51577881532317e-05
3.51575409409564e-05
3.51572937321577e-05
3.51570465268354e-05
3.51567993249895e-05
3.51565521266198e-05
3.51563049317265e-05
3.51560577403092e-05
3.51558105523681e-05
3.5155563367903e-05
3.51553161869138e-05
3.51550690094005e-05
3.51548218353629e-05
3.51545746648011e-05
3.5154327497715e-05
3.51540803341044e-05
3.51538331739693e-05
3.51535860173096e-05
3.51533388641253e-05
3.51530917144163e-05
3.51528445681825e-05
3.51525974254238e-05
3.51523502861401e-05
3.51521031503315e-05
3.51518560179978e-05
3.51516088891389e-05
3.51513617637547e-05
3.51511146418453e-05
3.51508675234105e-05
3.51506204084502e-05
3.51503732969644e-05
3.5150126188953e-05
3.5149879084416e-05
3.51496319833531e-05
3.51493848857645e-05
3.514913779165e-05
3.51488907010095e-05
3.51486436138429e-05
3.51483965301503e-05
3.51481494499315e-05
3.51479023731864e-05
3.51476552999149e-05
3.51474082301171e-05
3.51471611637928e-05
3.51469141009419e-05
3.51466670415644e-05
3.51464199856603e-05
3.51461729332293e-05
3.51459258842715e-05
3.51456788387868e-05
3.51454317967751e-05
3.51451847582363e-05
3.51449377231704e-05
3.51446906915772e-05
3.51444436634568e-05
3.5144196638809e-05
3.51439496176338e-05
3.51437025999311e-05
3.51434555857008e-05
3.51432085749429e-05
3.51429615676572e-05
3.51427145638438e-05
3.51424675635024e-05
3.51422205666332e-05
3.51419735732359e-05
3.51417265833105e-05
3.51414795968569e-05
3.51412326138752e-05
3.51409856343651e-05
3.51407386583266e-05
3.51404916857597e-05
3.51402447166642e-05
3.51399977510401e-05
3.51397507888874e-05
3.51395038302059e-05
3.51392568749956e-05
3.51390099232564e-05
3.51387629749882e-05
3.5138516030191e-05
3.51382690888647e-05
3.51380221510092e-05
3.51377752166244e-05
3.51375282857103e-05
3.51372813582667e-05
3.51370344342937e-05
3.51367875137912e-05
3.5136540596759e-05
3.51362936831971e-05
3.51360467731055e-05
3.5135799866484e-05
3.51355529633325e-05
3.51353060636511e-05
3.51350591674396e-05
3.5134812274698e-05
3.51345653854262e-05
3.51343184996241e-05
3.51340716172916e-05
3.51338247384287e-05
3.51335778630353e-05
3.51333309911113e-05
3.51330841226566e-05
3.51328372576713e-05
3.51325903961551e-05
3.51323435381081e-05
3.51320966835301e-05
3.51318498324211e-05
3.5131602984781e-05
3.51313561406097e-05
3.51311092999073e-05
3.51308624626735e-05
3.51306156289083e-05
3.51303687986116e-05
3.51301219717835e-05
3.51298751484237e-05
3.51296283285323e-05
3.51293815121091e-05
3.51291346991541e-05
3.51288878896672e-05
3.51286410836483e-05
3.51283942810974e-05
3.51281474820144e-05
3.51279006863992e-05
3.51276538942517e-05
3.51274071055719e-05
3.51271603203597e-05
3.5126913538615e-05
3.51266667603378e-05
3.51264199855279e-05
3.51261732141854e-05
3.512592644631e-05
3.51256796819018e-05
3.51254329209608e-05
3.51251861634867e-05
3.51249394094795e-05
3.51246926589392e-05
3.51244459118657e-05
3.5124199168259e-05
3.51239524281188e-05
3.51237056914453e-05
3.51234589582382e-05
3.51232122284976e-05
3.51229655022233e-05
3.51227187794153e-05
3.51224720600735e-05
3.51222253441978e-05
3.51219786317882e-05
3.51217319228446e-05
3.51214852173669e-05
3.5121238515355e-05
3.51209918168089e-05
3.51207451217285e-05
3.51204984301137e-05
3.51202517419645e-05
3.51200050572807e-05
3.51197583760624e-05
3.51195116983093e-05
3.51192650240216e-05
3.5119018353199e-05
3.51187716858415e-05
3.51185250219491e-05
3.51182783615216e-05
3.5118031704559e-05
3.51177850510613e-05
3.51175384010282e-05
3.51172917544599e-05
3.51170451113561e-05
3.51167984717169e-05
3.51165518355422e-05
3.51163052028318e-05
3.51160585735857e-05
3.51158119478039e-05
3.51155653254862e-05
3.51153187066326e-05
3.5115072091243e-05
3.51148254793174e-05
3.51145788708556e-05
3.51143322658576e-05
3.51140856643234e-05
3.51138390662528e-05
3.51135924716458e-05
3.51133458805023e-05
3.51130992928222e-05
3.51128527086055e-05
3.5112606127852e-05
3.51123595505618e-05
3.51121129767347e-05
3.51118664063707e-05
3.51116198394697e-05
3.51113732760316e-05
3.51111267160563e-05
3.51108801595438e-05
3.51106336064941e-05
3.51103870569069e-05
3.51101405107823e-05
3.51098939681202e-05
3.51096474289205e-05
3.51094008931832e-05
3.51091543609081e-05
3.51089078320952e-05
3.51086613067444e-05
3.51084147848556e-05
3.51081682664289e-05
3.5107921751464e-05
3.5107675239961e-05
3.51074287319197e-05
3.51071822273401e-05
3.51069357262221e-05
3.51066892285656e-05
3.51064427343706e-05
3.5106196243637e-05
3.51059497563647e-05
3.51057032725537e-05
3.51054567922038e-05
3.5105210315315e-05
3.51049638418872e-05
3.51047173719204e-05
3.51044709054145e-05
3.51042244423694e-05
3.5103977982785e-05
3.51037315266613e-05
3.51034850739981e-05
3.51032386247955e-05
3.51029921790533e-05
3.51027457367715e-05
3.510249929795e-05
3.51022528625887e-05
3.51020064306876e-05
3.51017600022465e-05
3.51015135772655e-05
3.51012671557443e-05
3.5101020737683e-05
3.51007743230816e-05
3.51005279119398e-05
3.51002815042577e-05
3.51000351000351e-05
3.5099788699272e-05
3.50995423019684e-05
3.50992959081241e-05
3.50990495177391e-05
3.50988031308132e-05
3.50985567473466e-05
3.50983103673389e-05
3.50980639907903e-05
3.50978176177005e-05
3.50975712480696e-05
3.50973248818975e-05
3.50970785191841e-05
3.50968321599292e-05
3.5096585804133e-05
3.50963394517952e-05
3.50960931029158e-05
3.50958467574947e-05
3.50956004155319e-05
3.50953540770273e-05
3.50951077419808e-05
3.50948614103923e-05
3.50946150822618e-05
3.50943687575892e-05
3.50941224363744e-05
3.50938761186173e-05
3.50936298043179e-05
3.50933834934761e-05
3.50931371860919e-05
3.50928908821651e-05
3.50926445816957e-05
3.50923982846836e-05
3.50921519911287e-05
3.5091905701031e-05
3.50916594143904e-05
3.50914131312068e-05
3.50911668514801e-05
3.50909205752104e-05
3.50906743023974e-05
3.50904280330411e-05
3.50901817671416e-05
3.50899355046985e-05
3.5089689245712e-05
3.5089442990182e-05
3.50891967381083e-05
3.50889504894909e-05
3.50887042443297e-05
3.50884580026246e-05
3.50882117643756e-05
3.50879655295827e-05
3.50877192982456e-05
3.50874730703644e-05
3.5087226845939e-05
3.50869806249693e-05
3.50867344074552e-05
3.50864881933967e-05
3.50862419827937e-05
3.50859957756461e-05
3.50857495719539e-05
3.50855033717169e-05
3.50852571749351e-05
3.50850109816084e-05
3.50847647917368e-05
3.50845186053202e-05
3.50842724223585e-05
3.50840262428516e-05
3.50837800667995e-05
3.50835338942021e-05
3.50832877250593e-05
3.5083041559371e-05
3.50827953971372e-05
3.50825492383579e-05
3.50823030830328e-05
3.5082056931162e-05
3.50818107827454e-05
3.50815646377828e-05
3.50813184962744e-05
3.50810723582198e-05
3.50808262236192e-05
3.50805800924724e-05
3.50803339647793e-05
3.508008784054e-05
3.50798417197542e-05
3.50795956024219e-05
3.50793494885431e-05
3.50791033781177e-05
3.50788572711455e-05
3.50786111676267e-05
3.50783650675609e-05
3.50781189709483e-05
3.50778728777887e-05
3.5077626788082e-05
3.50773807018282e-05
3.50771346190272e-05
3.5076888539679e-05
3.50766424637834e-05
3.50763963913403e-05
3.50761503223498e-05
3.50759042568117e-05
3.5075658194726e-05
3.50754121360926e-05
3.50751660809114e-05
3.50749200291823e-05
3.50746739809054e-05
3.50744279360804e-05
3.50741818947073e-05
3.50739358567861e-05
3.50736898223167e-05
3.5073443791299e-05
3.50731977637329e-05
3.50729517396184e-05
3.50727057189554e-05
3.50724597017438e-05
3.50722136879836e-05
3.50719676776746e-05
3.50717216708168e-05
3.50714756674102e-05
3.50712296674546e-05
3.507098367095e-05
3.50707376778963e-05
3.50704916882935e-05
3.50702457021414e-05
3.506999971944e-05
3.50697537401892e-05
3.5069507764389e-05
3.50692617920393e-05
3.50690158231399e-05
3.50687698576909e-05
3.50685238956922e-05
3.50682779371436e-05
3.50680319820452e-05
3.50677860303968e-05
3.50675400821983e-05
3.50672941374498e-05
3.5067048196151e-05
3.50668022583021e-05
3.50665563239028e-05
3.50663103929531e-05
3.50660644654529e-05
3.50658185414022e-05
3.50655726208009e-05
3.50653267036489e-05
3.50650807899461e-05
3.50648348796925e-05
3.50645889728881e-05
3.50643430695326e-05
3.50640971696261e-05
3.50638512731684e-05
3.50636053801596e-05
3.50633594905995e-05
3.50631136044881e-05
3.50628677218252e-05
3.50626218426109e-05
3.5062375966845e-05
3.50621300945275e-05
3.50618842256583e-05
3.50616383602373e-05
3.50613924982645e-05
3.50611466397397e-05
3.5060900784663e-05
3.50606549330341e-05
3.50604090848532e-05
3.506016324012e-05
3.50599173988346e-05
3.50596715609968e-05
3.50594257266066e-05
3.50591798956639e-05
3.50589340681686e-05
3.50586882441207e-05
3.505844242352e-05
3.50581966063666e-05
3.50579507926603e-05
3.5057704982401e-05
3.50574591755888e-05
3.50572133722235e-05
3.5056967572305e-05
3.50567217758333e-05
3.50564759828083e-05
3.50562301932299e-05
3.50559844070981e-05
3.50557386244128e-05
3.50554928451739e-05
3.50552470693813e-05
3.5055001297035e-05
3.50547555281349e-05
3.5054509762681e-05
3.5054264000673e-05
3.50540182421111e-05
3.50537724869951e-05
3.50535267353248e-05
3.50532809871004e-05
3.50530352423216e-05
3.50527895009885e-05
3.50525437631009e-05
3.50522980286588e-05
3.5052052297662e-05
3.50518065701106e-05
3.50515608460045e-05
3.50513151253435e-05
3.50510694081276e-05
3.50508236943568e-05
3.5050577984031e-05
3.505033227715e-05
3.50500865737138e-05
3.50498408737224e-05
3.50495951771757e-05
3.50493494840736e-05
3.5049103794416e-05
3.50488581082028e-05
3.50486124254341e-05
3.50483667461096e-05
3.50481210702294e-05
3.50478753977934e-05
3.50476297288014e-05
3.50473840632535e-05
3.50471384011495e-05
3.50468927424895e-05
3.50466470872732e-05
3.50464014355006e-05
3.50461557871717e-05
3.50459101422864e-05
3.50456645008446e-05
3.50454188628463e-05
3.50451732282913e-05
3.50449275971796e-05
3.50446819695111e-05
3.50444363452858e-05
3.50441907245036e-05
3.50439451071644e-05
3.50436994932681e-05
3.50434538828147e-05
3.50432082758041e-05
3.50429626722362e-05
3.50427170721109e-05
3.50424714754282e-05
3.5042225882188e-05
3.50419802923903e-05
3.50417347060349e-05
3.50414891231218e-05
3.50412435436509e-05
3.50409979676221e-05
3.50407523950354e-05
3.50405068258907e-05
3.5040261260188e-05
3.5040015697927e-05
3.50397701391079e-05
3.50395245837304e-05
3.50392790317946e-05
3.50390334833004e-05
3.50387879382476e-05
3.50385423966363e-05
3.50382968584663e-05
3.50380513237376e-05
3.50378057924501e-05
3.50375602646037e-05
3.50373147401983e-05
3.5037069219234e-05
3.50368237017105e-05
3.50365781876279e-05
3.5036332676986e-05
3.50360871697849e-05
3.50358416660243e-05
3.50355961657044e-05
3.50353506688248e-05
3.50351051753857e-05
3.5034859685387e-05
3.50346141988284e-05
3.50343687157101e-05
3.50341232360319e-05
3.50338777597937e-05
3.50336322869955e-05
3.50333868176372e-05
3.50331413517187e-05
3.503289588924e-05
3.5032650430201e-05
3.50324049746015e-05
3.50321595224416e-05
3.50319140737212e-05
3.50316686284401e-05
3.50314231865984e-05
3.50311777481959e-05
3.50309323132326e-05
3.50306868817084e-05
3.50304414536232e-05
3.5030196028977e-05
3.50299506077696e-05
3.50297051900011e-05
3.50294597756713e-05
3.50292143647802e-05
3.50289689573277e-05
3.50287235533137e-05
3.50284781527382e-05
3.5028232755601e-05
3.50279873619022e-05
3.50277419716415e-05
3.50274965848191e-05
3.50272512014347e-05
3.50270058214884e-05
3.502676044498e-05
3.50265150719094e-05
3.50262697022767e-05
3.50260243360817e-05
3.50257789733244e-05
3.50255336140046e-05
3.50252882581224e-05
3.50250429056776e-05
3.50247975566701e-05
3.50245522111e-05
3.50243068689671e-05
3.50240615302713e-05
3.50238161950126e-05
3.50235708631909e-05
3.50233255348062e-05
3.50230802098583e-05
3.50228348883472e-05
3.50225895702728e-05
3.50223442556351e-05
3.50220989444339e-05
3.50218536366693e-05
3.50216083323411e-05
3.50213630314492e-05
3.50211177339936e-05
3.50208724399742e-05
3.5020627149391e-05
3.50203818622438e-05
3.50201365785327e-05
3.50198912982574e-05
3.5019646021418e-05
3.50194007480144e-05
3.50191554780465e-05
3.50189102115142e-05
3.50186649484175e-05
3.50184196887563e-05
3.50181744325305e-05
3.501792917974e-05
3.50176839303848e-05
3.50174386844649e-05
3.501719344198e-05
3.50169482029302e-05
3.50167029673154e-05
3.50164577351355e-05
3.50162125063905e-05
3.50159672810802e-05
3.50157220592046e-05
3.50154768407636e-05
3.50152316257572e-05
3.50149864141853e-05
3.50147412060477e-05
3.50144960013446e-05
3.50142508000756e-05
3.50140056022409e-05
3.50137604078403e-05
3.50135152168737e-05
3.50132700293411e-05
3.50130248452424e-05
3.50127796645776e-05
3.50125344873465e-05
3.50122893135491e-05
3.50120441431853e-05
3.5011798976255e-05
3.50115538127582e-05
3.50113086526948e-05
3.50110634960648e-05
3.50108183428679e-05
3.50105731931043e-05
3.50103280467738e-05
3.50100829038763e-05
3.50098377644118e-05
3.50095926283802e-05
3.50093474957814e-05
3.50091023666153e-05
3.50088572408819e-05
3.50086121185812e-05
3.50083669997129e-05
3.50081218842772e-05
3.50078767722738e-05
3.50076316637027e-05
3.50073865585639e-05
3.50071414568572e-05
3.50068963585826e-05
3.50066512637401e-05
3.50064061723295e-05
3.50061610843508e-05
3.5005915999804e-05
3.50056709186888e-05
3.50054258410054e-05
3.50051807667535e-05
3.50049356959331e-05
3.50046906285442e-05
3.50044455645867e-05
3.50042005040605e-05
3.50039554469655e-05
3.50037103933017e-05
3.5003465343069e-05
3.50032202962673e-05
3.50029752528965e-05
3.50027302129566e-05
3.50024851764475e-05
3.50022401433692e-05
3.50019951137215e-05
3.50017500875044e-05
3.50015050647178e-05
3.50012600453616e-05
3.50010150294359e-05
3.50007700169404e-05
3.50005250078751e-05
3.500028000224e-05
3.5000035000035e-05
3.499979000126e-05
3.49995450059149e-05
3.49993000139997e-05
3.49990550255143e-05
3.49988100404586e-05
3.49985650588326e-05
3.49983200806361e-05
3.49980751058692e-05
3.49978301345317e-05
3.49975851666235e-05
3.49973402021446e-05
3.4997095241095e-05
3.49968502834745e-05
3.49966053292831e-05
3.49963603785206e-05
3.49961154311871e-05
3.49958704872825e-05
3.49956255468066e-05
3.49953806097595e-05
3.4995135676141e-05
3.49948907459511e-05
3.49946458191897e-05
3.49944008958567e-05
3.4994155975952e-05
3.49939110594757e-05
3.49936661464275e-05
3.49934212368075e-05
3.49931763306155e-05
3.49929314278516e-05
3.49926865285155e-05
3.49924416326074e-05
3.49921967401269e-05
3.49919518510743e-05
3.49917069654492e-05
3.49914620832517e-05
3.49912172044817e-05
3.49909723291391e-05
3.49907274572238e-05
3.49904825887359e-05
3.49902377236751e-05
3.49899928620415e-05
3.49897480038349e-05
3.49895031490553e-05
3.49892582977026e-05
3.49890134497768e-05
3.49887686052777e-05
3.49885237642053e-05
3.49882789265596e-05
3.49880340923404e-05
3.49877892615477e-05
3.49875444341814e-05
3.49872996102415e-05
3.49870547897278e-05
3.49868099726403e-05
3.49865651589789e-05
3.49863203487436e-05
3.49860755419343e-05
3.49858307385509e-05
3.49855859385933e-05
3.49853411420615e-05
3.49850963489553e-05
3.49848515592748e-05
3.49846067730199e-05
3.49843619901904e-05
3.49841172107863e-05
3.49838724348076e-05
3.49836276622541e-05
3.49833828931258e-05
3.49831381274226e-05
3.49828933651444e-05
3.49826486062913e-05
3.4982403850863e-05
3.49821590988596e-05
3.49819143502809e-05
3.49816696051269e-05
3.49814248633975e-05
3.49811801250927e-05
3.49809353902123e-05
3.49806906587564e-05
3.49804459307247e-05
3.49802012061173e-05
3.49799564849341e-05
3.4979711767175e-05
3.497946705284e-05
3.49792223419289e-05
3.49789776344417e-05
3.49787329303783e-05
3.49784882297387e-05
3.49782435325228e-05
3.49779988387304e-05
3.49777541483616e-05
3.49775094614163e-05
3.49772647778944e-05
3.49770200977957e-05
3.49767754211204e-05
3.49765307478682e-05
3.49762860780391e-05
3.4976041411633e-05
3.49757967486499e-05
3.49755520890897e-05
3.49753074329523e-05
3.49750627802377e-05
3.49748181309457e-05
3.49745734850763e-05
3.49743288426295e-05
3.49740842036051e-05
3.49738395680031e-05
3.49735949358235e-05
3.4973350307066e-05
3.49731056817307e-05
3.49728610598176e-05
3.49726164413264e-05
3.49723718262573e-05
3.497212721461e-05
3.49718826063845e-05
3.49716380015807e-05
3.49713934001986e-05
3.49711488022382e-05
3.49709042076992e-05
3.49706596165817e-05
3.49704150288856e-05
3.49701704446107e-05
3.49699258637572e-05
3.49696812863248e-05
3.49694367123134e-05
3.49691921417231e-05
3.49689475745538e-05
3.49687030108053e-05
3.49684584504777e-05
3.49682138935707e-05
3.49679693400845e-05
3.49677247900188e-05
3.49674802433737e-05
3.4967235700149e-05
3.49669911603446e-05
3.49667466239606e-05
3.49665020909968e-05
3.49662575614532e-05
3.49660130353297e-05
3.49657685126261e-05
3.49655239933426e-05
3.49652794774789e-05
3.4965034965035e-05
3.49647904560108e-05
3.49645459504063e-05
3.49643014482214e-05
3.4964056949456e-05
3.496381245411e-05
3.49635679621834e-05
3.49633234736761e-05
3.49630789885881e-05
3.49628345069191e-05
3.49625900286693e-05
3.49623455538385e-05
3.49621010824267e-05
3.49618566144337e-05
3.49616121498595e-05
3.4961367688704e-05
3.49611232309672e-05
3.49608787766489e-05
3.49606343257492e-05
3.49603898782679e-05
3.4960145434205e-05
3.49599009935604e-05
3.4959656556334e-05
3.49594121225258e-05
3.49591676921356e-05
3.49589232651634e-05
3.49586788416092e-05
3.49584344214729e-05
3.49581900047543e-05
3.49579455914535e-05
3.49577011815703e-05
3.49574567751047e-05
3.49572123720566e-05
3.49569679724259e-05
3.49567235762126e-05
3.49564791834166e-05
3.49562347940379e-05
3.49559904080762e-05
3.49557460255317e-05
3.49555016464041e-05
3.49552572706935e-05
3.49550128983998e-05
3.49547685295228e-05
3.49545241640626e-05
3.4954279802019e-05
3.49540354433919e-05
3.49537910881814e-05
3.49535467363873e-05
3.49533023880096e-05
3.49530580430482e-05
3.4952813701503e-05
3.49525693633739e-05
3.49523250286609e-05
3.49520806973639e-05
3.49518363694829e-05
3.49515920450177e-05
3.49513477239682e-05
3.49511034063345e-05
3.49508590921165e-05
3.4950614781314e-05
3.4950370473927e-05
3.49501261699555e-05
3.49498818693993e-05
3.49496375722584e-05
3.49493932785327e-05
3.49491489882221e-05
3.49489047013267e-05
3.49486604178462e-05
3.49484161377806e-05
3.49481718611299e-05
3.4947927587894e-05
3.49476833180728e-05
3.49474390516663e-05
3.49471947886743e-05
3.49469505290968e-05
3.49467062729338e-05
3.49464620201851e-05
3.49462177708507e-05
3.49459735249305e-05
3.49457292824244e-05
3.49454850433324e-05
3.49452408076544e-05
3.49449965753903e-05
3.49447523465401e-05
3.49445081211037e-05
3.4944263899081e-05
3.49440196804719e-05
3.49437754652764e-05
3.49435312534944e-05
3.49432870451258e-05
3.49430428401705e-05
3.49427986386286e-05
3.49425544404998e-05
3.49423102457842e-05
3.49420660544817e-05
3.49418218665921e-05
3.49415776821155e-05
3.49413335010517e-05
3.49410893234007e-05
3.49408451491625e-05
3.49406009783368e-05
3.49403568109238e-05
3.49401126469232e-05
3.4939868486335e-05
3.49396243291592e-05
3.49393801753957e-05
3.49391360250444e-05
3.49388918781052e-05
3.49386477345781e-05
3.4938403594463e-05
3.49381594577598e-05
3.49379153244684e-05
3.49376711945889e-05
3.4937427068121e-05
3.49371829450648e-05
3.49369388254201e-05
3.4936694709187e-05
3.49364505963652e-05
3.49362064869548e-05
3.49359623809557e-05
3.49357182783678e-05
3.4935474179191e-05
3.49352300834253e-05
3.49349859910706e-05
3.49347419021268e-05
3.49344978165939e-05
3.49342537344717e-05
3.49340096557603e-05
3.49337655804594e-05
3.49335215085692e-05
3.49332774400894e-05
3.49330333750201e-05
3.49327893133611e-05
3.49325452551124e-05
3.49323012002739e-05
3.49320571488455e-05
3.49318131008272e-05
3.49315690562189e-05
3.49313250150205e-05
3.49310809772319e-05
3.49308369428531e-05
3.49305929118841e-05
3.49303488843247e-05
3.49301048601748e-05
3.49298608394344e-05
3.49296168221035e-05
3.49293728081819e-05
3.49291287976695e-05
3.49288847905664e-05
3.49286407868724e-05
3.49283967865875e-05
3.49281527897116e-05
3.49279087962446e-05
3.49276648061864e-05
3.4927420819537e-05
3.49271768362963e-05
3.49269328564643e-05
3.49266888800408e-05
3.49264449070258e-05
3.49262009374192e-05
3.4925956971221e-05
3.49257130084311e-05
3.49254690490493e-05
3.49252250930757e-05
3.49249811405102e-05
3.49247371913526e-05
3.4924493245603e-05
3.49242493032612e-05
3.49240053643272e-05
3.49237614288009e-05
3.49235174966823e-05
3.49232735679712e-05
3.49230296426676e-05
3.49227857207714e-05
3.49225418022825e-05
3.4922297887201e-05
3.49220539755266e-05
3.49218100672594e-05
3.49215661623993e-05
3.49213222609461e-05
3.49210783628998e-05
3.49208344682605e-05
3.49205905770278e-05
3.49203466892019e-05
3.49201028047827e-05
3.49198589237699e-05
3.49196150461637e-05
3.49193711719639e-05
3.49191273011705e-05
3.49188834337833e-05
3.49186395698024e-05
3.49183957092275e-05
3.49181518520588e-05
3.4917907998296e-05
3.49176641479392e-05
3.49174203009882e-05
3.49171764574429e-05
3.49169326173034e-05
3.49166887805696e-05
3.49164449472413e-05
3.49162011173184e-05
3.4915957290801e-05
3.4915713467689e-05
3.49154696479822e-05
3.49152258316807e-05
3.49149820187843e-05
3.49147382092929e-05
3.49144944032065e-05
3.49142506005251e-05
3.49140068012485e-05
3.49137630053767e-05
3.49135192129096e-05
3.49132754238472e-05
3.49130316381893e-05
3.49127878559359e-05
3.49125440770869e-05
3.49123003016423e-05
3.49120565296019e-05
3.49118127609658e-05
3.49115689957338e-05
3.49113252339059e-05
3.49110814754819e-05
3.49108377204619e-05
3.49105939688458e-05
3.49103502206334e-05
3.49101064758247e-05
3.49098627344197e-05
3.49096189964183e-05
3.49093752618203e-05
3.49091315306258e-05
3.49088878028346e-05
3.49086440784467e-05
3.4908400357462e-05
3.49081566398805e-05
3.4907912925702e-05
3.49076692149265e-05
3.4907425507554e-05
3.49071818035843e-05
3.49069381030174e-05
3.49066944058532e-05
3.49064507120916e-05
3.49062070217326e-05
3.49059633347761e-05
3.4905719651222e-05
3.49054759710703e-05
3.49052322943209e-05
3.49049886209737e-05
3.49047449510286e-05
3.49045012844856e-05
3.49042576213447e-05
3.49040139616056e-05
3.49037703052684e-05
3.4903526652333e-05
3.49032830027992e-05
3.49030393566672e-05
3.49027957139367e-05
3.49025520746077e-05
3.49023084386801e-05
3.49020648061539e-05
3.4901821177029e-05
3.49015775513053e-05
3.49013339289828e-05
3.49010903100613e-05
3.49008466945408e-05
3.49006030824213e-05
3.49003594737026e-05
3.49001158683847e-05
3.48998722664675e-05
3.4899628667951e-05
3.4899385072835e-05
3.48991414811196e-05
3.48988978928045e-05
3.48986543078899e-05
3.48984107263755e-05
3.48981671482614e-05
3.48979235735474e-05
3.48976800022335e-05
3.48974364343195e-05
3.48971928698056e-05
3.48969493086914e-05
3.48967057509771e-05
3.48964621966625e-05
3.48962186457476e-05
3.48959750982322e-05
3.48957315541163e-05
3.48954880133999e-05
3.48952444760828e-05
3.4895000942165e-05
3.48947574116465e-05
3.48945138845271e-05
3.48942703608068e-05
3.48940268404854e-05
3.48937833235631e-05
3.48935398100396e-05
3.48932962999149e-05
3.48930527931889e-05
3.48928092898615e-05
3.48925657899328e-05
3.48923222934026e-05
3.48920788002708e-05
3.48918353105373e-05
3.48915918242022e-05
3.48913483412653e-05
3.48911048617265e-05
3.48908613855859e-05
3.48906179128432e-05
3.48903744434985e-05
3.48901309775517e-05
3.48898875150026e-05
3.48896440558513e-05
3.48894006000977e-05
3.48891571477416e-05
3.48889136987831e-05
3.4888670253222e-05
3.48884268110582e-05
3.48881833722918e-05
3.48879399369226e-05
3.48876965049506e-05
3.48874530763756e-05
3.48872096511977e-05
3.48869662294167e-05
3.48867228110326e-05
3.48864793960453e-05
3.48862359844547e-05
3.48859925762608e-05
3.48857491714635e-05
3.48855057700627e-05
3.48852623720583e-05
3.48850189774503e-05
3.48847755862387e-05
3.48845321984232e-05
3.48842888140039e-05
3.48840454329808e-05
3.48838020553536e-05
3.48835586811224e-05
3.48833153102871e-05
3.48830719428476e-05
3.48828285788038e-05
3.48825852181557e-05
3.48823418609032e-05
3.48820985070462e-05
3.48818551565847e-05
3.48816118095185e-05
3.48813684658477e-05
3.4881125125572e-05
3.48808817886916e-05
3.48806384552063e-05
3.4880395125116e-05
3.48801517984206e-05
3.48799084751202e-05
3.48796651552145e-05
3.48794218387036e-05
3.48791785255874e-05
3.48789352158657e-05
3.48786919095386e-05
3.4878448606606e-05
3.48782053070677e-05
3.48779620109238e-05
3.48777187181741e-05
3.48774754288186e-05
3.48772321428571e-05
3.48769888602898e-05
3.48767455811163e-05
3.48765023053368e-05
3.48762590329511e-05
3.48760157639591e-05
3.48757724983608e-05
3.48755292361562e-05
3.4875285977345e-05
3.48750427219273e-05
3.48747994699031e-05
3.48745562212721e-05
3.48743129760344e-05
3.48740697341898e-05
3.48738264957384e-05
3.487358326068e-05
3.48733400290146e-05
3.48730968007421e-05
3.48728535758624e-05
3.48726103543755e-05
3.48723671362812e-05
3.48721239215796e-05
3.48718807102705e-05
3.48716375023538e-05
3.48713942978296e-05
3.48711510966977e-05
3.48709078989581e-05
3.48706647046106e-05
3.48704215136553e-05
3.4870178326092e-05
3.48699351419206e-05
3.48696919611412e-05
3.48694487837536e-05
3.48692056097578e-05
3.48689624391537e-05
3.48687192719411e-05
3.48684761081202e-05
3.48682329476907e-05
3.48679897906526e-05
3.48677466370058e-05
3.48675034867503e-05
3.48672603398861e-05
3.48670171964129e-05
3.48667740563308e-05
3.48665309196396e-05
3.48662877863394e-05
3.486604465643e-05
3.48658015299114e-05
3.48655584067834e-05
3.48653152870461e-05
3.48650721706994e-05
3.48648290577431e-05
3.48645859481773e-05
3.48643428420018e-05
3.48640997392165e-05
3.48638566398215e-05
3.48636135438166e-05
3.48633704512017e-05
3.48631273619769e-05
3.48628842761419e-05
3.48626411936968e-05
3.48623981146415e-05
3.48621550389759e-05
3.48619119666999e-05
3.48616688978135e-05
3.48614258323165e-05
3.4861182770209e-05
3.48609397114909e-05
3.4860696656162e-05
3.48604536042223e-05
3.48602105556718e-05
3.48599675105103e-05
3.48597244687378e-05
3.48594814303542e-05
3.48592383953595e-05
3.48589953637536e-05
3.48587523355364e-05
3.48585093107078e-05
3.48582662892678e-05
3.48580232712163e-05
3.48577802565533e-05
3.48575372452785e-05
3.48572942373921e-05
3.48570512328939e-05
3.48568082317838e-05
3.48565652340618e-05
3.48563222397278e-05
3.48560792487818e-05
3.48558362612236e-05
3.48555932770532e-05
3.48553502962705e-05
3.48551073188754e-05
3.4854864344868e-05
3.4854621374248e-05
3.48543784070155e-05
3.48541354431703e-05
3.48538924827125e-05
3.48536495256418e-05
3.48534065719583e-05
3.48531636216619e-05
3.48529206747525e-05
3.48526777312301e-05
3.48524347910945e-05
3.48521918543457e-05
3.48519489209837e-05
3.48517059910083e-05
3.48514630644194e-05
3.48512201412171e-05
3.48509772214013e-05
3.48507343049718e-05
3.48504913919286e-05
3.48502484822717e-05
3.48500055760009e-05
3.48497626731162e-05
3.48495197736175e-05
3.48492768775048e-05
3.48490339847779e-05
3.48487910954369e-05
3.48485482094816e-05
3.48483053269119e-05
3.48480624477279e-05
3.48478195719294e-05
3.48475766995163e-05
3.48473338304886e-05
3.48470909648463e-05
3.48468481025891e-05
3.48466052437172e-05
3.48463623882303e-05
3.48461195361285e-05
3.48458766874116e-05
3.48456338420796e-05
3.48453910001324e-05
3.484514816157e-05
3.48449053263922e-05
3.48446624945991e-05
3.48444196661905e-05
3.48441768411663e-05
3.48439340195265e-05
3.48436912012711e-05
3.48434483863999e-05
3.48432055749129e-05
3.484296276681e-05
3.48427199620911e-05
3.48424771607562e-05
3.48422343628052e-05
3.4841991568238e-05
3.48417487770546e-05
3.48415059892549e-05
3.48412632048388e-05
3.48410204238062e-05
3.48407776461571e-05
3.48405348718914e-05
3.4840292101009e-05
3.48400493335099e-05
3.48398065693939e-05
3.48395638086611e-05
3.48393210513114e-05
3.48390782973446e-05
3.48388355467607e-05
3.48385927995596e-05
3.48383500557414e-05
3.48381073153058e-05
3.48378645782528e-05
3.48376218445824e-05
3.48373791142945e-05
3.4837136387389e-05
3.48368936638658e-05
3.48366509437249e-05
3.48364082269662e-05
3.48361655135896e-05
3.48359228035951e-05
3.48356800969825e-05
3.48354373937519e-05
3.48351946939031e-05
3.48349519974361e-05
3.48347093043509e-05
3.48344666146472e-05
3.48342239283251e-05
3.48339812453845e-05
3.48337385658253e-05
3.48334958896475e-05
3.48332532168509e-05
3.48330105474356e-05
3.48327678814014e-05
3.48325252187483e-05
3.48322825594761e-05
3.48320399035849e-05
3.48317972510746e-05
3.4831554601945e-05
3.48313119561961e-05
3.48310693138279e-05
3.48308266748403e-05
3.48305840392332e-05
3.48303414070065e-05
3.48300987781601e-05
3.48298561526941e-05
3.48296135306083e-05
3.48293709119026e-05
3.4829128296577e-05
3.48288856846314e-05
3.48286430760658e-05
3.482840047088e-05
3.4828157869074e-05
3.48279152706477e-05
3.48276726756011e-05
3.48274300839341e-05
3.48271874956466e-05
3.48269449107385e-05
3.48267023292099e-05
3.48264597510605e-05
3.48262171762903e-05
3.48259746048993e-05
3.48257320368874e-05
3.48254894722545e-05
3.48252469110006e-05
3.48250043531255e-05
3.48247617986293e-05
3.48245192475118e-05
3.48242766997729e-05
3.48240341554127e-05
3.4823791614431e-05
3.48235490768277e-05
3.48233065426028e-05
3.48230640117563e-05
3.48228214842879e-05
3.48225789601978e-05
3.48223364394857e-05
3.48220939221517e-05
3.48218514081957e-05
3.48216088976175e-05
3.48213663904172e-05
3.48211238865946e-05
3.48208813861496e-05
3.48206388890823e-05
3.48203963953926e-05
3.48201539050803e-05
3.48199114181454e-05
3.48196689345878e-05
3.48194264544074e-05
3.48191839776043e-05
3.48189415041783e-05
3.48186990341293e-05
3.48184565674573e-05
3.48182141041622e-05
3.48179716442439e-05
3.48177291877024e-05
3.48174867345376e-05
3.48172442847494e-05
3.48170018383377e-05
3.48167593953025e-05
3.48165169556438e-05
3.48162745193613e-05
3.48160320864552e-05
3.48157896569252e-05
3.48155472307714e-05
3.48153048079936e-05
3.48150623885918e-05
3.48148199725659e-05
3.48145775599159e-05
3.48143351506416e-05
3.48140927447431e-05
3.48138503422201e-05
3.48136079430728e-05
3.48133655473009e-05
3.48131231549045e-05
3.48128807658834e-05
3.48126383802376e-05
3.4812395997967e-05
3.48121536190715e-05
3.48119112435511e-05
3.48116688714057e-05
3.48114265026352e-05
3.48111841372396e-05
3.48109417752188e-05
3.48106994165727e-05
3.48104570613012e-05
3.48102147094043e-05
3.48099723608819e-05
3.4809730015734e-05
3.48094876739604e-05
3.48092453355611e-05
3.48090030005361e-05
3.48087606688851e-05
3.48085183406083e-05
3.48082760157055e-05
3.48080336941766e-05
3.48077913760216e-05
3.48075490612404e-05
3.48073067498329e-05
3.48070644417991e-05
3.48068221371389e-05
3.48065798358522e-05
3.48063375379389e-05
3.4806095243399e-05
3.48058529522324e-05
3.48056106644391e-05
3.48053683800189e-05
3.48051260989719e-05
3.48048838212978e-05
3.48046415469967e-05
3.48043992760685e-05
3.48041570085131e-05
3.48039147443304e-05
3.48036724835205e-05
3.48034302260831e-05
3.48031879720182e-05
3.48029457213259e-05
3.48027034740059e-05
3.48024612300582e-05
3.48022189894828e-05
3.48019767522795e-05
3.48017345184484e-05
3.48014922879893e-05
3.48012500609022e-05
3.4801007837187e-05
3.48007656168436e-05
3.48005233998719e-05
3.4800281186272e-05
3.48000389760437e-05
3.47997967691869e-05
3.47995545657016e-05
3.47993123655877e-05
3.47990701688451e-05
3.47988279754738e-05
3.47985857854737e-05
3.47983435988447e-05
3.47981014155868e-05
3.47978592356998e-05
3.47976170591838e-05
3.47973748860386e-05
3.47971327162642e-05
3.47968905498605e-05
3.47966483868274e-05
3.47964062271649e-05
3.47961640708728e-05
3.47959219179512e-05
3.47956797684e-05
3.4795437622219e-05
3.47951954794082e-05
3.47949533399676e-05
3.4794711203897e-05
3.47944690711964e-05
3.47942269418658e-05
3.4793984815905e-05
3.4793742693314e-05
3.47935005740928e-05
3.47932584582411e-05
3.47930163457591e-05
3.47927742366465e-05
3.47925321309034e-05
3.47922900285297e-05
3.47920479295252e-05
3.479180583389e-05
3.47915637416239e-05
3.47913216527269e-05
3.4791079567199e-05
3.47908374850399e-05
3.47905954062498e-05
3.47903533308284e-05
3.47901112587758e-05
3.47898691900918e-05
3.47896271247765e-05
3.47893850628296e-05
3.47891430042512e-05
3.47889009490412e-05
3.47886588971995e-05
3.4788416848726e-05
3.47881748036208e-05
3.47879327618836e-05
3.47876907235144e-05
3.47874486885132e-05
3.47872066568799e-05
3.47869646286144e-05
3.47867226037166e-05
3.47864805821865e-05
3.47862385640241e-05
3.47859965492291e-05
3.47857545378017e-05
3.47855125297416e-05
3.47852705250489e-05
3.47850285237234e-05
3.47847865257651e-05
3.47845445311739e-05
3.47843025399498e-05
3.47840605520926e-05
3.47838185676024e-05
3.47835765864789e-05
3.47833346087223e-05
3.47830926343323e-05
3.4782850663309e-05
3.47826086956522e-05
3.47823667313619e-05
3.4782124770438e-05
3.47818828128804e-05
3.47816408586892e-05
3.47813989078641e-05
3.47811569604051e-05
3.47809150163122e-05
3.47806730755854e-05
3.47804311382244e-05
3.47801892042293e-05
3.47799472735999e-05
3.47797053463363e-05
3.47794634224383e-05
3.47792215019059e-05
3.4778979584739e-05
3.47787376709375e-05
3.47784957605014e-05
3.47782538534305e-05
3.47780119497249e-05
3.47777700493844e-05
3.4777528152409e-05
3.47772862587987e-05
3.47770443685532e-05
3.47768024816726e-05
3.47765605981568e-05
3.47763187180058e-05
3.47760768412194e-05
3.47758349677976e-05
3.47755930977403e-05
3.47753512310474e-05
3.4775109367719e-05
3.47748675077548e-05
3.47746256511549e-05
3.47743837979191e-05
3.47741419480474e-05
3.47739001015398e-05
3.47736582583961e-05
3.47734164186163e-05
3.47731745822003e-05
3.47729327491481e-05
3.47726909194595e-05
3.47724490931345e-05
3.47722072701731e-05
3.47719654505751e-05
3.47717236343406e-05
3.47714818214693e-05
3.47712400119613e-05
3.47709982058165e-05
3.47707564030348e-05
3.47705146036161e-05
3.47702728075605e-05
3.47700310148677e-05
3.47697892255377e-05
3.47695474395705e-05
3.4769305656966e-05
3.47690638777242e-05
3.47688221018448e-05
3.4768580329328e-05
3.47683385601736e-05
3.47680967943815e-05
3.47678550319517e-05
3.4767613272884e-05
3.47673715171786e-05
3.47671297648351e-05
3.47668880158537e-05
3.47666462702342e-05
3.47664045279765e-05
3.47661627890806e-05
3.47659210535465e-05
3.47656793213739e-05
3.4765437592563e-05
3.47651958671135e-05
3.47649541450255e-05
3.47647124262988e-05
3.47644707109334e-05
3.47642289989293e-05
3.47639872902862e-05
3.47637455850043e-05
3.47635038830834e-05
3.47632621845234e-05
3.47630204893243e-05
3.4762778797486e-05
3.47625371090084e-05
3.47622954238914e-05
3.47620537421351e-05
3.47618120637393e-05
3.47615703887039e-05
3.47613287170289e-05
3.47610870487142e-05
3.47608453837597e-05
3.47606037221654e-05
3.47603620639313e-05
3.47601204090571e-05
3.47598787575429e-05
3.47596371093886e-05
3.47593954645941e-05
3.47591538231593e-05
3.47589121850843e-05
3.47586705503688e-05
3.47584289190129e-05
3.47581872910164e-05
3.47579456663793e-05
3.47577040451016e-05
3.47574624271831e-05
3.47572208126238e-05
3.47569792014236e-05
3.47567375935825e-05
3.47564959891004e-05
3.47562543879771e-05
3.47560127902127e-05
3.47557711958071e-05
3.47555296047601e-05
3.47552880170718e-05
3.4755046432742e-05
3.47548048517708e-05
3.47545632741579e-05
3.47543216999034e-05
3.47540801290071e-05
3.47538385614691e-05
3.47535969972892e-05
3.47533554364674e-05
3.47531138790036e-05
3.47528723248977e-05
3.47526307741496e-05
3.47523892267593e-05
3.47521476827268e-05
3.47519061420519e-05
3.47516646047346e-05
3.47514230707747e-05
3.47511815401724e-05
3.47509400129274e-05
3.47506984890396e-05
3.47504569685091e-05
3.47502154513358e-05
3.47499739375195e-05
3.47497324270603e-05
3.4749490919958e-05
3.47492494162126e-05
3.4749007915824e-05
3.47487664187921e-05
3.47485249251169e-05
3.47482834347983e-05
3.47480419478362e-05
3.47478004642306e-05
3.47475589839814e-05
3.47473175070885e-05
3.47470760335518e-05
3.47468345633713e-05
3.47465930965469e-05
3.47463516330785e-05
3.47461101729661e-05
3.47458687162096e-05
3.4745627262809e-05
3.47453858127641e-05
3.47451443660748e-05
3.47449029227412e-05
3.47446614827632e-05
3.47444200461406e-05
3.47441786128734e-05
3.47439371829616e-05
3.4743695756405e-05
3.47434543332036e-05
3.47432129133574e-05
3.47429714968662e-05
3.474273008373e-05
3.47424886739487e-05
3.47422472675223e-05
3.47420058644506e-05
3.47417644647336e-05
3.47415230683713e-05
3.47412816753636e-05
3.47410402857103e-05
3.47407988994115e-05
3.4740557516467e-05
3.47403161368768e-05
3.47400747606409e-05
3.47398333877591e-05
3.47395920182313e-05
3.47393506520576e-05
3.47391092892378e-05
3.47388679297719e-05
3.47386265736598e-05
3.47383852209014e-05
3.47381438714967e-05
3.47379025254455e-05
3.47376611827479e-05
3.47374198434037e-05
3.47371785074129e-05
3.47369371747754e-05
3.47366958454912e-05
3.47364545195601e-05
3.47362131969821e-05
3.47359718777572e-05
3.47357305618852e-05
3.47354892493661e-05
3.47352479401998e-05
3.47350066343863e-05
3.47347653319254e-05
3.47345240328172e-05
3.47342827370615e-05
3.47340414446582e-05
3.47338001556074e-05
3.47335588699089e-05
3.47333175875627e-05
3.47330763085687e-05
3.47328350329267e-05
3.47325937606369e-05
3.4732352491699e-05
3.4732111226113e-05
3.47318699638789e-05
3.47316287049965e-05
3.47313874494658e-05
3.47311461972868e-05
3.47309049484593e-05
3.47306637029834e-05
3.47304224608588e-05
3.47301812220856e-05
3.47299399866637e-05
3.4729698754593e-05
3.47294575258734e-05
3.4729216300505e-05
3.47289750784875e-05
3.47287338598209e-05
3.47284926445053e-05
3.47282514325404e-05
3.47280102239262e-05
3.47277690186627e-05
3.47275278167498e-05
3.47272866181874e-05
3.47270454229754e-05
3.47268042311138e-05
3.47265630426025e-05
3.47263218574415e-05
3.47260806756306e-05
3.47258394971698e-05
3.47255983220591e-05
3.47253571502983e-05
3.47251159818874e-05
3.47248748168263e-05
3.47246336551149e-05
3.47243924967533e-05
3.47241513417412e-05
3.47239101900787e-05
3.47236690417656e-05
3.4723427896802e-05
3.47231867551876e-05
3.47229456169226e-05
3.47227044820067e-05
3.47224633504399e-05
3.47222222222222e-05
3.47219810973535e-05
3.47217399758337e-05
3.47214988576627e-05
3.47212577428405e-05
3.4721016631367e-05
3.47207755232421e-05
3.47205344184658e-05
3.47202933170379e-05
3.47200522189585e-05
3.47198111242275e-05
3.47195700328447e-05
3.47193289448102e-05
3.47190878601237e-05
3.47188467787854e-05
3.47186057007951e-05
3.47183646261527e-05
3.47181235548581e-05
3.47178824869114e-05
3.47176414223123e-05
3.4717400361061e-05
3.47171593031572e-05
3.47169182486009e-05
3.47166771973921e-05
3.47164361495306e-05
3.47161951050165e-05
3.47159540638496e-05
3.47157130260298e-05
3.47154719915572e-05
3.47152309604316e-05
3.47149899326529e-05
3.47147489082211e-05
3.47145078871362e-05
3.4714266869398e-05
3.47140258550065e-05
3.47137848439615e-05
3.47135438362632e-05
3.47133028319112e-05
3.47130618309057e-05
3.47128208332465e-05
3.47125798389336e-05
3.47123388479669e-05
3.47120978603463e-05
3.47118568760717e-05
3.47116158951432e-05
3.47113749175605e-05
3.47111339433237e-05
3.47108929724326e-05
3.47106520048873e-05
3.47104110406875e-05
3.47101700798334e-05
3.47099291223247e-05
3.47096881681615e-05
3.47094472173436e-05
3.4709206269871e-05
3.47089653257436e-05
3.47087243849614e-05
3.47084834475242e-05
3.47082425134321e-05
3.47080015826849e-05
3.47077606552825e-05
3.4707519731225e-05
3.47072788105121e-05
3.4707037893144e-05
3.47067969791204e-05
3.47065560684413e-05
3.47063151611067e-05
3.47060742571165e-05
3.47058333564706e-05
3.47055924591689e-05
3.47053515652114e-05
3.47051106745979e-05
3.47048697873286e-05
3.47046289034031e-05
3.47043880228216e-05
3.47041471455839e-05
3.47039062716899e-05
3.47036654011397e-05
3.4703424533933e-05
3.47031836700699e-05
3.47029428095503e-05
3.4702701952374e-05
3.47024610985411e-05
3.47022202480515e-05
3.4701979400905e-05
3.47017385571017e-05
3.47014977166415e-05
3.47012568795242e-05
3.47010160457498e-05
3.47007752153183e-05
3.47005343882296e-05
3.47002935644836e-05
3.47000527440802e-05
3.46998119270194e-05
3.4699571113301e-05
3.46993303029252e-05
3.46990894958916e-05
3.46988486922004e-05
3.46986078918514e-05
3.46983670948445e-05
3.46981263011797e-05
3.4697885510857e-05
3.46976447238761e-05
3.46974039402372e-05
3.469716315994e-05
3.46969223829846e-05
3.46966816093709e-05
3.46964408390987e-05
3.46962000721681e-05
3.46959593085789e-05
3.46957185483311e-05
3.46954777914247e-05
3.46952370378594e-05
3.46949962876354e-05
3.46947555407525e-05
3.46945147972106e-05
3.46942740570096e-05
3.46940333201496e-05
3.46937925866304e-05
3.4693551856452e-05
3.46933111296142e-05
3.46930704061171e-05
3.46928296859605e-05
3.46925889691444e-05
3.46923482556687e-05
3.46921075455334e-05
3.46918668387383e-05
3.46916261352835e-05
3.46913854351687e-05
3.46911447383941e-05
3.46909040449594e-05
3.46906633548647e-05
3.46904226681098e-05
3.46901819846947e-05
3.46899413046193e-05
3.46897006278836e-05
3.46894599544874e-05
3.46892192844308e-05
3.46889786177136e-05
3.46887379543357e-05
3.46884972942972e-05
3.46882566375979e-05
3.46880159842378e-05
3.46877753342167e-05
3.46875346875347e-05
3.46872940441916e-05
3.46870534041874e-05
3.4686812767522e-05
3.46865721341954e-05
3.46863315042075e-05
3.46860908775581e-05
3.46858502542473e-05
3.46856096342749e-05
3.4685369017641e-05
3.46851284043454e-05
3.4684887794388e-05
3.46846471877688e-05
3.46844065844877e-05
3.46841659845447e-05
3.46839253879397e-05
3.46836847946726e-05
3.46834442047433e-05
3.46832036181518e-05
3.4682963034898e-05
3.46827224549818e-05
3.46824818784032e-05
3.46822413051621e-05
3.46820007352584e-05
3.46817601686921e-05
3.4681519605463e-05
3.46812790455712e-05
3.46810384890165e-05
3.46807979357989e-05
3.46805573859183e-05
3.46803168393746e-05
3.46800762961678e-05
3.46798357562979e-05
3.46795952197646e-05
3.4679354686568e-05
3.4679114156708e-05
3.46788736301845e-05
3.46786331069975e-05
3.46783925871468e-05
3.46781520706325e-05
3.46779115574544e-05
3.46776710476124e-05
3.46774305411066e-05
3.46771900379368e-05
3.4676949538103e-05
3.46767090416051e-05
3.4676468548443e-05
3.46762280586167e-05
3.46759875721261e-05
3.4675747088971e-05
3.46755066091516e-05
3.46752661326676e-05
3.4675025659519e-05
3.46747851897057e-05
3.46745447232278e-05
3.4674304260085e-05
3.46740638002774e-05
3.46738233438048e-05
3.46735828906673e-05
3.46733424408646e-05
3.46731019943968e-05
3.46728615512638e-05
3.46726211114655e-05
3.46723806750019e-05
3.46721402418729e-05
3.46718998120783e-05
3.46716593856182e-05
3.46714189624925e-05
3.4671178542701e-05
3.46709381262438e-05
3.46706977131208e-05
3.46704573033318e-05
3.46702168968769e-05
3.46699764937559e-05
3.46697360939689e-05
3.46694956975156e-05
3.46692553043961e-05
3.46690149146102e-05
3.4668774528158e-05
3.46685341450393e-05
3.4668293765254e-05
3.46680533888022e-05
3.46678130156837e-05
3.46675726458985e-05
3.46673322794464e-05
3.46670919163275e-05
3.46668515565416e-05
3.46666112000887e-05
3.46663708469688e-05
3.46661304971816e-05
3.46658901507273e-05
3.46656498076056e-05
3.46654094678166e-05
3.46651691313602e-05
3.46649287982363e-05
3.46646884684447e-05
3.46644481419856e-05
3.46642078188587e-05
3.46639674990641e-05
3.46637271826016e-05
3.46634868694712e-05
3.46632465596728e-05
3.46630062532063e-05
3.46627659500718e-05
3.4662525650269e-05
3.46622853537979e-05
3.46620450606586e-05
3.46618047708508e-05
3.46615644843746e-05
3.46613242012298e-05
3.46610839214164e-05
3.46608436449343e-05
3.46606033717835e-05
3.46603631019639e-05
3.46601228354753e-05
3.46598825723178e-05
3.46596423124913e-05
3.46594020559957e-05
3.4659161802831e-05
3.4658921552997e-05
3.46586813064936e-05
3.4658441063321e-05
3.46582008234789e-05
3.46579605869672e-05
3.4657720353786e-05
3.46574801239351e-05
3.46572398974146e-05
3.46569996742242e-05
3.4656759454364e-05
3.46565192378338e-05
3.46562790246337e-05
3.46560388147635e-05
3.46557986082231e-05
3.46555584050126e-05
3.46553182051318e-05
3.46550780085806e-05
3.4654837815359e-05
3.4654597625467e-05
3.46543574389044e-05
3.46541172556711e-05
3.46538770757672e-05
3.46536368991926e-05
3.46533967259471e-05
3.46531565560307e-05
3.46529163894433e-05
3.4652676226185e-05
3.46524360662555e-05
3.46521959096548e-05
3.46519557563829e-05
3.46517156064397e-05
3.46514754598251e-05
3.4651235316539e-05
3.46509951765815e-05
3.46507550399523e-05
3.46505149066515e-05
3.4650274776679e-05
3.46500346500346e-05
3.46497945267185e-05
3.46495544067303e-05
3.46493142900702e-05
3.4649074176738e-05
3.46488340667337e-05
3.46485939600571e-05
3.46483538567083e-05
3.46481137566871e-05
3.46478736599935e-05
3.46476335666274e-05
3.46473934765888e-05
3.46471533898775e-05
3.46469133064935e-05
3.46466732264368e-05
3.46464331497072e-05
3.46461930763048e-05
3.46459530062293e-05
3.46457129394809e-05
3.46454728760593e-05
3.46452328159645e-05
3.46449927591965e-05
3.46447527057552e-05
3.46445126556405e-05
3.46442726088523e-05
3.46440325653906e-05
3.46437925252553e-05
3.46435524884464e-05
3.46433124549637e-05
3.46430724248072e-05
3.46428323979769e-05
3.46425923744726e-05
3.46423523542943e-05
3.46421123374419e-05
3.46418723239154e-05
3.46416323137146e-05
3.46413923068396e-05
3.46411523032902e-05
3.46409123030664e-05
3.46406723061681e-05
3.46404323125953e-05
3.46401923223478e-05
3.46399523354256e-05
3.46397123518286e-05
3.46394723715568e-05
3.46392323946101e-05
3.46389924209885e-05
3.46387524506917e-05
3.46385124837199e-05
3.46382725200729e-05
3.46380325597506e-05
3.4637792602753e-05
3.463755264908e-05
3.46373126987316e-05
3.46370727517076e-05
3.4636832808008e-05
3.46365928676328e-05
3.46363529305818e-05
3.4636112996855e-05
3.46358730664524e-05
3.46356331393738e-05
3.46353932156192e-05
3.46351532951885e-05
3.46349133780816e-05
3.46346734642986e-05
3.46344335538392e-05
3.46341936467035e-05
3.46339537428914e-05
3.46337138424027e-05
3.46334739452376e-05
3.46332340513957e-05
3.46329941608772e-05
3.46327542736819e-05
3.46325143898097e-05
3.46322745092607e-05
3.46320346320346e-05
3.46317947581315e-05
3.46315548875513e-05
3.46313150202939e-05
3.46310751563593e-05
3.46308352957473e-05
3.4630595438458e-05
3.46303555844911e-05
3.46301157338468e-05
3.46298758865248e-05
3.46296360425252e-05
3.46293962018478e-05
3.46291563644926e-05
3.46289165304596e-05
3.46286766997486e-05
3.46284368723596e-05
3.46281970482925e-05
3.46279572275472e-05
3.46277174101238e-05
3.4627477596022e-05
3.46272377852419e-05
3.46269979777833e-05
3.46267581736463e-05
3.46265183728306e-05
3.46262785753364e-05
3.46260387811634e-05
3.46257989903117e-05
3.46255592027811e-05
3.46253194185716e-05
3.46250796376832e-05
3.46248398601156e-05
3.4624600085869e-05
3.46243603149432e-05
3.46241205473381e-05
3.46238807830537e-05
3.46236410220899e-05
3.46234012644466e-05
3.46231615101238e-05
3.46229217591214e-05
3.46226820114393e-05
3.46224422670775e-05
3.46222025260359e-05
3.46219627883144e-05
3.46217230539129e-05
3.46214833228315e-05
3.46212435950699e-05
3.46210038706282e-05
3.46207641495063e-05
3.46205244317041e-05
3.46202847172215e-05
3.46200450060585e-05
3.4619805298215e-05
3.46195655936909e-05
3.46193258924862e-05
3.46190861946008e-05
3.46188465000346e-05
3.46186068087876e-05
3.46183671208596e-05
3.46181274362507e-05
3.46178877549607e-05
3.46176480769896e-05
3.46174084023374e-05
3.46171687310038e-05
3.4616929062989e-05
3.46166893982927e-05
3.4616449736915e-05
3.46162100788557e-05
3.46159704241149e-05
3.46157307726923e-05
3.46154911245881e-05
3.4615251479802e-05
3.46150118383341e-05
3.46147722001842e-05
3.46145325653522e-05
3.46142929338382e-05
3.46140533056421e-05
3.46138136807637e-05
3.46135740592031e-05
3.461333444096e-05
3.46130948260346e-05
3.46128552144266e-05
3.46126156061361e-05
3.4612376001163e-05
3.46121363995071e-05
3.46118968011685e-05
3.4611657206147e-05
3.46114176144427e-05
3.46111780260553e-05
3.46109384409849e-05
3.46106988592314e-05
3.46104592807947e-05
3.46102197056747e-05
3.46099801338714e-05
3.46097405653847e-05
3.46095010002146e-05
3.46092614383609e-05
3.46090218798236e-05
3.46087823246027e-05
3.4608542772698e-05
3.46083032241095e-05
3.46080636788372e-05
3.46078241368809e-05
3.46075845982406e-05
3.46073450629162e-05
3.46071055309076e-05
3.46068660022148e-05
3.46066264768378e-05
3.46063869547764e-05
3.46061474360305e-05
3.46059079206002e-05
3.46056684084853e-05
3.46054288996858e-05
3.46051893942016e-05
3.46049498920326e-05
3.46047103931787e-05
3.460447089764e-05
3.46042314054163e-05
3.46039919165075e-05
3.46037524309136e-05
3.46035129486345e-05
3.46032734696702e-05
3.46030339940206e-05
3.46027945216856e-05
3.46025550526651e-05
3.46023155869591e-05
3.46020761245675e-05
3.46018366654902e-05
3.46015972097272e-05
3.46013577572784e-05
3.46011183081437e-05
3.46008788623231e-05
3.46006394198165e-05
3.46003999806238e-05
3.46001605447449e-05
3.45999211121799e-05
3.45996816829285e-05
3.45994422569908e-05
3.45992028343667e-05
3.45989634150561e-05
3.45987239990589e-05
3.45984845863751e-05
3.45982451770046e-05
3.45980057709474e-05
3.45977663682033e-05
3.45975269687723e-05
3.45972875726543e-05
3.45970481798493e-05
3.45968087903572e-05
3.45965694041779e-05
3.45963300213113e-05
3.45960906417575e-05
3.45958512655162e-05
3.45956118925875e-05
3.45953725229713e-05
3.45951331566675e-05
3.45948937936761e-05
3.45946544339969e-05
3.45944150776299e-05
3.4594175724575e-05
3.45939363748322e-05
3.45936970284014e-05
3.45934576852826e-05
3.45932183454756e-05
3.45929790089803e-05
3.45927396757968e-05
3.4592500345925e-05
3.45922610193647e-05
3.4592021696116e-05
3.45917823761787e-05
3.45915430595528e-05
3.45913037462382e-05
3.45910644362348e-05
3.45908251295426e-05
3.45905858261616e-05
3.45903465260915e-05
3.45901072293324e-05
3.45898679358842e-05
3.45896286457469e-05
3.45893893589203e-05
3.45891500754043e-05
3.45889107951991e-05
3.45886715183043e-05
3.45884322447201e-05
3.45881929744462e-05
3.45879537074828e-05
3.45877144438295e-05
3.45874751834866e-05
3.45872359264537e-05
3.45869966727309e-05
3.45867574223181e-05
3.45865181752153e-05
3.45862789314223e-05
3.45860396909392e-05
3.45858004537657e-05
3.45855612199019e-05
3.45853219893477e-05
3.4585082762103e-05
3.45848435381678e-05
3.4584604317542e-05
3.45843651002255e-05
3.45841258862182e-05
3.45838866755201e-05
3.45836474681312e-05
3.45834082640512e-05
3.45831690632803e-05
3.45829298658182e-05
3.4582690671665e-05
3.45824514808206e-05
3.45822122932848e-05
3.45819731090577e-05
3.45817339281392e-05
3.45814947505291e-05
3.45812555762275e-05
3.45810164052342e-05
3.45807772375492e-05
3.45805380731724e-05
3.45802989121038e-05
3.45800597543433e-05
3.45798205998907e-05
3.45795814487461e-05
3.45793423009094e-05
3.45791031563805e-05
3.45788640151594e-05
3.45786248772459e-05
3.457838574264e-05
3.45781466113416e-05
3.45779074833507e-05
3.45776683586672e-05
3.45774292372911e-05
3.45771901192222e-05
3.45769510044604e-05
3.45767118930058e-05
3.45764727848583e-05
3.45762336800177e-05
3.45759945784841e-05
3.45757554802572e-05
3.45755163853372e-05
3.45752772937239e-05
3.45750382054172e-05
3.45747991204171e-05
3.45745600387235e-05
3.45743209603363e-05
3.45740818852555e-05
3.4573842813481e-05
3.45736037450128e-05
3.45733646798506e-05
3.45731256179946e-05
3.45728865594446e-05
3.45726475042006e-05
3.45724084522624e-05
3.45721694036301e-05
3.45719303583035e-05
3.45716913162826e-05
3.45714522775673e-05
3.45712132421575e-05
3.45709742100532e-05
3.45707351812544e-05
3.45704961557608e-05
3.45702571335726e-05
3.45700181146895e-05
3.45697790991116e-05
3.45695400868387e-05
3.45693010778708e-05
3.45690620722079e-05
3.45688230698498e-05
3.45685840707965e-05
3.45683450750479e-05
3.45681060826039e-05
3.45678670934646e-05
3.45676281076298e-05
3.45673891250994e-05
3.45671501458734e-05
3.45669111699517e-05
3.45666721973342e-05
3.45664332280209e-05
3.45661942620118e-05
3.45659552993066e-05
3.45657163399054e-05
3.45654773838081e-05
3.45652384310147e-05
3.4564999481525e-05
3.4564760535339e-05
3.45645215924566e-05
3.45642826528778e-05
3.45640437166025e-05
3.45638047836306e-05
3.4563565853962e-05
3.45633269275967e-05
3.45630880045347e-05
3.45628490847758e-05
3.45626101683199e-05
3.45623712551671e-05
3.45621323453172e-05
3.45618934387701e-05
3.45616545355259e-05
3.45614156355844e-05
3.45611767389456e-05
3.45609378456094e-05
3.45606989555757e-05
3.45604600688444e-05
3.45602211854156e-05
3.45599823052891e-05
3.45597434284648e-05
3.45595045549427e-05
3.45592656847227e-05
3.45590268178048e-05
3.45587879541889e-05
3.45585490938748e-05
3.45583102368627e-05
3.45580713831522e-05
3.45578325327435e-05
3.45575936856365e-05
3.4557354841831e-05
3.4557116001327e-05
3.45568771641244e-05
3.45566383302232e-05
3.45563994996233e-05
3.45561606723247e-05
3.45559218483271e-05
3.45556830276307e-05
3.45554442102353e-05
3.45552053961409e-05
3.45549665853473e-05
3.45547277778546e-05
3.45544889736626e-05
3.45542501727713e-05
3.45540113751805e-05
3.45537725808904e-05
3.45535337899007e-05
3.45532950022114e-05
3.45530562178225e-05
3.45528174367338e-05
3.45525786589453e-05
3.4552339884457e-05
3.45521011132687e-05
3.45518623453804e-05
3.45516235807921e-05
3.45513848195036e-05
3.45511460615149e-05
3.45509073068259e-05
3.45506685554365e-05
3.45504298073468e-05
3.45501910625566e-05
3.45499523210658e-05
3.45497135828744e-05
3.45494748479823e-05
3.45492361163895e-05
3.45489973880958e-05
3.45487586631012e-05
3.45485199414057e-05
3.45482812230092e-05
3.45480425079115e-05
3.45478037961127e-05
3.45475650876126e-05
3.45473263824113e-05
3.45470876805085e-05
3.45468489819044e-05
3.45466102865987e-05
3.45463715945914e-05
3.45461329058825e-05
3.45458942204719e-05
3.45456555383595e-05
3.45454168595452e-05
3.45451781840291e-05
3.45449395118109e-05
3.45447008428907e-05
3.45444621772684e-05
3.45442235149438e-05
3.4543984855917e-05
3.45437462001879e-05
3.45435075477564e-05
3.45432688986224e-05
3.45430302527859e-05
3.45427916102468e-05
3.4542552971005e-05
3.45423143350605e-05
3.45420757024131e-05
3.45418370730629e-05
3.45415984470097e-05
3.45413598242536e-05
3.45411212047943e-05
3.45408825886319e-05
3.45406439757663e-05
3.45404053661974e-05
3.45401667599251e-05
3.45399281569494e-05
3.45396895572703e-05
3.45394509608875e-05
3.45392123678012e-05
3.45389737780111e-05
3.45387351915173e-05
3.45384966083196e-05
3.45382580284181e-05
3.45380194518126e-05
3.4537780878503e-05
3.45375423084893e-05
3.45373037417715e-05
3.45370651783494e-05
3.4536826618223e-05
3.45365880613922e-05
3.4536349507857e-05
3.45361109576173e-05
3.4535872410673e-05
3.4535633867024e-05
3.45353953266703e-05
3.45351567896118e-05
3.45349182558485e-05
3.45346797253802e-05
3.4534441198207e-05
3.45342026743287e-05
3.45339641537452e-05
3.45337256364566e-05
3.45334871224626e-05
3.45332486117634e-05
3.45330101043588e-05
3.45327716002486e-05
3.4532533099433e-05
3.45322946019117e-05
3.45320561076848e-05
3.45318176167521e-05
3.45315791291136e-05
3.45313406447692e-05
3.45311021637189e-05
3.45308636859625e-05
3.45306252115001e-05
3.45303867403315e-05
3.45301482724567e-05
3.45299098078756e-05
3.45296713465881e-05
3.45294328885942e-05
3.45291944338939e-05
3.45289559824869e-05
3.45287175343733e-05
3.45284790895531e-05
3.4528240648026e-05
3.45280022097921e-05
3.45277637748514e-05
3.45275253432036e-05
3.45272869148488e-05
3.45270484897869e-05
3.45268100680178e-05
3.45265716495415e-05
3.45263332343578e-05
3.45260948224668e-05
3.45258564138683e-05
3.45256180085624e-05
3.45253796065488e-05
3.45251412078275e-05
3.45249028123986e-05
3.45246644202618e-05
3.45244260314172e-05
3.45241876458647e-05
3.45239492636042e-05
3.45237108846356e-05
3.45234725089588e-05
3.45232341365739e-05
3.45229957674807e-05
3.45227574016792e-05
3.45225190391692e-05
3.45222806799508e-05
3.45220423240239e-05
3.45218039713883e-05
3.45215656220441e-05
3.45213272759911e-05
3.45210889332293e-05
3.45208505937586e-05
3.4520612257579e-05
3.45203739246904e-05
3.45201355950926e-05
3.45198972687857e-05
3.45196589457696e-05
3.45194206260442e-05
3.45191823096095e-05
3.45189439964653e-05
3.45187056866116e-05
3.45184673800483e-05
3.45182290767754e-05
3.45179907767929e-05
3.45177524801005e-05
3.45175141866983e-05
3.45172758965862e-05
3.45170376097642e-05
3.45167993262321e-05
3.45165610459899e-05
3.45163227690375e-05
3.45160844953748e-05
3.45158462250019e-05
3.45156079579186e-05
3.45153696941248e-05
3.45151314336205e-05
3.45148931764056e-05
3.45146549224801e-05
3.45144166718438e-05
3.45141784244968e-05
3.45139401804389e-05
3.45137019396701e-05
3.45134637021902e-05
3.45132254679993e-05
3.45129872370973e-05
3.45127490094841e-05
3.45125107851596e-05
3.45122725641238e-05
3.45120343463766e-05
3.45117961319179e-05
3.45115579207477e-05
3.45113197128658e-05
3.45110815082723e-05
3.45108433069671e-05
3.451060510895e-05
3.4510366914221e-05
3.45101287227801e-05
3.45098905346272e-05
3.45096523497622e-05
3.45094141681851e-05
3.45091759898957e-05
3.45089378148941e-05
3.450869964318e-05
3.45084614747536e-05
3.45082233096147e-05
3.45079851477632e-05
3.45077469891991e-05
3.45075088339223e-05
3.45072706819327e-05
3.45070325332303e-05
3.4506794387815e-05
3.45065562456867e-05
3.45063181068454e-05
3.45060799712909e-05
3.45058418390233e-05
3.45056037100425e-05
3.45053655843484e-05
3.45051274619408e-05
3.45048893428199e-05
3.45046512269854e-05
3.45044131144373e-05
3.45041750051756e-05
3.45039368992002e-05
3.4503698796511e-05
3.45034606971079e-05
3.45032226009909e-05
3.450298450816e-05
3.45027464186149e-05
3.45025083323558e-05
3.45022702493824e-05
3.45020321696948e-05
3.45017940932929e-05
3.45015560201765e-05
3.45013179503457e-05
3.45010798838004e-05
3.45008418205404e-05
3.45006037605658e-05
3.45003657038765e-05
3.45001276504723e-05
3.44998896003533e-05
3.44996515535193e-05
3.44994135099703e-05
3.44991754697063e-05
3.44989374327271e-05
3.44986993990327e-05
3.4498461368623e-05
3.44982233414979e-05
3.44979853176574e-05
3.44977472971015e-05
3.449750927983e-05
3.44972712658429e-05
3.44970332551401e-05
3.44967952477215e-05
3.44965572435871e-05
3.44963192427368e-05
3.44960812451705e-05
3.44958432508883e-05
3.44956052598899e-05
3.44953672721753e-05
3.44951292877446e-05
3.44948913065975e-05
3.4494653328734e-05
3.44944153541542e-05
3.44941773828578e-05
3.44939394148448e-05
3.44937014501152e-05
3.44934634886689e-05
3.44932255305058e-05
3.44929875756259e-05
3.4492749624029e-05
3.44925116757152e-05
3.44922737306843e-05
3.44920357889363e-05
3.44917978504712e-05
3.44915599152887e-05
3.4491321983389e-05
3.44910840547718e-05
3.44908461294373e-05
3.44906082073851e-05
3.44903702886154e-05
3.4490132373128e-05
3.44898944609229e-05
3.44896565520001e-05
3.44894186463593e-05
3.44891807440006e-05
3.44889428449239e-05
3.44887049491292e-05
3.44884670566163e-05
3.44882291673852e-05
3.44879912814358e-05
3.44877533987681e-05
3.4487515519382e-05
3.44872776432774e-05
3.44870397704543e-05
3.44868019009125e-05
3.44865640346521e-05
3.44863261716729e-05
3.44860883119749e-05
3.44858504555581e-05
3.44856126024223e-05
3.44853747525674e-05
3.44851369059935e-05
3.44848990627004e-05
3.44846612226881e-05
3.44844233859566e-05
3.44841855525056e-05
3.44839477223353e-05
3.44837098954454e-05
3.4483472071836e-05
3.44832342515069e-05
3.44829964344582e-05
3.44827586206897e-05
3.44825208102013e-05
3.44822830029931e-05
3.44820451990648e-05
3.44818073984166e-05
3.44815696010482e-05
3.44813318069597e-05
3.44810940161509e-05
3.44808562286219e-05
3.44806184443724e-05
3.44803806634025e-05
3.44801428857121e-05
3.44799051113011e-05
3.44796673401695e-05
3.44794295723172e-05
3.4479191807744e-05
3.447895404645e-05
3.44787162884352e-05
3.44784785336993e-05
3.44782407822423e-05
3.44780030340643e-05
3.4477765289165e-05
3.44775275475445e-05
3.44772898092027e-05
3.44770520741394e-05
3.44768143423548e-05
3.44765766138486e-05
3.44763388886207e-05
3.44761011666713e-05
3.44758634480001e-05
3.4475625732607e-05
3.44753880204922e-05
3.44751503116554e-05
3.44749126060965e-05
3.44746749038157e-05
3.44744372048126e-05
3.44741995090874e-05
3.44739618166399e-05
3.447372412747e-05
3.44734864415778e-05
3.4473248758963e-05
3.44730110796258e-05
3.44727734035659e-05
3.44725357307833e-05
3.4472298061278e-05
3.44720603950498e-05
3.44718227320988e-05
3.44715850724248e-05
3.44713474160278e-05
3.44711097629077e-05
3.44708721130645e-05
3.4470634466498e-05
3.44703968232082e-05
3.44701591831951e-05
3.44699215464586e-05
3.44696839129985e-05
3.44694462828149e-05
3.44692086559077e-05
3.44689710322767e-05
3.4468733411922e-05
3.44684957948435e-05
3.44682581810411e-05
3.44680205705147e-05
3.44677829632642e-05
3.44675453592897e-05
3.4467307758591e-05
3.4467070161168e-05
3.44668325670208e-05
3.44665949761491e-05
3.4466357388553e-05
3.44661198042324e-05
3.44658822231873e-05
3.44656446454174e-05
3.44654070709229e-05
3.44651694997036e-05
3.44649319317594e-05
3.44646943670903e-05
3.44644568056963e-05
3.44642192475772e-05
3.44639816927329e-05
3.44637441411635e-05
3.44635065928688e-05
3.44632690478488e-05
3.44630315061034e-05
3.44627939676325e-05
3.44625564324362e-05
3.44623189005142e-05
3.44620813718665e-05
3.44618438464932e-05
3.4461606324394e-05
3.4461368805569e-05
3.4461131290018e-05
3.4460893777741e-05
3.4460656268738e-05
3.44604187630088e-05
3.44601812605534e-05
3.44599437613718e-05
3.44597062654638e-05
3.44594687728294e-05
3.44592312834685e-05
3.44589937973811e-05
3.44587563145671e-05
3.44585188350264e-05
3.4458281358759e-05
3.44580438857647e-05
3.44578064160436e-05
3.44575689495955e-05
3.44573314864204e-05
3.44570940265182e-05
3.44568565698888e-05
3.44566191165323e-05
3.44563816664484e-05
3.44561442196372e-05
3.44559067760986e-05
3.44556693358325e-05
3.44554318988389e-05
3.44551944651176e-05
3.44549570346686e-05
3.44547196074918e-05
3.44544821835873e-05
3.44542447629548e-05
3.44540073455944e-05
3.44537699315059e-05
3.44535325206893e-05
3.44532951131446e-05
3.44530577088717e-05
3.44528203078704e-05
3.44525829101408e-05
3.44523455156827e-05
3.44521081244961e-05
3.4451870736581e-05
3.44516333519372e-05
3.44513959705647e-05
3.44511585924635e-05
3.44509212176334e-05
3.44506838460743e-05
3.44504464777864e-05
3.44502091127693e-05
3.44499717510232e-05
3.44497343925478e-05
3.44494970373433e-05
3.44492596854094e-05
3.44490223367461e-05
3.44487849913534e-05
3.44485476492311e-05
3.44483103103793e-05
3.44480729747978e-05
3.44478356424866e-05
3.44475983134456e-05
3.44473609876747e-05
3.4447123665174e-05
3.44468863459432e-05
3.44466490299824e-05
3.44464117172914e-05
3.44461744078703e-05
3.44459371017189e-05
3.44456997988371e-05
3.4445462499225e-05
3.44452252028824e-05
3.44449879098092e-05
3.44447506200055e-05
3.44445133334711e-05
3.4444276050206e-05
3.444403877021e-05
3.44438014934832e-05
3.44435642200255e-05
3.44433269498367e-05
3.44430896829169e-05
3.4442852419266e-05
3.44426151588838e-05
3.44423779017703e-05
3.44421406479256e-05
3.44419033973494e-05
3.44416661500417e-05
3.44414289060025e-05
3.44411916652316e-05
3.44409544277291e-05
3.44407171934948e-05
3.44404799625288e-05
3.44402427348308e-05
3.44400055104009e-05
3.4439768289239e-05
3.44395310713449e-05
3.44392938567188e-05
3.44390566453604e-05
3.44388194372697e-05
3.44385822324467e-05
3.44383450308912e-05
3.44381078326032e-05
3.44378706375827e-05
3.44376334458296e-05
3.44373962573438e-05
3.44371590721252e-05
3.44369218901738e-05
3.44366847114895e-05
3.44364475360722e-05
3.44362103639219e-05
3.44359731950385e-05
3.44357360294219e-05
3.44354988670721e-05
3.4435261707989e-05
3.44350245521725e-05
3.44347873996226e-05
3.44345502503392e-05
3.44343131043222e-05
3.44340759615716e-05
3.44338388220872e-05
3.44336016858691e-05
3.44333645529172e-05
3.44331274232313e-05
3.44328902968115e-05
3.44326531736576e-05
3.44324160537697e-05
3.44321789371475e-05
3.44319418237911e-05
3.44317047137004e-05
3.44314676068753e-05
3.44312305033157e-05
3.44309934030217e-05
3.4430756305993e-05
3.44305192122297e-05
3.44302821217317e-05
3.44300450344989e-05
3.44298079505313e-05
3.44295708698287e-05
3.44293337923911e-05
3.44290967182185e-05
3.44288596473108e-05
3.44286225796678e-05
3.44283855152896e-05
3.44281484541761e-05
3.44279113963272e-05
3.44276743417429e-05
3.4427437290423e-05
3.44272002423675e-05
3.44269631975763e-05
3.44267261560495e-05
3.44264891177868e-05
3.44262520827882e-05
3.44260150510538e-05
3.44257780225833e-05
3.44255409973768e-05
3.44253039754341e-05
3.44250669567552e-05
3.44248299413401e-05
3.44245929291886e-05
3.44243559203007e-05
3.44241189146764e-05
3.44238819123155e-05
3.4423644913218e-05
3.44234079173838e-05
3.44231709248129e-05
3.44229339355052e-05
3.44226969494606e-05
3.44224599666791e-05
3.44222229871605e-05
3.44219860109049e-05
3.44217490379121e-05
3.44215120681821e-05
3.44212751017149e-05
3.44210381385103e-05
3.44208011785682e-05
3.44205642218887e-05
3.44203272684717e-05
3.4420090318317e-05
3.44198533714246e-05
3.44196164277945e-05
3.44193794874266e-05
3.44191425503208e-05
3.4418905616477e-05
3.44186686858952e-05
3.44184317585754e-05
3.44181948345173e-05
3.44179579137211e-05
3.44177209961865e-05
3.44174840819136e-05
3.44172471709023e-05
3.44170102631525e-05
3.44167733586641e-05
3.44165364574371e-05
3.44162995594714e-05
3.44160626647669e-05
3.44158257733236e-05
3.44155888851414e-05
3.44153520002203e-05
3.44151151185601e-05
3.44148782401608e-05
3.44146413650223e-05
3.44144044931447e-05
3.44141676245277e-05
3.44139307591713e-05
3.44136938970755e-05
3.44134570382402e-05
3.44132201826654e-05
3.44129833303509e-05
3.44127464812967e-05
3.44125096355027e-05
3.44122727929689e-05
3.44120359536952e-05
3.44117991176815e-05
3.44115622849277e-05
3.44113254554339e-05
3.44110886291999e-05
3.44108518062256e-05
3.4410614986511e-05
3.44103781700561e-05
3.44101413568607e-05
3.44099045469248e-05
3.44096677402483e-05
3.44094309368312e-05
3.44091941366733e-05
3.44089573397747e-05
3.44087205461352e-05
3.44084837557548e-05
3.44082469686334e-05
3.4408010184771e-05
3.44077734041675e-05
3.44075366268227e-05
3.44072998527368e-05
3.44070630819095e-05
3.44068263143408e-05
3.44065895500306e-05
3.4406352788979e-05
3.44061160311857e-05
3.44058792766508e-05
3.44056425253742e-05
3.44054057773557e-05
3.44051690325955e-05
3.44049322910933e-05
3.44046955528491e-05
3.44044588178628e-05
3.44042220861344e-05
3.44039853576638e-05
3.4403748632451e-05
3.44035119104958e-05
3.44032751917983e-05
3.44030384763582e-05
3.44028017641757e-05
3.44025650552505e-05
3.44023283495827e-05
3.44020916471722e-05
3.44018549480188e-05
3.44016182521226e-05
3.44013815594834e-05
3.44011448701013e-05
3.44009081839761e-05
3.44006715011077e-05
3.44004348214961e-05
3.44001981451413e-05
3.43999614720431e-05
3.43997248022016e-05
3.43994881356165e-05
3.4399251472288e-05
3.43990148122158e-05
3.43987781553999e-05
3.43985415018403e-05
3.43983048515369e-05
3.43980682044896e-05
3.43978315606984e-05
3.43975949201632e-05
3.43973582828839e-05
3.43971216488604e-05
3.43968850180928e-05
3.43966483905808e-05
3.43964117663245e-05
3.43961751453238e-05
3.43959385275787e-05
3.43957019130889e-05
3.43954653018546e-05
3.43952286938756e-05
3.43949920891518e-05
3.43947554876832e-05
3.43945188894698e-05
3.43942822945114e-05
3.43940457028079e-05
3.43938091143594e-05
3.43935725291657e-05
3.43933359472269e-05
3.43930993685427e-05
3.43928627931132e-05
3.43926262209382e-05
3.43923896520178e-05
3.43921530863518e-05
3.43919165239402e-05
3.43916799647829e-05
3.43914434088799e-05
3.4391206856231e-05
3.43909703068362e-05
3.43907337606955e-05
3.43904972178088e-05
3.43902606781759e-05
3.43900241417969e-05
3.43897876086717e-05
3.43895510788002e-05
3.43893145521823e-05
3.4389078028818e-05
3.43888415087073e-05
3.43886049918499e-05
3.43883684782459e-05
3.43881319678952e-05
3.43878954607978e-05
3.43876589569535e-05
3.43874224563624e-05
3.43871859590242e-05
3.43869494649391e-05
3.43867129741068e-05
3.43864764865274e-05
3.43862400022007e-05
3.43860035211268e-05
3.43857670433054e-05
3.43855305687367e-05
3.43852940974204e-05
3.43850576293566e-05
3.43848211645451e-05
3.4384584702986e-05
3.4384348244679e-05
3.43841117896243e-05
3.43838753378216e-05
3.43836388892709e-05
3.43834024439722e-05
3.43831660019255e-05
3.43829295631305e-05
3.43826931275873e-05
3.43824566952958e-05
3.43822202662559e-05
3.43819838404676e-05
3.43817474179308e-05
3.43815109986454e-05
3.43812745826113e-05
3.43810381698286e-05
3.4380801760297e-05
3.43805653540167e-05
3.43803289509874e-05
3.43800925512091e-05
3.43798561546818e-05
3.43796197614054e-05
3.43793833713799e-05
3.4379146984605e-05
3.43789106010809e-05
3.43786742208073e-05
3.43784378437844e-05
3.43782014700119e-05
3.43779650994898e-05
3.43777287322181e-05
3.43774923681967e-05
3.43772560074255e-05
3.43770196499044e-05
3.43767832956335e-05
3.43765469446125e-05
3.43763105968415e-05
3.43760742523204e-05
3.43758379110491e-05
3.43756015730275e-05
3.43753652382557e-05
3.43751289067334e-05
3.43748925784607e-05
3.43746562534375e-05
3.43744199316637e-05
3.43741836131392e-05
3.4373947297864e-05
3.4373710985838e-05
3.43734746770612e-05
3.43732383715335e-05
3.43730020692547e-05
3.43727657702249e-05
3.4372529474444e-05
3.43722931819119e-05
3.43720568926286e-05
3.43718206065939e-05
3.43715843238078e-05
3.43713480442703e-05
3.43711117679812e-05
3.43708754949406e-05
3.43706392251483e-05
3.43704029586043e-05
3.43701666953085e-05
3.43699304352608e-05
3.43696941784612e-05
3.43694579249096e-05
3.4369221674606e-05
3.43689854275502e-05
3.43687491837422e-05
3.4368512943182e-05
3.43682767058694e-05
3.43680404718045e-05
3.4367804240987e-05
3.43675680134171e-05
3.43673317890946e-05
3.43670955680194e-05
3.43668593501914e-05
3.43666231356107e-05
3.43663869242771e-05
3.43661507161906e-05
3.43659145113511e-05
3.43656783097585e-05
3.43654421114128e-05
3.43652059163139e-05
3.43649697244617e-05
3.43647335358562e-05
3.43644973504973e-05
3.43642611683849e-05
3.4364024989519e-05
3.43637888138995e-05
3.43635526415263e-05
3.43633164723994e-05
3.43630803065187e-05
3.43628441438841e-05
3.43626079844956e-05
3.43623718283531e-05
3.43621356754565e-05
3.43618995258058e-05
3.43616633794009e-05
3.43614272362417e-05
3.43611910963282e-05
3.43609549596602e-05
3.43607188262378e-05
3.43604826960609e-05
3.43602465691294e-05
3.43600104454432e-05
3.43597743250022e-05
3.43595382078065e-05
3.43593020938559e-05
3.43590659831503e-05
3.43588298756898e-05
3.43585937714741e-05
3.43583576705033e-05
3.43581215727774e-05
3.43578854782961e-05
3.43576493870595e-05
3.43574132990675e-05
3.43571772143201e-05
3.43569411328171e-05
3.43567050545584e-05
3.43564689795442e-05
3.43562329077741e-05
3.43559968392483e-05
3.43557607739666e-05
3.43555247119289e-05
3.43552886531353e-05
3.43550525975855e-05
3.43548165452797e-05
3.43545804962176e-05
3.43543444503992e-05
3.43541084078245e-05
3.43538723684934e-05
3.43536363324058e-05
3.43534002995617e-05
3.43531642699609e-05
3.43529282436035e-05
3.43526922204893e-05
3.43524562006183e-05
3.43522201839905e-05
3.43519841706057e-05
3.43517481604639e-05
3.4351512153565e-05
3.4351276149909e-05
3.43510401494957e-05
3.43508041523252e-05
3.43505681583973e-05
3.43503321677121e-05
3.43500961802693e-05
3.4349860196069e-05
3.43496242151111e-05
3.43493882373955e-05
3.43491522629222e-05
3.4348916291691e-05
3.4348680323702e-05
3.4348444358955e-05
3.434820839745e-05
3.43479724391869e-05
3.43477364841657e-05
3.43475005323863e-05
3.43472645838485e-05
3.43470286385525e-05
3.4346792696498e-05
3.4346556757685e-05
3.43463208221135e-05
3.43460848897834e-05
3.43458489606946e-05
3.43456130348471e-05
3.43453771122407e-05
3.43451411928754e-05
3.43449052767512e-05
3.4344669363868e-05
3.43444334542257e-05
3.43441975478243e-05
3.43439616446636e-05
3.43437257447437e-05
3.43434898480644e-05
3.43432539546257e-05
3.43430180644275e-05
3.43427821774698e-05
3.43425462937524e-05
3.43423104132754e-05
3.43420745360386e-05
3.4341838662042e-05
3.43416027912855e-05
3.4341366923769e-05
3.43411310594926e-05
3.4340895198456e-05
3.43406593406593e-05
3.43404234861024e-05
3.43401876347852e-05
3.43399517867077e-05
3.43397159418697e-05
3.43394801002713e-05
3.43392442619123e-05
3.43390084267927e-05
3.43387725949124e-05
3.43385367662713e-05
3.43383009408694e-05
3.43380651187067e-05
3.4337829299783e-05
3.43375934840983e-05
3.43373576716524e-05
3.43371218624455e-05
3.43368860564773e-05
3.43366502537478e-05
3.4336414454257e-05
3.43361786580048e-05
3.43359428649911e-05
3.43357070752158e-05
3.43354712886789e-05
3.43352355053803e-05
3.433499972532e-05
3.43347639484979e-05
3.43345281749138e-05
3.43342924045678e-05
3.43340566374598e-05
3.43338208735897e-05
3.43335851129575e-05
3.4333349355563e-05
3.43331136014063e-05
3.43328778504872e-05
3.43326421028057e-05
3.43324063583617e-05
3.43321706171551e-05
3.43319348791859e-05
3.43316991444541e-05
3.43314634129594e-05
3.4331227684702e-05
3.43309919596817e-05
3.43307562378984e-05
3.43305205193521e-05
3.43302848040427e-05
3.43300490919702e-05
3.43298133831344e-05
3.43295776775354e-05
3.4329341975173e-05
3.43291062760472e-05
3.43288705801579e-05
3.43286348875051e-05
3.43283991980886e-05
3.43281635119084e-05
3.43279278289645e-05
3.43276921492568e-05
3.43274564727852e-05
3.43272207995496e-05
3.432698512955e-05
3.43267494627864e-05
3.43265137992585e-05
3.43262781389665e-05
3.43260424819102e-05
3.43258068280895e-05
3.43255711775044e-05
3.43253355301548e-05
3.43250998860407e-05
3.43248642451619e-05
3.43246286075185e-05
3.43243929731103e-05
3.43241573419373e-05
3.43239217139994e-05
3.43236860892965e-05
3.43234504678286e-05
3.43232148495957e-05
3.43229792345976e-05
3.43227436228342e-05
3.43225080143056e-05
3.43222724090117e-05
3.43220368069523e-05
3.43218012081274e-05
3.4321565612537e-05
3.43213300201809e-05
3.43210944310592e-05
3.43208588451717e-05
3.43206232625184e-05
3.43203876830993e-05
3.43201521069141e-05
3.4319916533963e-05
3.43196809642458e-05
3.43194453977624e-05
3.43192098345128e-05
3.43189742744969e-05
3.43187387177146e-05
3.4318503164166e-05
3.43182676138509e-05
3.43180320667692e-05
3.43177965229209e-05
3.43175609823059e-05
3.43173254449241e-05
3.43170899107756e-05
3.43168543798601e-05
3.43166188521777e-05
3.43163833277283e-05
3.43161478065118e-05
3.43159122885282e-05
3.43156767737773e-05
3.43154412622592e-05
3.43152057539737e-05
3.43149702489208e-05
3.43147347471004e-05
3.43144992485125e-05
3.43142637531569e-05
3.43140282610337e-05
3.43137927721427e-05
3.43135572864839e-05
3.43133218040572e-05
3.43130863248626e-05
3.43128508488999e-05
3.43126153761692e-05
3.43123799066703e-05
3.43121444404032e-05
3.43119089773679e-05
3.43116735175641e-05
3.4311438060992e-05
3.43112026076514e-05
3.43109671575422e-05
3.43107317106645e-05
3.4310496267018e-05
3.43102608266028e-05
3.43100253894188e-05
3.43097899554659e-05
3.4309554524744e-05
3.43093190972532e-05
3.43090836729933e-05
3.43088482519642e-05
3.43086128341659e-05
3.43083774195983e-05
3.43081420082614e-05
3.43079066001551e-05
3.43076711952793e-05
3.43074357936339e-05
3.43072003952189e-05
3.43069650000343e-05
3.43067296080799e-05
3.43064942193557e-05
3.43062588338617e-05
3.43060234515976e-05
3.43057880725636e-05
3.43055526967595e-05
3.43053173241853e-05
3.43050819548408e-05
3.43048465887261e-05
3.4304611225841e-05
3.43043758661855e-05
3.43041405097595e-05
3.4303905156563e-05
3.43036698065959e-05
3.43034344598581e-05
3.43031991163496e-05
3.43029637760703e-05
3.430272843902e-05
3.43024931051989e-05
3.43022577746067e-05
3.43020224472435e-05
3.43017871231091e-05
3.43015518022035e-05
3.43013164845267e-05
3.43010811700785e-05
3.43008458588589e-05
3.43006105508678e-05
3.43003752461052e-05
3.4300139944571e-05
3.42999046462651e-05
3.42996693511875e-05
3.4299434059338e-05
3.42991987707167e-05
3.42989634853235e-05
3.42987282031582e-05
3.42984929242209e-05
3.42982576485115e-05
3.42980223760298e-05
3.42977871067759e-05
3.42975518407496e-05
3.42973165779509e-05
3.42970813183798e-05
3.42968460620361e-05
3.42966108089199e-05
3.42963755590309e-05
3.42961403123692e-05
3.42959050689348e-05
3.42956698287274e-05
3.42954345917471e-05
3.42951993579939e-05
3.42949641274675e-05
3.4294728900168e-05
3.42944936760954e-05
3.42942584552494e-05
3.42940232376301e-05
3.42937880232375e-05
3.42935528120713e-05
3.42933176041317e-05
3.42930823994184e-05
3.42928471979315e-05
3.42926119996708e-05
3.42923768046363e-05
3.4292141612828e-05
3.42919064242457e-05
3.42916712388895e-05
3.42914360567592e-05
3.42912008778547e-05
3.42909657021761e-05
3.42907305297232e-05
3.4290495360496e-05
3.42902601944944e-05
3.42900250317183e-05
3.42897898721677e-05
3.42895547158425e-05
3.42893195627426e-05
3.4289084412868e-05
3.42888492662186e-05
3.42886141227944e-05
3.42883789825952e-05
3.42881438456211e-05
3.42879087118718e-05
3.42876735813475e-05
3.4287438454048e-05
3.42872033299732e-05
3.42869682091231e-05
3.42867330914976e-05
3.42864979770966e-05
3.42862628659201e-05
3.42860277579681e-05
3.42857926532403e-05
3.42855575517369e-05
3.42853224534577e-05
3.42850873584026e-05
3.42848522665716e-05
3.42846171779646e-05
3.42843820925815e-05
3.42841470104224e-05
3.4283911931487e-05
3.42836768557754e-05
3.42834417832875e-05
3.42832067140232e-05
3.42829716479824e-05
3.42827365851652e-05
3.42825015255713e-05
3.42822664692008e-05
3.42820314160536e-05
3.42817963661296e-05
3.42815613194287e-05
3.4281326275951e-05
3.42810912356962e-05
3.42808561986644e-05
3.42806211648555e-05
3.42803861342694e-05
3.42801511069061e-05
3.42799160827654e-05
3.42796810618474e-05
3.42794460441519e-05
3.42792110296789e-05
3.42789760184284e-05
3.42787410104002e-05
3.42785060055942e-05
3.42782710040106e-05
3.4278036005649e-05
3.42778010105096e-05
3.42775660185921e-05
3.42773310298967e-05
3.42770960444231e-05
3.42768610621714e-05
3.42766260831414e-05
3.42763911073331e-05
3.42761561347464e-05
3.42759211653813e-05
3.42756861992377e-05
3.42754512363155e-05
3.42752162766147e-05
3.42749813201352e-05
3.42747463668769e-05
3.42745114168398e-05
3.42742764700237e-05
3.42740415264287e-05
3.42738065860547e-05
3.42735716489015e-05
3.42733367149692e-05
3.42731017842577e-05
3.42728668567668e-05
3.42726319324966e-05
3.4272397011447e-05
3.42721620936178e-05
3.42719271790091e-05
3.42716922676208e-05
3.42714573594528e-05
3.4271222454505e-05
3.42709875527773e-05
3.42707526542698e-05
3.42705177589823e-05
3.42702828669148e-05
3.42700479780672e-05
3.42698130924394e-05
3.42695782100314e-05
3.42693433308431e-05
3.42691084548744e-05
3.42688735821254e-05
3.42686387125958e-05
3.42684038462856e-05
3.42681689831949e-05
3.42679341233234e-05
3.42676992666712e-05
3.42674644132382e-05
3.42672295630243e-05
3.42669947160294e-05
3.42667598722535e-05
3.42665250316965e-05
3.42662901943584e-05
3.4266055360239e-05
3.42658205293384e-05
3.42655857016564e-05
3.4265350877193e-05
3.42651160559481e-05
3.42648812379216e-05
3.42646464231136e-05
3.42644116115238e-05
3.42641768031523e-05
3.4263941997999e-05
3.42637071960638e-05
3.42634723973466e-05
3.42632376018475e-05
3.42630028095662e-05
3.42627680205028e-05
3.42625332346572e-05
3.42622984520294e-05
3.42620636726191e-05
3.42618288964265e-05
3.42615941234514e-05
3.42613593536937e-05
3.42611245871534e-05
3.42608898238305e-05
3.42606550637248e-05
3.42604203068363e-05
3.4260185553165e-05
3.42599508027106e-05
3.42597160554733e-05
3.42594813114529e-05
3.42592465706494e-05
3.42590118330627e-05
3.42587770986927e-05
3.42585423675393e-05
3.42583076396026e-05
3.42580729148824e-05
3.42578381933786e-05
3.42576034750913e-05
3.42573687600203e-05
3.42571340481655e-05
3.4256899339527e-05
3.42566646341046e-05
3.42564299318982e-05
3.42561952329079e-05
3.42559605371335e-05
3.42557258445749e-05
3.42554911552322e-05
3.42552564691052e-05
3.42550217861939e-05
3.42547871064981e-05
3.4254552430018e-05
3.42543177567532e-05
3.42540830867039e-05
3.425384841987e-05
3.42536137562513e-05
3.42533790958478e-05
3.42531444386595e-05
3.42529097846862e-05
3.4252675133928e-05
3.42524404863847e-05
3.42522058420562e-05
3.42519712009426e-05
3.42517365630437e-05
3.42515019283596e-05
3.425126729689e-05
3.4251032668635e-05
3.42507980435944e-05
3.42505634217683e-05
3.42503288031565e-05
3.4250094187759e-05
3.42498595755757e-05
3.42496249666066e-05
3.42493903608516e-05
3.42491557583106e-05
3.42489211589835e-05
3.42486865628703e-05
3.4248451969971e-05
3.42482173802854e-05
3.42479827938134e-05
3.42477482105552e-05
3.42475136305104e-05
3.42472790536792e-05
3.42470444800614e-05
3.42468099096569e-05
3.42465753424658e-05
3.42463407784878e-05
3.4246106217723e-05
3.42458716601714e-05
3.42456371058327e-05
3.4245402554707e-05
3.42451680067942e-05
3.42449334620943e-05
3.42446989206071e-05
3.42444643823326e-05
3.42442298472707e-05
3.42439953154214e-05
3.42437607867846e-05
3.42435262613603e-05
3.42432917391483e-05
3.42430572201486e-05
3.42428227043612e-05
3.42425881917859e-05
3.42423536824227e-05
3.42421191762716e-05
3.42418846733324e-05
3.42416501736052e-05
3.42414156770898e-05
3.42411811837861e-05
3.42409466936942e-05
3.42407122068139e-05
3.42404777231452e-05
3.4240243242688e-05
3.42400087654422e-05
3.42397742914079e-05
3.42395398205848e-05
3.4239305352973e-05
3.42390708885724e-05
3.42388364273829e-05
3.42386019694044e-05
3.42383675146369e-05
3.42381330630803e-05
3.42378986147346e-05
3.42376641695997e-05
3.42374297276755e-05
3.42371952889619e-05
3.4236960853459e-05
3.42367264211665e-05
3.42364919920845e-05
3.42362575662129e-05
3.42360231435516e-05
3.42357887241006e-05
3.42355543078598e-05
3.42353198948291e-05
3.42350854850085e-05
3.42348510783978e-05
3.42346166749971e-05
3.42343822748062e-05
3.42341478778252e-05
3.42339134840538e-05
3.42336790934922e-05
3.42334447061401e-05
3.42332103219976e-05
3.42329759410645e-05
3.42327415633408e-05
3.42325071888265e-05
3.42322728175214e-05
3.42320384494256e-05
3.42318040845389e-05
3.42315697228612e-05
3.42313353643926e-05
3.42311010091329e-05
3.4230866657082e-05
3.423063230824e-05
3.42303979626067e-05
3.42301636201821e-05
3.42299292809661e-05
3.42296949449586e-05
3.42294606121597e-05
3.42292262825691e-05
3.42289919561869e-05
3.4228757633013e-05
3.42285233130472e-05
3.42282889962897e-05
3.42280546827402e-05
3.42278203723987e-05
3.42275860652652e-05
3.42273517613395e-05
3.42271174606217e-05
3.42268831631116e-05
3.42266488688093e-05
3.42264145777145e-05
3.42261802898273e-05
3.42259460051476e-05
3.42257117236753e-05
3.42254774454104e-05
3.42252431703527e-05
3.42250088985023e-05
3.42247746298591e-05
3.42245403644229e-05
3.42243061021938e-05
3.42240718431716e-05
3.42238375873563e-05
3.42236033347479e-05
3.42233690853462e-05
3.42231348391513e-05
3.42229005961629e-05
3.42226663563812e-05
3.42224321198059e-05
3.42221978864371e-05
3.42219636562746e-05
3.42217294293184e-05
3.42214952055685e-05
3.42212609850248e-05
3.42210267676871e-05
3.42207925535555e-05
3.42205583426299e-05
3.42203241349102e-05
3.42200899303963e-05
3.42198557290882e-05
3.42196215309859e-05
3.42193873360891e-05
3.4219153144398e-05
3.42189189559123e-05
3.42186847706322e-05
3.42184505885573e-05
3.42182164096879e-05
3.42179822340236e-05
3.42177480615646e-05
3.42175138923106e-05
3.42172797262618e-05
3.42170455634179e-05
3.42168114037789e-05
3.42165772473448e-05
3.42163430941155e-05
3.42161089440909e-05
3.42158747972709e-05
3.42156406536556e-05
3.42154065132448e-05
3.42151723760384e-05
3.42149382420365e-05
3.42147041112388e-05
3.42144699836455e-05
3.42142358592563e-05
3.42140017380713e-05
3.42137676200903e-05
3.42135335053134e-05
3.42132993937403e-05
3.42130652853712e-05
3.42128311802058e-05
3.42125970782442e-05
3.42123629794863e-05
3.42121288839319e-05
3.42118947915811e-05
3.42116607024338e-05
3.42114266164899e-05
3.42111925337493e-05
3.42109584542121e-05
3.4210724377878e-05
3.4210490304747e-05
3.42102562348192e-05
3.42100221680944e-05
3.42097881045725e-05
3.42095540442535e-05
3.42093199871373e-05
3.42090859332239e-05
3.42088518825131e-05
3.4208617835005e-05
3.42083837906994e-05
3.42081497495963e-05
3.42079157116957e-05
3.42076816769974e-05
3.42074476455014e-05
3.42072136172076e-05
3.4206979592116e-05
3.42067455702265e-05
3.4206511551539e-05
3.42062775360534e-05
3.42060435237698e-05
3.4205809514688e-05
3.42055755088079e-05
3.42053415061296e-05
3.42051075066529e-05
3.42048735103778e-05
3.42046395173041e-05
3.42044055274319e-05
3.42041715407611e-05
3.42039375572916e-05
3.42037035770233e-05
3.42034695999562e-05
3.42032356260902e-05
3.42030016554253e-05
3.42027676879613e-05
3.42025337236982e-05
3.4202299762636e-05
3.42020658047746e-05
3.42018318501139e-05
3.42015978986538e-05
3.42013639503943e-05
3.42011300053354e-05
3.42008960634769e-05
3.42006621248187e-05
3.42004281893609e-05
3.42001942571034e-05
3.4199960328046e-05
3.41997264021888e-05
3.41994924795316e-05
3.41992585600744e-05
3.41990246438172e-05
3.41987907307598e-05
3.41985568209022e-05
3.41983229142443e-05
3.41980890107861e-05
3.41978551105275e-05
3.41976212134684e-05
3.41973873196088e-05
3.41971534289486e-05
3.41969195414877e-05
3.41966856572261e-05
3.41964517761637e-05
3.41962178983004e-05
3.41959840236363e-05
3.41957501521711e-05
3.41955162839049e-05
3.41952824188375e-05
3.4195048556969e-05
3.41948146982992e-05
3.4194580842828e-05
3.41943469905555e-05
3.41941131414816e-05
3.41938792956061e-05
3.4193645452929e-05
3.41934116134503e-05
3.41931777771699e-05
3.41929439440877e-05
3.41927101142037e-05
3.41924762875177e-05
3.41922424640298e-05
3.41920086437398e-05
3.41917748266477e-05
3.41915410127534e-05
3.41913072020569e-05
3.41910733945581e-05
3.4190839590257e-05
3.41906057891534e-05
3.41903719912473e-05
3.41901381965386e-05
3.41899044050273e-05
3.41896706167133e-05
3.41894368315965e-05
3.41892030496769e-05
3.41889692709544e-05
3.4188735495429e-05
3.41885017231005e-05
3.41882679539689e-05
3.41880341880342e-05
3.41878004252962e-05
3.4187566665755e-05
3.41873329094104e-05
3.41870991562624e-05
3.41868654063109e-05
3.41866316595558e-05
3.41863979159972e-05
3.41861641756348e-05
3.41859304384687e-05
3.41856967044988e-05
3.41854629737251e-05
3.41852292461473e-05
3.41849955217656e-05
3.41847618005798e-05
3.41845280825898e-05
3.41842943677957e-05
3.41840606561972e-05
3.41838269477945e-05
3.41835932425873e-05
3.41833595405757e-05
3.41831258417595e-05
3.41828921461387e-05
3.41826584537133e-05
3.41824247644831e-05
3.41821910784481e-05
3.41819573956083e-05
3.41817237159636e-05
3.41814900395138e-05
3.4181256366259e-05
3.41810226961991e-05
3.4180789029334e-05
3.41805553656636e-05
3.41803217051879e-05
3.41800880479068e-05
3.41798543938203e-05
3.41796207429282e-05
3.41793870952306e-05
3.41791534507273e-05
3.41789198094183e-05
3.41786861713036e-05
3.4178452536383e-05
3.41782189046564e-05
3.41779852761239e-05
3.41777516507854e-05
3.41775180286408e-05
3.41772844096899e-05
3.41770507939329e-05
3.41768171813695e-05
3.41765835719998e-05
3.41763499658236e-05
3.4176116362841e-05
3.41758827630518e-05
3.41756491664559e-05
3.41754155730534e-05
3.41751819828441e-05
3.41749483958279e-05
3.41747148120049e-05
3.41744812313749e-05
3.41742476539379e-05
3.41740140796938e-05
3.41737805086425e-05
3.41735469407841e-05
3.41733133761183e-05
3.41730798146452e-05
3.41728462563647e-05
3.41726127012767e-05
3.41723791493811e-05
3.4172145600678e-05
3.41719120551671e-05
3.41716785128485e-05
3.41714449737222e-05
3.41712114377879e-05
3.41709779050457e-05
3.41707443754955e-05
3.41705108491372e-05
3.41702773259708e-05
3.41700438059962e-05
3.41698102892133e-05
3.41695767756221e-05
3.41693432652224e-05
3.41691097580144e-05
3.41688762539978e-05
3.41686427531726e-05
3.41684092555387e-05
3.41681757610961e-05
3.41679422698447e-05
3.41677087817845e-05
3.41674752969154e-05
3.41672418152372e-05
3.416700833675e-05
3.41667748614537e-05
3.41665413893482e-05
3.41663079204335e-05
3.41660744547095e-05
3.4165840992176e-05
3.41656075328331e-05
3.41653740766808e-05
3.41651406237188e-05
3.41649071739472e-05
3.41646737273659e-05
3.41644402839748e-05
3.41642068437739e-05
3.41639734067631e-05
3.41637399729423e-05
3.41635065423115e-05
3.41632731148706e-05
3.41630396906195e-05
3.41628062695582e-05
3.41625728516866e-05
3.41623394370046e-05
3.41621060255123e-05
3.41618726172094e-05
3.4161639212096e-05
3.41614058101719e-05
3.41611724114372e-05
3.41609390158917e-05
3.41607056235354e-05
3.41604722343682e-05
3.416023884839e-05
3.41600054656009e-05
3.41597720860006e-05
3.41595387095893e-05
3.41593053363667e-05
3.41590719663328e-05
3.41588385994876e-05
3.4158605235831e-05
3.41583718753629e-05
3.41581385180833e-05
3.41579051639921e-05
3.41576718130892e-05
3.41574384653746e-05
3.41572051208482e-05
3.41569717795099e-05
3.41567384413597e-05
3.41565051063975e-05
3.41562717746233e-05
3.41560384460369e-05
3.41558051206383e-05
3.41555717984275e-05
3.41553384794043e-05
3.41551051635688e-05
3.41548718509208e-05
3.41546385414603e-05
3.41544052351872e-05
3.41541719321015e-05
3.41539386322031e-05
3.41537053354918e-05
3.41534720419678e-05
3.41532387516308e-05
3.41530054644809e-05
3.41527721805179e-05
3.41525388997418e-05
3.41523056221526e-05
3.41520723477501e-05
3.41518390765343e-05
3.41516058085051e-05
3.41513725436625e-05
3.41511392820064e-05
3.41509060235368e-05
3.41506727682535e-05
3.41504395161566e-05
3.41502062672459e-05
3.41499730215213e-05
3.41497397789829e-05
3.41495065396305e-05
3.41492733034641e-05
3.41490400704836e-05
3.4148806840689e-05
3.41485736140801e-05
3.4148340390657e-05
3.41481071704195e-05
3.41478739533677e-05
3.41476407395013e-05
3.41474075288204e-05
3.41471743213249e-05
3.41469411170147e-05
3.41467079158898e-05
3.41464747179501e-05
3.41462415231955e-05
3.4146008331626e-05
3.41457751432415e-05
3.4145541958042e-05
3.41453087760273e-05
3.41450755971974e-05
3.41448424215522e-05
3.41446092490918e-05
3.41443760798159e-05
3.41441429137246e-05
3.41439097508177e-05
3.41436765910953e-05
3.41434434345573e-05
3.41432102812035e-05
3.41429771310339e-05
3.41427439840485e-05
3.41425108402472e-05
3.41422776996299e-05
3.41420445621966e-05
3.41418114279471e-05
3.41415782968815e-05
3.41413451689997e-05
3.41411120443015e-05
3.4140878922787e-05
3.4140645804456e-05
3.41404126893086e-05
3.41401795773446e-05
3.41399464685639e-05
3.41397133629666e-05
3.41394802605525e-05
3.41392471613216e-05
3.41390140652738e-05
3.4138780972409e-05
3.41385478827273e-05
3.41383147962284e-05
3.41380817129124e-05
3.41378486327792e-05
3.41376155558287e-05
3.41373824820608e-05
3.41371494114755e-05
3.41369163440728e-05
3.41366832798525e-05
3.41364502188146e-05
3.41362171609591e-05
3.41359841062858e-05
3.41357510547947e-05
3.41355180064857e-05
3.41352849613589e-05
3.4135051919414e-05
3.4134818880651e-05
3.41345858450699e-05
3.41343528126707e-05
3.41341197834531e-05
3.41338867574173e-05
3.41336537345631e-05
3.41334207148904e-05
3.41331876983992e-05
3.41329546850894e-05
3.41327216749609e-05
3.41324886680138e-05
3.41322556642478e-05
3.41320226636631e-05
3.41317896662594e-05
3.41315566720367e-05
3.4131323680995e-05
3.41310906931342e-05
3.41308577084542e-05
3.4130624726955e-05
3.41303917486365e-05
3.41301587734986e-05
3.41299258015413e-05
3.41296928327645e-05
3.41294598671681e-05
3.41292269047522e-05
3.41289939455165e-05
3.4128760989461e-05
3.41285280365858e-05
3.41282950868906e-05
3.41280621403755e-05
3.41278291970404e-05
3.41275962568852e-05
3.41273633199099e-05
3.41271303861144e-05
3.41268974554985e-05
3.41266645280624e-05
3.41264316038058e-05
3.41261986827287e-05
3.41259657648311e-05
3.4125732850113e-05
3.41254999385741e-05
3.41252670302145e-05
3.41250341250341e-05
3.41248012230329e-05
3.41245683242107e-05
3.41243354285675e-05
3.41241025361033e-05
3.41238696468179e-05
3.41236367607114e-05
3.41234038777836e-05
3.41231709980345e-05
3.4122938121464e-05
3.41227052480721e-05
3.41224723778586e-05
3.41222395108236e-05
3.41220066469669e-05
3.41217737862885e-05
3.41215409287883e-05
3.41213080744663e-05
3.41210752233224e-05
3.41208423753566e-05
3.41206095305687e-05
3.41203766889586e-05
3.41201438505265e-05
3.41199110152721e-05
3.41196781831954e-05
3.41194453542963e-05
3.41192125285748e-05
3.41189797060309e-05
3.41187468866643e-05
3.41185140704752e-05
3.41182812574634e-05
3.41180484476288e-05
3.41178156409714e-05
3.41175828374911e-05
3.41173500371879e-05
3.41171172400617e-05
3.41168844461124e-05
3.41166516553399e-05
3.41164188677443e-05
3.41161860833254e-05
3.41159533020831e-05
3.41157205240175e-05
3.41154877491284e-05
3.41152549774157e-05
3.41150222088795e-05
3.41147894435196e-05
3.41145566813359e-05
3.41143239223285e-05
3.41140911664972e-05
3.4113858413842e-05
3.41136256643629e-05
3.41133929180596e-05
3.41131601749323e-05
3.41129274349808e-05
3.4112694698205e-05
3.41124619646049e-05
3.41122292341805e-05
3.41119965069316e-05
3.41117637828582e-05
3.41115310619602e-05
3.41112983442376e-05
3.41110656296903e-05
3.41108329183182e-05
3.41106002101213e-05
3.41103675050995e-05
3.41101348032527e-05
3.4109902104581e-05
3.41096694090841e-05
3.41094367167621e-05
3.41092040276148e-05
3.41089713416423e-05
3.41087386588444e-05
3.41085059792211e-05
3.41082733027723e-05
3.4108040629498e-05
3.41078079593981e-05
3.41075752924725e-05
3.41073426287211e-05
3.4107109968144e-05
3.41068773107409e-05
3.4106644656512e-05
3.4106412005457e-05
3.4106179357576e-05
3.41059467128689e-05
3.41057140713355e-05
3.41054814329759e-05
3.410524879779e-05
3.41050161657777e-05
3.41047835369389e-05
3.41045509112736e-05
3.41043182887817e-05
3.41040856694632e-05
3.4103853053318e-05
3.41036204403459e-05
3.41033878305471e-05
3.41031552239213e-05
3.41029226204686e-05
3.41026900201888e-05
3.41024574230819e-05
3.41022248291479e-05
3.41019922383866e-05
3.4101759650798e-05
3.4101527066382e-05
3.41012944851387e-05
3.41010619070678e-05
3.41008293321694e-05
3.41005967604433e-05
3.41003641918896e-05
3.41001316265081e-05
3.40998990642988e-05
3.40996665052616e-05
3.40994339493964e-05
3.40992013967033e-05
3.40989688471821e-05
3.40987363008327e-05
3.40985037576551e-05
3.40982712176493e-05
3.40980386808151e-05
3.40978061471525e-05
3.40975736166614e-05
3.40973410893419e-05
3.40971085651937e-05
3.40968760442168e-05
3.40966435264113e-05
3.40964110117769e-05
3.40961785003137e-05
3.40959459920216e-05
3.40957134869004e-05
3.40954809849503e-05
3.4095248486171e-05
3.40950159905625e-05
3.40947834981248e-05
3.40945510088578e-05
3.40943185227614e-05
3.40940860398355e-05
3.40938535600802e-05
3.40936210834953e-05
3.40933886100807e-05
3.40931561398365e-05
3.40929236727625e-05
3.40926912088586e-05
3.40924587481249e-05
3.40922262905612e-05
3.40919938361675e-05
3.40917613849437e-05
3.40915289368898e-05
3.40912964920056e-05
3.40910640502911e-05
3.40908316117463e-05
3.40905991763711e-05
3.40903667441654e-05
3.40901343151292e-05
3.40899018892624e-05
3.40896694665649e-05
3.40894370470366e-05
3.40892046306776e-05
3.40889722174876e-05
3.40887398074668e-05
3.4088507400615e-05
3.40882749969321e-05
3.4088042596418e-05
3.40878101990728e-05
3.40875778048963e-05
3.40873454138885e-05
3.40871130260494e-05
3.40868806413787e-05
3.40866482598766e-05
3.40864158815429e-05
3.40861835063775e-05
3.40859511343805e-05
3.40857187655516e-05
3.40854863998909e-05
3.40852540373983e-05
3.40850216780738e-05
3.40847893219172e-05
3.40845569689285e-05
3.40843246191077e-05
3.40840922724546e-05
3.40838599289692e-05
3.40836275886515e-05
3.40833952515014e-05
3.40831629175187e-05
3.40829305867036e-05
3.40826982590558e-05
3.40824659345753e-05
3.40822336132621e-05
3.4082001295116e-05
3.40817689801371e-05
3.40815366683253e-05
3.40813043596805e-05
3.40810720542025e-05
3.40808397518915e-05
3.40806074527472e-05
3.40803751567697e-05
3.40801428639589e-05
3.40799105743146e-05
3.4079678287837e-05
3.40794460045257e-05
3.40792137243809e-05
3.40789814474025e-05
3.40787491735903e-05
3.40785169029444e-05
3.40782846354646e-05
3.40780523711509e-05
3.40778201100032e-05
3.40775878520215e-05
3.40773555972057e-05
3.40771233455557e-05
3.40768910970714e-05
3.40766588517529e-05
3.40764266096e-05
3.40761943706127e-05
3.40759621347909e-05
3.40757299021345e-05
3.40754976726435e-05
3.40752654463178e-05
3.40750332231574e-05
3.40748010031621e-05
3.4074568786332e-05
3.40743365726669e-05
3.40741043621668e-05
3.40738721548317e-05
3.40736399506614e-05
3.40734077496559e-05
3.40731755518151e-05
3.4072943357139e-05
3.40727111656274e-05
3.40724789772805e-05
3.4072246792098e-05
3.40720146100799e-05
3.40717824312261e-05
3.40715502555366e-05
3.40713180830114e-05
3.40710859136502e-05
3.40708537474532e-05
3.40706215844202e-05
3.40703894245511e-05
3.40701572678459e-05
3.40699251143046e-05
3.4069692963927e-05
3.40694608167131e-05
3.40692286726629e-05
3.40689965317762e-05
3.4068764394053e-05
3.40685322594932e-05
3.40683001280968e-05
3.40680679998637e-05
3.40678358747939e-05
3.40676037528872e-05
3.40673716341437e-05
3.40671395185632e-05
3.40669074061457e-05
3.40666752968911e-05
3.40664431907993e-05
3.40662110878704e-05
3.40659789881042e-05
3.40657468915006e-05
3.40655147980596e-05
3.40652827077812e-05
3.40650506206652e-05
3.40648185367117e-05
3.40645864559204e-05
3.40643543782915e-05
3.40641223038247e-05
3.40638902325201e-05
3.40636581643776e-05
3.40634260993971e-05
3.40631940375785e-05
3.40629619789218e-05
3.4062729923427e-05
3.40624978710939e-05
3.40622658219225e-05
3.40620337759127e-05
3.40618017330645e-05
3.40615696933777e-05
3.40613376568525e-05
3.40611056234885e-05
3.40608735932859e-05
3.40606415662445e-05
3.40604095423643e-05
3.40601775216452e-05
3.40599455040872e-05
3.40597134896901e-05
3.4059481478454e-05
3.40592494703787e-05
3.40590174654642e-05
3.40587854637104e-05
3.40585534651172e-05
3.40583214696847e-05
3.40580894774127e-05
3.40578574883011e-05
3.405762550235e-05
4.0868872223471e-05
4.08685938479143e-05
4.08683154761499e-05
4.08680371081777e-05
4.08677587439975e-05
4.08674803836094e-05
4.08672020270132e-05
4.08669236742089e-05
4.08666453251963e-05
4.08663669799755e-05
4.08660886385463e-05
4.08658103009086e-05
4.08655319670624e-05
4.08652536370076e-05
4.08649753107441e-05
4.08646969882718e-05
4.08644186695907e-05
4.08641403547007e-05
4.08638620436017e-05
4.08635837362937e-05
4.08633054327765e-05
4.086302713305e-05
4.08627488371143e-05
4.08624705449691e-05
4.08621922566146e-05
4.08619139720504e-05
4.08616356912767e-05
4.08613574142933e-05
4.08610791411001e-05
4.08608008716971e-05
4.08605226060841e-05
4.08602443442612e-05
4.08599660862281e-05
4.0859687831985e-05
4.08594095815315e-05
4.08591313348678e-05
4.08588530919937e-05
4.08585748529091e-05
4.0858296617614e-05
4.08580183861083e-05
4.08577401583918e-05
4.08574619344646e-05
4.08571837143266e-05
4.08569054979776e-05
4.08566272854176e-05
4.08563490766465e-05
4.08560708716643e-05
4.08557926704708e-05
4.0855514473066e-05
4.08552362794498e-05
4.08549580896222e-05
4.0854679903583e-05
4.08544017213321e-05
4.08541235428696e-05
4.08538453681953e-05
4.08535671973091e-05
4.0853289030211e-05
4.08530108669009e-05
4.08527327073787e-05
4.08524545516443e-05
4.08521763996977e-05
4.08518982515388e-05
4.08516201071674e-05
4.08513419665836e-05
4.08510638297872e-05
4.08507856967782e-05
4.08505075675565e-05
4.0850229442122e-05
4.08499513204747e-05
4.08496732026144e-05
4.08493950885411e-05
4.08491169782547e-05
4.08488388717551e-05
4.08485607690422e-05
4.08482826701161e-05
4.08480045749765e-05
4.08477264836235e-05
4.08474483960569e-05
4.08471703122766e-05
4.08468922322827e-05
4.08466141560749e-05
4.08463360836533e-05
4.08460580150177e-05
4.08457799501682e-05
4.08455018891045e-05
4.08452238318266e-05
4.08449457783345e-05
4.0844667728628e-05
4.08443896827072e-05
4.08441116405718e-05
4.08438336022219e-05
4.08435555676574e-05
4.08432775368781e-05
4.0842999509884e-05
4.08427214866751e-05
4.08424434672512e-05
4.08421654516122e-05
4.08418874397582e-05
4.0841609431689e-05
4.08413314274045e-05
4.08410534269047e-05
4.08407754301895e-05
4.08404974372588e-05
4.08402194481125e-05
4.08399414627506e-05
4.08396634811729e-05
4.08393855033795e-05
4.08391075293701e-05
4.08388295591448e-05
4.08385515927035e-05
4.08382736300461e-05
4.08379956711725e-05
4.08377177160826e-05
4.08374397647763e-05
4.08371618172537e-05
4.08368838735146e-05
4.08366059335588e-05
4.08363279973865e-05
4.08360500649974e-05
4.08357721363915e-05
4.08354942115687e-05
4.0835216290529e-05
4.08349383732722e-05
4.08346604597983e-05
4.08343825501072e-05
4.08341046441988e-05
4.08338267420731e-05
4.083354884373e-05
4.08332709491694e-05
4.08329930583912e-05
4.08327151713953e-05
4.08324372881817e-05
4.08321594087503e-05
4.0831881533101e-05
4.08316036612338e-05
4.08313257931485e-05
4.08310479288451e-05
4.08307700683235e-05
4.08304922115836e-05
4.08302143586254e-05
4.08299365094487e-05
4.08296586640536e-05
4.08293808224398e-05
4.08291029846074e-05
4.08288251505563e-05
4.08285473202863e-05
4.08282694937975e-05
4.08279916710897e-05
4.08277138521628e-05
4.08274360370169e-05
4.08271582256517e-05
4.08268804180673e-05
4.08266026142635e-05
4.08263248142402e-05
4.08260470179975e-05
4.08257692255352e-05
4.08254914368532e-05
4.08252136519514e-05
4.08249358708299e-05
4.08246580934885e-05
4.08243803199271e-05
4.08241025501456e-05
4.0823824784144e-05
4.08235470219222e-05
4.08232692634802e-05
4.08229915088178e-05
4.08227137579349e-05
4.08224360108316e-05
4.08221582675076e-05
4.0821880527963e-05
4.08216027921976e-05
4.08213250602115e-05
4.08210473320044e-05
4.08207696075763e-05
4.08204918869272e-05
4.0820214170057e-05
4.08199364569656e-05
4.08196587476529e-05
4.08193810421188e-05
4.08191033403633e-05
4.08188256423863e-05
4.08185479481877e-05
4.08182702577674e-05
4.08179925711254e-05
4.08177148882615e-05
4.08174372091758e-05
4.0817159533868e-05
4.08168818623383e-05
4.08166041945864e-05
4.08163265306122e-05
4.08160488704158e-05
4.08157712139971e-05
4.08154935613559e-05
4.08152159124922e-05
4.08149382674059e-05
4.08146606260969e-05
4.08143829885652e-05
4.08141053548106e-05
4.08138277248332e-05
4.08135500986327e-05
4.08132724762093e-05
4.08129948575626e-05
4.08127172426928e-05
4.08124396315997e-05
4.08121620242832e-05
4.08118844207433e-05
4.08116068209799e-05
4.08113292249929e-05
4.08110516327822e-05
4.08107740443477e-05
4.08104964596894e-05
4.08102188788073e-05
4.08099413017011e-05
4.08096637283709e-05
4.08093861588165e-05
4.0809108593038e-05
4.08088310310351e-05
4.08085534728079e-05
4.08082759183562e-05
4.08079983676801e-05
4.08077208207793e-05
4.08074432776538e-05
4.08071657383036e-05
4.08068882027286e-05
4.08066106709287e-05
4.08063331429038e-05
4.08060556186538e-05
4.08057780981787e-05
4.08055005814784e-05
4.08052230685528e-05
4.08049455594018e-05
4.08046680540254e-05
4.08043905524234e-05
4.08041130545959e-05
4.08038355605427e-05
4.08035580702637e-05
4.08032805837589e-05
4.08030031010282e-05
4.08027256220716e-05
4.08024481468888e-05
4.08021706754799e-05
4.08018932078448e-05
4.08016157439835e-05
4.08013382838957e-05
4.08010608275815e-05
4.08007833750408e-05
4.08005059262735e-05
4.08002284812795e-05
4.07999510400588e-05
4.07996736026112e-05
4.07993961689367e-05
4.07991187390352e-05
4.07988413129067e-05
4.07985638905511e-05
4.07982864719682e-05
4.0798009057158e-05
4.07977316461205e-05
4.07974542388555e-05
4.0797176835363e-05
4.07968994356429e-05
4.07966220396951e-05
4.07963446475196e-05
4.07960672591162e-05
4.0795789874485e-05
4.07955124936257e-05
4.07952351165384e-05
4.07949577432229e-05
4.07946803736793e-05
4.07944030079073e-05
4.0794125645907e-05
4.07938482876782e-05
4.07935709332209e-05
4.0793293582535e-05
4.07930162356205e-05
4.07927388924771e-05
4.0792461553105e-05
4.07921842175039e-05
4.07919068856739e-05
4.07916295576148e-05
4.07913522333265e-05
4.07910749128091e-05
4.07907975960623e-05
4.07905202830862e-05
4.07902429738806e-05
4.07899656684456e-05
4.07896883667809e-05
4.07894110688865e-05
4.07891337747624e-05
4.07888564844085e-05
4.07885791978246e-05
4.07883019150108e-05
4.07880246359669e-05
4.07877473606929e-05
4.07874700891886e-05
4.07871928214541e-05
4.07869155574892e-05
4.07866382972938e-05
4.07863610408679e-05
4.07860837882115e-05
4.07858065393243e-05
4.07855292942064e-05
4.07852520528577e-05
4.07849748152781e-05
4.07846975814674e-05
4.07844203514258e-05
4.07841431251529e-05
4.07838659026489e-05
4.07835886839136e-05
4.07833114689469e-05
4.07830342577488e-05
4.07827570503191e-05
4.07824798466579e-05
4.0782202646765e-05
4.07819254506403e-05
4.07816482582838e-05
4.07813710696954e-05
4.0781093884875e-05
4.07808167038225e-05
4.07805395265379e-05
4.07802623530211e-05
4.0779985183272e-05
4.07797080172906e-05
4.07794308550767e-05
4.07791536966303e-05
4.07788765419513e-05
4.07785993910396e-05
4.07783222438951e-05
4.07780451005179e-05
4.07777679609077e-05
4.07774908250646e-05
4.07772136929884e-05
4.0776936564679e-05
4.07766594401365e-05
4.07763823193606e-05
4.07761052023514e-05
4.07758280891088e-05
4.07755509796326e-05
4.07752738739229e-05
4.07749967719794e-05
4.07747196738022e-05
4.07744425793912e-05
4.07741654887463e-05
4.07738884018674e-05
4.07736113187545e-05
4.07733342394074e-05
4.07730571638261e-05
4.07727800920106e-05
4.07725030239606e-05
4.07722259596763e-05
4.07719488991574e-05
4.07716718424039e-05
4.07713947894157e-05
4.07711177401928e-05
4.07708406947351e-05
4.07705636530425e-05
4.07702866151149e-05
4.07700095809523e-05
4.07697325505545e-05
4.07694555239215e-05
4.07691785010532e-05
4.07689014819496e-05
4.07686244666105e-05
4.07683474550359e-05
4.07680704472257e-05
4.07677934431799e-05
4.07675164428983e-05
4.07672394463809e-05
4.07669624536276e-05
4.07666854646383e-05
4.0766408479413e-05
4.07661314979515e-05
4.07658545202538e-05
4.07655775463199e-05
4.07653005761496e-05
4.07650236097428e-05
4.07647466470996e-05
4.07644696882197e-05
4.07641927331032e-05
4.076391578175e-05
4.07636388341599e-05
4.0763361890333e-05
4.0763084950269e-05
4.07628080139681e-05
4.076253108143e-05
4.07622541526546e-05
4.07619772276421e-05
4.07617003063921e-05
4.07614233889047e-05
4.07611464751799e-05
4.07608695652174e-05
4.07605926590173e-05
4.07603157565794e-05
4.07600388579037e-05
4.07597619629901e-05
4.07594850718386e-05
4.0759208184449e-05
4.07589313008213e-05
4.07586544209554e-05
4.07583775448512e-05
4.07581006725087e-05
4.07578238039277e-05
4.07575469391082e-05
4.07572700780502e-05
4.07569932207535e-05
4.0756716367218e-05
4.07564395174438e-05
4.07561626714306e-05
4.07558858291785e-05
4.07556089906873e-05
4.07553321559571e-05
4.07550553249876e-05
4.07547784977789e-05
4.07545016743308e-05
4.07542248546433e-05
4.07539480387163e-05
4.07536712265497e-05
4.07533944181434e-05
4.07531176134974e-05
4.07528408126116e-05
4.0752564015486e-05
4.07522872221203e-05
4.07520104325147e-05
4.07517336466689e-05
4.07514568645829e-05
4.07511800862567e-05
4.07509033116901e-05
4.07506265408831e-05
4.07503497738356e-05
4.07500730105475e-05
4.07497962510187e-05
4.07495194952493e-05
4.0749242743239e-05
4.07489659949879e-05
4.07486892504958e-05
4.07484125097626e-05
4.07481357727884e-05
4.0747859039573e-05
4.07475823101163e-05
4.07473055844182e-05
4.07470288624788e-05
4.07467521442978e-05
4.07464754298753e-05
4.07461987192112e-05
4.07459220123053e-05
4.07456453091576e-05
4.0745368609768e-05
4.07450919141365e-05
4.0744815222263e-05
4.07445385341473e-05
4.07442618497895e-05
4.07439851691894e-05
4.0743708492347e-05
4.07434318192621e-05
4.07431551499348e-05
4.07428784843649e-05
4.07426018225524e-05
4.07423251644971e-05
4.07420485101991e-05
4.07417718596582e-05
4.07414952128743e-05
4.07412185698474e-05
4.07409419305774e-05
4.07406652950643e-05
4.07403886633078e-05
4.07401120353081e-05
4.07398354110649e-05
4.07395587905783e-05
4.07392821738481e-05
4.07390055608743e-05
4.07387289516567e-05
4.07384523461954e-05
4.07381757444902e-05
4.0737899146541e-05
4.07376225523478e-05
4.07373459619106e-05
4.07370693752291e-05
4.07367927923035e-05
4.07365162131335e-05
4.0736239637719e-05
4.07359630660602e-05
4.07356864981567e-05
4.07354099340086e-05
4.07351333736159e-05
4.07348568169783e-05
4.07345802640959e-05
4.07343037149685e-05
4.07340271695961e-05
4.07337506279787e-05
4.0733474090116e-05
4.07331975560081e-05
4.07329210256549e-05
4.07326444990564e-05
4.07323679762123e-05
4.07320914571227e-05
4.07318149417874e-05
4.07315384302065e-05
4.07312619223798e-05
4.07309854183072e-05
4.07307089179887e-05
4.07304324214242e-05
4.07301559286136e-05
4.07298794395569e-05
4.07296029542539e-05
4.07293264727046e-05
4.07290499949089e-05
4.07287735208667e-05
4.0728497050578e-05
4.07282205840427e-05
4.07279441212607e-05
4.07276676622319e-05
4.07273912069562e-05
4.07271147554337e-05
4.07268383076641e-05
4.07265618636475e-05
4.07262854233837e-05
4.07260089868727e-05
4.07257325541143e-05
4.07254561251086e-05
4.07251796998554e-05
4.07249032783547e-05
4.07246268606064e-05
4.07243504466104e-05
4.07240740363666e-05
4.0723797629875e-05
4.07235212271354e-05
4.07232448281479e-05
4.07229684329123e-05
4.07226920414286e-05
4.07224156536966e-05
4.07221392697163e-05
4.07218628894877e-05
4.07215865130105e-05
4.07213101402849e-05
4.07210337713107e-05
4.07207574060878e-05
4.07204810446161e-05
4.07202046868956e-05
4.07199283329261e-05
4.07196519827077e-05
4.07193756362402e-05
4.07190992935236e-05
4.07188229545578e-05
4.07185466193427e-05
4.07182702878782e-05
4.07179939601642e-05
4.07177176362008e-05
4.07174413159877e-05
4.0717164999525e-05
4.07168886868125e-05
4.07166123778502e-05
4.07163360726379e-05
4.07160597711757e-05
4.07157834734635e-05
4.07155071795011e-05
4.07152308892885e-05
4.07149546028256e-05
4.07146783201124e-05
4.07144020411487e-05
4.07141257659345e-05
4.07138494944697e-05
4.07135732267542e-05
4.0713296962788e-05
4.0713020702571e-05
4.07127444461031e-05
4.07124681933842e-05
4.07121919444143e-05
4.07119156991932e-05
4.0711639457721e-05
4.07113632199974e-05
4.07110869860225e-05
4.07108107557962e-05
4.07105345293184e-05
4.0710258306589e-05
4.07099820876079e-05
4.07097058723751e-05
4.07094296608904e-05
4.07091534531539e-05
4.07088772491655e-05
4.0708601048925e-05
4.07083248524323e-05
4.07080486596875e-05
4.07077724706904e-05
4.0707496285441e-05
4.07072201039391e-05
4.07069439261847e-05
4.07066677521778e-05
4.07063915819182e-05
4.07061154154059e-05
4.07058392526408e-05
4.07055630936228e-05
4.07052869383518e-05
4.07050107868279e-05
4.07047346390508e-05
4.07044584950205e-05
4.0704182354737e-05
4.07039062182001e-05
4.07036300854098e-05
4.0703353956366e-05
4.07030778310687e-05
4.07028017095177e-05
4.0702525591713e-05
4.07022494776545e-05
4.07019733673421e-05
4.07016972607758e-05
4.07014211579554e-05
4.0701145058881e-05
4.07008689635524e-05
4.07005928719695e-05
4.07003167841323e-05
4.07000407000407e-05
4.06997646196946e-05
4.0699488543094e-05
4.06992124702387e-05
4.06989364011287e-05
4.06986603357639e-05
4.06983842741443e-05
4.06981082162697e-05
4.06978321621402e-05
4.06975561117555e-05
4.06972800651157e-05
4.06970040222206e-05
4.06967279830702e-05
4.06964519476644e-05
4.06961759160031e-05
4.06958998880863e-05
4.06956238639138e-05
4.06953478434857e-05
4.06950718268018e-05
4.0694795813862e-05
4.06945198046663e-05
4.06942437992146e-05
4.06939677975068e-05
4.06936917995429e-05
4.06934158053227e-05
4.06931398148462e-05
4.06928638281133e-05
4.0692587845124e-05
4.06923118658781e-05
4.06920358903757e-05
4.06917599186165e-05
4.06914839506005e-05
4.06912079863278e-05
4.0690932025798e-05
4.06906560690114e-05
4.06903801159676e-05
4.06901041666667e-05
4.06898282211085e-05
4.06895522792931e-05
4.06892763412203e-05
4.068900040689e-05
4.06887244763022e-05
4.06884485494568e-05
4.06881726263537e-05
4.06878967069929e-05
4.06876207913742e-05
4.06873448794976e-05
4.06870689713631e-05
4.06867930669705e-05
4.06865171663197e-05
4.06862412694107e-05
4.06859653762435e-05
4.06856894868178e-05
4.06854136011338e-05
4.06851377191912e-05
4.068486184099e-05
4.06845859665301e-05
4.06843100958115e-05
4.06840342288341e-05
4.06837583655978e-05
4.06834825061025e-05
4.06832066503482e-05
4.06829307983347e-05
4.0682654950062e-05
4.06823791055301e-05
4.06821032647388e-05
4.06818274276881e-05
4.06815515943778e-05
4.0681275764808e-05
4.06809999389785e-05
4.06807241168893e-05
4.06804482985402e-05
4.06801724839313e-05
4.06798966730624e-05
4.06796208659335e-05
4.06793450625445e-05
4.06790692628953e-05
4.06787934669858e-05
4.06785176748159e-05
4.06782418863857e-05
4.06779661016949e-05
4.06776903207436e-05
4.06774145435316e-05
4.06771387700589e-05
4.06768630003254e-05
4.0676587234331e-05
4.06763114720757e-05
4.06760357135594e-05
4.06757599587819e-05
4.06754842077433e-05
4.06752084604434e-05
4.06749327168821e-05
4.06746569770595e-05
4.06743812409754e-05
4.06741055086297e-05
4.06738297800224e-05
4.06735540551533e-05
4.06732783340225e-05
4.06730026166298e-05
4.06727269029752e-05
4.06724511930586e-05
4.06721754868798e-05
4.06718997844389e-05
4.06716240857358e-05
4.06713483907703e-05
4.06710726995424e-05
4.06707970120521e-05
4.06705213282992e-05
4.06702456482837e-05
4.06699699720055e-05
4.06696942994645e-05
4.06694186306607e-05
4.06691429655939e-05
4.06688673042641e-05
4.06685916466713e-05
4.06683159928153e-05
4.0668040342696e-05
4.06677646963135e-05
4.06674890536675e-05
4.06672134147581e-05
4.06669377795852e-05
4.06666621481486e-05
4.06663865204484e-05
4.06661108964844e-05
4.06658352762566e-05
4.06655596597648e-05
4.06652840470091e-05
4.06650084379893e-05
4.06647328327053e-05
4.06644572311571e-05
4.06641816333446e-05
4.06639060392678e-05
4.06636304489265e-05
4.06633548623207e-05
4.06630792794502e-05
4.06628037003151e-05
4.06625281249153e-05
4.06622525532506e-05
4.0661976985321e-05
4.06617014211265e-05
4.06614258606668e-05
4.06611503039421e-05
4.06608747509521e-05
4.06605992016969e-05
4.06603236561763e-05
4.06600481143903e-05
4.06597725763387e-05
4.06594970420216e-05
4.06592215114388e-05
4.06589459845903e-05
4.06586704614759e-05
4.06583949420957e-05
4.06581194264495e-05
4.06578439145372e-05
4.06575684063588e-05
4.06572929019143e-05
4.06570174012035e-05
4.06567419042263e-05
4.06564664109827e-05
4.06561909214726e-05
4.06559154356959e-05
4.06556399536526e-05
4.06553644753425e-05
4.06550890007657e-05
4.06548135299219e-05
4.06545380628113e-05
4.06542625994336e-05
4.06539871397887e-05
4.06537116838767e-05
4.06534362316975e-05
4.06531607832509e-05
4.06528853385369e-05
4.06526098975554e-05
4.06523344603064e-05
4.06520590267897e-05
4.06517835970053e-05
4.06515081709531e-05
4.06512327486331e-05
4.06509573300451e-05
4.06506819151891e-05
4.0650406504065e-05
4.06501310966728e-05
4.06498556930123e-05
4.06495802930835e-05
4.06493048968863e-05
4.06490295044206e-05
4.06487541156864e-05
4.06484787306835e-05
4.0648203349412e-05
4.06479279718716e-05
4.06476525980625e-05
4.06473772279844e-05
4.06471018616373e-05
4.06468264990211e-05
4.06465511401358e-05
4.06462757849812e-05
4.06460004335573e-05
4.06457250858641e-05
4.06454497419014e-05
4.06451744016692e-05
4.06448990651673e-05
4.06446237323958e-05
4.06443484033545e-05
4.06440730780434e-05
4.06437977564624e-05
4.06435224386113e-05
4.06432471244903e-05
4.06429718140991e-05
4.06426965074376e-05
4.06424212045059e-05
4.06421459053038e-05
4.06418706098313e-05
4.06415953180882e-05
4.06413200300746e-05
4.06410447457903e-05
4.06407694652352e-05
4.06404941884093e-05
4.06402189153126e-05
4.06399436459448e-05
4.0639668380306e-05
4.06393931183961e-05
4.0639117860215e-05
4.06388426057626e-05
4.06385673550388e-05
4.06382921080437e-05
4.0638016864777e-05
4.06377416252388e-05
4.06374663894288e-05
4.06371911573472e-05
4.06369159289938e-05
4.06366407043684e-05
4.06363654834712e-05
4.06360902663018e-05
4.06358150528604e-05
4.06355398431468e-05
4.06352646371609e-05
4.06349894349027e-05
4.06347142363721e-05
4.0634439041569e-05
4.06341638504934e-05
4.06338886631451e-05
4.0633613479524e-05
4.06333382996302e-05
4.06330631234636e-05
4.06327879510239e-05
4.06325127823113e-05
4.06322376173256e-05
4.06319624560667e-05
4.06316872985346e-05
4.06314121447291e-05
4.06311369946502e-05
4.06308618482979e-05
4.0630586705672e-05
4.06303115667725e-05
4.06300364315993e-05
4.06297613001524e-05
4.06294861724315e-05
4.06292110484368e-05
4.0628935928168e-05
4.06286608116252e-05
4.06283856988082e-05
4.0628110589717e-05
4.06278354843515e-05
4.06275603827116e-05
4.06272852847973e-05
4.06270101906084e-05
4.06267351001449e-05
4.06264600134067e-05
4.06261849303938e-05
4.0625909851106e-05
4.06256347755434e-05
4.06253597037057e-05
4.0625084635593e-05
4.06248095712051e-05
4.06245345105421e-05
4.06242594536037e-05
4.062398440039e-05
4.06237093509008e-05
4.06234343051362e-05
4.06231592630959e-05
4.062288422478e-05
4.06226091901883e-05
4.06223341593208e-05
4.06220591321774e-05
4.06217841087581e-05
4.06215090890627e-05
4.06212340730911e-05
4.06209590608434e-05
4.06206840523194e-05
4.06204090475191e-05
4.06201340464424e-05
4.06198590490891e-05
4.06195840554593e-05
4.06193090655528e-05
4.06190340793696e-05
4.06187590969096e-05
4.06184841181727e-05
4.06182091431589e-05
4.0617934171868e-05
4.06176592043001e-05
4.06173842404549e-05
4.06171092803325e-05
4.06168343239328e-05
4.06165593712557e-05
4.0616284422301e-05
4.06160094770689e-05
4.06157345355591e-05
4.06154595977716e-05
4.06151846637063e-05
4.06149097333631e-05
4.0614634806742e-05
4.06143598838429e-05
4.06140849646657e-05
4.06138100492104e-05
4.06135351374768e-05
4.06132602294649e-05
4.06129853251746e-05
4.06127104246059e-05
4.06124355277586e-05
4.06121606346327e-05
4.06118857452281e-05
4.06116108595447e-05
4.06113359775825e-05
4.06110610993414e-05
4.06107862248213e-05
4.06105113540221e-05
4.06102364869438e-05
4.06099616235863e-05
4.06096867639494e-05
4.06094119080332e-05
4.06091370558376e-05
4.06088622073624e-05
4.06085873626076e-05
4.06083125215732e-05
4.0608037684259e-05
4.0607762850665e-05
4.0607488020791e-05
4.06072131946371e-05
4.06069383722032e-05
4.06066635534891e-05
4.06063887384949e-05
4.06061139272203e-05
4.06058391196654e-05
4.06055643158301e-05
4.06052895157142e-05
4.06050147193178e-05
4.06047399266408e-05
4.0604465137683e-05
4.06041903524444e-05
4.06039155709249e-05
4.06036407931245e-05
4.0603366019043e-05
4.06030912486804e-05
4.06028164820366e-05
4.06025417191116e-05
4.06022669599053e-05
4.06019922044175e-05
4.06017174526482e-05
4.06014427045974e-05
4.0601167960265e-05
4.06008932196508e-05
4.06006184827549e-05
4.06003437495771e-05
4.06000690201173e-05
4.05997942943756e-05
4.05995195723517e-05
4.05992448540457e-05
4.05989701394575e-05
4.05986954285869e-05
4.05984207214339e-05
4.05981460179985e-05
4.05978713182805e-05
4.059759662228e-05
4.05973219299967e-05
4.05970472414306e-05
4.05967725565818e-05
4.05964978754499e-05
4.05962231980351e-05
4.05959485243373e-05
4.05956738543563e-05
4.0595399188092e-05
4.05951245255445e-05
4.05948498667136e-05
4.05945752115992e-05
4.05943005602013e-05
4.05940259125199e-05
4.05937512685547e-05
4.05934766283058e-05
4.05932019917731e-05
4.05929273589565e-05
4.05926527298559e-05
4.05923781044712e-05
4.05921034828025e-05
4.05918288648495e-05
4.05915542506123e-05
4.05912796400907e-05
4.05910050332846e-05
4.05907304301941e-05
4.0590455830819e-05
4.05901812351592e-05
4.05899066432147e-05
4.05896320549854e-05
4.05893574704712e-05
4.05890828896721e-05
4.05888083125879e-05
4.05885337392187e-05
4.05882591695642e-05
4.05879846036245e-05
4.05877100413995e-05
4.0587435482889e-05
4.05871609280931e-05
4.05868863770116e-05
4.05866118296445e-05
4.05863372859916e-05
4.0586062746053e-05
4.05857882098285e-05
4.05855136773181e-05
4.05852391485217e-05
4.05849646234392e-05
4.05846901020705e-05
4.05844155844156e-05
4.05841410704744e-05
4.05838665602468e-05
4.05835920537327e-05
4.05833175509321e-05
4.05830430518448e-05
4.05827685564709e-05
4.05824940648102e-05
4.05822195768627e-05
4.05819450926283e-05
4.05816706121069e-05
4.05813961352984e-05
4.05811216622027e-05
4.05808471928199e-05
4.05805727271498e-05
4.05802982651922e-05
4.05800238069473e-05
4.05797493524148e-05
4.05794749015948e-05
4.0579200454487e-05
4.05789260110916e-05
4.05786515714083e-05
4.05783771354371e-05
4.05781027031779e-05
4.05778282746307e-05
4.05775538497954e-05
4.05772794286719e-05
4.05770050112601e-05
4.057673059756e-05
4.05764561875714e-05
4.05761817812944e-05
4.05759073787288e-05
4.05756329798745e-05
4.05753585847315e-05
4.05750841932997e-05
4.0574809805579e-05
4.05745354215694e-05
4.05742610412708e-05
4.0573986664683e-05
4.05737122918061e-05
4.057343792264e-05
4.05731635571845e-05
4.05728891954396e-05
4.05726148374052e-05
4.05723404830813e-05
4.05720661324678e-05
4.05717917855646e-05
4.05715174423715e-05
4.05712431028887e-05
4.05709687671159e-05
4.05706944350531e-05
4.05704201067002e-05
4.05701457820572e-05
4.05698714611239e-05
4.05695971439004e-05
4.05693228303864e-05
4.0569048520582e-05
4.05687742144871e-05
4.05684999121016e-05
4.05682256134254e-05
4.05679513184584e-05
4.05676770272006e-05
4.05674027396519e-05
4.05671284558123e-05
4.05668541756815e-05
4.05665798992597e-05
4.05663056265466e-05
4.05660313575422e-05
4.05657570922465e-05
4.05654828306594e-05
4.05652085727807e-05
4.05649343186105e-05
4.05646600681486e-05
4.0564385821395e-05
4.05641115783496e-05
4.05638373390123e-05
4.0563563103383e-05
4.05632888714617e-05
4.05630146432483e-05
4.05627404187427e-05
4.05624661979448e-05
4.05621919808546e-05
4.0561917767472e-05
4.0561643557797e-05
4.05613693518293e-05
4.0561095149569e-05
4.0560820951016e-05
4.05605467561703e-05
4.05602725650316e-05
4.05599983776001e-05
4.05597241938755e-05
4.05594500138578e-05
4.0559175837547e-05
4.05589016649429e-05
4.05586274960455e-05
4.05583533308548e-05
4.05580791693705e-05
4.05578050115928e-05
4.05575308575214e-05
4.05572567071563e-05
4.05569825604975e-05
4.05567084175448e-05
4.05564342782983e-05
4.05561601427577e-05
4.0555886010923e-05
4.05556118827943e-05
4.05553377583713e-05
4.0555063637654e-05
4.05547895206424e-05
4.05545154073363e-05
4.05542412977357e-05
4.05539671918405e-05
4.05536930896507e-05
4.05534189911661e-05
4.05531448963867e-05
4.05528708053124e-05
4.05525967179432e-05
4.05523226342789e-05
4.05520485543195e-05
4.05517744780649e-05
4.0551500405515e-05
4.05512263366698e-05
4.05509522715292e-05
4.05506782100931e-05
4.05504041523614e-05
4.05501300983341e-05
4.0549856048011e-05
4.05495820013922e-05
4.05493079584775e-05
4.05490339192669e-05
4.05487598837602e-05
4.05484858519575e-05
4.05482118238586e-05
4.05479377994634e-05
4.05476637787719e-05
4.05473897617841e-05
4.05471157484998e-05
4.05468417389189e-05
4.05465677330414e-05
4.05462937308672e-05
4.05460197323963e-05
4.05457457376285e-05
4.05454717465638e-05
4.05451977592021e-05
4.05449237755433e-05
4.05446497955874e-05
4.05443758193343e-05
4.05441018467838e-05
4.0543827877936e-05
4.05435539127908e-05
4.05432799513481e-05
4.05430059936077e-05
4.05427320395697e-05
4.0542458089234e-05
4.05421841426004e-05
4.05419101996689e-05
4.05416362604395e-05
4.0541362324912e-05
4.05410883930864e-05
4.05408144649626e-05
4.05405405405405e-05
4.05402666198201e-05
4.05399927028013e-05
4.0539718789484e-05
4.05394448798681e-05
4.05391709739536e-05
4.05388970717403e-05
4.05386231732283e-05
4.05383492784174e-05
4.05380753873075e-05
4.05378014998987e-05
4.05375276161907e-05
4.05372537361836e-05
4.05369798598772e-05
4.05367059872715e-05
4.05364321183664e-05
4.05361582531618e-05
4.05358843916577e-05
4.0535610533854e-05
4.05353366797506e-05
4.05350628293474e-05
4.05347889826444e-05
4.05345151396414e-05
4.05342413003385e-05
4.05339674647354e-05
4.05336936328323e-05
4.05334198046289e-05
4.05331459801252e-05
4.05328721593212e-05
4.05325983422167e-05
4.05323245288117e-05
4.05320507191061e-05
4.05317769130999e-05
4.05315031107929e-05
4.0531229312185e-05
4.05309555172763e-05
4.05306817260666e-05
4.05304079385559e-05
4.0530134154744e-05
4.0529860374631e-05
4.05295865982167e-05
4.0529312825501e-05
4.0529039056484e-05
4.05287652911654e-05
4.05284915295453e-05
4.05282177716235e-05
4.05279440174e-05
4.05276702668747e-05
4.05273965200476e-05
4.05271227769185e-05
4.05268490374873e-05
4.05265753017541e-05
4.05263015697187e-05
4.05260278413811e-05
4.05257541167412e-05
4.05254803957989e-05
4.05252066785541e-05
4.05249329650067e-05
4.05246592551568e-05
4.05243855490041e-05
4.05241118465487e-05
4.05238381477904e-05
4.05235644527293e-05
4.05232907613651e-05
4.05230170736979e-05
4.05227433897275e-05
4.05224697094539e-05
4.0522196032877e-05
4.05219223599968e-05
4.05216486908131e-05
4.05213750253259e-05
4.05211013635351e-05
4.05208277054406e-05
4.05205540510424e-05
4.05202804003404e-05
4.05200067533345e-05
4.05197331100246e-05
4.05194594704107e-05
4.05191858344926e-05
4.05189122022704e-05
4.05186385737439e-05
4.05183649489131e-05
4.05180913277779e-05
4.05178177103381e-05
4.05175440965938e-05
4.05172704865449e-05
4.05169968801912e-05
4.05167232775328e-05
4.05164496785695e-05
4.05161760833013e-05
4.0515902491728e-05
4.05156289038497e-05
4.05153553196662e-05
4.05150817391774e-05
4.05148081623834e-05
4.05145345892839e-05
4.0514261019879e-05
4.05139874541686e-05
4.05137138921525e-05
4.05134403338307e-05
4.05131667792032e-05
4.05128932282699e-05
4.05126196810306e-05
4.05123461374854e-05
4.05120725976341e-05
4.05117990614767e-05
4.0511525529013e-05
4.05112520002431e-05
4.05109784751668e-05
4.0510704953784e-05
4.05104314360948e-05
4.0510157922099e-05
4.05098844117965e-05
4.05096109051873e-05
4.05093374022712e-05
4.05090639030483e-05
4.05087904075184e-05
4.05085169156815e-05
4.05082434275375e-05
4.05079699430863e-05
4.05076964623278e-05
4.0507422985262e-05
4.05071495118888e-05
4.05068760422082e-05
4.05066025762199e-05
4.0506329113924e-05
4.05060556553205e-05
4.05057822004091e-05
4.05055087491899e-05
4.05052353016627e-05
4.05049618578276e-05
4.05046884176843e-05
4.0504414981233e-05
4.05041415484733e-05
4.05038681194054e-05
4.05035946940291e-05
4.05033212723443e-05
4.0503047854351e-05
4.05027744400491e-05
4.05025010294386e-05
4.05022276225192e-05
4.05019542192911e-05
4.0501680819754e-05
4.0501407423908e-05
4.05011340317529e-05
4.05008606432887e-05
4.05005872585152e-05
4.05003138774326e-05
4.05000405000405e-05
4.0499767126339e-05
4.0499493756328e-05
4.04992203900075e-05
4.04989470273773e-05
4.04986736684374e-05
4.04984003131876e-05
4.0498126961628e-05
4.04978536137585e-05
4.04975802695789e-05
4.04973069290892e-05
4.04970335922894e-05
4.04967602591793e-05
4.04964869297588e-05
4.0496213604028e-05
4.04959402819867e-05
4.04956669636349e-05
4.04953936489724e-05
4.04951203379993e-05
4.04948470307153e-05
4.04945737271206e-05
4.04943004272149e-05
4.04940271309982e-05
4.04937538384704e-05
4.04934805496315e-05
4.04932072644814e-05
4.049293398302e-05
4.04926607052472e-05
4.04923874311629e-05
4.04921141607672e-05
4.04918408940598e-05
4.04915676310408e-05
4.04912943717101e-05
4.04910211160675e-05
4.04907478641131e-05
4.04904746158466e-05
4.04902013712682e-05
4.04899281303776e-05
4.04896548931748e-05
4.04893816596598e-05
4.04891084298324e-05
4.04888352036926e-05
4.04885619812403e-05
4.04882887624755e-05
4.0488015547398e-05
4.04877423360078e-05
4.04874691283048e-05
4.04871959242889e-05
4.04869227239602e-05
4.04866495273184e-05
4.04863763343635e-05
4.04861031450954e-05
4.04858299595142e-05
4.04855567776196e-05
4.04852835994116e-05
4.04850104248902e-05
4.04847372540552e-05
4.04844640869066e-05
4.04841909234444e-05
4.04839177636684e-05
4.04836446075785e-05
4.04833714551748e-05
4.04830983064571e-05
4.04828251614253e-05
4.04825520200793e-05
4.04822788824192e-05
4.04820057484448e-05
4.04817326181561e-05
4.04814594915529e-05
4.04811863686352e-05
4.04809132494029e-05
4.0480640133856e-05
4.04803670219943e-05
4.04800939138179e-05
4.04798208093266e-05
4.04795477085203e-05
4.0479274611399e-05
4.04790015179626e-05
4.0478728428211e-05
4.04784553421441e-05
4.0478182259762e-05
4.04779091810644e-05
4.04776361060514e-05
4.04773630347228e-05
4.04770899670786e-05
4.04768169031187e-05
4.04765438428431e-05
4.04762707862516e-05
4.04759977333441e-05
4.04757246841207e-05
4.04754516385812e-05
4.04751785967256e-05
4.04749055585537e-05
4.04746325240655e-05
4.0474359493261e-05
4.04740864661401e-05
4.04738134427026e-05
4.04735404229485e-05
4.04732674068778e-05
4.04729943944903e-05
4.0472721385786e-05
4.04724483807648e-05
4.04721753794266e-05
4.04719023817715e-05
4.04716293877992e-05
4.04713563975097e-05
4.04710834109029e-05
4.04708104279788e-05
4.04705374487373e-05
4.04702644731783e-05
4.04699915013018e-05
4.04697185331076e-05
4.04694455685957e-05
4.0469172607766e-05
4.04688996506185e-05
4.0468626697153e-05
4.04683537473696e-05
4.0468080801268e-05
4.04678078588483e-05
4.04675349201103e-05
4.04672619850541e-05
4.04669890536795e-05
4.04667161259864e-05
4.04664432019748e-05
4.04661702816445e-05
4.04658973649957e-05
4.0465624452028e-05
4.04653515427415e-05
4.04650786371361e-05
4.04648057352118e-05
4.04645328369684e-05
4.04642599424059e-05
4.04639870515241e-05
4.04637141643231e-05
4.04634412808028e-05
4.0463168400963e-05
4.04628955248038e-05
4.04626226523249e-05
4.04623497835264e-05
4.04620769184082e-05
4.04618040569702e-05
4.04615311992123e-05
4.04612583451345e-05
4.04609854947367e-05
4.04607126480188e-05
4.04604398049807e-05
4.04601669656223e-05
4.04598941299437e-05
4.04596212979447e-05
4.04593484696251e-05
4.04590756449851e-05
4.04588028240244e-05
4.04585300067431e-05
4.0458257193141e-05
4.0457984383218e-05
4.04577115769742e-05
4.04574387744093e-05
4.04571659755234e-05
4.04568931803164e-05
4.04566203887881e-05
4.04563476009386e-05
4.04560748167677e-05
4.04558020362754e-05
4.04555292594615e-05
4.04552564863261e-05
4.04549837168691e-05
4.04547109510903e-05
4.04544381889897e-05
4.04541654305672e-05
4.04538926758227e-05
4.04536199247563e-05
4.04533471773677e-05
4.0453074433657e-05
4.0452801693624e-05
4.04525289572686e-05
4.04522562245909e-05
4.04519834955907e-05
4.0451710770268e-05
4.04514380486226e-05
4.04511653306546e-05
4.04508926163637e-05
4.04506199057501e-05
4.04503471988135e-05
4.04500744955539e-05
4.04498017959712e-05
4.04495291000654e-05
4.04492564078364e-05
4.04489837192841e-05
4.04487110344084e-05
4.04484383532092e-05
4.04481656756866e-05
4.04478930018404e-05
4.04476203316705e-05
4.04473476651769e-05
4.04470750023594e-05
4.04468023432181e-05
4.04465296877528e-05
4.04462570359635e-05
4.044598438785e-05
4.04457117434124e-05
4.04454391026505e-05
4.04451664655643e-05
4.04448938321537e-05
4.04446212024186e-05
4.04443485763589e-05
4.04440759539746e-05
4.04438033352657e-05
4.04435307202319e-05
4.04432581088732e-05
4.04429855011897e-05
4.04427128971811e-05
4.04424402968475e-05
4.04421677001887e-05
4.04418951072047e-05
4.04416225178954e-05
4.04413499322607e-05
4.04410773503006e-05
4.0440804772015e-05
4.04405321974037e-05
4.04402596264668e-05
4.04399870592041e-05
4.04397144956157e-05
4.04394419357013e-05
4.04391693794609e-05
4.04388968268946e-05
4.04386242780021e-05
4.04383517327834e-05
4.04380791912384e-05
4.04378066533671e-05
4.04375341191694e-05
4.04372615886452e-05
4.04369890617945e-05
4.04367165386171e-05
4.0436444019113e-05
4.04361715032821e-05
4.04358989911243e-05
4.04356264826396e-05
4.04353539778279e-05
4.04350814766892e-05
4.04348089792232e-05
4.04345364854301e-05
4.04342639953096e-05
4.04339915088618e-05
4.04337190260865e-05
4.04334465469837e-05
4.04331740715532e-05
4.04329015997951e-05
4.04326291317093e-05
4.04323566672956e-05
4.0432084206554e-05
4.04318117494845e-05
4.04315392960869e-05
4.04312668463612e-05
4.04309944003073e-05
4.04307219579251e-05
4.04304495192146e-05
4.04301770841756e-05
4.04299046528082e-05
4.04296322251122e-05
4.04293598010875e-05
4.04290873807342e-05
4.0428814964052e-05
4.0428542551041e-05
4.04282701417011e-05
4.04279977360321e-05
4.04277253340341e-05
4.04274529357069e-05
4.04271805410504e-05
4.04269081500647e-05
4.04266357627495e-05
4.0426363379105e-05
4.04260909991308e-05
4.04258186228271e-05
4.04255462501937e-05
4.04252738812305e-05
4.04250015159376e-05
4.04247291543147e-05
4.04244567963618e-05
4.04241844420789e-05
4.04239120914658e-05
4.04236397445226e-05
4.04233674012491e-05
4.04230950616452e-05
4.04228227257109e-05
4.04225503934462e-05
4.04222780648508e-05
4.04220057399248e-05
4.04217334186681e-05
4.04214611010806e-05
4.04211887871622e-05
4.04209164769129e-05
4.04206441703326e-05
4.04203718674212e-05
4.04200995681786e-05
4.04198272726048e-05
4.04195549806997e-05
4.04192826924631e-05
4.04190104078952e-05
4.04187381269957e-05
4.04184658497646e-05
4.04181935762018e-05
4.04179213063072e-05
4.04176490400808e-05
4.04173767775225e-05
4.04171045186323e-05
4.041683226341e-05
4.04165600118555e-05
4.04162877639689e-05
4.041601551975e-05
4.04157432791987e-05
4.0415471042315e-05
4.04151988090988e-05
4.041492657955e-05
4.04146543536686e-05
4.04143821314545e-05
4.04141099129076e-05
4.04138376980278e-05
4.04135654868151e-05
4.04132932792693e-05
4.04130210753905e-05
4.04127488751785e-05
4.04124766786333e-05
4.04122044857547e-05
4.04119322965428e-05
4.04116601109974e-05
4.04113879291184e-05
4.04111157509059e-05
4.04108435763597e-05
4.04105714054797e-05
4.04102992382659e-05
4.04100270747181e-05
4.04097549148364e-05
4.04094827586207e-05
4.04092106060708e-05
4.04089384571867e-05
4.04086663119684e-05
4.04083941704157e-05
4.04081220325285e-05
4.04078498983069e-05
4.04075777677507e-05
4.04073056408599e-05
4.04070335176343e-05
4.04067613980739e-05
4.04064892821787e-05
4.04062171699485e-05
4.04059450613834e-05
4.04056729564831e-05
4.04054008552477e-05
4.0405128757677e-05
4.0404856663771e-05
4.04045845735296e-05
4.04043124869528e-05
4.04040404040404e-05
4.04037683247924e-05
4.04034962492088e-05
4.04032241772893e-05
4.04029521090341e-05
4.04026800444429e-05
4.04024079835158e-05
4.04021359262526e-05
4.04018638726533e-05
4.04015918227178e-05
4.0401319776446e-05
4.04010477338379e-05
4.04007756948933e-05
4.04005036596123e-05
4.04002316279947e-05
4.03999596000404e-05
4.03996875757494e-05
4.03994155551216e-05
4.0399143538157e-05
4.03988715248554e-05
4.03985995152168e-05
4.03983275092411e-05
4.03980555069283e-05
4.03977835082782e-05
4.03975115132908e-05
4.0397239521966e-05
4.03969675343038e-05
4.0396695550304e-05
4.03964235699666e-05
4.03961515932915e-05
4.03958796202787e-05
4.03956076509281e-05
4.03953356852395e-05
4.0395063723213e-05
4.03947917648485e-05
4.03945198101458e-05
4.03942478591049e-05
4.03939759117257e-05
4.03937039680082e-05
4.03934320279523e-05
4.03931600915578e-05
4.03928881588248e-05
4.03926162297532e-05
4.03923443043429e-05
4.03920723825937e-05
4.03918004645057e-05
4.03915285500788e-05
4.03912566393128e-05
4.03909847322078e-05
4.03907128287636e-05
4.03904409289801e-05
4.03901690328574e-05
4.03898971403953e-05
4.03896252515937e-05
4.03893533664526e-05
4.03890814849719e-05
4.03888096071515e-05
4.03885377329914e-05
4.03882658624914e-05
4.03879939956516e-05
4.03877221324717e-05
4.03874502729518e-05
4.03871784170919e-05
4.03869065648917e-05
4.03866347163512e-05
4.03863628714704e-05
4.03860910302492e-05
4.03858191926875e-05
4.03855473587852e-05
4.03852755285423e-05
4.03850037019587e-05
4.03847318790343e-05
4.0384460059769e-05
4.03841882441628e-05
4.03839164322156e-05
4.03836446239273e-05
4.03833728192979e-05
4.03831010183272e-05
4.03828292210152e-05
4.03825574273619e-05
4.03822856373671e-05
4.03820138510307e-05
4.03817420683528e-05
4.03814702893332e-05
4.03811985139719e-05
4.03809267422687e-05
4.03806549742237e-05
4.03803832098367e-05
4.03801114491076e-05
4.03798396920364e-05
4.03795679386231e-05
4.03792961888674e-05
4.03790244427695e-05
4.03787527003291e-05
4.03784809615462e-05
4.03782092264208e-05
4.03779374949528e-05
4.0377665767142e-05
4.03773940429885e-05
4.03771223224921e-05
4.03768506056528e-05
4.03765788924704e-05
4.0376307182945e-05
4.03760354770765e-05
4.03757637748647e-05
4.03754920763097e-05
4.03752203814112e-05
4.03749486901694e-05
4.0374677002584e-05
4.0374405318655e-05
4.03741336383823e-05
4.0373861961766e-05
4.03735902888058e-05
4.03733186195017e-05
4.03730469538536e-05
4.03727752918615e-05
4.03725036335253e-05
4.0372231978845e-05
4.03719603278203e-05
4.03716886804514e-05
4.0371417036738e-05
4.03711453966801e-05
4.03708737602777e-05
4.03706021275307e-05
4.0370330498439e-05
4.03700588730025e-05
4.03697872512212e-05
4.03695156330949e-05
4.03692440186237e-05
4.03689724078074e-05
4.03687008006459e-05
4.03684291971392e-05
4.03681575972873e-05
4.03678860010899e-05
4.03676144085472e-05
4.03673428196589e-05
4.0367071234425e-05
4.03667996528455e-05
4.03665280749203e-05
4.03662565006492e-05
4.03659849300323e-05
4.03657133630694e-05
4.03654417997605e-05
4.03651702401055e-05
4.03648986841043e-05
4.03646271317569e-05
4.03643555830631e-05
4.0364084038023e-05
4.03638124966363e-05
4.03635409589032e-05
4.03632694248234e-05
4.03629978943969e-05
4.03627263676237e-05
4.03624548445036e-05
4.03621833250367e-05
4.03619118092227e-05
4.03616402970617e-05
4.03613687885535e-05
4.03610972836982e-05
4.03608257824955e-05
4.03605542849455e-05
4.03602827910481e-05
4.03600113008032e-05
4.03597398142107e-05
4.03594683312705e-05
4.03591968519826e-05
4.0358925376347e-05
4.03586539043634e-05
4.0358382436032e-05
4.03581109713525e-05
4.03578395103249e-05
4.03575680529491e-05
4.03572965992251e-05
4.03570251491528e-05
4.03567537027322e-05
4.0356482259963e-05
4.03562108208453e-05
4.0355939385379e-05
4.03556679535641e-05
4.03553965254004e-05
4.03551251008878e-05
4.03548536800264e-05
4.03545822628159e-05
4.03543108492565e-05
4.03540394393479e-05
4.03537680330901e-05
4.0353496630483e-05
4.03532252315266e-05
4.03529538362208e-05
4.03526824445655e-05
4.03524110565606e-05
4.03521396722061e-05
4.03518682915019e-05
4.03515969144479e-05
4.0351325541044e-05
4.03510541712902e-05
4.03507828051864e-05
4.03505114427325e-05
4.03502400839285e-05
4.03499687287742e-05
4.03496973772697e-05
4.03494260294147e-05
4.03491546852093e-05
4.03488833446534e-05
4.03486120077469e-05
4.03483406744898e-05
4.03480693448818e-05
4.03477980189231e-05
4.03475266966135e-05
4.03472553779529e-05
4.03469840629413e-05
4.03467127515786e-05
4.03464414438647e-05
4.03461701397995e-05
4.0345898839383e-05
4.03456275426151e-05
4.03453562494957e-05
4.03450849600247e-05
4.03448136742022e-05
4.03445423920279e-05
4.03442711135019e-05
4.0343999838624e-05
4.03437285673942e-05
4.03434572998124e-05
4.03431860358785e-05
4.03429147755925e-05
4.03426435189543e-05
4.03423722659638e-05
4.03421010166209e-05
4.03418297709256e-05
4.03415585288778e-05
4.03412872904774e-05
4.03410160557244e-05
4.03407448246186e-05
4.034047359716e-05
4.03402023733486e-05
4.03399311531842e-05
4.03396599366667e-05
4.03393887237962e-05
4.03391175145725e-05
4.03388463089956e-05
4.03385751070653e-05
4.03383039087817e-05
4.03380327141445e-05
4.03377615231539e-05
4.03374903358096e-05
4.03372191521117e-05
4.03369479720599e-05
4.03366767956544e-05
4.03364056228949e-05
4.03361344537815e-05
4.0335863288314e-05
4.03355921264924e-05
4.03353209683166e-05
4.03350498137865e-05
4.03347786629021e-05
4.03345075156632e-05
4.03342363720699e-05
4.0333965232122e-05
4.03336940958194e-05
4.03334229631621e-05
4.03331518341501e-05
4.03328807087832e-05
4.03326095870613e-05
4.03323384689844e-05
4.03320673545525e-05
4.03317962437654e-05
4.0331525136623e-05
4.03312540331254e-05
4.03309829332724e-05
4.03307118370639e-05
4.03304407444999e-05
4.03301696555804e-05
4.03298985703051e-05
4.03296274886741e-05
4.03293564106873e-05
4.03290853363446e-05
4.03288142656459e-05
4.03285431985912e-05
4.03282721351804e-05
4.03280010754134e-05
4.03277300192901e-05
4.03274589668105e-05
4.03271879179745e-05
4.0326916872782e-05
4.0326645831233e-05
4.03263747933273e-05
4.0326103759065e-05
4.03258327284458e-05
4.03255617014699e-05
4.0325290678137e-05
4.03250196584471e-05
4.03247486424001e-05
4.0324477629996e-05
4.03242066212347e-05
4.03239356161161e-05
4.03236646146402e-05
4.03233936168068e-05
4.03231226226159e-05
4.03228516320674e-05
4.03225806451613e-05
4.03223096618974e-05
4.03220386822758e-05
4.03217677062962e-05
4.03214967339588e-05
4.03212257652633e-05
4.03209548002097e-05
4.03206838387979e-05
4.03204128810279e-05
4.03201419268996e-05
4.03198709764129e-05
4.03196000295677e-05
4.0319329086364e-05
4.03190581468017e-05
4.03187872108807e-05
4.03185162786009e-05
4.03182453499624e-05
4.03179744249649e-05
4.03177035036084e-05
4.03174325858929e-05
4.03171616718183e-05
4.03168907613845e-05
4.03166198545914e-05
4.0316348951439e-05
4.03160780519271e-05
4.03158071560558e-05
4.03155362638249e-05
4.03152653752343e-05
4.03149944902841e-05
4.03147236089741e-05
4.03144527313042e-05
4.03141818572744e-05
4.03139109868845e-05
4.03136401201346e-05
4.03133692570246e-05
4.03130983975543e-05
4.03128275417238e-05
4.03125566895328e-05
4.03122858409815e-05
4.03120149960696e-05
4.03117441547971e-05
4.0311473317164e-05
4.03112024831701e-05
4.03109316528154e-05
4.03106608260998e-05
4.03103900030233e-05
4.03101191835857e-05
4.03098483677871e-05
4.03095775556272e-05
4.03093067471061e-05
4.03090359422237e-05
4.03087651409799e-05
4.03084943433746e-05
4.03082235494078e-05
4.03079527590794e-05
4.03076819723892e-05
4.03074111893373e-05
4.03071404099236e-05
4.0306869634148e-05
4.03065988620104e-05
4.03063280935107e-05
4.03060573286489e-05
4.03057865674249e-05
4.03055158098386e-05
4.03052450558899e-05
4.03049743055789e-05
4.03047035589053e-05
4.03044328158692e-05
4.03041620764704e-05
4.03038913407089e-05
4.03036206085847e-05
4.03033498800975e-05
4.03030791552475e-05
4.03028084340344e-05
4.03025377164582e-05
4.03022670025189e-05
4.03019962922163e-05
4.03017255855505e-05
4.03014548825213e-05
4.03011841831286e-05
4.03009134873724e-05
4.03006427952526e-05
4.03003721067691e-05
4.03001014219219e-05
4.02998307407109e-05
4.0299560063136e-05
4.02992893891971e-05
4.02990187188942e-05
4.02987480522272e-05
4.0298477389196e-05
4.02982067298005e-05
4.02979360740407e-05
4.02976654219166e-05
4.02973947734279e-05
4.02971241285747e-05
4.02968534873569e-05
4.02965828497743e-05
4.0296312215827e-05
4.02960415855149e-05
4.02957709588379e-05
4.02955003357958e-05
4.02952297163887e-05
4.02949591006165e-05
4.02946884884791e-05
4.02944178799764e-05
4.02941472751083e-05
4.02938766738748e-05
4.02936060762758e-05
4.02933354823112e-05
4.0293064891981e-05
4.02927943052851e-05
4.02925237222233e-05
4.02922531427957e-05
4.02919825670022e-05
4.02917119948427e-05
4.0291441426317e-05
4.02911708614252e-05
4.02909003001672e-05
4.02906297425429e-05
4.02903591885522e-05
4.0290088638195e-05
4.02898180914713e-05
4.0289547548381e-05
4.02892770089241e-05
4.02890064731004e-05
4.02887359409099e-05
4.02884654123524e-05
4.02881948874281e-05
4.02879243661367e-05
4.02876538484781e-05
4.02873833344524e-05
4.02871128240595e-05
4.02868423172992e-05
4.02865718141715e-05
4.02863013146763e-05
4.02860308188136e-05
4.02857603265832e-05
4.02854898379852e-05
4.02852193530194e-05
4.02849488716857e-05
4.02846783939842e-05
4.02844079199146e-05
4.0284137449477e-05
4.02838669826712e-05
4.02835965194973e-05
4.0283326059955e-05
4.02830556040444e-05
4.02827851517654e-05
4.02825147031179e-05
4.02822442581018e-05
4.0281973816717e-05
4.02817033789635e-05
4.02814329448413e-05
4.02811625143502e-05
4.02808920874901e-05
4.0280621664261e-05
4.02803512446629e-05
4.02800808286955e-05
4.0279810416359e-05
4.02795400076531e-05
4.02792696025779e-05
4.02789992011332e-05
4.0278728803319e-05
4.02784584091352e-05
4.02781880185817e-05
4.02779176316584e-05
4.02776472483654e-05
4.02773768687025e-05
4.02771064926696e-05
4.02768361202666e-05
4.02765657514936e-05
4.02762953863504e-05
4.02760250248369e-05
4.02757546669531e-05
4.02754843126989e-05
4.02752139620742e-05
4.02749436150789e-05
4.02746732717131e-05
4.02744029319765e-05
4.02741325958692e-05
4.02738622633911e-05
4.0273591934542e-05
4.02733216093219e-05
4.02730512877308e-05
4.02727809697686e-05
4.02725106554351e-05
4.02722403447304e-05
4.02719700376543e-05
4.02716997342068e-05
4.02714294343878e-05
4.02711591381972e-05
4.0270888845635e-05
4.0270618556701e-05
4.02703482713953e-05
4.02700779897177e-05
4.02698077116682e-05
4.02695374372466e-05
4.0269267166453e-05
4.02689968992872e-05
4.02687266357492e-05
4.02684563758389e-05
4.02681861195562e-05
4.02679158669011e-05
4.02676456178735e-05
4.02673753724732e-05
4.02671051307003e-05
4.02668348925547e-05
4.02665646580362e-05
4.02662944271449e-05
4.02660241998805e-05
4.02657539762432e-05
4.02654837562328e-05
4.02652135398491e-05
4.02649433270923e-05
4.02646731179621e-05
4.02644029124585e-05
4.02641327105814e-05
4.02638625123308e-05
4.02635923177066e-05
4.02633221267087e-05
4.0263051939337e-05
4.02627817555915e-05
4.02625115754721e-05
4.02622413989787e-05
4.02619712261112e-05
4.02617010568697e-05
4.02614308912539e-05
4.02611607292638e-05
4.02608905708994e-05
4.02606204161606e-05
4.02603502650473e-05
4.02600801175594e-05
4.02598099736969e-05
4.02595398334597e-05
4.02592696968477e-05
4.02589995638608e-05
4.0258729434499e-05
4.02584593087623e-05
4.02581891866504e-05
4.02579190681634e-05
4.02576489533011e-05
4.02573788420636e-05
4.02571087344507e-05
4.02568386304624e-05
4.02565685300985e-05
4.02562984333591e-05
4.0256028340244e-05
4.02557582507531e-05
4.02554881648865e-05
4.0255218082644e-05
4.02549480040255e-05
4.0254677929031e-05
4.02544078576604e-05
4.02541377899137e-05
4.02538677257907e-05
4.02535976652913e-05
4.02533276084156e-05
4.02530575551635e-05
4.02527875055348e-05
4.02525174595294e-05
4.02522474171475e-05
4.02519773783887e-05
4.02517073432531e-05
4.02514373117407e-05
4.02511672838512e-05
4.02508972595847e-05
4.02506272389411e-05
4.02503572219203e-05
4.02500872085223e-05
4.02498171987469e-05
4.02495471925941e-05
4.02492771900638e-05
4.02490071911559e-05
4.02487371958705e-05
4.02484672042073e-05
4.02481972161664e-05
4.02479272317476e-05
4.02476572509509e-05
4.02473872737761e-05
4.02471173002234e-05
4.02468473302925e-05
4.02465773639833e-05
4.02463074012959e-05
4.02460374422302e-05
4.0245767486786e-05
4.02454975349633e-05
4.0245227586762e-05
4.02449576421821e-05
4.02446877012234e-05
4.0244417763886e-05
4.02441478301697e-05
4.02438779000744e-05
4.02436079736002e-05
4.02433380507468e-05
4.02430681315143e-05
4.02427982159026e-05
4.02425283039116e-05
4.02422583955412e-05
4.02419884907913e-05
4.02417185896619e-05
4.02414486921529e-05
4.02411787982643e-05
4.02409089079959e-05
4.02406390213477e-05
4.02403691383196e-05
4.02400992589115e-05
4.02398293831234e-05
4.02395595109552e-05
4.02392896424068e-05
4.02390197774782e-05
4.02387499161693e-05
4.02384800584799e-05
4.02382102044101e-05
4.02379403539597e-05
4.02376705071288e-05
4.02374006639171e-05
4.02371308243247e-05
4.02368609883514e-05
4.02365911559973e-05
4.02363213272621e-05
4.02360515021459e-05
4.02357816806486e-05
4.02355118627701e-05
4.02352420485103e-05
4.02349722378692e-05
4.02347024308466e-05
4.02344326274426e-05
4.0234162827657e-05
4.02338930314897e-05
4.02336232389408e-05
4.02333534500101e-05
4.02330836646975e-05
4.0232813883003e-05
4.02325441049265e-05
4.02322743304679e-05
4.02320045596272e-05
4.02317347924043e-05
4.0231465028799e-05
4.02311952688114e-05
4.02309255124414e-05
4.02306557596889e-05
4.02303860105538e-05
4.0230116265036e-05
4.02298465231355e-05
4.02295767848522e-05
4.02293070501861e-05
4.0229037319137e-05
4.02287675917048e-05
4.02284978678896e-05
4.02282281476912e-05
4.02279584311096e-05
4.02276887181447e-05
4.02274190087964e-05
4.02271493030646e-05
4.02268796009494e-05
4.02266099024505e-05
4.02263402075679e-05
4.02260705163016e-05
4.02258008286515e-05
4.02255311446175e-05
4.02252614641995e-05
4.02249917873975e-05
4.02247221142114e-05
4.02244524446411e-05
4.02241827786865e-05
4.02239131163477e-05
4.02236434576244e-05
4.02233738025166e-05
4.02231041510244e-05
4.02228345031474e-05
4.02225648588858e-05
4.02222952182395e-05
4.02220255812083e-05
4.02217559477922e-05
4.02214863179911e-05
4.02212166918049e-05
4.02209470692337e-05
4.02206774502772e-05
4.02204078349354e-05
4.02201382232084e-05
4.02198686150959e-05
4.02195990105979e-05
4.02193294097143e-05
4.02190598124451e-05
4.02187902187902e-05
4.02185206287495e-05
4.0218251042323e-05
4.02179814595105e-05
4.02177118803121e-05
4.02174423047276e-05
4.02171727327569e-05
4.02169031644e-05
4.02166335996568e-05
4.02163640385273e-05
4.02160944810113e-05
4.02158249271088e-05
4.02155553768198e-05
4.0215285830144e-05
4.02150162870816e-05
4.02147467476324e-05
4.02144772117962e-05
4.02142076795732e-05
4.02139381509631e-05
4.0213668625966e-05
4.02133991045816e-05
4.02131295868101e-05
4.02128600726512e-05
4.0212590562105e-05
4.02123210551713e-05
4.02120515518501e-05
4.02117820521413e-05
4.02115125560448e-05
4.02112430635606e-05
4.02109735746885e-05
4.02107040894286e-05
4.02104346077807e-05
4.02101651297448e-05
4.02098956553208e-05
4.02096261845086e-05
4.02093567173081e-05
4.02090872537193e-05
4.02088177937422e-05
4.02085483373765e-05
4.02082788846223e-05
4.02080094354796e-05
4.02077399899481e-05
4.02074705480278e-05
4.02072011097188e-05
4.02069316750208e-05
4.02066622439338e-05
4.02063928164578e-05
4.02061233925927e-05
4.02058539723384e-05
4.02055845556948e-05
4.02053151426619e-05
4.02050457332395e-05
4.02047763274277e-05
4.02045069252263e-05
4.02042375266353e-05
4.02039681316546e-05
4.02036987402841e-05
4.02034293525238e-05
4.02031599683735e-05
4.02028905878333e-05
4.02026212109029e-05
4.02023518375825e-05
4.02020824678718e-05
4.02018131017709e-05
4.02015437392796e-05
4.02012743803979e-05
4.02010050251256e-05
4.02007356734628e-05
4.02004663254094e-05
4.02001969809652e-05
4.01999276401303e-05
4.01996583029044e-05
4.01993889692877e-05
4.01991196392799e-05
4.01988503128811e-05
4.0198580990091e-05
4.01983116709098e-05
4.01980423553373e-05
4.01977730433734e-05
4.01975037350181e-05
4.01972344302712e-05
4.01969651291328e-05
4.01966958316026e-05
4.01964265376808e-05
4.01961572473672e-05
4.01958879606616e-05
4.01956186775641e-05
4.01953493980746e-05
4.0195080122193e-05
4.01948108499193e-05
4.01945415812533e-05
4.01942723161949e-05
4.01940030547442e-05
4.01937337969011e-05
4.01934645426654e-05
4.01931952920371e-05
4.01929260450161e-05
4.01926568016023e-05
4.01923875617958e-05
4.01921183255963e-05
4.01918490930039e-05
4.01915798640185e-05
4.01913106386399e-05
4.01910414168682e-05
4.01907721987032e-05
4.01905029841448e-05
4.01902337731931e-05
4.01899645658479e-05
4.01896953621092e-05
4.01894261619768e-05
4.01891569654507e-05
4.01888877725309e-05
4.01886185832172e-05
4.01883493975097e-05
4.01880802154081e-05
4.01878110369125e-05
4.01875418620228e-05
4.01872726907388e-05
4.01870035230606e-05
4.01867343589881e-05
4.01864651985211e-05
4.01861960416597e-05
4.01859268884037e-05
4.0185657738753e-05
4.01853885927077e-05
4.01851194502676e-05
4.01848503114326e-05
4.01845811762027e-05
4.01843120445778e-05
4.01840429165578e-05
4.01837737921427e-05
4.01835046713324e-05
4.01832355541268e-05
4.01829664405259e-05
4.01826973305295e-05
4.01824282241376e-05
4.01821591213501e-05
4.0181890022167e-05
4.01816209265882e-05
4.01813518346136e-05
4.01810827462431e-05
4.01808136614766e-05
4.01805445803142e-05
4.01802755027557e-05
4.0180006428801e-05
4.01797373584501e-05
4.01794682917029e-05
4.01791992285594e-05
4.01789301690194e-05
4.01786611130828e-05
4.01783920607497e-05
4.017812301202e-05
4.01778539668934e-05
4.01775849253701e-05
4.01773158874499e-05
4.01770468531328e-05
4.01767778224186e-05
4.01765087953074e-05
4.0176239771799e-05
4.01759707518933e-05
4.01757017355903e-05
4.017543272289e-05
4.01751637137921e-05
4.01748947082968e-05
4.01746257064038e-05
4.01743567081132e-05
4.01740877134248e-05
4.01738187223387e-05
4.01735497348546e-05
4.01732807509725e-05
4.01730117706924e-05
4.01727427940143e-05
4.01724738209379e-05
4.01722048514633e-05
4.01719358855903e-05
4.0171666923319e-05
4.01713979646492e-05
4.01711290095808e-05
4.01708600581138e-05
4.01705911102482e-05
4.01703221659838e-05
4.01700532253205e-05
4.01697842882584e-05
4.01695153547972e-05
4.01692464249371e-05
4.01689774986778e-05
4.01687085760193e-05
4.01684396569615e-05
4.01681707415044e-05
4.01679018296479e-05
4.01676329213919e-05
4.01673640167364e-05
4.01670951156812e-05
4.01668262182264e-05
4.01665573243717e-05
4.01662884341172e-05
4.01660195474628e-05
4.01657506644085e-05
4.0165481784954e-05
4.01652129090994e-05
4.01649440368446e-05
4.01646751681896e-05
4.01644063031342e-05
4.01641374416783e-05
4.0163868583822e-05
4.01635997295651e-05
4.01633308789076e-05
4.01630620318493e-05
4.01627931883903e-05
4.01625243485304e-05
4.01622555122696e-05
4.01619866796078e-05
4.01617178505449e-05
4.01614490250808e-05
4.01611802032156e-05
4.0160911384949e-05
4.01606425702811e-05
4.01603737592118e-05
4.01601049517409e-05
4.01598361478685e-05
4.01595673475944e-05
4.01592985509186e-05
4.0159029757841e-05
4.01587609683616e-05
4.01584921824802e-05
4.01582234001968e-05
4.01579546215113e-05
4.01576858464236e-05
4.01574170749337e-05
4.01571483070416e-05
4.0156879542747e-05
4.015661078205e-05
4.01563420249505e-05
4.01560732714484e-05
4.01558045215436e-05
4.01555357752361e-05
4.01552670325258e-05
4.01549982934126e-05
4.01547295578964e-05
4.01544608259773e-05
4.0154192097655e-05
4.01539233729296e-05
4.01536546518009e-05
4.01533859342689e-05
4.01531172203335e-05
4.01528485099947e-05
4.01525798032524e-05
4.01523111001064e-05
4.01520424005568e-05
4.01517737046034e-05
4.01515050122462e-05
4.01512363234851e-05
4.01509676383201e-05
4.0150698956751e-05
4.01504302787778e-05
4.01501616044005e-05
4.01498929336188e-05
4.01496242664329e-05
4.01493556028426e-05
4.01490869428478e-05
4.01488182864484e-05
4.01485496336445e-05
4.01482809844358e-05
4.01480123388225e-05
4.01477436968042e-05
4.01474750583811e-05
4.0147206423553e-05
4.01469377923199e-05
4.01466691646816e-05
4.01464005406382e-05
4.01461319201895e-05
4.01458633033355e-05
4.0145594690076e-05
4.01453260804111e-05
4.01450574743406e-05
4.01447888718645e-05
4.01445202729827e-05
4.01442516776952e-05
4.01439830860018e-05
4.01437144979025e-05
4.01434459133972e-05
4.01431773324859e-05
4.01429087551684e-05
4.01426401814447e-05
4.01423716113148e-05
4.01421030447785e-05
4.01418344818358e-05
4.01415659224866e-05
4.01412973667309e-05
4.01410288145685e-05
4.01407602659994e-05
4.01404917210236e-05
4.01402231796409e-05
4.01399546418513e-05
4.01396861076546e-05
4.0139417577051e-05
4.01391490500401e-05
4.01388805266221e-05
4.01386120067968e-05
4.01383434905641e-05
4.01380749779241e-05
4.01378064688765e-05
4.01375379634213e-05
4.01372694615585e-05
4.0137000963288e-05
4.01367324686097e-05
4.01364639775236e-05
4.01361954900295e-05
4.01359270061274e-05
4.01356585258173e-05
4.0135390049099e-05
4.01351215759724e-05
4.01348531064376e-05
4.01345846404945e-05
4.01343161781429e-05
4.01340477193827e-05
4.0133779264214e-05
4.01335108126367e-05
4.01332423646506e-05
4.01329739202558e-05
4.01327054794521e-05
4.01324370422394e-05
4.01321686086177e-05
4.0131900178587e-05
4.0131631752147e-05
4.01313633292979e-05
4.01310949100395e-05
4.01308264943717e-05
4.01305580822944e-05
4.01302896738076e-05
4.01300212689113e-05
4.01297528676053e-05
4.01294844698895e-05
4.0129216075764e-05
4.01289476852285e-05
4.01286792982832e-05
4.01284109149278e-05
4.01281425351623e-05
4.01278741589866e-05
4.01276057864008e-05
4.01273374174046e-05
4.0127069051998e-05
4.0126800690181e-05
4.01265323319534e-05
4.01262639773153e-05
4.01259956262665e-05
4.01257272788069e-05
4.01254589349366e-05
4.01251905946553e-05
4.01249222579631e-05
4.01246539248599e-05
4.01243855953456e-05
4.01241172694201e-05
4.01238489470833e-05
4.01235806283353e-05
4.01233123131758e-05
4.01230440016049e-05
4.01227756936225e-05
4.01225073892284e-05
4.01222390884227e-05
4.01219707912053e-05
4.0121702497576e-05
4.01214342075348e-05
4.01211659210817e-05
4.01208976382165e-05
4.01206293589392e-05
4.01203610832497e-05
4.0120092811148e-05
4.0119824542634e-05
4.01195562777076e-05
4.01192880163687e-05
4.01190197586172e-05
4.01187515044532e-05
4.01184832538764e-05
4.0118215006887e-05
4.01179467634846e-05
4.01176785236694e-05
4.01174102874412e-05
4.01171420548e-05
4.01168738257457e-05
4.01166056002781e-05
4.01163373783974e-05
4.01160691601032e-05
4.01158009453957e-05
4.01155327342747e-05
4.01152645267402e-05
4.0114996322792e-05
4.01147281224301e-05
4.01144599256545e-05
4.01141917324651e-05
4.01139235428617e-05
4.01136553568444e-05
4.0113387174413e-05
4.01131189955675e-05
4.01128508203078e-05
4.01125826486338e-05
4.01123144805455e-05
4.01120463160428e-05
4.01117781551256e-05
4.01115099977939e-05
4.01112418440475e-05
4.01109736938864e-05
4.01107055473106e-05
4.01104374043199e-05
4.01101692649143e-05
4.01099011290937e-05
4.01096329968581e-05
4.01093648682073e-05
4.01090967431413e-05
4.01088286216601e-05
4.01085605037635e-05
4.01082923894515e-05
4.0108024278724e-05
4.0107756171581e-05
4.01074880680223e-05
4.01072199680479e-05
4.01069518716578e-05
4.01066837788517e-05
4.01064156896298e-05
4.01061476039919e-05
4.01058795219379e-05
4.01056114434678e-05
4.01053433685815e-05
4.01050752972789e-05
4.01048072295599e-05
4.01045391654245e-05
4.01042711048727e-05
4.01040030479042e-05
4.01037349945192e-05
4.01034669447174e-05
4.01031988984988e-05
4.01029308558634e-05
4.0102662816811e-05
4.01023947813417e-05
4.01021267494553e-05
4.01018587211517e-05
4.0101590696431e-05
4.01013226752929e-05
4.01010546577375e-05
4.01007866437647e-05
4.01005186333743e-05
4.01002506265664e-05
4.00999826233409e-05
4.00997146236976e-05
4.00994466276365e-05
4.00991786351576e-05
4.00989106462608e-05
4.00986426609459e-05
4.0098374679213e-05
4.00981067010619e-05
4.00978387264926e-05
4.00975707555051e-05
4.00973027880991e-05
4.00970348242747e-05
4.00967668640319e-05
4.00964989073704e-05
4.00962309542903e-05
4.00959630047915e-05
4.00956950588738e-05
4.00954271165374e-05
4.00951591777819e-05
4.00948912426075e-05
4.0094623311014e-05
4.00943553830013e-05
4.00940874585694e-05
4.00938195377183e-05
4.00935516204477e-05
4.00932837067577e-05
4.00930157966482e-05
4.00927478901191e-05
4.00924799871704e-05
4.00922120878019e-05
4.00919441920137e-05
4.00916762998056e-05
4.00914084111775e-05
4.00911405261294e-05
4.00908726446612e-05
4.00906047667729e-05
4.00903368924644e-05
4.00900690217355e-05
4.00898011545863e-05
4.00895332910166e-05
4.00892654310264e-05
4.00889975746156e-05
4.00887297217842e-05
4.00884618725321e-05
4.00881940268591e-05
4.00879261847653e-05
4.00876583462505e-05
4.00873905113147e-05
4.00871226799578e-05
4.00868548521797e-05
4.00865870279804e-05
4.00863192073598e-05
4.00860513903179e-05
4.00857835768545e-05
4.00855157669695e-05
4.0085247960663e-05
4.00849801579348e-05
4.00847123587849e-05
4.00844445632132e-05
4.00841767712196e-05
4.0083908982804e-05
4.00836411979664e-05
4.00833734167068e-05
4.00831056390249e-05
4.00828378649208e-05
4.00825700943945e-05
4.00823023274457e-05
4.00820345640745e-05
4.00817668042807e-05
4.00814990480644e-05
4.00812312954254e-05
4.00809635463637e-05
4.00806958008791e-05
4.00804280589717e-05
4.00801603206413e-05
4.00798925858879e-05
4.00796248547114e-05
4.00793571271117e-05
4.00790894030888e-05
4.00788216826425e-05
4.00785539657729e-05
4.00782862524798e-05
4.00780185427632e-05
4.0077750836623e-05
4.00774831340592e-05
4.00772154350716e-05
4.00769477396601e-05
4.00766800478248e-05
4.00764123595656e-05
4.00761446748823e-05
4.00758769937749e-05
4.00756093162433e-05
4.00753416422875e-05
4.00750739719074e-05
4.00748063051029e-05
4.00745386418739e-05
4.00742709822204e-05
4.00740033261423e-05
4.00737356736395e-05
4.0073468024712e-05
4.00732003793596e-05
4.00729327375824e-05
4.00726650993802e-05
4.0072397464753e-05
4.00721298337007e-05
4.00718622062232e-05
4.00715945823204e-05
4.00713269619923e-05
4.00710593452389e-05
4.007079173206e-05
4.00705241224555e-05
4.00702565164255e-05
4.00699889139697e-05
4.00697213150883e-05
4.0069453719781e-05
4.00691861280478e-05
4.00689185398886e-05
4.00686509553034e-05
4.00683833742921e-05
4.00681157968547e-05
4.00678482229909e-05
4.00675806527009e-05
4.00673130859845e-05
4.00670455228416e-05
4.00667779632721e-05
4.00665104072761e-05
4.00662428548534e-05
4.00659753060039e-05
4.00657077607276e-05
4.00654402190244e-05
4.00651726808943e-05
4.00649051463371e-05
4.00646376153528e-05
4.00643700879413e-05
4.00641025641026e-05
4.00638350438365e-05
4.00635675271431e-05
4.00633000140222e-05
4.00630325044737e-05
4.00627649984976e-05
4.00624974960939e-05
4.00622299972624e-05
4.00619625020031e-05
4.00616950103159e-05
4.00614275222007e-05
4.00611600376575e-05
4.00608925566862e-05
4.00606250792867e-05
4.00603576054589e-05
4.00600901352028e-05
4.00598226685183e-05
4.00595552054054e-05
4.00592877458639e-05
4.00590202898938e-05
4.0058752837495e-05
4.00584853886675e-05
4.00582179434111e-05
4.00579505017258e-05
4.00576830636116e-05
4.00574156290683e-05
4.0057148198096e-05
4.00568807706944e-05
4.00566133468636e-05
4.00563459266034e-05
4.00560785099139e-05
4.00558110967949e-05
4.00555436872463e-05
4.00552762812681e-05
4.00550088788603e-05
4.00547414800227e-05
4.00544740847553e-05
4.00542066930579e-05
4.00539393049306e-05
4.00536719203733e-05
4.00534045393858e-05
4.00531371619682e-05
4.00528697881203e-05
4.00526024178421e-05
4.00523350511335e-05
4.00520676879944e-05
4.00518003284248e-05
4.00515329724245e-05
4.00512656199936e-05
4.00509982711319e-05
4.00507309258394e-05
4.0050463584116e-05
4.00501962459616e-05
4.00499289113762e-05
4.00496615803596e-05
4.00493942529119e-05
4.00491269290329e-05
4.00488596087226e-05
4.00485922919809e-05
4.00483249788078e-05
4.0048057669203e-05
4.00477903631667e-05
4.00475230606987e-05
4.00472557617989e-05
4.00469884664673e-05
4.00467211747038e-05
4.00464538865084e-05
4.00461866018808e-05
4.00459193208212e-05
4.00456520433294e-05
4.00453847694053e-05
4.00451174990489e-05
4.00448502322601e-05
4.00445829690389e-05
4.00443157093851e-05
4.00440484532986e-05
4.00437812007795e-05
4.00435139518277e-05
4.0043246706443e-05
4.00429794646254e-05
4.00427122263748e-05
4.00424449916912e-05
4.00421777605745e-05
4.00419105330246e-05
4.00416433090414e-05
4.00413760886249e-05
4.0041108871775e-05
4.00408416584917e-05
4.00405744487748e-05
4.00403072426242e-05
4.004004004004e-05
4.00397728410221e-05
4.00395056455703e-05
4.00392384536846e-05
4.0038971265365e-05
4.00387040806113e-05
4.00384368994234e-05
4.00381697218015e-05
4.00379025477452e-05
4.00376353772546e-05
4.00373682103296e-05
4.00371010469702e-05
4.00368338871762e-05
4.00365667309476e-05
4.00362995782843e-05
4.00360324291863e-05
4.00357652836534e-05
4.00354981416856e-05
4.00352310032829e-05
4.00349638684451e-05
4.00346967371722e-05
4.00344296094641e-05
4.00341624853208e-05
4.00338953647421e-05
4.00336282477281e-05
4.00333611342786e-05
4.00330940243935e-05
4.00328269180728e-05
4.00325598153165e-05
4.00322927161243e-05
4.00320256204964e-05
4.00317585284326e-05
4.00314914399327e-05
4.00312243549969e-05
4.00309572736249e-05
4.00306901958168e-05
4.00304231215724e-05
4.00301560508917e-05
4.00298889837746e-05
4.0029621920221e-05
4.00293548602308e-05
4.00290878038041e-05
4.00288207509407e-05
4.00285537016405e-05
4.00282866559035e-05
4.00280196137296e-05
4.00277525751187e-05
4.00274855400709e-05
4.00272185085858e-05
4.00269514806636e-05
4.00266844563042e-05
4.00264174355074e-05
4.00261504182733e-05
4.00258834046016e-05
4.00256163944925e-05
4.00253493879457e-05
4.00250823849612e-05
4.0024815385539e-05
4.0024548389679e-05
4.00242813973811e-05
4.00240144086452e-05
4.00237474234713e-05
4.00234804418592e-05
4.0023213463809e-05
4.00229464893205e-05
4.00226795183938e-05
4.00224125510286e-05
4.00221455872249e-05
4.00218786269827e-05
4.0021611670302e-05
4.00213447171825e-05
4.00210777676243e-05
4.00208108216272e-05
4.00205438791913e-05
4.00202769403164e-05
4.00200100050025e-05
4.00197430732495e-05
4.00194761450573e-05
4.00192092204258e-05
4.0018942299355e-05
4.00186753818449e-05
4.00184084678952e-05
4.00181415575061e-05
4.00178746506773e-05
4.00176077474089e-05
4.00173408477007e-05
4.00170739515527e-05
4.00168070589648e-05
4.00165401699369e-05
4.0016273284469e-05
4.0016006402561e-05
4.00157395242129e-05
4.00154726494244e-05
4.00152057781957e-05
4.00149389105266e-05
4.0014672046417e-05
4.00144051858669e-05
4.00141383288762e-05
4.00138714754448e-05
4.00136046255727e-05
4.00133377792598e-05
4.00130709365059e-05
4.00128040973111e-05
4.00125372616753e-05
4.00122704295984e-05
4.00120036010803e-05
4.0011736776121e-05
4.00114699547204e-05
4.00112031368783e-05
4.00109363225948e-05
4.00106695118698e-05
4.00104027047032e-05
4.00101359010949e-05
4.00098691010449e-05
4.00096023045531e-05
4.00093355116194e-05
4.00090687222437e-05
4.0008801936426e-05
4.00085351541662e-05
4.00082683754643e-05
4.00080016003201e-05
4.00077348287336e-05
4.00074680607047e-05
4.00072012962333e-05
4.00069345353195e-05
4.0006667777963e-05
4.00064010241639e-05
4.0006134273922e-05
4.00058675272373e-05
4.00056007841098e-05
4.00053340445393e-05
4.00050673085257e-05
4.00048005760691e-05
4.00045338471693e-05
4.00042671218263e-05
4.000400040004e-05
4.00037336818103e-05
4.00034669671372e-05
4.00032002560205e-05
4.00029335484602e-05
4.00026668444563e-05
4.00024001440086e-05
4.00021334471172e-05
4.00018667537818e-05
4.00016000640026e-05
4.00013333777793e-05
4.00010666951119e-05
4.00008000160003e-05
4.00005333404445e-05
4.00002666684445e-05
4e-05
